9.937737403822618498e-01
7.680565257914598321e-02
-6.607474043374451655e-01
7.678814587936111380e-01
1.827346139922595147e-01
-7.028650684713557695e-01
-6.112319832215674653e-01
-4.472393329319454547e-01
3.429784089313381301e-02
2.201677721568549850e-02
-1.573803080475238148e-01
-1.000000000000000000e+00
-4.682134307161100462e-01
-7.070926078086114952e-01
-8.940384147555385796e-02
-2.039154342098288275e-01
-8.433066047658431541e-02
8.020807245433297927e-01
2.260024767297254544e-01
2.822777188247138636e-01
-4.696938149018753395e-01
8.260385084818344659e-01
9.175353941780106659e-02
-7.616546099654997182e-01
1.044721519625198825e-01
6.743221742070724112e-01
-7.295378598592876240e-02
9.812067870854480900e-02
2.042961194953620552e-01
-7.444365048534172802e-01
4.078059768056563339e-02
-2.027445445833338245e-01
2.572244881830480501e-01
5.067561408675457235e-01
-4.700824560504031635e-01
-3.929052319742263877e-01
2.527317016485877144e-01
-6.365295767556762296e-01
-3.240610039305901191e-01
8.204199164107426334e-01
-2.082611630996577812e-01
-4.372742791160415532e-01
1.271901508924570129e-02
5.549852624880438068e-01
4.242621949397127334e-01
9.098376094559088578e-01
4.619859192251345448e-01
-9.246858797451997791e-01
-1.000000000000000000e+00
8.486919161089140351e-02
6.105937303470896360e-01
-2.872265293255387153e-01
-7.431431664058294473e-01
6.601450765313245928e-01
-8.336109844217051146e-01
-1.000000000000000000e+00
-9.277656427498610636e-01
6.702623247785788330e-01
7.308157345787748005e-01
9.271489508501823407e-01
2.305642709306695570e-01
-7.718261881646201195e-01
2.185864338301929943e-01
-6.527192472003057189e-01
1.000000000000000000e+00
-5.217781861398420595e-01
-7.779741706863646522e-01
-1.240574748527565607e-01
6.329870064861445322e-02
-7.735975369282530045e-02
-1.983142581556890938e-01
1.000000000000000000e+00
-2.871019342747825331e-01
-4.809216139050256911e-01
-8.660030542507690665e-02
5.767223131520609058e-01
-9.439536082463517719e-01
-9.220051949617960596e-02
-8.042198854099004146e-01
7.230311169283709649e-01
7.000149259209490493e-01
3.823481026650423220e-01
-5.844679573742282974e-01
-6.374689202216088368e-01
8.053635224292391426e-01
5.528133516300988148e-01
1.838975339187858826e-01
-7.509029714895617547e-01
3.987598958011276951e-01
-3.327899221659705309e-02
4.651826015584252516e-02
4.539540790647816348e-01
5.452931620384622313e-01
-3.141896938113392657e-01
1.680933780352960594e-01
-7.894433133809316550e-01
4.655692517221940441e-01
7.673204818295528140e-01
-6.008169809785584015e-01
-7.279643457130706707e-01
8.990763836421944433e-03
-5.744227337591480131e-02
-8.183485125977510433e-03
-3.347417508611242321e-01
-1.653472585011592777e-01
-7.176189477188958943e-01
1.000000000000000000e+00
-1.000000000000000000e+00
4.877732690939368676e-01
-3.639855008628315458e-01
-2.225425893058025351e-01
2.906024583615720025e-01
7.956281215573282606e-02
-4.310181670922230701e-01
-7.462008136696790528e-01
-3.164040200040373341e-01
-2.766285422028273988e-01
3.121477689652981669e-01
-2.068925321285304542e-01
1.873907495001292667e-01
1.000000000000000000e+00
6.918306737685178121e-01
4.096249088985808307e-01
-2.626771763716426733e-01
-5.701289788066282727e-02
-4.902359801994531086e-02
4.343343974036136257e-01
5.045413593990036860e-01
1.799392300867715122e-02
-7.920560440635761035e-01
-9.579023048010458785e-01
-8.882369930842645145e-01
6.870735303808985783e-01
-6.603356181640121503e-02
1.017565150341453450e-01
2.406360794221530930e-01
5.080012547372749765e-01
4.274796965469647159e-01
-5.424516971987998204e-01
-5.601721392936060973e-01
3.656991297844405797e-02
6.512990648721890263e-01
-6.566773372396820241e-01
-8.212068928435025672e-01
8.868123726223114955e-01
8.695297724665626005e-01
1.000000000000000000e+00
-4.962954504159752256e-01
6.878653069856403013e-01
5.743863235092712127e-01
4.438802013724976181e-01
-1.000000000000000000e+00
-3.586668607994822899e-01
-6.982195617822385403e-01
-7.377137268380038471e-01
-4.801356344650440505e-02
3.061388218224487812e-01
-5.635409996117697329e-01
4.142416785145326408e-01
-3.206115818698697106e-01
5.238104448107403499e-01
3.667979950383581378e-01
-7.830635658505291641e-01
-3.197436036381996471e-01
-4.759881987004647708e-01
9.463034431385662915e-01
-3.847604296532801671e-01
1.000000000000000000e+00
5.570363377938405414e-01
-7.119358513038228642e-01
4.947504242120995266e-01
-5.415996051507921960e-01
-7.258765007207167441e-01
6.863691752248248790e-01
2.017345644900425672e-01
7.890577004624196311e-01
9.101674494304000662e-01
1.676011953672379984e-01
4.846308277488572958e-01
-3.462503803995587992e-01
4.380252043310458587e-01
-4.629380585585131103e-01
-5.767027668750487335e-01
1.038231624634169958e-02
9.706407554080733746e-01
2.726992227237937105e-02
6.833927755919735336e-01
6.786388702693139097e-01
6.004460811282937849e-01
4.387397986509654624e-01
3.841875109384041420e-01
-9.883349193296755431e-01
-2.144353470027290376e-01
-1.000000000000000000e+00
-1.000000000000000000e+00
4.341849826378861299e-01
-6.436672125481933682e-01
-7.865453716521919603e-01
-1.939508756764004582e-01
-4.710538312057143129e-01
3.370086259374003301e-01
-1.758891651009841794e-01
-2.581814865665493092e-02
-7.798254868786804739e-01
-7.293514337548163695e-01
1.000000000000000000e+00
1.732991916558202783e-01
6.164415261593986228e-01
9.817170498860223748e-01
4.917158850651610624e-01
4.829060034269001545e-01
7.009377672005813187e-01
8.589117494409371778e-01
-1.144864504946095235e-01
3.679463142112396890e-01
-8.292766222960474831e-01
7.704636301582371005e-02
3.626835462173323699e-02
5.102928092781746638e-01
-2.597772853304896601e-01
6.008254800212737834e-01
8.272629431571287828e-02
-2.809888956175247698e-01
-6.301121776047226009e-01
3.385594358880671950e-01
3.627039832737515845e-01
7.664306667527959194e-01
8.025739699920690917e-01
8.688581293411622442e-01
-2.945542793079400368e-01
1.381781135614337797e-02
-7.158989493513205904e-01
-3.221715756452755985e-02
-9.039774155823308011e-01
6.988912094849484280e-01
6.234760956570541968e-01
-3.538607436168290654e-01
6.103149000015056780e-01
-9.748964659238308628e-03
4.721442126308747489e-01
-5.967899260620790347e-01
1.446087288047048780e-01
1.000000000000000000e+00
9.187987415872443941e-01
-9.408991350167417167e-02
-4.178100838460174216e-01
3.185511369114606417e-01
8.102023230828949707e-01
9.109367750318280166e-01
-4.030822967840224091e-01
3.582497912639310833e-01
-1.000000000000000000e+00
7.387270987831211499e-01
-1.725508019538571358e-02
-9.696187217773959421e-01
9.283246659311188420e-01
-4.059312771547536336e-01
-3.031610541444687557e-01
4.891949969067843074e-01
8.748973205787663465e-01
-8.037373151166086194e-01
-2.040350137613591297e-01
9.175566903901963833e-01
4.096495225506929239e-01
-8.859155182672286966e-01
