-2.825613502264791022e-01
-8.045883132079741928e-01
7.378561992339757181e-01
6.813570050321580140e-01
1.000000000000000000e+00
-3.909227000027839516e-01
-3.011377815935641356e-01
8.585460612081181608e-01
1.350675237487768965e-01
-6.392078580323468096e-01
-4.486907602050538846e-01
-7.809964261230414873e-02
8.735885960287371743e-01
3.056648853083933637e-01
-2.914064017820904295e-01
2.083355074595618361e-01
3.196190418857051130e-01
-9.093749595632985017e-01
6.072503525562751303e-01
4.574307156112379369e-01
-6.232023227974972102e-01
8.553016458643698527e-01
-7.052173941328570006e-01
-3.536628275330586102e-01
8.421538912323343062e-01
-7.209884601691149975e-01
-5.840545128709766498e-01
-1.000000000000000000e+00
-3.551965014398450471e-01
2.823113675298417058e-01
2.893018370265059147e-01
-5.643904381154697392e-01
-8.992622491368974513e-01
5.904255890781276994e-01
2.074322167198177080e-01
4.461249233308817175e-01
-4.937372067677664456e-01
4.375277253634473063e-01
4.478310687015324421e-02
7.018404324256030113e-01
3.401911460668152754e-02
6.998377078171540422e-01
-8.961675315923282037e-01
-1.000000000000000000e+00
-1.050929839221205753e-01
-8.940426287525013449e-02
-7.463211082956950904e-01
4.617481284612493520e-01
6.494193031457230481e-01
1.341781934074446903e-01
9.528472706604527998e-02
-8.496149070722466279e-01
-1.089591412877132376e-01
-3.565093496201806045e-01
-2.939739109689017416e-01
4.785046385885020626e-01
5.964435297612530329e-01
1.053237121806318566e-01
-7.517613622749123869e-02
1.522111075662877511e-01
-6.005191981558675174e-01
-6.454947058792612213e-02
-8.806757701852351294e-01
-1.000000000000000000e+00
-9.559577586238157121e-01
-2.251381254954845090e-01
1.165944884241093965e-01
9.524332534724552213e-01
6.575400988297719351e-01
-2.477690159003957948e-01
8.560830923434475936e-01
3.488963213914175743e-01
-7.341343177264256226e-02
-7.628810127202136915e-01
2.245019108784685191e-01
-8.414250716894711157e-01
7.062242839268368932e-01
1.483305636719401965e-01
3.489218469010005874e-01
-1.647290879301136490e-01
-4.148522984306790562e-01
7.310545682612824558e-01
-5.439215489546820326e-01
-8.205314054257334400e-01
-9.816260560777783084e-01
1.682096276258330247e-01
6.928385227851661110e-01
7.285087569455565015e-01
-7.873337852264550296e-01
-9.234300648640753062e-01
4.259898028766246902e-01
-5.013165782055652997e-01
-2.620609568322792571e-01
1.527779047839053495e-01
-3.990627627028460744e-01
4.799676222433287842e-01
-6.227981174957041011e-02
5.766819369946631912e-01
-7.200026353585879946e-01
-6.990762611558134498e-01
5.212281178377849988e-01
4.635898741582964999e-01
1.000000000000000000e+00
-4.188369593504454591e-01
2.382268160855677275e-01
1.743652585384642684e-01
9.966569776995374275e-01
-6.682444525709712035e-01
6.613818024950322005e-01
9.525873525509060968e-01
-8.689684960542982672e-01
-2.073520585102139879e-02
-1.000000000000000000e+00
6.786850969974901338e-01
-1.000000000000000000e+00
1.659397328952674777e-01
-5.716369614557059720e-01
2.771293038235417838e-01
3.188647848879461177e-02
-2.074010694262599097e-01
-1.000000000000000000e+00
8.588168610132280723e-01
2.082512929010861547e-02
4.767921674332011861e-01
-1.000000000000000000e+00
-1.093091582420275265e-01
-9.841640874746993006e-02
-8.819208950704959804e-01
4.255365065870178598e-01
-8.708992070534264662e-02
2.760965313282317535e-01
5.177898425368782087e-03
-3.045665280960563326e-01
-1.681260919162300971e-01
2.195075353457960066e-01
-8.148831040227694222e-01
-7.688883493974176808e-01
3.935240976072448271e-01
1.934631880045850905e-01
7.337886115502307849e-01
-1.000000000000000000e+00
4.062486691777886239e-02
2.316638864095138528e-03
-2.919051016543621202e-01
6.532768947536392590e-01
-3.551920461677784968e-01
-1.000000000000000000e+00
-5.630891147043440847e-01
3.466816984280460812e-01
-9.650162785793208187e-01
3.005254730104022221e-01
7.290994422780147088e-01
1.000000000000000000e+00
-8.572648407290918149e-01
-6.060017515220024187e-01
-1.016613655537873806e-01
-4.107904997379425716e-01
-1.520561135217491644e-01
-1.000000000000000000e+00
3.464928254487744663e-01
4.933671745039099887e-01
6.597741613559560125e-02
-6.984054025517910658e-02
7.395742610199207423e-01
-3.920233864775020116e-01
6.901588755856333801e-01
5.455760635538974279e-01
5.502341952355983556e-01
7.655934419455273643e-01
7.514543082102604910e-01
9.977431521412488680e-02
-7.283377190345823315e-01
-3.369172869183872931e-01
-1.191225174625552968e-01
-8.239669569882022149e-01
1.971209064587120530e-01
1.498612808493060000e-01
4.626216113904951799e-02
-4.325047407211680128e-01
-1.000000000000000000e+00
-5.709289173130037698e-01
-4.903855403125190193e-02
1.092937319807759794e-01
9.672075971331813848e-01
-9.521878246415282909e-01
-1.000000000000000000e+00
-8.251119620867091164e-01
-1.000000000000000000e+00
-1.990148686130342459e-01
-7.822875237650853131e-02
4.557587160283947947e-01
8.909601793542542003e-01
-1.628153614670649063e-01
-2.846308374866296509e-01
-2.636989940289770074e-01
5.730045444079949757e-01
1.077483063982522249e-01
6.362569518745333497e-01
8.790756386957673252e-01
1.772082163389902265e-01
-2.470266127313522908e-01
9.542140977539022018e-01
7.299238751298081640e-01
1.043542218783336251e-01
4.761937121622831781e-01
-9.498396013283880723e-01
-8.761602390088869541e-01
3.994368201972777754e-01
1.000000000000000000e+00
2.353684620763625279e-01
1.317124243488798641e-02
-3.919962528798808243e-01
6.721508998890273201e-01
4.418367540969135310e-01
-5.055775949886276432e-01
6.910990232343436901e-01
1.029577512271839662e-01
-2.304492601949347241e-01
1.883336550642094875e-01
-3.078408524384730893e-01
2.037637450386534654e-01
1.739661773500159880e-01
6.376506997728430548e-01
-1.555859593235993654e-01
-2.684031980717545007e-01
-1.175052168230610872e-01
-6.841623546781850917e-01
-8.362404392350031301e-03
7.336444303176948845e-01
5.610685414833513907e-01
1.965571472399670894e-01
-8.634320853409341856e-01
4.375431454611867776e-01
-5.760573215637907474e-01
6.871692056264849802e-01
3.630295436088858407e-01
-9.867091731676816066e-03
-7.974677746229537068e-01
1.887877235297339973e-01
-1.990343132924575487e-02
-7.092732130305272609e-01
-4.009121579133814173e-01
-7.901294540546530687e-01
-4.221761970579031575e-01
-1.184942592103724046e-01
-3.880410985732727358e-01
-1.834306376214080991e-01
-7.696448282732967772e-02
-7.081735334803335169e-01
-5.111950696280403994e-02
-4.648159067858226856e-01
1.000000000000000000e+00
9.451923647017501651e-02
1.358503676050055731e-01
-6.942692332070463657e-01
-8.060895926924470656e-01
-5.938373494969984012e-01
-5.476920272475427343e-03
4.508827812353886078e-01
2.908995798511064546e-02
2.456650229192824941e-01
1.584153911303205486e-01
7.367304449279123979e-01
8.350403037653925109e-01
3.222589168259473724e-02
