7.908981255687914658e-01
5.016365329315880528e-02
-1.452908588393327649e-01
-1.143310299041730427e-02
7.299382714306610342e-01
-1.000000000000000000e+00
3.458449701772394747e-01
-9.720466331809923810e-01
-7.451945820139378451e-01
5.629472131813056945e-01
-4.924569535637873807e-01
7.095754178996414863e-02
8.184589503549870582e-01
-7.193157362395501409e-01
7.844741353789268512e-01
-1.000000000000000000e+00
-6.152057589436812218e-02
-5.347854127705832239e-01
1.790616026245795411e-01
1.879528114458061533e-02
7.601973152538836764e-01
7.329177611859578612e-01
3.660289968090296164e-01
-5.286287651840996249e-01
-1.651806801788180679e-01
2.834462313928685639e-01
9.196291768767493879e-01
4.119316595364063555e-02
6.612489660768933186e-01
8.425082694724644883e-02
-3.509028302546817191e-01
-5.011571422948429833e-01
-3.109443046179641290e-01
3.015278182685853792e-01
8.215869110813193155e-01
-2.357698202935515908e-01
3.085472810143807809e-01
9.255286568895239319e-02
7.072407549102742719e-01
5.065741417192985985e-01
3.062922753980233948e-01
-3.450889654419193597e-01
-9.516331898779093468e-01
8.441975890090239742e-01
-8.525979707743528424e-01
-7.012773093390705093e-01
-1.000000000000000000e+00
-3.230069472789808271e-01
2.191411681684732327e-01
6.472576709534394457e-01
5.649570033937754143e-01
4.851672880411850852e-01
-7.433539881536168625e-01
-4.842385510798837833e-01
-2.187506329629150537e-01
-5.144813970978601159e-01
1.114101095944781961e-02
8.738580362430941051e-01
8.885668017992373047e-01
-2.580695176849329697e-01
2.429819907591966033e-01
7.470865845885671375e-01
-1.000000000000000000e+00
6.702273784798003231e-02
9.171749395605061084e-01
-8.249943797674343937e-01
-2.488140240215153121e-02
-1.798828848713517059e-01
-5.764927020803454205e-01
3.978318538311645947e-01
-8.006190533880710447e-01
-6.818055271994485356e-01
5.756982623281861056e-01
-3.734017911954344293e-01
-1.409924682916268712e-01
9.155500692136212537e-01
5.505313669701610013e-02
6.232418166379909419e-01
-2.053131687466525079e-02
2.025009789808756011e-01
-3.055481054879938263e-01
-6.140789928809509135e-03
9.566457810272290807e-01
-3.328425020376177823e-01
4.675006884858368683e-01
1.000000000000000000e+00
4.998214841617498738e-01
2.787807867357283698e-01
-2.047959787790336050e-01
-1.000000000000000000e+00
7.461097899404171008e-01
-9.249067774994049751e-01
7.475719606263687700e-01
-7.867423437283505017e-01
8.188549213450961872e-01
-6.801934973900839454e-01
-5.907987745259061230e-01
8.599624308040918486e-01
-7.654849660014169110e-01
7.267950877619948624e-01
9.705533860153069403e-01
-1.163888910353782086e-01
-2.635946169981219223e-01
-1.321797162844251528e-01
-8.386724007033471429e-01
5.724932814488631339e-01
4.296827888055538835e-01
8.080039401382366204e-01
-9.276997559391157999e-01
-7.759657266113830776e-01
7.104461668496536708e-02
-1.000000000000000000e+00
5.527187214373654456e-01
1.650989882398039288e-01
8.131924811091892358e-02
-4.930268184345595883e-01
6.426094210735857626e-01
-2.969905512622204036e-01
2.819249959210267664e-01
1.000000000000000000e+00
-4.057501236576218639e-01
-3.119783065042294190e-01
3.171648179033993431e-01
-7.189630332313441397e-01
1.000000000000000000e+00
-5.134767591157420874e-01
-2.733563082307160497e-01
4.787216018238401039e-01
-3.817855646203552333e-01
7.466472814330992192e-01
-2.650501291042556273e-01
9.766545905820380735e-01
-4.191329250606274925e-01
-9.035590684774733594e-01
7.225973637586614595e-01
7.529805651089195306e-01
7.223932843428639838e-01
3.985441094512021110e-01
9.723782028503114017e-01
7.170092516244357395e-01
6.765858656934451432e-01
4.767614899478100909e-01
7.317267892753828162e-01
-7.444839460190074698e-01
5.043464164725758314e-02
-7.187007614536997657e-01
-9.181208263444494699e-01
-3.044522851814956965e-01
3.782399530720819136e-01
2.873686806843743780e-01
-3.164318381970008254e-01
7.130880096865567230e-01
-6.522564594118435144e-01
-5.816614101461042852e-02
-2.167894640836754705e-01
-4.875206743818938371e-01
-5.074170898151830061e-03
-9.131508844713520645e-01
6.566069521730855119e-01
-7.636270103150082367e-01
-2.431342492011832057e-01
-1.142059734694877426e-01
3.465939605812009550e-01
4.389415278675085075e-01
9.227367947949094429e-01
-6.221104635329351984e-01
-4.075858253086230010e-02
-6.174576543120007255e-01
-9.677507881798392830e-01
-1.341168917954946860e-01
-4.863980451328472898e-01
1.802480219733680056e-01
5.215921237235467967e-01
1.000000000000000000e+00
-1.941967707130970167e-01
7.904037006887842942e-01
4.786150512836767068e-01
-6.796860916150841703e-02
7.449778683104690824e-01
-2.836703012013839231e-01
5.657790422644419781e-01
9.170119336026203438e-01
8.503149373671422540e-01
1.232699943245835345e-01
-7.445665259205487274e-01
-5.911900465302838414e-01
3.764749440220827026e-02
1.000000000000000000e+00
-3.427007716047802965e-02
-6.459189243249183199e-02
-7.343835642444656031e-01
-2.626811137356845349e-01
-1.000000000000000000e+00
-6.044577646994998554e-01
3.870972230423050942e-01
8.851412390428030630e-01
1.166232457953895602e-01
-8.690629598365949837e-01
6.476902245596412033e-01
2.900453602144867915e-01
8.550758607598321626e-02
-7.202409844079665779e-01
-9.081709590360412809e-01
-7.820207881016802975e-01
4.124211967025177561e-01
-7.981871293893492147e-01
-2.985306877116020718e-01
7.738846998484416595e-02
-4.241593483649245266e-01
-5.800101226414907662e-01
-6.967019721167172497e-01
-8.481491756880541466e-01
4.561262715373382015e-01
8.883013338252185864e-01
2.168358815365282188e-01
2.601515738226440888e-01
-5.717786786735508109e-01
2.774830973737396622e-02
-2.982624894512518887e-01
-6.892424719746577111e-01
-9.976463389313330876e-02
-8.728160565332748755e-02
1.000000000000000000e+00
2.802399570828562059e-01
-9.119191696964157323e-02
9.115522743659424387e-01
2.914548409957106734e-01
7.768666586741242996e-01
8.153699287391905637e-01
3.723657300859561925e-01
-6.312924898575262844e-01
9.457427210366646797e-01
4.038294014201299076e-01
-8.433899655436281062e-01
8.130154455870572949e-01
-6.279557392187542497e-01
-2.823918945327644758e-01
-4.059771911791005827e-01
3.875304615463824875e-01
-4.050568125563751565e-01
-3.166696550521681530e-01
1.842901987977274558e-01
5.006430060685184147e-01
6.040433891006474765e-01
-8.177401554104896109e-02
-2.980789112304274013e-01
-5.317065221484169879e-02
-3.488025362070276136e-01
-2.535393631420066463e-01
6.485290226229681876e-01
2.785245475384643954e-01
1.636174037469680098e-01
2.013130010981305784e-01
5.031463300214228385e-03
-6.722299527545254616e-01
-5.888273820302692974e-01
-7.735155973794236584e-01
1.360090059806318696e-01
-1.000000000000000000e+00
-9.577932142706488960e-01
-7.369762741706832321e-01
-7.385297233918985960e-01
-1.050258392039289390e-01
8.195798775643523548e-01
5.991243534296524648e-02
