-4.545101080225750767e-01
-7.507774321255982208e-01
-6.859959297912132659e-01
1.217461340748864640e-01
-4.704450440031955338e-01
8.876013189542057980e-01
-6.036477046072564745e-01
-5.690340189037537133e-01
-1.106485602018318637e-02
-4.852696618856191524e-01
8.068882402146769772e-01
9.324447591882627229e-02
9.786040504973309018e-01
-9.907339774013510514e-01
7.724159802096490779e-01
2.561913767070800318e-01
-5.625677063270584366e-01
2.873380659712743146e-01
-7.391202156416749880e-02
1.061171990555912353e-01
-8.308433604285041518e-01
-4.919692983908988682e-01
-3.670365433937616828e-01
-9.137802431509522982e-01
8.740646796381188466e-01
2.531223692096415956e-01
1.000000000000000000e+00
5.857708355569706260e-01
-5.794888890388711911e-01
-1.510348340091955954e-01
1.672524963118940666e-01
7.863461417337958004e-01
-4.100698959373212382e-01
-7.870968641461495441e-01
7.364456095428370541e-02
2.177164095801565613e-01
-7.227291762643227591e-01
4.355870909420866410e-01
1.415731195779106333e-01
-1.626666115998185447e-01
-6.323677946241206271e-01
4.806394460936803670e-01
-6.430135032552801722e-01
2.605277452349987755e-01
7.700049399356236890e-01
6.422261928539543252e-01
-1.000000000000000000e+00
-5.089460674943142582e-01
-8.519709778012118928e-01
9.914632806623118189e-01
5.083344542110124209e-01
-5.553380983360090006e-01
-9.350997218798133837e-01
1.454837854618810933e-01
3.529105884203274091e-01
4.406305331951692050e-01
7.896538505185561885e-01
1.751112516892822657e-01
-2.917013281133857827e-01
-6.075414015675481005e-01
7.484695649432313580e-01
6.484212184104198862e-01
1.766296789255854816e-01
-3.016352961238126240e-01
3.611077851173152276e-01
-4.121732195676151012e-01
-1.291753351221161805e-01
-8.881906214350946405e-01
1.000000000000000000e+00
1.305095153592233659e-01
-3.476726685937601147e-01
-6.278560738163293520e-01
-4.348291136304260340e-01
5.045094473603517482e-03
-4.847506692251382088e-01
-1.000000000000000000e+00
9.242569877081058261e-01
4.229808538619606595e-01
1.000000000000000000e+00
-8.235726585805094313e-01
-1.703874537030152653e-02
-4.349017976616122438e-01
8.496499556692347355e-01
1.000000000000000000e+00
6.399398692051563309e-01
1.579524753849286811e-01
-3.632131391347401816e-01
-6.151556767814969628e-01
8.239608043417840921e-01
5.473270145933750719e-01
6.060287905221924953e-01
1.867811706175749320e-01
1.304712881052257356e-01
-1.702729517003933324e-01
-4.416848882348632932e-01
-3.748153404616802464e-01
5.283305867627896557e-01
-5.057148741810266745e-01
5.503012316145308169e-01
6.598011253900806228e-01
-7.474045895809575679e-01
-9.050990114687795796e-02
8.132291704298258983e-01
9.016168975663856333e-01
-2.430167795851929657e-01
7.840640180011813065e-01
1.000000000000000000e+00
-7.611878980173767406e-01
6.331257885890587689e-01
-4.495942171744906624e-01
-8.449756945201691849e-01
2.322712008186849642e-01
-3.618710085346910077e-02
5.550885352380140192e-02
-2.799528732852513135e-01
-1.000000000000000000e+00
9.628427321908596959e-01
-3.726475891135909713e-01
-6.341560577409390831e-01
-6.003094193306783843e-01
-8.083218979733329812e-01
6.193946644840471194e-01
-4.688709069320397549e-01
-4.775125949806780512e-01
1.000000000000000000e+00
4.373320893179736268e-01
-9.465557899911395401e-01
7.846381716496393377e-01
-7.819416056666410597e-01
8.436512285652040255e-01
-3.303229210214669864e-01
4.481713550126413814e-01
-1.256611873649413624e-01
-7.994708102232161995e-01
-4.447018494773444797e-01
9.743570186015312884e-02
9.905229937635133819e-01
2.512586945746596023e-01
3.760996296265215477e-01
8.294157629577543211e-01
1.000000000000000000e+00
9.857473685497093463e-01
-7.568030485700445453e-01
5.610920356215611804e-01
-1.040392689806432513e-02
-4.015012608254945881e-01
-3.787297293678304477e-01
1.713162270209833971e-01
3.630636719623692166e-02
4.168457321549972061e-01
-2.619267760352129160e-01
-1.000000000000000000e+00
4.496717311386122518e-03
-6.799927304633548997e-02
9.521387495759990605e-02
-2.950338581621723133e-01
2.022036413749253581e-01
-7.709154423268360645e-01
-2.873991078125736065e-01
-7.366189644045524343e-01
8.865097787794145034e-01
6.860187879804139355e-01
-2.896834364618134927e-01
-2.434577583344568197e-01
3.429238772121581125e-01
5.723406112024365111e-01
-7.355014631899439159e-01
-1.000000000000000000e+00
2.098696789954168640e-01
1.666053745536218711e-01
-7.953902072688538993e-01
-3.827403980146914519e-01
5.556146671215395072e-02
-7.148871488756458614e-01
1.497704731297082592e-01
-9.619823811178775941e-01
3.992335316805116774e-01
4.614414712045464828e-01
1.000000000000000000e+00
-6.196678511810823631e-01
-6.467612295231622843e-01
5.586259650889090489e-01
1.781399515941300971e-01
-2.148370285944137259e-01
-7.324031707522277168e-02
-6.986291601412086827e-02
2.907684292787471314e-02
5.374497675800971042e-01
7.183559764569970030e-01
1.252118870383305271e-01
-1.686126480250589310e-01
1.887859118415605719e-01
1.000000000000000000e+00
3.565237879087550521e-01
-5.943035641473408681e-01
-8.904831377229014411e-01
1.375531426046670003e-01
2.423549410699668838e-01
-1.913597579790983216e-01
-6.291074197902335463e-02
6.505066720510690459e-01
2.460623619048052380e-01
1.248639419961569824e-01
-3.888869160122974122e-01
4.016369776369095868e-01
6.048420837452131993e-01
-4.416350344013302842e-01
-3.652366636239948866e-02
2.528300193544888996e-01
9.282828192250920374e-01
-6.208766684219446663e-01
6.320683701924910691e-01
-1.600835421896111554e-02
4.631084564547476301e-01
7.294924208951305555e-01
1.000000000000000000e+00
-2.393003848566836733e-01
9.647126768749957337e-01
-1.000000000000000000e+00
-1.000000000000000000e+00
2.356247574238324594e-01
3.353917941246881695e-01
2.692830901469327465e-01
-5.523894624499836592e-01
1.000000000000000000e+00
8.135938749374906909e-01
-7.741691806478316895e-01
8.056059564792920069e-01
-4.248755578032852309e-01
1.236789339778656682e-01
-3.284345105790393848e-01
4.448606133389243489e-02
-2.021695393779967265e-01
-2.774758780015988968e-01
7.762726381542350840e-01
-7.470273332406409672e-01
-5.442143240567722806e-01
7.950621885358692964e-01
-1.734712410287297946e-01
-3.776127931748872735e-01
1.524820325366783025e-01
-2.216012945880185270e-01
-9.629534317020442824e-01
9.682125329285604654e-01
3.575773512679414345e-01
5.275679753660951210e-01
3.985052374341127024e-01
7.249117046507889128e-01
9.192805396251220174e-01
4.046318970451689978e-02
9.337248356808472982e-01
-9.334745930650296675e-01
8.210528073690699369e-01
5.130469674016026049e-01
6.649200733114672968e-01
-8.293162243036402703e-01
-7.757941985165034415e-02
2.491517608605209877e-01
8.159932108902007153e-01
2.237413607635966029e-01
4.657409993482035659e-01
-1.188615175901980153e-01
1.000000000000000000e+00
4.806248190789511598e-01
7.702874222094111545e-01
