1.000000000000000000e+00
-1.352489864866173730e-01
-1.814466188053143192e-02
-1.000000000000000000e+00
1.065746043346132849e-01
-5.716764370469695766e-01
-1.847157859036017147e-01
-7.834082278277625377e-01
-4.109613573039856416e-01
-3.714251693433406887e-01
-3.568244760120992676e-01
4.860005186712992309e-01
-3.352975200056764749e-01
-3.280491478791672799e-01
-7.514606809440090851e-01
-1.830456611840740322e-02
-5.160140977747196267e-02
-7.629040832324198718e-01
7.055680196180891262e-01
-7.207237696396493476e-01
8.304551687076444644e-01
1.996360242857159184e-01
-8.560293273502065370e-01
-6.318731499762870740e-01
-1.000000000000000000e+00
3.194074748133871600e-01
-9.715798209892637649e-01
-6.998527554870714873e-01
-9.687295939108525600e-02
2.322431618613898241e-01
-4.856697913535991118e-01
6.378836976751878218e-01
-5.224898053786519725e-01
-5.075454043444185270e-01
7.468955787751436759e-01
-4.181912436193854221e-01
-2.919484095738098528e-01
-1.555365650645285647e-01
-6.057233720629902063e-01
-8.399779430902563071e-01
-2.068939836948514299e-01
-5.282699490204914583e-02
8.305462367949805191e-01
-4.015239819115847819e-01
5.582336248218529029e-01
-8.861584791031161812e-01
-5.950697228123216220e-01
-9.059269180256973586e-01
-9.541538351610019397e-01
-4.450676549812908056e-01
-1.000000000000000000e+00
-3.925701143716714969e-01
-6.736616120016107878e-01
-5.273929849878253862e-01
-7.466029719935116660e-01
6.702178446612434559e-01
7.762289078039735779e-01
3.611768714244081302e-01
-2.553683551848393019e-01
2.647678849555269998e-01
2.213817259228647027e-01
-7.738268751268803647e-02
1.231652664741984537e-01
-9.437934761436994613e-02
-1.265002986295453713e-01
-3.078122941245055033e-01
-2.256685461956630667e-01
2.022554102812681998e-01
9.966088532667614075e-01
-2.822467160040675882e-01
9.937604577475009915e-01
8.423271978603767973e-01
-7.502844184638736147e-01
5.884102259766303966e-01
3.346636911823001048e-01
-3.534479376949462015e-01
5.038899614209556288e-02
7.027894699202316131e-01
8.432981420810086171e-01
-7.708045559551481851e-01
3.800912796605409039e-01
-1.308506967637765861e-01
8.432387209797116423e-01
-9.035757917706570552e-01
-6.894898388071784012e-01
3.025066922445798223e-01
-7.267338960808202852e-01
8.873691318476994994e-01
-4.759590747961410240e-01
5.339798747240740440e-01
5.461977959789932058e-02
-5.979802667575058184e-01
6.248830427482908734e-01
-6.148969179700985999e-01
-6.429433744851387189e-02
2.986576192492649273e-01
-7.489006584344428674e-01
6.634906989870832383e-01
9.350264886607438930e-01
-1.761738388611064909e-01
-6.822205214453818112e-01
9.556162049468155395e-01
-3.136828166023941100e-01
6.856165325715208869e-01
5.916887452545625120e-02
3.309546379559913376e-01
4.029881938024006960e-01
-7.864293928349180840e-01
2.787915218962578323e-01
7.816793632457155749e-02
-9.383958570683945677e-01
-8.758727094809692915e-01
1.851038058044922607e-01
-5.625844745287826854e-01
6.622688246902568299e-01
9.771886162223930583e-01
7.249279721669710241e-01
2.144326124527737853e-01
-2.948295472584459564e-01
1.446151245280235809e-01
2.115710769499825894e-01
4.870746753987717503e-02
-4.282813140398216145e-01
-7.093588671445709704e-01
4.128621280635235563e-02
-1.388208835000172003e-01
8.865672529405818070e-01
1.466953301364837259e-02
1.000000000000000000e+00
5.518872723163373850e-01
4.334271167302911620e-01
-8.841582023447775995e-01
5.811052207646336676e-01
-7.566632694789147129e-01
-3.293864722884780605e-01
7.325256308768293700e-02
-1.584465670829904305e-02
-3.711906028256797274e-01
2.143147576878133218e-02
-2.458985435792682139e-02
8.545979026615411200e-01
5.639838019660677049e-02
-5.570223124897398792e-01
4.781118575187457420e-01
-9.739444242118526773e-01
-3.988932763013502969e-01
-6.905015405013763541e-01
-7.772982066681075608e-01
-2.731176663922638692e-01
-3.220612708391371037e-01
-9.197412666217830157e-02
-3.400725861811282336e-04
-5.082538332182882090e-01
-8.167677660967085362e-01
-3.644625126552138994e-01
-8.398081896084557130e-01
2.741324678242933466e-01
1.988586956052722510e-01
-1.577826622022605596e-01
-1.661034825123355319e-01
-5.212257977435550416e-01
8.234762195522657979e-01
3.247396282903144415e-01
8.154155421764637257e-01
-6.741209581223339686e-01
2.223957649872631281e-01
-4.843735194895571472e-01
-8.001647214310190215e-01
1.663501518138690294e-01
5.259111235125684125e-01
-3.515887248659547715e-01
7.976326415296668415e-01
-2.163971560139842099e-01
4.856998135377932346e-01
-9.009428273280772892e-02
4.663871944723381180e-01
-6.111235634931834193e-01
7.523843415555890868e-01
5.238694200050542094e-01
-3.590369198684725816e-02
-8.332925725550581753e-01
-9.778514400746062263e-01
-6.768044820990585242e-01
-2.132388450258950741e-01
7.718925147694429834e-01
1.777035817380585303e-01
7.737319617200604238e-01
-2.537737871128591394e-01
9.771189672903214385e-01
-6.417343488852782496e-01
5.730933456902295164e-01
-7.322899989016076194e-01
-6.214207964627971315e-02
-4.323410624756776066e-01
-8.290517700782771282e-01
8.824857628673588028e-01
-3.048875587628196993e-01
7.221013566772132020e-01
1.000000000000000000e+00
-6.334148508682819756e-01
-3.453237613024043862e-01
-8.662433695663969146e-01
-3.336459178191475416e-01
2.696311043860431522e-01
6.493169176449540281e-01
6.627666168477771569e-01
1.276155047094055250e-01
-3.166019446978667329e-01
5.821585125756967294e-01
-3.244884938658634255e-01
-1.554668125010727764e-01
-9.930568261785008843e-01
9.862856901404233323e-01
-5.068788071998442391e-02
8.885103415347864741e-01
9.680298766395180332e-02
-1.294025886448453289e-01
5.240652702811776642e-01
-1.870249972054332521e-01
-5.645538969743340019e-01
8.915739054014950593e-01
9.351449869351444733e-01
1.152862628062521350e-01
3.405590839371636092e-01
5.419439738594560296e-01
6.752010103740340163e-01
4.254007261907699622e-01
-5.438365688463336900e-01
-4.934417637818981350e-01
4.885199066319703687e-02
7.158624958405526151e-01
-2.181994411381472931e-02
-1.621600202741469987e-01
3.308084612256317891e-03
5.285283397714674036e-01
8.947200655046672058e-01
4.973745152866604347e-01
-5.299575335731723236e-01
3.724051359126285821e-01
-2.896629426353714010e-02
-6.104784173276440740e-01
-1.024617940477715872e-01
8.061207394538636439e-01
1.402295858199037459e-01
8.537481137213141780e-02
5.651562533164415925e-01
-3.957022174891942912e-02
-4.798859265961268883e-01
7.395210343563582978e-01
9.739130508695140742e-01
1.792860010742980403e-01
5.963399781282362477e-01
7.057515950610797617e-01
8.713981461792479344e-01
6.367871948693573092e-01
-7.954324107895598406e-01
6.371552890699376803e-01
-6.094749941204954391e-01
8.391822912706656812e-01
-5.696986828168784101e-01
7.549055382546763227e-01
5.279165640398566506e-01
-2.309667407942998518e-01
9.903061050322106151e-01
1.000000000000000000e+00
