-6.656070555694562074e-01
7.234226565899369854e-01
-8.907060672967340720e-01
7.093169940353909464e-01
-2.970313687543126302e-01
-1.463663230550107386e-01
-5.634397954222913896e-01
-4.623554071059048920e-01
1.923527397915262283e-01
3.445927188182154599e-01
-5.116977824615889237e-01
-3.513940772017380976e-01
7.923187579388937252e-01
-8.664499771576900100e-02
-2.242318787177417505e-01
8.852249993850840049e-02
7.433316430891921955e-01
9.635571376811711275e-01
-3.955407898446826609e-01
-2.820962328947134723e-01
1.868863628042645164e-01
9.874146306133920747e-01
7.385208102163959287e-01
7.733196429867451871e-02
4.073527834680188420e-01
1.969920704186658433e-01
-1.000000000000000000e+00
-3.672702936314495292e-02
-1.718032882875407674e-01
6.239186185557802355e-01
-4.553202171583262126e-01
7.919045837257184806e-01
-9.850327895071170348e-01
5.639329303779971880e-01
1.452976539263300670e-01
7.080900716545688311e-01
4.884664399170410842e-01
-5.724102002178727000e-01
-7.278942056903140445e-01
1.000000000000000000e+00
-4.574826985840497739e-01
-9.534048184649479563e-01
-2.468655141670630937e-01
-5.467078896199385474e-01
-8.124186436538018974e-01
-4.503427984129861894e-01
-3.911409992201003716e-01
5.891936598556880150e-02
1.640635094292305918e-01
-1.142029728971771241e-01
8.656834278759093504e-01
4.829223528831408929e-01
4.563031709392993407e-01
-6.739665061173205629e-01
-4.439070649695822657e-01
-2.738686165147738993e-01
-8.447591874992903538e-01
2.707547624115592688e-01
-4.417287733457266885e-01
9.849840931878393047e-01
-5.397857649488971843e-01
8.288261153815896787e-01
-4.796341284580221132e-01
-1.178138083244019280e-01
-8.110872376009760076e-01
7.260179993318042202e-01
1.119464539410449100e-01
5.474013923481121369e-01
2.175106777282209691e-01
-8.620664162010329701e-01
5.416696425906797341e-01
2.827430651068393863e-01
-9.979869480507231883e-01
-6.542688664449778368e-01
-4.779157314654989830e-01
4.847241738631807850e-01
1.802666609604063330e-01
-4.947685887978762187e-01
7.930496439444834067e-02
-2.067190307726793908e-01
-1.560804158238736639e-01
-7.593628565080920989e-01
5.523563553016843652e-01
-6.952331595191684199e-01
-5.644875198994870891e-01
2.412918382903317949e-01
6.776417708443973620e-01
-3.120334789511045037e-01
-8.431463087144286384e-02
-2.204905122853610955e-01
-9.023355754468680434e-01
3.414351932735674722e-01
-3.488797300290684411e-02
-8.661666425969953842e-01
9.743949458209264503e-01
-7.625402158533250985e-02
-5.777025289096777705e-01
9.293625488548677982e-01
4.634220239386968032e-01
2.193034249981246075e-01
-4.645337073466876965e-01
5.121730874756802443e-02
-8.912941816064177125e-01
2.412908047416499613e-02
2.016847768177870703e-01
9.534901093605329114e-01
5.256424311615106593e-01
-7.131634458418949496e-01
-4.900004901060267537e-01
-3.829868036441984036e-01
8.926796230668593291e-01
2.445848881772695257e-03
8.964684544047076820e-01
-7.922181718615436408e-01
3.799562095259594319e-01
9.720547711046287898e-01
5.584224829208871421e-01
-3.182226403268835768e-01
-4.097366413197167656e-02
9.910126430378776163e-01
2.455084538100313352e-01
-8.209438974839846637e-01
1.798333003087168036e-01
9.520628968735669329e-01
-6.321335800941663141e-01
-3.401024452217114580e-01
-9.340314941672316351e-01
-9.733811927499712302e-02
5.586729361353347523e-01
5.461110192593938706e-01
-2.250700737544482077e-01
-5.479896775419557109e-01
9.262614506153946103e-02
4.440148235200225280e-01
-1.299904038844989507e-01
1.054509832026481464e-01
-8.365845410841120655e-01
-1.547341005415673876e-01
-6.453345739223964594e-01
-9.759887652863054042e-01
-5.946391451427075481e-01
-1.153396170902538931e-01
3.990984214247468853e-01
-9.561391744992961961e-01
9.980468163390652236e-01
3.583470995730287934e-01
-9.597312170312515267e-01
6.996707715053214205e-01
-2.949927119673174669e-01
-8.139966086345911123e-01
-3.084769973952747324e-01
-2.753543593541437629e-01
-4.904343802566036858e-01
6.234589001036561218e-01
9.877793793353571994e-01
8.016164891693886574e-01
5.266763780914313076e-01
-6.519122208525915951e-01
8.397249418223446948e-01
-4.417118456871699794e-01
4.326750038691591915e-01
-7.107420827464017155e-01
-3.800873193101366176e-01
-1.754952827329653298e-01
1.000000000000000000e+00
6.670836252399292565e-01
-4.450163566094114120e-01
-3.591679980359159252e-01
-7.479098715236260908e-01
1.737845409485974102e-01
-2.244902982501475464e-01
6.013692413484397203e-01
9.032004865662734971e-02
7.365238595343642780e-02
-9.892198844410830805e-03
-7.014186513855200644e-01
-2.295770443068561040e-01
4.663711701196879278e-02
4.318719597712841196e-01
-4.032439708172326220e-01
2.422374146969719089e-01
-3.436459142792278043e-01
-3.702915063050800093e-01
1.953706193869727409e-02
3.887298599969732926e-01
-2.905112509766499262e-01
3.704381577849996665e-01
5.680680927366561495e-01
-6.260111430089860818e-01
-2.776595533743393962e-01
-5.682178444034019504e-01
-4.459461031380754226e-01
-9.576554392066662924e-01
2.865213788499328951e-01
-8.395021273238234549e-01
1.537728797484051169e-01
2.916972991211692623e-01
2.902034440949908256e-01
-2.758487213369741897e-01
6.267721747605249361e-01
-1.874280281436806195e-01
-3.856739283906290838e-02
-1.910065829998708331e-01
-7.658507741042803740e-01
3.744571956822437819e-01
3.340465298961136087e-01
6.854063891097108563e-01
9.332170662636283254e-01
3.735857163841296846e-01
-6.031430774395570849e-01
-6.968788640482099783e-01
6.708113157940043259e-01
6.153350948957072575e-01
8.473969372597133232e-01
-4.601389657919317117e-02
-1.000000000000000000e+00
-5.205060311020972552e-01
6.121096642052696879e-01
1.823697336061256280e-01
-2.866059007544852766e-01
8.119210354229685622e-01
-7.954911510681158537e-01
5.313303439836372100e-01
-6.273164413835662367e-01
8.836237226889727125e-01
3.563849866595255045e-01
-7.301841231755146211e-02
-6.076211464369892790e-01
1.709820899218072454e-01
-3.464160418699268051e-01
2.811519772777160142e-01
2.536436265482067132e-01
-9.614091274816237709e-01
1.091022692575233377e-01
-1.614285439610563255e-01
1.037006061160332671e-01
-3.624175431929237412e-01
6.176592210308826658e-01
5.898822188529452282e-01
-7.609715364304155127e-02
-1.232101585002877697e-01
1.326054011865221149e-01
3.532965258234272987e-01
-1.299320305204887394e-01
-1.135468619610025265e-01
-5.664714697653395747e-01
5.292931505265272007e-02
-2.274096129544857792e-01
2.966431382099188330e-01
6.191953288696294688e-01
2.365922006231577571e-02
-5.410228349821369909e-01
5.378028519674878938e-01
-4.978521502453021608e-01
7.042737413512457634e-01
4.783002618815515028e-01
-7.328073278305233806e-01
9.066932542736519940e-01
-8.332134725543551834e-01
-8.311451413344665973e-01
-1.953159387335902386e-02
-6.137665002394872005e-01
-1.292880839110915892e-01
6.952162586680113998e-01
-6.367221939380784956e-01
