8.080102940678902668e-01
-5.164104191749439021e-01
-1.000000000000000000e+00
3.938643618595265017e-01
-2.168594886337212868e-01
-5.909206997257419047e-01
-9.496426858472187815e-01
-2.596669870351158704e-01
8.954657165396162632e-01
-8.226261131815553185e-01
-6.056755852529418505e-01
-9.755341812146683944e-01
5.521964572634170676e-02
-2.915267738530485375e-01
-7.773071541553318031e-01
-5.172782792127734730e-01
-4.161741117579810245e-01
4.930884132665898090e-01
-8.873561431543368350e-02
-7.831953503281526840e-01
3.031699390576970271e-02
-1.453314592078925049e-01
-6.544240909912163451e-01
6.772842083867856022e-01
4.675476547394333826e-01
9.847410189212580933e-01
1.742278804085476973e-01
-5.021939530905575877e-01
5.231791688525105899e-01
3.007320325757499302e-01
-3.431122012800191801e-02
7.057902633718057261e-01
-1.371804878325220134e-01
5.248324924418465987e-01
2.572923123961654013e-01
1.829959287770954734e-01
2.302325003131445724e-01
6.425221083784150578e-01
3.866814243167488452e-01
-9.073762706770217568e-01
-1.737892896182898633e-02
-4.343116834401460902e-01
7.248444677952586845e-01
8.091396331347637805e-01
4.577231308485719685e-01
8.071600453023413113e-01
7.184144729687153008e-01
-6.052466715926260177e-01
-2.498879011451345111e-02
-2.433039908036382926e-02
-1.289026957813086960e-01
5.685787644926385553e-01
-4.268028846423224665e-01
-5.836549989407784356e-01
7.309916072085567151e-01
-3.064797800397571770e-01
-5.403226363710527114e-01
4.115214009130709061e-02
-8.801829027010952267e-01
-4.245792990470609873e-01
2.286008937882163389e-02
9.819497094373046131e-02
-4.642826621150569766e-01
-4.739171464611906526e-01
-9.191412118304078671e-01
-8.471255558111523420e-01
-8.104655219114215159e-01
-5.153397714399179375e-01
-3.051241013210271857e-01
-5.767141929720289578e-02
-5.634327774941591538e-03
-6.145318332199960487e-01
8.784084522951934870e-01
8.410094749392901248e-01
3.880962161189803750e-01
4.383665903613254144e-02
-8.435238187662384701e-02
-1.069059079753083008e-01
-3.409544939255690910e-01
-6.049412842795873768e-01
-9.781662361904366887e-02
-5.844914479432588017e-01
-1.296827333530964632e-01
-6.687129515339735875e-01
6.990091506607122307e-01
9.232280958873715360e-01
-2.419472589942942009e-01
9.455779547749904035e-01
-6.571401484983868668e-01
-8.600555092223356457e-01
3.953363235705435741e-02
2.377087791250017540e-02
2.518897360580129585e-01
-2.682929370812859871e-01
-6.367751897573454833e-01
-6.388448520146980947e-01
6.882423036122404802e-01
-4.309344014438815651e-01
4.707750308390067362e-01
-4.563535306048215889e-01
-8.447271061043457596e-01
2.577764466083067862e-01
6.220244005642193430e-02
-5.255460243868382841e-01
9.711333046038476968e-02
3.526162043932468682e-01
-4.483668519667072250e-01
6.592671805272863894e-01
1.096267664448407203e-01
3.270642672501528070e-01
-4.738332776198934115e-01
-7.796858368304744324e-01
-5.789713680194422674e-01
6.396346853804257826e-01
-2.035310456566041815e-02
-2.029007615242980900e-01
-2.202105652416080361e-01
-8.682319055474653213e-01
3.738198983643884477e-01
-1.000000000000000000e+00
6.591417354299480280e-01
3.443111105896689006e-01
2.378271791017004255e-01
8.767334920098397433e-01
-1.694494957963064707e-01
-4.192200474405808897e-01
-8.850770914587580140e-01
2.224423118353679729e-01
-8.111084279845843792e-01
5.372145859406594059e-01
8.968060590225510609e-01
-3.096863590051101012e-01
-9.997973494412714102e-01
5.433864791547161621e-01
8.581153404577077648e-01
-7.625535466458823741e-01
7.524692343104908421e-01
4.533158208506774534e-01
-2.364145229954025262e-01
-8.752131662099247311e-01
-7.627449588820927051e-01
1.691961282245735831e-01
-4.071802952894997829e-01
1.000000000000000000e+00
-4.889881649661314000e-01
-4.705909652514481123e-01
-7.707741981353611882e-01
5.348649210915762398e-01
8.403054558109058769e-01
8.557035614520274169e-01
4.853221423204108209e-01
-2.211772436167915579e-01
-8.203622538021868027e-02
7.545503116503747831e-01
-1.007308223773847183e-01
-6.573615444802397012e-02
5.903030826191347780e-01
-3.211073669317229817e-02
7.194573653850101502e-01
8.431459128353777643e-01
-8.476334435746197826e-01
7.873092519165376668e-01
1.774325193818737934e-01
1.782580954326122846e-01
7.197605531861042127e-01
-6.324448109198378687e-02
2.839352118022351323e-01
5.832723355422833045e-01
-5.128940061478222123e-01
-5.082700563814340766e-01
-9.514271870013505383e-01
3.319526349997603543e-01
9.883156644725555884e-01
-1.384112017110211701e-02
7.094815728366015151e-01
2.027537301469878039e-01
-5.419509041360461021e-02
-1.115272061954098171e-01
-4.154957528427523084e-01
-3.747407681755842712e-01
-5.584679664893823503e-01
8.657725947787997534e-01
-1.997678784510870664e-01
8.222035616297387883e-02
-3.073211797535504441e-01
-5.936390664159012509e-01
-9.512558228776528679e-01
2.952600149553029629e-01
-1.414456938353310100e-01
8.489678161735118023e-01
5.189512799119286868e-01
-4.451232079792620810e-01
-4.485903067864883131e-01
-4.499193181704517763e-01
-2.014741899953775839e-01
6.434308850010725944e-01
1.642292534637644075e-01
5.474071233599572261e-01
-9.513418512736512289e-01
7.871838602681118235e-01
4.235931998934673315e-01
4.463313693482247602e-01
-1.000000000000000000e+00
-7.881137677362221039e-01
2.633656426336832279e-01
9.587484667032638574e-01
-6.136966959809693201e-01
-3.374665779154288614e-03
-1.866207962972420698e-01
2.989712054284890952e-01
-5.147098704127970326e-01
-7.386582987364098685e-01
7.028785878065402226e-01
-4.406489837216907013e-01
-4.566276982608083457e-01
5.714264258613694913e-01
-2.916320930291537161e-01
-3.347099672534342013e-02
8.605831395213290325e-01
-5.396992272432241805e-02
-5.165025245137860876e-01
6.763403972882190418e-01
-9.119779661178248897e-01
9.019347903980191594e-01
-7.493944775838820016e-01
-2.580412334376230854e-01
1.903547196952826148e-01
6.367056875275777239e-01
-9.128955595782531907e-01
-3.364301837893503566e-01
1.891272640625699109e-01
8.688969854407488924e-01
8.621849586598222537e-01
-2.069979058824978069e-01
-8.740009227827563176e-01
-7.711538252839029717e-01
-1.131166917791338877e-02
-7.653093138633598747e-01
-5.573219132578632884e-01
9.592079254566530100e-01
-2.396735617389751660e-01
-3.883650482967307416e-01
-7.425367178209540953e-02
8.847746054079305145e-01
4.135745958843052295e-01
5.890140298063448743e-01
-2.026326243304538699e-01
3.555119096176904137e-01
-4.329846290803380793e-01
8.406314460885011552e-01
2.692348806422086849e-01
3.364978936692886169e-01
-3.325583773311479030e-01
8.838339300934254794e-01
-5.131931138219929522e-01
8.888378382434863889e-01
6.578800951370429306e-01
-6.465907734527330808e-01
7.413900938532063112e-01
7.003722385049502286e-01
1.307637205102183189e-02
6.657612827393537547e-01
-4.926929454712716261e-01
-6.658553642118542060e-01
-1.542981440047539454e-01
