7.735116716948411408e-01
1.448329927535357484e-02
4.825893701756174270e-01
7.794822774937786303e-01
5.375157756939376030e-01
6.164176230421668512e-01
-1.084636688043753849e-01
9.222217900828793002e-01
-2.517086393728628080e-01
-6.485646837703259449e-01
-3.584642429378505635e-01
-3.936187071227820744e-01
-5.189454816323934017e-01
-7.070618053954533799e-01
3.220562799720678715e-01
-1.000000000000000000e+00
-2.357415753227846966e-01
-5.915314517037123521e-01
-8.729655873483004314e-01
6.201066965936795627e-01
8.192119826213697387e-01
-2.304821914448549058e-01
-5.779917036070788550e-01
1.219152754288877483e-01
4.621924894998409306e-01
-6.619776134266051049e-01
7.197645372058181223e-01
9.356636464595795566e-01
-6.792620390976120137e-02
8.218312961227329794e-01
-6.424018129651404285e-01
5.723577220713345071e-01
5.211363115630824883e-01
2.341405956390717746e-01
1.521692954575521450e-01
3.844351297403592604e-01
7.082098535121624794e-01
-1.745741848309379507e-01
-1.970436894399515970e-02
6.189096883773135271e-01
-1.098005730679252334e-03
-3.526643809404616525e-01
-5.577814663830742425e-01
7.051562543979912334e-01
7.302678297868090418e-01
3.376528588374733686e-01
4.170079190862151231e-02
-3.641680834322487126e-01
5.169127879958834715e-02
5.879457949765829472e-01
-2.225658038372355374e-01
2.094317250980653466e-01
-3.379001458846090378e-01
-2.865088850363173845e-01
-1.456275800309854984e-01
5.134852528246889314e-01
8.826534028532748155e-02
6.375390791046134931e-01
-4.548865647971149229e-01
-4.844254591509276064e-01
2.180854267053353168e-02
6.949933718976115671e-01
3.249893968363987140e-01
-2.110617861235375980e-01
5.115807432098593566e-01
8.418543669893921999e-01
3.872667955038874288e-01
6.663606779769339905e-01
3.419983284997060724e-01
9.760583934613130674e-01
7.274272792819104216e-01
-3.468449739122424491e-01
-1.724537770702593842e-01
-1.852817758046137742e-01
8.337346628270789761e-01
-9.320859360557069984e-01
-6.626996961053934765e-01
-7.282592300860318835e-01
-1.380872699424185585e-02
7.289672071749856430e-01
-2.494319473435213930e-01
-9.539580437793665491e-01
-6.507256831692662113e-02
-2.957398709928172331e-01
2.965774996820642051e-01
-3.881360285346293487e-02
-4.738543928796972726e-01
-1.000000000000000000e+00
6.032157483877216564e-02
2.287213631773266087e-02
-2.022478371159130983e-01
1.380838480206015295e-01
-9.802167317939780578e-02
-3.616047312908528544e-01
6.946415538751791185e-01
-1.965035068754025505e-01
5.667117142399620278e-01
4.253031831101993232e-01
6.334272248922965254e-01
-5.792579221984596183e-01
4.186751547692031394e-01
-1.773459744449636943e-01
2.957958009898469243e-01
-1.153516682490266926e-01
4.669892733365166304e-01
6.318816158261007787e-02
5.017601488825254030e-01
-5.204571455548272912e-02
-3.594056459204582332e-02
5.900162876296879272e-02
6.573685927207332247e-01
-4.240235458906118637e-01
1.000000000000000000e+00
1.000000000000000000e+00
-3.534400445028635929e-01
-7.263012521054947046e-02
-7.306787816828774762e-01
5.335228252554065076e-01
-9.176673513914641589e-01
1.000000000000000000e+00
-1.147802840204301261e-01
1.517623842554804425e-01
-8.585857141374455548e-01
5.112395391042136028e-01
-6.689364846842331680e-01
-6.543069970097821209e-01
8.747133418444610342e-01
9.667503599332737119e-03
-1.000000000000000000e+00
2.279340140962111128e-01
4.189199829974128014e-02
7.921171688781860620e-01
-5.834208804251153069e-01
2.609551521173884836e-02
8.848751966747873121e-01
1.000000000000000000e+00
-6.752438532221108902e-01
-7.119630058850505705e-01
-4.163603010504516311e-01
-7.452564875308212988e-01
-5.204359946238266144e-01
7.551662757395595227e-01
9.979241040861416834e-02
-5.349381611216030841e-01
8.388349020122654043e-01
-2.617066261830126583e-01
-5.029746845018133738e-01
-7.214472360963909425e-01
2.734083530902838843e-01
-2.055338988674829948e-01
6.863471342250179186e-01
-9.717592468394681271e-03
9.388372192705894959e-01
-5.939987824909938041e-01
4.903250859399440054e-01
-5.097510703373581142e-01
2.797419426193841277e-02
-4.209613911345724269e-01
-6.195703411555736340e-01
-5.258377046442265224e-01
-7.656654432649090403e-01
-5.373079163880830622e-01
-5.647277693503340856e-01
-1.089769498176947071e-02
3.470555045065558675e-01
6.687329420356836751e-01
3.394996663738922837e-01
-7.028907465898902585e-01
-7.672402589088410663e-01
-4.564869850229351100e-01
9.083420194013361315e-02
-3.595881188238039261e-01
-9.880220059214237516e-01
-5.800884151104546138e-01
2.882198419177689486e-01
5.471083094884150733e-02
-6.996074739209622306e-01
8.317858866157156195e-01
9.440717699615566172e-01
-1.058554495765657993e-01
-5.781898468430728411e-01
7.536701931744136385e-01
-9.830536056216203356e-02
-7.474819730762590764e-01
1.000000000000000000e+00
6.543711405761434841e-02
-5.157043047252241053e-01
-9.483481634540519289e-01
9.830799614371240613e-01
4.839162356607783488e-01
-3.227831717178034632e-01
-6.822149782503317272e-01
3.039894373471396793e-01
2.955716917317743331e-01
-1.653282610443938538e-01
-6.414351322013127632e-01
-2.985851232926878263e-01
-4.916592929662075839e-01
-4.588699894889066155e-01
-5.641419902123093744e-01
1.165676083022096216e-01
-4.387352637973518377e-01
-6.114139783538202755e-01
-1.000000000000000000e+00
-1.000000000000000000e+00
5.852178089130786187e-01
1.648935506438212462e-01
4.141551721927035912e-01
3.116897773287379825e-01
-9.634353875142024348e-01
-4.938040780760195869e-02
3.940327097286909774e-01
-4.196067381711702238e-01
3.921635374815949371e-01
9.277821035879300071e-01
1.582255728317387422e-01
-8.296446249938160822e-01
-2.841736050967490490e-01
4.862561084531668576e-01
1.957037697893616868e-01
1.537601101686042471e-01
8.061133733591471229e-01
-5.833344554455363040e-01
-8.679551791346756806e-01
4.667810667189253859e-01
-7.644639610737892221e-01
-8.969586411518293279e-01
7.472125369547010232e-01
-7.382032938617185680e-01
3.087063951565033881e-01
5.336959659616982155e-01
-5.364168533158945040e-01
2.688269478320852723e-01
-1.631408233710054945e-01
5.638227611576858145e-01
7.383580419641938564e-01
5.217313881156167010e-01
8.757528931737021960e-01
9.002224829767002667e-01
2.373450008255923449e-01
-5.777740636098601668e-01
1.505506331646061513e-02
-7.935062781340420646e-01
-9.479425357590809398e-01
7.503328843235645973e-01
-1.000000000000000000e+00
-8.816874639852114726e-01
8.317919715800389802e-02
3.670940869629806813e-01
-4.031204862844851577e-01
-7.517125370584836208e-01
2.635457259845139233e-03
3.913905971775605841e-01
-6.900912784440330627e-01
-7.301965574648843216e-01
2.351321360173838915e-01
-6.508879365789710381e-01
3.479748529155771153e-02
-4.699694737239485942e-01
-4.891131808678281789e-01
-5.373183109001962166e-01
3.443088490293388371e-01
3.563140698534823514e-01
5.630122589297860136e-01
3.901544334038150597e-01
