-4.922389147250947894e-01
7.902422528480548269e-01
3.487214896032712064e-01
-7.253751622632221840e-01
-5.325253107106169281e-01
7.532891044659457691e-01
8.474403966105934494e-01
-1.921621510459756710e-01
1.562072784125815850e-01
8.381048036931831868e-01
7.256593438120442219e-01
8.464213676026388633e-01
7.488875200833611245e-01
2.457897276053648827e-01
-3.461879436603063631e-01
-5.188780580075633697e-01
-5.830065379011454274e-01
5.664536185859643247e-01
-1.030287133591184234e-01
6.237631637895577619e-01
1.520176047998562652e-01
-6.557567446163594660e-01
-2.678506165085625668e-01
6.754999312393673572e-01
-1.000000000000000000e+00
-9.535962898860124159e-01
7.470132957232602511e-01
5.883084511155214358e-01
8.095042372208016701e-02
5.047670197861207075e-01
-2.272719807399838365e-01
-1.168656028392122265e-01
2.810115140411264534e-01
5.705140709442759750e-01
-9.856216696381925324e-01
9.352070230073510348e-01
-5.388700298374928810e-01
3.334721506206430597e-01
-8.005683545457056294e-01
-6.726540090906369951e-01
-3.466017028703692882e-01
-2.819592330998439422e-01
-1.715095523805315325e-01
-3.008822207082115785e-01
6.299656264776575254e-01
5.572727174730858213e-01
6.228564187816645337e-01
1.089666724588531088e-02
-7.137286492572820773e-01
-1.091641596111494472e-01
-8.519354895903743508e-01
-1.851666241593782347e-01
1.204712841017832048e-01
2.309742318738812195e-01
3.124918356524188923e-01
-5.918155381546910121e-01
4.473992840959262196e-01
4.155183443078278582e-01
-9.733542847307321555e-01
-3.788226435585082541e-01
1.000000000000000000e+00
1.205542643166053196e-01
-3.706350572243375385e-01
-7.009733429117035453e-01
4.433175593282376870e-01
8.618794331831236555e-01
-1.092188059595968763e-01
5.123924005894581191e-01
-3.921056384065146894e-01
-9.403612280182096494e-01
-2.248469343178046698e-01
8.346022011936514717e-01
-3.395637989770485810e-01
-6.506163669584559273e-01
1.000000000000000000e+00
7.993934618993769892e-02
-6.970498366843613791e-01
8.062781837172703359e-01
-7.357809371543985177e-01
9.799856895295551151e-01
-6.781755119128933806e-01
-9.993179044114397502e-01
5.283978666146427194e-01
-3.856402707623880488e-01
5.013240038865769410e-01
-2.611290699411402128e-01
-8.036657807363418726e-01
-1.271190167766169665e-01
-1.088015446494883243e-01
-5.567460806696067355e-01
1.000000000000000000e+00
2.812023202226421326e-02
-9.731733392296328944e-01
-8.234722791402432351e-01
-2.296866394094512209e-01
5.500160742447319784e-01
9.173543672672903604e-01
5.027778573941349416e-01
3.117004086600744794e-01
6.838222072812683017e-01
-3.623230011009066498e-01
9.270035939494143395e-01
3.191418928113456399e-01
-5.245861817469912314e-01
-7.365361407304936714e-01
-6.842499405726604200e-01
-1.640156792080553760e-01
6.471132062320694711e-01
-9.282971711768344125e-01
2.664591441980188602e-01
7.447192007371172817e-01
-1.000000000000000000e+00
8.554678834046167690e-01
3.328701201453051484e-01
-1.430336642128366975e-01
-6.053102573965574162e-01
1.089097964520426842e-01
-6.836225686022584513e-01
1.706519204326213401e-01
3.343065273671663729e-01
-6.121670288735779897e-01
2.412340560720431792e-01
7.422298534717762797e-01
-4.304267397621565072e-01
-1.094038263040122416e-01
-7.060149691282040507e-01
-9.611843330646685502e-01
2.708700983992928801e-01
-1.662535650141017118e-01
-3.371810042632492621e-01
-9.592172894291752794e-01
-7.826021144092663862e-02
-6.653437161429165414e-01
-5.554594312078640073e-01
5.730789720264699572e-01
3.225925695831819429e-01
4.287127682696495468e-02
5.276146277258785267e-01
-4.045394897837337744e-01
-8.561557086659182803e-01
1.166731721328055915e-01
-9.185383956610184697e-01
4.051996775753771152e-01
8.112759949564085638e-01
-8.084578609214838618e-01
4.270246152281411689e-01
-1.000000000000000000e+00
1.280187718061285285e-01
8.235756770065605359e-02
-7.954346024409324478e-01
-3.411268893742351871e-01
6.951662607342800060e-01
-8.404433229751906431e-01
8.785702257590301267e-02
2.610452695907983234e-01
-4.926505080613594600e-01
3.548742118623242625e-01
9.307059961642554224e-01
1.062068282763725668e-01
-6.780706719863591747e-01
2.523443337131030528e-01
-1.088853738522188586e-02
7.333531804131216969e-01
-3.222227404470648926e-01
-9.823242302421170136e-01
-2.540094670754786677e-01
4.518485486712964239e-02
-3.619289257520711400e-01
6.863305127140567619e-01
1.926880543921494215e-01
-2.626535121865355427e-01
8.767376306438309230e-01
-4.762062507497246688e-01
6.678752558363844072e-01
2.400286248577805370e-01
-8.942298606300891350e-02
-8.906567688797235594e-01
-1.107064174431920678e-01
7.257069236522279976e-01
2.934944416121528232e-01
3.056083279189550916e-01
3.964352110505255933e-01
-6.281850663896249021e-01
5.848228615008298492e-01
-2.871811138611342074e-01
-3.864834438621420620e-01
-4.700491213563942061e-01
1.370224868673233787e-02
7.712243373766206611e-01
2.347372172380146615e-02
-9.967177505998790765e-02
-3.009130465662446241e-01
-3.386068533138197889e-01
1.707520166118262905e-01
-6.252229550528713986e-01
6.615967653945684646e-01
-7.279428987356516556e-01
-9.732878231589107143e-01
4.720955682438199297e-01
-5.916762153952384029e-01
-2.262799189565889435e-02
-1.708520340832322681e-01
5.221840218534841149e-01
6.198071583757304159e-01
3.685031487581873488e-01
9.286142847509404330e-01
4.871934665485564975e-01
-8.209421446654155408e-02
-4.238685335931555720e-01
-5.550580399572346835e-02
1.866178125320412384e-01
-4.464490544641700476e-01
3.071481019775877952e-01
-5.335260686179970069e-01
-2.922295343403145118e-01
5.586927935635290776e-01
-5.288908652181247838e-01
-1.735628953985852707e-01
-9.956323627230065920e-01
-7.577165767140832120e-01
-9.648091601381141302e-01
-6.765011873419248811e-01
-6.510403487870572992e-01
3.463126689727661356e-01
2.526203010616721034e-01
-7.870345195807422201e-01
8.878480236898040889e-01
-7.189018984771822218e-01
-5.436633396482606351e-01
6.864053774376901451e-01
-7.350722439335861669e-01
-9.083252864267565840e-01
4.149024028565280742e-01
1.000000000000000000e+00
-5.146732177521594620e-01
-8.852896331526262375e-02
1.545337369637693747e-01
4.781168886287828768e-01
-5.278980605997758424e-01
2.151884747968051681e-01
-1.833014985520678708e-01
7.704336283877971647e-01
-2.424682299734598478e-01
4.599107931900423551e-01
-6.839060507933089061e-01
-7.046497515753233909e-01
-6.567665590867614867e-02
9.270082832093695657e-01
8.266454979303057282e-01
2.316132566113002778e-01
1.370496864156189321e-01
-6.840760283577167478e-01
4.271537902694232391e-01
6.381597165384301773e-01
8.114737360915680320e-01
8.073506064221553924e-01
-3.435407880259004898e-01
-4.484092851859688977e-01
2.904594076194153551e-01
-9.105248731123489758e-01
2.149008527928784051e-01
-9.950190896287482989e-01
-7.004741017881161991e-01
8.700281511897576259e-01
-3.687974760354721382e-01
