-2.335014165072281933e-01
1.113655920164158125e-01
-7.991465177902348227e-01
5.551298957187773553e-01
-3.467776415373652332e-01
7.972020811767828175e-01
-2.221620326324346417e-01
-4.581542830506329933e-02
6.833842557067101309e-01
-8.795975720193693892e-01
6.023370850295380885e-01
2.121421246334480037e-01
-8.471111068481088635e-01
-1.000000000000000000e+00
-1.648412401685341588e-01
-2.977861070351696116e-01
2.643066460278963858e-01
6.399194520680733245e-01
-1.000000000000000000e+00
-9.364867722137919515e-01
4.227839453888669885e-01
-1.741261687277869397e-01
1.974563830507622408e-01
-5.584137332494673034e-01
-8.445041229432634911e-01
8.437394908254334247e-01
-2.699358637329143940e-01
6.998676462670524456e-01
-8.492184188860155691e-01
-1.000000000000000000e+00
-4.263299960643179842e-01
5.466722359055782299e-01
-9.218986972909255506e-01
-8.891429904665878459e-01
1.771970110744934268e-01
5.700361998919272200e-01
-5.284282510591183923e-01
-5.859326761641781012e-01
4.129001634977067514e-01
-7.585401816905393835e-01
-1.195805751494094515e-01
-6.896485321003580360e-01
-2.576010687179906000e-01
6.719638841987515265e-01
-3.092581399287928634e-01
5.018473752713391578e-01
4.947776612148783171e-01
7.288317925048000134e-01
-6.521889404048020200e-01
-2.051487533125451179e-02
4.991807384102330269e-01
-7.909929158767631252e-01
7.731293568743698996e-01
5.962656038754206023e-01
-6.682722884104832506e-01
2.772903345903642014e-02
-7.225020491101818987e-01
-2.262172477130454107e-01
9.300288718231509988e-02
-2.049975158308753875e-01
-7.378809651921454105e-01
-2.351499358239449444e-01
9.108680302649144189e-02
3.388757605504502113e-01
-9.034545795484049124e-01
7.537524092241488782e-01
-9.495713211611432891e-01
-1.000000000000000000e+00
5.528127224843566445e-01
-9.341671515730258779e-01
9.784895995914170141e-01
-3.742396832278322982e-01
-6.214679365926492061e-01
-6.217994159568518420e-01
6.298436607147452904e-01
-6.535845726007111223e-01
8.074370400248711555e-01
5.900866331682494970e-01
-8.288297355128728672e-01
-8.998231527334812352e-01
-4.203974787001646951e-01
7.936714969111373641e-01
-1.668346460965320355e-01
4.465935124395417066e-01
1.240727737773965195e-01
-1.000000000000000000e+00
9.344964044257703106e-01
3.866143580241380162e-01
-1.085304060661117925e-01
4.601518039292574191e-01
6.720894095643632493e-01
-5.839407431435358342e-01
-4.928396166261168609e-01
6.190252419503722292e-01
-5.122954363070797434e-01
-7.406945311908050833e-01
-9.630671806512529631e-01
4.109241017685603126e-01
3.455785750808869350e-02
-6.880972114122623218e-01
1.169656785498500579e-01
-4.576516147334615953e-02
-2.839740637106671350e-01
-3.242492512394581361e-01
6.622982058231854374e-01
5.406450036107998125e-01
-1.356277780763060214e-01
8.495813019723661430e-01
5.459289986554869412e-01
-8.516708793848152270e-01
6.674669467497922337e-01
5.986767878038297130e-01
-8.073864284950934556e-01
8.187379121411031413e-01
4.531909400048716452e-01
6.858635692134673612e-01
-4.199576426241054539e-01
2.142426111113631959e-01
3.856916982520932624e-01
7.105770694981613511e-01
-1.115717459748138268e-01
-5.496190739817209403e-01
-1.556660428913123062e-02
6.924259604188007788e-01
-1.000000000000000000e+00
1.000000000000000000e+00
-4.593323723957735694e-01
4.036714888206079377e-01
-5.968531319891734466e-01
-7.745874991649762675e-01
-6.221247404952452709e-02
2.174503053860070978e-01
5.105642727070562881e-01
-9.109110222876153351e-01
9.952219676940021742e-01
-1.668255216045883282e-01
-1.792561072964629354e-01
-4.382482459784708406e-01
1.556095012327657345e-01
9.111517305296262803e-01
1.000000000000000000e+00
-1.000000000000000000e+00
6.181264678809063051e-01
-5.294041711245826010e-01
-2.645488406176609297e-01
1.417999638392730966e-01
-2.858645772511750893e-01
-8.948592495363997257e-01
6.848474769641155202e-01
-6.765641251525328359e-02
-5.117148981538045538e-01
-9.017676878849985034e-01
-8.185013898037670765e-01
6.117612228206710245e-01
-5.583214211281091188e-01
-9.063125334402871713e-01
8.201051986771578095e-01
-4.084465623228949460e-01
1.000000000000000000e+00
-1.129774981869698935e-01
-2.187003240335507470e-01
7.003389764571672504e-01
1.380326420394289710e-01
-6.478989045421668092e-01
-2.478743306529709312e-01
-6.608838940311128063e-01
3.572912114157152930e-01
9.988730835213632808e-01
-8.284563984674903070e-02
-6.270667354931406257e-01
1.036370182211909241e-01
8.703354389054597240e-01
-3.268288892152876324e-02
-7.677923374895676001e-02
-2.628592297945570588e-01
5.961099868583420447e-01
-2.573417200956471529e-01
-4.017887528747660086e-01
-2.332142019470401229e-02
-6.056746382239985849e-01
-4.771919048214771641e-01
9.773836913179539954e-03
1.000000000000000000e+00
-6.875564009789600917e-01
-1.075114803641877281e-02
-9.661915534523162208e-01
6.700700305653711775e-02
-7.589206460791093900e-03
2.664447148401419829e-01
-6.292461563688476200e-01
-5.938659821893594870e-01
-9.089121724670837787e-01
5.436345137210470968e-01
-9.211837758546668198e-01
7.839322060014528581e-01
6.645481554812304736e-02
6.710307359660929727e-01
3.016323358658915543e-01
9.948254186173771663e-02
7.618548398232627417e-01
-6.842795235464153025e-01
4.889924807609856428e-02
-1.378089732706427317e-01
7.990958578054568884e-01
-1.104999391324996416e-01
-7.213580460489424917e-01
7.967262440079748709e-01
-5.952805049430867079e-01
-5.064693353317181179e-01
7.561100653736514410e-01
5.108381331589180174e-01
-1.956489631116287153e-01
4.614659807972409933e-01
-1.646503839930038293e-01
-6.476472301310294277e-01
8.416499602836052807e-03
-2.113038901300204886e-01
9.267118251801109707e-02
-8.368350223119086495e-01
6.916494792891517140e-02
1.000000000000000000e+00
-6.899789110168950135e-01
8.320151525615293586e-02
7.629726131105732945e-01
-6.563476052005021710e-01
-9.359942357742494501e-01
6.633743657585887687e-01
4.423099073521943314e-01
2.945448075638356089e-01
-3.865731071085989345e-01
-1.000000000000000000e+00
1.000000000000000000e+00
2.255607329697897623e-01
1.000000000000000000e+00
8.120470022326776727e-01
1.000000000000000000e+00
-6.989288344778387119e-01
-9.434073617038049031e-01
8.004183258724233418e-01
-5.244661481693900784e-01
1.955010843383105934e-01
5.142647283320846974e-01
-1.000000000000000000e+00
6.728294031393347030e-01
5.749457455765582398e-02
7.908337161980230623e-02
-6.920402717057094755e-01
4.136822431736005834e-01
4.277247794665298142e-01
6.584168515952224521e-01
-8.665788845418751496e-01
1.892389023173973728e-01
-1.000000000000000000e+00
-7.616118014826493976e-01
9.466075502121586993e-01
3.895574700775034788e-02
-1.900698856708957218e-01
-7.245891251206213468e-01
-6.865123108727169687e-02
-9.156458814982622041e-01
5.501333071195403379e-01
-3.683830466158467543e-01
1.402651276918243928e-01
6.268457287647725973e-02
6.863146531666641792e-01
