-6.117311602833472306e-02
-7.490482555144355459e-01
5.999358939084217246e-01
2.592710041510171148e-01
-1.806114087230050735e-01
4.000289362076742683e-01
-8.132839287085454894e-01
-3.668033707386882947e-01
8.526493951197894328e-01
1.617741000223751613e-01
7.788711517037584242e-01
4.736103848247146253e-01
1.439708267419187726e-01
-9.242712244434438951e-01
6.456799619172752802e-01
5.125778699727792098e-01
-9.104904172793986117e-01
6.112899121828707649e-02
6.438675608974508968e-01
-4.011899820000218164e-01
9.544752096903553751e-01
4.044174900490449254e-01
-2.820808876929334352e-01
-7.611979868370151170e-01
-7.421215934931901792e-01
9.125399588073331847e-01
1.288770373753969113e-02
8.372818117535110738e-02
6.778148179299970932e-01
-8.769603989149772350e-01
-1.593505505375527043e-01
4.470038574470635018e-01
-4.399172719994250969e-01
2.309609533578166340e-01
3.445741376086675078e-01
1.849902403248623040e-01
4.904485251167937654e-01
-5.103283262722959623e-01
-6.758979922948658015e-01
4.244727416649980989e-01
-4.404226604004593537e-01
6.641877892276513151e-01
6.545851639686216528e-01
-4.150750998290479998e-01
3.187922967926403173e-01
-8.385770073101254940e-02
-6.126830218778748227e-01
-5.338502318018250453e-02
-3.277514772739334448e-01
2.680851432770259279e-01
-7.259141617275566283e-01
-8.960780784920175934e-01
-6.514753137972972841e-01
1.362929670261345538e-01
5.571520128593503152e-02
3.968686817025491864e-01
-2.579590914512631117e-01
-6.657401160865616951e-01
4.039070092142522106e-01
9.977787404006391858e-01
-3.083463103089953972e-01
5.804423190799794935e-02
-8.655354641817953887e-01
-6.877355206959405720e-01
7.954736754773380492e-01
-4.519570340170527833e-01
-1.021342797675637293e-01
5.271478061068118892e-01
3.605064749402653868e-01
-1.964603764044658696e-01
-2.445357617316702981e-01
2.550930669011906571e-01
4.256411670398596581e-01
2.238656610646036771e-01
7.826321399741420493e-01
-4.069575435822388454e-01
-9.109528364946795076e-01
-4.454821933939181466e-01
2.952537201060240757e-01
-4.693622991674289424e-01
-4.818461593851205427e-01
-7.997478049520033716e-01
8.874744169380097691e-01
-9.182424555528156951e-01
-8.711054737175201179e-01
2.017105851944340500e-01
8.539194607535746107e-01
2.158237162127465969e-01
2.075435853727270463e-01
7.844615937128045502e-01
9.462886999767046170e-01
1.000000000000000000e+00
-5.168530216511025843e-01
1.383064610945269057e-01
-8.679558758387011241e-02
-9.212079239014333565e-01
8.738562928483989412e-01
-6.571938666325283229e-01
9.627117824975485183e-01
1.377254685667303122e-02
4.805530100180557818e-01
-5.959576470326657383e-01
1.265729489276954667e-01
-8.861804686361099970e-01
2.683597566704387094e-01
-7.522411018682141348e-01
-7.649114086050904371e-01
8.165326873669882524e-01
-7.047912989149425211e-01
7.584400759713325058e-02
3.785992587604741222e-01
-3.323942516342736075e-01
5.231158652816737809e-02
-3.149368052942705942e-01
-7.876500275871324286e-01
-8.333451349828470134e-01
7.839380353247139555e-01
7.058443752120600045e-01
-2.175484985667558435e-01
-7.734900546044942704e-01
3.831464174868151606e-01
-5.053260457900777824e-01
3.974605041379226655e-01
-2.018568463859697903e-01
4.003162750952615756e-02
-2.802762511107034782e-01
9.511818158525796596e-01
2.384289400246612511e-01
4.115589358165065992e-01
8.538525169807497095e-01
5.501174122490736229e-01
-7.321748916566666043e-01
-9.874696699425598023e-01
-9.251412063116610796e-01
-2.810725420542658504e-01
-1.966803437825770107e-01
9.888777107546317668e-02
-8.236928842450125243e-01
3.174229502567460504e-01
-8.790512236012857361e-01
-5.094872928662098621e-01
8.290376104547207692e-02
-7.538692865942540067e-01
8.906760823646518721e-03
5.115775750548317014e-01
3.818107665911085746e-01
-3.303366307530444246e-01
8.981841500052140104e-01
-7.838616158548623591e-01
5.795610262536909918e-01
-6.119147611075094195e-01
3.339238659497366091e-01
-1.000000000000000000e+00
-1.615140681193200783e-02
-4.878571522660863913e-01
-5.941234232955150407e-01
-7.476172475202939038e-01
4.136783702281664477e-01
7.063889214944008010e-01
9.126380984479098846e-01
-8.323329980202489597e-01
-1.043306514077876335e-01
8.349437799878099975e-01
1.811985600368147542e-01
-9.390563164102737614e-01
-4.937769877014335784e-01
-6.465354904180752316e-01
-7.282010363058917246e-01
-8.422776868139290052e-01
-1.000000000000000000e+00
3.938517335245836914e-01
-4.075158497711043326e-01
-3.350159645339891301e-01
-7.209884610769543567e-01
-6.251286124506301445e-02
-4.933392264639580721e-02
-2.294469625676872140e-02
3.722297787003919084e-02
-9.888815900804290848e-01
2.016176435944595779e-01
-1.000000000000000000e+00
5.813520701568892779e-01
-5.074299265336629228e-01
3.340221863073219444e-01
1.176099838720906371e-01
2.378942873193157781e-01
6.137754669634725158e-01
-3.010020082786684162e-03
7.666600078353528191e-01
6.293729021560120485e-01
-9.340513375890218128e-01
6.095549093448278111e-01
-8.879798002922808520e-01
-7.204112450503438181e-01
6.979768382298617846e-01
-4.384009601628531816e-01
-8.745616390274756347e-01
-2.752793374187429976e-01
-1.445730046866884611e-01
-8.901166569186353961e-01
-5.731565081882159518e-01
3.603543947657463636e-02
9.992922998962985859e-02
-6.083688424105604398e-01
3.700756019421865828e-01
9.132899873269294533e-01
2.877882749058505163e-01
-9.133323153303793962e-01
-5.265087427247862051e-01
-2.874379968541275754e-01
-6.496873308256257973e-01
8.022576933702482149e-01
-4.212901484352419290e-01
7.824189043029508017e-01
2.254267717040161767e-01
-1.038149850069565797e-02
-3.299323111331392000e-01
1.182018285181692108e-01
-4.596930582609219385e-01
6.423572868954225967e-01
-1.493463022335567991e-01
-6.695155413635124342e-01
4.180588826608172548e-01
1.241995505897550284e-01
-5.889853074068853722e-01
4.617974744077948945e-01
8.748429157431792946e-01
-4.027987268834406498e-01
7.035019855397790511e-01
-3.141098432199294632e-01
8.568264480389128357e-01
-2.568070569753851395e-01
-9.724568008184649726e-01
-7.622662713879338470e-02
-3.277423748904755851e-01
2.974480725051527052e-01
-5.287967763577510194e-01
-6.378005205339679629e-01
7.098791408813898141e-01
-9.203923530722489810e-01
3.213178557038640637e-01
6.491455332608970785e-01
-1.000000000000000000e+00
-1.729031476622366059e-01
5.590891001497126922e-01
-5.370453222889411959e-01
-2.504408760110994336e-01
6.381793942107533146e-01
-4.309845113804922079e-01
2.778234037485761143e-01
-2.368306341157208270e-02
-3.699659709969770893e-01
9.548242665010600039e-01
7.399031505957071042e-01
6.083040570524750335e-03
-4.451296095011066101e-02
-7.534955328182117995e-01
-6.746233282867712955e-01
2.634804966605047358e-02
5.298108642155575643e-01
4.717815673605625371e-01
7.336164553536672628e-01
-8.714547508072676418e-01
-8.333951233124017310e-01
-4.228755993672130842e-01
