1.691579499700854861e-01
6.906028370116883419e-01
-4.079076194574726699e-01
-1.552334872064725091e-01
-6.801841491469176049e-01
5.519651012828914460e-01
6.489103970967080581e-01
2.808869373823266180e-01
-7.579989667502859962e-01
7.050883123567011634e-02
1.080326207791713067e-01
3.063255665671710815e-01
4.794966336064895307e-01
-3.883761647348214496e-01
7.486377688852334789e-01
-3.372242726271148516e-01
-1.818825045226351023e-01
1.477828272966422163e-01
-1.000000000000000000e+00
8.954375133749183924e-01
8.923349098757685782e-01
5.406067481683258791e-01
9.841116224084941466e-01
5.086311852377978227e-02
8.849388014966176330e-01
-7.763220553138202584e-01
9.328976177961255667e-01
-5.846313062422910933e-01
-6.950947229284965001e-01
9.916349292253003878e-01
-7.192091195160865702e-02
3.698666862360133756e-01
-7.541628448203633317e-01
-1.735292990137118352e-01
9.050586445231778576e-01
7.988639524268204006e-02
2.871908155731093260e-01
2.283915252361049530e-01
1.000000000000000000e+00
-6.425755537251403027e-01
-5.182810592491401414e-01
-9.052146998311133563e-01
-6.132515733700423244e-01
5.901857426686196728e-01
2.458304851438640193e-01
-3.259646868390653762e-01
-8.352083186367578183e-01
2.303329546440629344e-02
9.457713884291025774e-01
1.389597789061715050e-01
-4.976459016991023887e-01
-2.355639324375188581e-01
-4.966642940355092684e-01
7.320889846512717014e-01
-9.434659261969009503e-01
-4.448549118792107793e-01
4.067138368657494119e-01
2.631507008714991658e-01
-7.094411738704060610e-01
8.093967652506468546e-01
-3.459838196974032165e-01
-4.048098810306173245e-01
2.326368254598549790e-01
6.890136177666218442e-01
2.337798197194747019e-01
5.393802377933936132e-01
-5.129011513149157597e-01
-8.837180777421427269e-01
7.732382006906601823e-02
-2.747382885344911152e-01
3.608732743460307812e-01
-1.000000000000000000e+00
-9.465359807000165437e-01
-2.575650142895024447e-02
-3.794491508002735269e-01
-3.488430037115781701e-01
-3.892393466420582815e-01
2.388551410330925773e-01
-1.000000000000000000e+00
-1.020188209329477846e-01
-4.220324714614547279e-01
5.518998267943860808e-02
-1.000000000000000000e+00
-7.001232098944005777e-01
2.295024526564638234e-01
-9.385419838302582196e-01
9.027865936295675908e-01
-8.228468701878531855e-01
9.721662319834765142e-01
-8.958790258005118190e-01
-6.181833473038300664e-01
-3.585107963882750992e-01
1.000000000000000000e+00
1.844370245755403426e-01
-2.027685807444035149e-01
-5.812855777694642123e-01
4.962515207720828991e-01
-9.045385249518179682e-01
-6.233412905676935512e-02
8.974976995159981152e-01
-9.483594993051214228e-02
1.303878028082170459e-01
-3.998296837733983367e-01
-8.740608306032733310e-01
4.470438521656567854e-01
-6.901084139643403059e-01
5.646644146883998960e-01
3.452383535955496630e-01
-1.830925842779862478e-02
-2.256668302408451066e-01
-6.815582905240824552e-02
3.328697001493038377e-01
-2.782470624773274448e-01
-2.198479753607521237e-01
-5.399470099725123262e-02
4.580339826629570843e-01
6.655293452062240878e-01
-6.374712728128024697e-01
1.000000000000000000e+00
4.614646540162944954e-01
-7.642178264492240913e-01
6.342362502539602431e-01
-7.734162177138514949e-01
2.777221665939855755e-01
6.043073930177620401e-01
1.525156045126097037e-01
-1.816734215791122875e-01
4.421677709852888660e-01
-7.417719942513973930e-01
-8.464628904755340244e-01
-4.676172252992017442e-01
3.205428626867544428e-02
-2.291792016751299510e-01
7.030782601737065596e-01
6.323932987755109814e-01
-2.179740337628293390e-01
-8.566987884433885370e-03
4.087198784845181843e-01
5.416168266435950063e-02
8.312689318676682593e-01
-6.310677976580535420e-01
1.277857763623930221e-01
7.639040152472136302e-01
-7.841653126634030579e-01
3.544807004200249967e-01
-8.959737052367191534e-01
9.655897417177430331e-01
1.000000000000000000e+00
-3.515939221433611594e-02
-8.175545773557002516e-01
6.911029770487571167e-01
6.349828964923129870e-01
1.000000000000000000e+00
6.645977920787669024e-01
-5.601092116891386308e-01
-6.607219381946051184e-01
-1.995559356609275525e-01
7.865364335136479923e-01
-1.000000000000000000e+00
-8.924231369585561291e-03
-8.415616088037916054e-01
-3.968779601075429764e-02
7.814405193179077003e-01
5.734901956601171635e-01
8.953571949829846055e-01
2.675331955932430117e-01
3.534511199902580780e-01
6.791404928971649380e-01
3.221990248642301324e-01
-5.109974454529965238e-01
2.080242340442198246e-02
-5.647269217033498157e-01
-8.318156138084642492e-02
-7.034435152334275188e-01
-1.000000000000000000e+00
-8.283577449899509615e-01
-2.885871283935449033e-02
-4.012274212396316764e-01
1.000000000000000000e+00
6.827853497192108989e-01
-8.088893374613341791e-01
7.518892994310373279e-01
9.602793777753064752e-01
5.414620572276830357e-01
3.692628757952329810e-01
8.409506086870085495e-01
-1.456077695568951114e-01
-7.917484554850440226e-01
9.655772147376718850e-01
-2.066954976236228259e-01
1.000000000000000000e+00
-3.274173863512224170e-01
-7.287006781655158694e-01
4.264339944530469162e-01
-8.605248381089335430e-01
-1.000000000000000000e+00
8.949357744800265912e-01
3.117343318830676502e-01
-4.365585435568980488e-01
-6.048669183271864203e-01
-6.018132429615070667e-01
-3.725171866245458596e-01
3.777870317830689384e-01
5.085290061778600101e-01
-1.663851759644328077e-01
6.120098521632488797e-02
9.004248765249905917e-01
-9.767170789158001742e-01
-3.459005478500992714e-01
-3.224353463786337470e-01
9.611188697231841660e-01
2.650883880718318819e-01
2.467337295974481037e-01
-1.991064824052339866e-01
5.053821679591137261e-01
-6.578742076088701651e-01
7.775657972253442463e-01
-3.683274620926153542e-01
-8.914385389331962450e-01
2.246080671733003964e-01
7.406082625771677197e-01
3.466761476146354992e-01
-3.682933952099141095e-01
4.123707116189020971e-01
-7.758367861736985560e-01
4.475426960494255368e-01
4.788426793048614627e-01
1.697856805441930739e-01
-4.182222646992735937e-01
9.528524564519680329e-01
2.765797354203874958e-01
7.876924572008831005e-01
9.428205388548469568e-01
6.881916505186528310e-01
-3.250711101922403312e-01
-1.000000000000000000e+00
-4.559726384704643198e-01
4.753212511305840993e-01
9.428200354080702450e-01
-3.739999785427634144e-02
5.206020196106491138e-01
-9.263099958659261057e-01
4.659028695419784594e-01
-7.881438010440109387e-01
6.446213443453607805e-01
-8.042519225210986722e-01
8.944004665671975163e-01
7.084149130183594600e-01
-1.573113648426497924e-01
2.080088235044232348e-01
-6.026212465945147284e-02
1.938158523679292811e-01
1.109140847256664397e-01
-9.486047020931323570e-02
3.216076431386547529e-01
-8.405777540909029621e-01
-7.445916266927103955e-01
-1.000000000000000000e+00
-2.922023833860449837e-01
-7.171837301018022526e-01
-5.685901374668023145e-01
-4.169560389904392039e-02
-3.909868237537179603e-01
8.768200659820041265e-01
4.964173378941162951e-01
