9.199932534026178388e-02
-1.000000000000000000e+00
5.383213155938983974e-01
-8.900334278860025927e-01
6.801477038848756651e-01
-2.163374959020795685e-01
-4.399877399691209945e-02
-4.549024678850102088e-01
1.281809711400908741e-03
-1.968592761862358875e-01
-8.602337430669273477e-01
-4.828615289705609492e-01
3.486339778254747834e-01
2.063714578805919686e-01
-3.027571017595029890e-01
-2.013317255753912516e-01
8.857020305742667743e-01
9.758395926710450308e-01
-7.931640462449469631e-01
-8.685791696662504835e-01
-7.298292654500875276e-01
4.693425534259373921e-01
-5.295140628036824060e-01
-7.694514596621473967e-02
-9.036888682417669738e-01
-3.975899616856962138e-01
-3.154276724659081377e-01
-7.184322779955508442e-02
-9.018563183226403490e-01
-7.661040857051888420e-01
2.340056599247636870e-01
6.524724658304162928e-01
-9.667179833058553440e-01
4.141400746887347051e-02
-9.295044219159542820e-01
-8.435483362862555845e-01
-9.142915743858543998e-01
9.128480781040309022e-01
-1.000000000000000000e+00
-5.317159353526075272e-01
1.605772169465096710e-01
3.112000567243878857e-01
4.555909032511117895e-01
5.185071095567640453e-01
-4.948468398597359319e-01
3.056061359751309214e-01
-4.886823863433747278e-02
-7.003459024567516567e-01
-1.000000000000000000e+00
-7.226087618101746379e-01
3.642229978188627482e-01
-9.840813067105691481e-01
4.487447875249909179e-01
-9.625788450368782945e-01
-7.927319230993968846e-01
9.143228523555224641e-02
-7.688003068284862129e-01
-6.585678832614190181e-01
3.058944967656292424e-01
6.642776885159813460e-01
-8.985872714105314074e-01
6.918831750051906981e-01
4.701345141015972895e-01
5.776028359093552389e-01
-4.460824011519565757e-01
-1.557261430599168606e-01
-8.350805074366102199e-01
3.165850273835322248e-01
-1.653788237113937576e-01
-1.125930505010895588e-01
2.724603462504537887e-02
3.943234634188749199e-01
7.297503134899090416e-01
-4.985456824134888998e-01
-2.838285901351402241e-01
-9.270755303632530753e-01
-7.020071254702107133e-01
2.838770735392202593e-01
2.062059280477432921e-01
7.448969617310514657e-01
-6.494352843051541813e-01
-9.268293873187191112e-01
-3.981390430947914227e-01
-2.418609035095952153e-01
5.373591378009435759e-01
-4.980435474981596000e-01
5.771693588677930808e-01
4.951193180359646506e-01
2.492028562371255695e-01
-2.453060767415438104e-01
-6.062288664310206965e-01
4.649420183017293207e-01
-3.948354296837102151e-01
7.166315310279867123e-01
-6.094138739661303372e-01
-3.841986059227543437e-01
-4.586728619002724411e-02
-3.002160189042906713e-01
-1.000000000000000000e+00
6.750023422980699905e-02
9.380266767676890272e-01
4.973616589566015600e-01
2.819130695934138897e-01
5.151748722486314547e-01
8.560758848590588332e-01
-2.389481783640251544e-01
-7.362709311644465293e-01
3.881324949796423063e-01
-5.307354804706424511e-01
-9.859770302199739600e-01
-4.792167514206498447e-01
-1.000000000000000000e+00
1.000000000000000000e+00
9.231643992434859225e-01
-9.507018954156675195e-01
-8.961663521853009406e-01
6.423105740653060058e-01
-1.592782149098154465e-01
7.358785754057154405e-01
3.137657209725847052e-02
-1.000000000000000000e+00
6.097485356625000907e-01
-5.126227592945485911e-01
-1.882788212370310466e-01
2.766500737559077772e-01
-2.881797092141603067e-01
5.409417795152829944e-01
-1.145244838285880418e-02
6.642563127250269428e-01
-9.244188817523657509e-01
6.192508145118425650e-02
-4.496749840143272059e-01
4.387417088489610206e-01
4.634027777073994603e-01
-5.622889710887993830e-01
4.212280199205699627e-01
-8.218490718218415259e-01
3.669375207974397979e-01
8.579629760011309170e-01
-5.967786092292655109e-01
8.773009077712986548e-01
7.793091666334819867e-02
-2.375789155373136119e-01
7.566021128303863641e-01
-3.655368946462329016e-01
6.587373202196349364e-01
9.890553435855667930e-01
9.300963432346547322e-01
-5.698072745855129462e-01
-9.948942464373161654e-01
6.621018792108102069e-01
-9.761721888342522746e-01
8.334086102137825414e-01
-6.495217980976949468e-01
4.746558617150500869e-01
-6.964115128256609388e-01
-6.257044971023174584e-01
3.723332219043243851e-01
-8.566920148187749939e-01
-1.000000000000000000e+00
8.406833564944709014e-01
4.270134208825061006e-01
-2.433273099154918406e-01
8.559816220710516621e-01
1.000000000000000000e+00
-1.234945163599374673e-01
-5.945922427597234439e-01
-9.672667037152065106e-01
3.046193110884323207e-01
-7.619646423275385771e-01
-8.961206001603665428e-01
-5.142676447613881985e-01
4.587888054142443828e-01
2.885065970230379362e-01
4.414376018950231240e-01
3.509684748133019561e-01
-4.729578307745890831e-02
6.791577352212484486e-01
-3.495325390843870283e-01
-1.000000000000000000e+00
5.002116633151096892e-01
4.570236874655504988e-01
-3.088927861646026951e-01
1.617099083109030389e-01
-5.237173623340722894e-01
-3.523924035104186725e-01
2.481068982332865769e-01
-8.091953285161573861e-01
-7.421167662549902344e-01
3.015267687962995824e-01
-6.026332510110791185e-01
-1.000000000000000000e+00
6.605542069163441443e-01
-5.451385848641545628e-01
-6.674861092256255679e-01
-6.696770781991263632e-01
-1.305303084579249040e-01
1.760186603263609872e-01
-4.218499030097552227e-01
4.420633066167940495e-01
1.336802736076555531e-01
1.774339289441523304e-01
1.511400753292943544e-01
-6.273634813735791127e-01
2.085201083089465723e-01
-2.819713227817375462e-02
2.499329514292740750e-01
-6.967663963357448864e-01
2.915230037554623066e-01
-7.476450959910468930e-01
9.576298823974154217e-01
-6.561982198181675052e-01
7.705420832602797310e-01
9.174463036542451766e-01
3.318218168816614022e-02
-3.988426648159902332e-01
7.309111161527845901e-01
-7.306256239049542245e-01
-4.972421519622415298e-01
6.197108563806260628e-01
-9.210173214812491516e-01
-3.630625727940891556e-01
3.510771888262104179e-01
-1.000000000000000000e+00
-1.000000000000000000e+00
4.914843821153493941e-01
-1.275678181740826644e-01
-1.000000000000000000e+00
2.852126090009930448e-01
1.374625714730865478e-01
-9.636552710495615015e-01
6.030034950964948681e-01
8.377935676871050008e-01
-1.247935699756374944e-01
1.000000000000000000e+00
-1.000000000000000000e+00
7.820350326852512080e-01
-9.172239506439416878e-01
-4.214775646020902933e-01
8.383206524951154481e-01
1.000000000000000000e+00
-2.235829000375446352e-01
-7.689740908166886602e-02
-1.000000000000000000e+00
8.565406622643144674e-01
-7.795603996385318535e-01
-3.926039501568291956e-01
-8.556085312061123549e-01
5.836389504515604454e-01
1.611146549837950970e-01
-9.689803769842656456e-01
9.377010500940190507e-01
5.852618666797635427e-01
4.931371762592939856e-02
-5.084559262518102418e-01
1.921776114210854147e-01
-4.702854405590801978e-02
-4.491484769203534233e-01
-3.573298428712164965e-01
-6.681734837743336097e-01
-3.247333510153849190e-01
-2.027781752575806007e-01
-6.358104561572750502e-01
-5.529372973889223886e-01
-2.423348862936736126e-02
