1.843356458880892057e-01
5.420303170468938614e-01
-3.862361792626359813e-01
-7.805792716741344339e-02
-8.339368106805153946e-01
7.848753485574739841e-01
6.030730930133495482e-01
1.873756173920467505e-01
-7.827283335552751575e-01
2.290818654665325860e-01
-6.399149927024827544e-02
4.192853545745917621e-01
4.834315635910264586e-01
-4.609005269754524181e-01
8.827542059695200338e-01
-1.624754681197118633e-01
-3.114822071872651588e-01
1.741120526529095491e-01
-8.268847988990145614e-01
8.267008700385368725e-01
9.713103016608409801e-01
6.036705264362445256e-01
9.067560744607709999e-01
2.271778052156585292e-02
9.949108151276750966e-01
-1.000000000000000000e+00
9.125807578548840171e-01
-8.368715489591935786e-01
-8.815227362520762222e-01
8.709740592709480644e-01
4.965838971326762274e-03
3.838393871458143369e-01
-8.098609969990068214e-01
1.178647669000550402e-01
8.422199148106719324e-01
2.706469556889535832e-01
4.254569268502034207e-01
3.490866705076012821e-01
7.970140671688279443e-01
-6.756752865349797688e-01
-4.594115408901708886e-01
-9.976238849009444465e-01
-5.784825339336095995e-01
7.123241789344728625e-01
1.899727872034684684e-01
-4.976861780245792621e-01
-7.389946666622339011e-01
5.559646994901872724e-02
9.454862905298995202e-01
1.165861725671950150e-01
-4.264616593166482561e-01
-1.913218030087392441e-01
-4.185421597885647382e-01
6.402493265312168003e-01
-8.591770659903439356e-01
-3.974448471774446046e-01
3.285436300118059760e-01
4.260941309445113734e-01
-6.061237317259199342e-01
7.573694398039398923e-01
-3.578795299773446792e-01
-6.005141779353190268e-01
2.885941363959857453e-01
6.409948726247062245e-01
2.160202354141127767e-01
3.918885572487004754e-01
-4.401708894589668186e-01
-9.400269073918514628e-01
1.823311758946491168e-01
-2.773596532074324439e-01
4.775533545188292428e-01
-9.966077843251853752e-01
-9.135398004090379276e-01
1.305043600867066694e-03
-3.871363923611317315e-01
-5.159321611161036270e-01
-3.846659391735254840e-01
2.933043888115927644e-01
-1.000000000000000000e+00
4.383894444181951622e-02
-3.599955933983221001e-01
1.990779494568570562e-01
-9.384784640142250778e-01
-7.104294589144107830e-01
1.214851653973681306e-01
-9.119067764883604932e-01
7.996265713685631882e-01
-8.510602337333657008e-01
1.000000000000000000e+00
-7.266995521765299282e-01
-6.860126094955433240e-01
-4.119929093056630132e-01
9.757197701031060655e-01
9.412374483100439948e-02
-1.532249998356168541e-01
-6.716927928439787587e-01
5.796554191134563050e-01
-7.687040377102447586e-01
-1.032939929222163704e-02
9.461256111061180363e-01
-7.026053083195611670e-02
3.486071343563196256e-01
-4.898416039350180773e-01
-7.948247847135795352e-01
3.536118888992855758e-01
-7.176717661750913191e-01
7.239737463595543598e-01
4.067722187433536751e-01
-1.276319581688039606e-01
-2.630472265297664203e-01
-2.208074557725606957e-01
4.039526677608646921e-01
-3.552051007160538787e-01
-2.660162654422548179e-01
-8.747966968838519208e-02
4.098299878121169360e-01
7.194894693920148576e-01
-6.803442758913297306e-01
9.742270629628847489e-01
3.292366165027890146e-01
-7.767075868892782120e-01
5.987941927242511619e-01
-7.465592915766982030e-01
1.437518943469306698e-01
5.062519738340184317e-01
1.062199732589672041e-01
-2.641709347150106857e-01
5.035660977597644639e-01
-7.357657601761591337e-01
-9.013909687725115694e-01
-4.820582416686715055e-01
-7.391419683404866492e-02
-3.495973623315787315e-01
5.530965180147233706e-01
6.592966046285314574e-01
-2.154570523016776373e-01
4.167135517328866834e-02
4.428318325393907906e-01
1.101864243990486464e-01
8.132366233879625428e-01
-5.711510021035827167e-01
1.148458424695680546e-01
8.186368799668687357e-01
-6.650344292642194066e-01
2.998186438421998612e-01
-8.724160915617056311e-01
7.760003307628470237e-01
9.944302649445045938e-01
1.207961244543234031e-01
-9.475054133425849789e-01
7.806585716247301798e-01
6.717980850048188568e-01
9.851037977023640035e-01
6.479006916744138866e-01
-6.268999758516051735e-01
-5.863200006109005047e-01
-1.808700922217277851e-01
8.061802930971118109e-01
-8.222896381082551720e-01
-2.519277572433705759e-01
-7.005880828278858719e-01
-1.231045490520725760e-01
7.741159841370236494e-01
4.998560599812066907e-01
9.290534081356920382e-01
1.215718269485441816e-01
3.556036017595160525e-01
8.094815234437271467e-01
4.421433161221960950e-01
-4.232683694403766572e-01
6.218846763653670257e-02
-5.557852313963120849e-01
-1.219219590902619749e-01
-6.978301939718736246e-01
-8.988007379042690648e-01
-8.445998559926199967e-01
-1.193339368076425239e-01
-3.807170285784440833e-01
8.235527277970648985e-01
8.817754558653114749e-01
-8.738102667812743807e-01
7.895517393064065415e-01
9.169797749851587021e-01
5.960218923635818289e-01
4.589513309363207894e-01
9.353696408003085994e-01
-2.669538765433783212e-01
-8.359817501300284004e-01
9.291653517514698590e-01
-3.179225418445162932e-01
8.954119206989218371e-01
-3.609526925441526313e-01
-7.765073114469777105e-01
3.461464106315449429e-01
-8.965346035581099882e-01
-1.000000000000000000e+00
9.992380714322587343e-01
4.162939201809116030e-01
-4.110466012320194706e-01
-7.231700126787676819e-01
-4.954849713952221291e-01
-3.465926625837146835e-01
3.124827498510843737e-01
4.488523943814555772e-01
-9.257013382736259399e-02
2.049179970438347320e-01
9.764364993716785346e-01
-9.941888031951554572e-01
-2.241630536690445985e-01
-1.153107376932718253e-01
9.873904281057396259e-01
2.347761326363715095e-01
3.817724863507115374e-01
-1.310367521996967377e-01
5.476626230773775639e-01
-6.774722138602855548e-01
6.579371004935783418e-01
-3.597766355151706397e-01
-9.429399674146931032e-01
2.049048515379213176e-01
8.197986298623864965e-01
5.178821535528601583e-01
-3.899359444302023525e-01
3.942565368343476928e-01
-8.276763303628551505e-01
4.318797131467013717e-01
5.978750276821083176e-01
2.757502873298209867e-01
-4.052918357680806438e-01
9.939406301486933826e-01
1.825702509182628996e-01
7.837170857439659244e-01
9.816214602284354385e-01
6.935291329608280764e-01
-2.440899317814841374e-01
-9.180293232109605350e-01
-4.357254619726139144e-01
4.765649715630222438e-01
9.691125909230076108e-01
-2.914792510927161420e-02
5.853385188610429335e-01
-9.156877151976998697e-01
5.176043646191508252e-01
-9.404951791570678177e-01
6.759822930830020615e-01
-7.260957863573312965e-01
9.840676160521835136e-01
5.839436447346275649e-01
-1.257879348288946653e-01
2.530106209120097649e-01
-5.980730942863375643e-02
2.445732747278843988e-01
1.413002839414576606e-01
1.079373408555628529e-02
3.187174922147427147e-01
-8.787815121858926215e-01
-7.165174982730054820e-01
-9.766265631651503965e-01
-3.375718067301620717e-01
-8.310138339137979058e-01
-6.217790763007018384e-01
9.930890787510839035e-02
-3.419543812439239105e-01
9.263113101632839408e-01
4.821247122319055056e-01
