-9.423200077906657146e-02
-8.076339458599602894e-01
3.441677464481613935e-01
3.359186415617421151e-01
-9.470258949478546628e-02
5.725967903429278749e-01
-6.443716704519764082e-01
-3.080448469723551241e-01
7.790343414300651137e-01
1.794261822736555878e-01
9.475366642169718023e-01
5.252023317707478212e-01
7.048831055698417947e-02
-8.613420090224574999e-01
5.669121265029548606e-01
4.992660495915908214e-01
-8.986264148714985245e-01
5.510402042138373702e-03
6.984422371484925174e-01
-3.651065653282929424e-01
8.957498411402923244e-01
2.556163792054553241e-01
-3.550735889128653344e-01
-6.959297668670514359e-01
-5.606494237597012820e-01
9.918315260657706300e-01
3.290985902379106598e-02
2.615837455388830834e-02
7.555957949677345464e-01
-9.475173020188698558e-01
-1.705334329352112821e-01
3.528839980346122895e-01
-5.335921526208300403e-01
5.871290029561881951e-03
3.088710339068285737e-01
2.315912567687099521e-01
4.940877706193451679e-01
-4.956492409227322149e-01
-5.597439816058171758e-01
3.800995614059436978e-01
-4.629709509619976404e-01
6.819045529429914598e-01
7.511653551879429180e-01
-3.948841889498997948e-01
2.050522460649157053e-01
4.048798887377683814e-02
-7.199399964918236083e-01
-9.293202280766155177e-02
-3.328460181945454011e-01
3.185380170902576968e-01
-7.477025137784585329e-01
-8.231266411936852823e-01
-5.779125760034511394e-01
2.468735136345798775e-01
9.523310793653147477e-02
4.091812498233004525e-01
-3.867771718524473101e-01
-6.554878168510240855e-01
4.911096689903444168e-01
1.000000000000000000e+00
-1.726375017753214447e-01
9.979307966967683463e-02
-7.351949837251073872e-01
-6.378621763536589384e-01
8.303750348779819213e-01
-3.984662062312165354e-01
-1.094594968714358574e-01
5.703117541260476209e-01
2.856384438430333850e-01
-1.534092899574859281e-01
-3.662193699403866187e-01
3.066176358037355776e-01
3.403952748812256179e-01
2.736368857218447470e-01
7.574284698336848365e-01
-4.014521682719637274e-01
-7.848029180880742306e-01
-4.361952151214992246e-01
3.235503610718781786e-01
-4.919117302194121466e-01
-4.915396350847037743e-01
-7.173464672825585753e-01
8.812098828016574625e-01
-8.787644245813639454e-01
-9.797662969726226301e-01
3.433651661563988933e-01
8.186941302575923007e-01
3.344709318391179687e-01
1.787781335649556436e-01
7.801908482650143917e-01
8.647331077672748556e-01
1.000000000000000000e+00
-5.627803319955235750e-01
1.438944697679374884e-01
-3.043863887937092727e-04
-8.809118036721166334e-01
8.495873483034996898e-01
-7.567048249907307733e-01
9.102592873654606898e-01
-2.849502710246937243e-02
5.378105693342063454e-01
-6.495740074105054163e-01
8.677955744087317846e-02
-9.730046918968384695e-01
2.097507027495864040e-01
-6.976427404634046869e-01
-7.416394351911074212e-01
8.631816584733991160e-01
-7.298451615192760311e-01
7.088723876468698559e-02
4.348438012858080737e-01
-3.970048391848037816e-01
5.011947078518153020e-02
-3.377533767845377621e-01
-7.689872499889958135e-01
-8.292778126385094151e-01
8.132879305815683413e-01
7.138199463672811884e-01
-1.764781351416202515e-01
-7.958796479771699239e-01
2.337483121914018525e-01
-5.339007721370978565e-01
2.359770512910509543e-01
-9.371636081014765585e-02
-4.822153073495594189e-03
-1.933640878098555616e-01
1.000000000000000000e+00
1.903095650559519791e-01
3.912124758287545689e-01
9.221814277705917551e-01
5.043471806411415903e-01
-6.796763112257802053e-01
-1.000000000000000000e+00
-1.000000000000000000e+00
-4.647164694054429779e-01
-3.522821728428197630e-01
8.066618450856122280e-02
-7.630253492594250009e-01
2.703238926102426443e-01
-7.285875662414995624e-01
-4.727314604811540533e-01
3.368230628878698951e-02
-8.312878205053224612e-01
9.391313001042367326e-02
5.510982750727235757e-01
3.953602552813462179e-01
-4.245734926585158497e-01
8.716495087906532824e-01
-7.646555432241946004e-01
5.384340045290063603e-01
-5.262411883288339309e-01
3.274859716907166374e-01
-1.000000000000000000e+00
2.486367603433886631e-02
-5.079712391022241924e-01
-5.616273048971849313e-01
-7.701424008993906778e-01
3.658728143715272996e-01
7.861791746281389104e-01
6.653039967637592866e-01
-8.576225472002345640e-01
1.857913251436915658e-03
7.653743473378302742e-01
1.596885193903131717e-01
-9.203976112735443582e-01
-3.616477639984174708e-01
-7.156780829405717803e-01
-7.151692197909265136e-01
-9.338723201728005296e-01
-1.000000000000000000e+00
4.323218314228313708e-01
-3.792175874679467595e-01
-2.433838729974948656e-01
-5.835644496941276849e-01
-2.435916769607263110e-03
-4.845654916402541978e-03
1.368014586565589052e-01
-7.986644535682771440e-02
-1.000000000000000000e+00
1.721293106419692354e-01
-1.000000000000000000e+00
5.499975456713497302e-01
-5.128954879840408321e-01
1.624427299617498544e-01
8.220565069117502510e-02
2.006089142385982516e-01
6.061217377764838155e-01
7.802791165527345196e-02
8.392945427795330815e-01
7.041065454267261270e-01
-1.000000000000000000e+00
5.334574774602467429e-01
-9.327573271587527026e-01
-7.991692998354655852e-01
6.986926500999768308e-01
-4.648529668186754393e-01
-8.331024934692143891e-01
-2.720709825800091686e-01
-2.242455371826588273e-01
-8.518087706326248343e-01
-5.622630801146046853e-01
1.229830141353923378e-01
1.921429067669615520e-01
-7.164053075900653766e-01
3.547911820917039050e-01
1.000000000000000000e+00
2.577029355890444462e-01
-9.206476436663129093e-01
-5.034603871274452302e-01
-2.614319386996408201e-01
-6.273791665863894806e-01
7.930921870311117283e-01
-4.291689344236415682e-01
8.633118882585837373e-01
1.946270209600931000e-01
-5.347263246955200056e-02
-2.999317363051012819e-01
1.385651355225169246e-01
-5.033288866140026574e-01
7.144552063690225996e-01
-1.129207311436957184e-01
-6.871418204720153300e-01
3.712374376362178041e-01
1.694866226675528775e-01
-4.723885340067439098e-01
2.700965430425473768e-01
8.677946171656730767e-01
-4.146964795187891295e-01
7.082319019005292038e-01
-2.449694464140613759e-01
8.504663176452481599e-01
-2.735678736539160494e-01
-9.147976197105368579e-01
-9.315758981457525345e-02
-1.610060664633689298e-01
3.199040137881881130e-01
-4.059705900695357861e-01
-5.640053942922429453e-01
7.939731610623481650e-01
-1.000000000000000000e+00
3.677033514832805938e-01
6.060996721996679826e-01
-9.348530078247725417e-01
-1.241749502268351679e-01
5.861192367739802567e-01
-6.331527001106536101e-01
-3.164321340872547350e-01
5.972667643460698450e-01
-6.172882308158431641e-01
2.762903596528125671e-01
-3.133488955525343123e-02
-4.203486230233756671e-01
8.118230813084565956e-01
6.515730590176267434e-01
3.741218312813557323e-02
-6.745580842340569150e-02
-8.044043540370383605e-01
-6.838344215587661701e-01
4.160607281833295090e-02
4.959621142755567536e-01
4.872114698893195150e-01
7.310660220904852125e-01
-9.344447888132537683e-01
-7.721607646656708512e-01
-3.031341147162647243e-01
