5.515920601333863527e-01
2.718723991117909522e-01
-5.251114621421246742e-01
-7.539863755607582041e-01
3.526957966449977278e-01
5.859150150211280828e-01
-5.538562251643207590e-01
-1.406761545166568816e-01
6.928606023638019806e-01
-9.223093385314464765e-01
-3.693594784792111896e-01
-7.843147263194827357e-02
4.553443459248468494e-02
-4.437350626804262843e-01
-6.765393701858994913e-01
-4.426667043563433657e-01
8.331700915167157273e-01
1.820255623145481949e-01
2.402555142526389964e-01
-2.051346209185131997e-01
-4.747779929872213978e-01
5.550454753490898785e-01
-8.096217053279384235e-01
-2.448693011426197608e-01
-3.456446741889740437e-01
9.259292834722538945e-01
-6.151470451201563883e-01
1.723305523863294109e-01
-3.679005275972414557e-01
1.000000000000000000e+00
-3.930673715337339447e-01
5.759661613054180007e-01
-2.556721326973970809e-02
9.676209643010840189e-01
-4.476563727496452039e-02
9.509276588279742537e-01
-5.418061931591569014e-01
-8.936605776678416824e-01
7.514001244646909550e-01
6.617077239296333957e-01
9.881208593411369145e-01
-2.366134605314450523e-01
-8.217132752510688531e-01
-3.045733886192725226e-01
8.011116959393361769e-01
-7.196995863182405195e-02
2.956330526388915025e-01
-9.683219441381496484e-01
-2.747943703419072903e-01
1.988279066172198573e-01
3.553826422637381688e-01
-8.866317030947620803e-02
1.451636684411195810e-01
5.510796021630127717e-01
1.915001742606821933e-01
2.433337115005719253e-01
-3.814090542157382857e-01
7.346524781439027763e-01
-5.571206646600518342e-01
-2.083051226682375301e-02
-8.016597911915932517e-01
1.210756002112451379e-01
5.514028028609251342e-01
6.153517176973508640e-01
5.760903299886408480e-01
-6.580395292552151387e-01
-3.591335776224877652e-01
-2.806891665996968932e-01
-1.000000000000000000e+00
4.783462275041082401e-02
-9.159350960155451804e-02
4.222355560772841354e-01
-6.706720353241536481e-01
-4.117434837708793260e-01
-1.655905740916231716e-01
1.732764000839170926e-01
9.331691313813547661e-03
1.000000000000000000e+00
1.000000000000000000e+00
5.872203641720978862e-01
7.703028999113832320e-01
4.743753451574437285e-01
-6.129743584692274316e-01
-9.807691621333999299e-01
-1.905930676515005806e-01
-7.041015020456630191e-01
2.558692601133012445e-01
3.159802781732736765e-01
5.955197853583159562e-01
-5.060819835883796358e-01
-1.034144499318108007e-01
4.453413670958390469e-01
2.102790061096755925e-01
7.209425286521474741e-01
8.858947283082457824e-01
7.090435659094196374e-02
-1.188944723311149421e-01
1.000344528023351387e-01
-4.489493725132382984e-01
-9.828688776117671111e-01
4.960444425573006244e-01
6.507316134821742315e-01
9.886722353247455464e-02
-9.684676256878697043e-01
5.765995520671229890e-02
-7.131940610039022577e-01
3.644889917312554850e-01
-6.222207628070715035e-01
9.878985611441272185e-01
6.514585330884317682e-02
5.463793950705644331e-01
-4.320937400938377748e-01
8.728536550512104863e-01
-7.671891157655457150e-01
1.431358369389729990e-01
-6.505259698024192794e-01
2.454251132269186786e-01
1.530565715868181798e-03
-4.372885411310467596e-01
1.563606396391545861e-01
-1.524935257532674115e-01
-1.164382377628297160e-01
-9.713843164674005326e-01
2.788888995836118490e-01
9.098856151963885530e-02
-7.852663340479009157e-01
7.173562447777765971e-01
4.187452535014427046e-01
-8.558227838135968879e-01
-2.137713775632654745e-02
3.551845743365012464e-01
2.178880959183301658e-01
-9.701545460040060798e-01
-9.985310871302706115e-01
-5.535025789174956579e-01
2.539937123559417587e-01
8.122595225605571123e-01
-4.292096560462203003e-01
-1.600603982728117658e-01
5.729588545547273926e-01
1.000000000000000000e+00
3.112074125871578945e-01
8.750684618785684044e-02
1.000000000000000000e+00
5.174557999135546149e-01
5.360195286423558025e-01
-3.687018648768024542e-01
-4.243989955211407428e-01
5.395639004943262318e-01
-7.674709158541466181e-01
-8.787548299113400185e-01
-3.679796728340152256e-01
-6.274606480799435060e-01
-2.716814849956264988e-01
-4.396966290864304794e-01
-5.936479440382442796e-01
4.004431024361382319e-02
2.603596971368695723e-01
4.561086683783051043e-01
-9.439989712725668225e-01
8.190367932165745213e-01
-2.670006643922085421e-01
-3.774775947863067693e-01
-2.205799747356608220e-01
-5.279357832510854776e-01
-1.041922106639181500e-02
-6.554958045472581984e-01
7.473117165663073491e-01
-6.804271257355409830e-01
9.604171801051694657e-02
5.080783958819357071e-01
2.924383040499393127e-01
-4.107384499275400502e-01
6.476729654829289640e-01
-3.153531035975742913e-01
-9.112555035121450153e-01
6.898244605395824625e-01
-1.893434361060222781e-02
1.000000000000000000e+00
-1.749728851064907553e-01
-5.866414482158355259e-02
-1.000000000000000000e+00
-4.175091296959689835e-01
5.151388587922274276e-01
2.634748152172514124e-01
-6.849219873565348671e-01
7.013267962687237400e-01
3.854356503732568884e-01
-8.374386502841344448e-01
5.993163949542378299e-01
2.067482623879589587e-01
-1.000000000000000000e+00
1.000000000000000000e+00
-9.952597074709371716e-01
-7.912499422843909391e-01
-4.458141503606804501e-01
1.000000000000000000e+00
-5.723124330227757905e-01
9.583412574906857717e-01
1.485847079935351811e-01
-5.324051127193482058e-01
9.074960240573813897e-01
-4.537003637933750833e-01
5.085738206058429967e-01
8.127492054350293760e-01
-1.520041122721498272e-01
-4.125369525878892496e-01
-5.260411243327527409e-01
-4.526348461421596525e-01
2.711833137359949131e-01
-1.000000000000000000e+00
9.746002974709949696e-02
-7.504306202833133099e-02
2.424052835377039639e-01
-3.075244658692747879e-01
-9.815851661848842280e-01
-2.341728395346236169e-01
7.377603171960621653e-01
9.173280384426910627e-01
8.646893141650002779e-01
6.899795003937198024e-01
2.332520897603104493e-01
5.351662789165378964e-01
-9.582919258125486284e-01
-8.306620316363175771e-01
-1.908249301267777032e-01
4.365961899712867411e-01
-3.120828261884291965e-01
-6.589487555138402453e-01
8.906581588062227883e-01
-8.800129297439439613e-01
-3.503265040149683429e-01
-5.619617275416144420e-01
9.438727821291748032e-01
-2.999690499336935545e-01
9.731185809831611744e-01
2.151199668339095761e-01
-1.916503329500557351e-01
6.175623112600984177e-01
8.865468283004667160e-01
-4.786399443831109712e-01
-7.871657073418971695e-01
2.548951457511300922e-01
-4.687547696347894588e-01
2.814224478871766300e-01
-7.290611469646779419e-01
5.635117972406953335e-01
-1.000000000000000000e+00
-6.714849156909741268e-01
2.786331085201150248e-01
-9.466489671792822636e-01
-7.916862338371645214e-01
-4.327963845251259212e-01
2.921516315859840063e-01
-1.000000000000000000e+00
-7.472480022421873480e-01
-6.902795191776420758e-01
5.210659079349885259e-01
5.765939617863715672e-01
9.075814801008132982e-01
4.195685751618423442e-02
4.288975366407831724e-01
2.586251988146588410e-01
1.909042728272600797e-01
4.388538352088682259e-01
