-2.563640016096254137e-01
-8.237734897243367271e-01
1.478871143619901740e-01
-7.127979512922200112e-01
-3.723027146404412346e-01
-3.503699756336619009e-01
-8.658867983998978432e-03
1.000000000000000000e+00
-5.916513955106604550e-02
9.143852603858523276e-01
1.519057701383191294e-01
1.000000000000000000e+00
-8.628786330399942361e-01
1.000000000000000000e+00
-4.474219357848389644e-01
-1.676998159934913260e-03
1.428785784668139547e-01
2.179349300701166059e-01
7.131628250997277263e-01
5.947741707616731599e-01
2.361917328119516601e-01
-3.538521440223528214e-01
3.050097108403011514e-01
-9.436071912315170396e-01
-7.691632213040997534e-01
5.768433178314971155e-01
3.147937853832159516e-01
-4.971138852309500145e-01
-9.672350759797625486e-01
-4.388599471746073011e-01
2.677194873754528692e-01
3.045718980241996499e-01
6.216242943228486029e-01
2.239489051908201966e-01
4.599925255167816585e-01
-2.738486210843160684e-01
3.854941749034757614e-01
3.943274233629358583e-01
-8.733986889482845406e-01
2.547792717992544143e-01
5.010308495910237997e-02
1.829617119451475149e-02
-7.700253807868204792e-01
9.179389497351450045e-01
-4.514218841558372830e-01
-6.125710336117475840e-01
3.348421287909436606e-01
-7.449911985925494751e-01
4.520277010379639693e-01
-3.000089891558124222e-01
5.030123911486349408e-01
1.565456356883772882e-01
6.283357879880063779e-01
-6.444244628907846995e-01
-4.900731790225114626e-01
7.816406147731506104e-01
5.698071944448510617e-01
-9.241372961154610266e-01
3.640501437339848656e-01
5.649074436850380632e-02
-9.384922001296485128e-01
-9.744871612180722176e-01
2.180549802263911929e-03
2.091008623227680330e-01
-1.000000000000000000e+00
1.000000000000000000e+00
-8.714735102888891971e-01
-6.956179838133327333e-03
1.000000000000000000e+00
4.558579326137672805e-01
2.044370907525642767e-01
-5.689421146982704958e-01
-9.614854030448701794e-01
8.530524386202678055e-01
-4.302612615395428053e-01
9.496703142384979035e-01
-8.809783220712328333e-01
-7.679368126937471395e-01
-1.000000000000000000e+00
-3.246795613138760417e-01
-1.965982895713004330e-01
-2.722084565937789025e-01
-1.000000000000000000e+00
3.550922776052924390e-01
-2.948029690933465785e-01
9.242885444054788069e-01
5.341643940913279875e-01
4.050107422394799150e-01
-4.823818291205394515e-01
1.000000000000000000e+00
-1.145772970040806887e-01
1.718320338415339765e-01
7.149018141549415839e-01
4.530647475976707361e-01
-6.072179575729877987e-01
-3.509823057162334559e-01
1.583864246629306805e-01
-8.020171664711496229e-01
6.458216173224714529e-01
1.373965788800002308e-03
9.345611398328969033e-01
-7.152598195733277375e-01
-5.400666809082792508e-01
9.713302725443102581e-01
2.338547912523594174e-01
4.645444689273172112e-01
1.362538643400090232e-01
1.248613990410954305e-01
-4.107150035847668135e-01
7.455404373288753161e-01
1.000000000000000000e+00
-2.776507543038143622e-01
-3.015707362328347019e-01
9.736129430224903514e-01
5.850546009161475824e-01
-8.166419157399513740e-01
6.959192641489420073e-01
-6.013609472834646752e-02
3.878145302889444146e-01
-5.563635571491365450e-05
-8.395767193983075805e-01
1.777072258992837828e-01
6.536044204661731194e-02
-5.891385841614533714e-01
2.504467837730974811e-01
5.231584761911545201e-01
6.277171188347148156e-01
4.866064848065612125e-01
5.807876458966672040e-01
6.224126296271987879e-01
7.414413130848017675e-01
-5.242088117910912448e-01
-2.822788431266800568e-01
6.020491312753460944e-01
1.000000000000000000e+00
2.079527924385914661e-01
-3.617312711554560578e-01
-6.252167762972178355e-01
-7.068747234399528345e-01
9.580168199268147555e-01
1.117726776097417996e-01
7.531123004383508679e-01
-2.665454001090059588e-01
1.000000000000000000e+00
-2.199384436079844796e-01
-3.610376800527763663e-01
3.754568017364397492e-01
-4.965068521564997006e-02
6.245658923315269145e-03
9.326449147885874646e-01
-7.119309300681629926e-01
6.576105585541708320e-02
-4.695798646023152667e-01
1.000000000000000000e+00
-1.131009975507245302e-01
1.000000000000000000e+00
6.220123098070247103e-01
6.184157038335715839e-01
-2.640538761586093131e-01
-7.960455972545541492e-01
5.799630716177399670e-01
7.164601533461827376e-01
5.516126625604934608e-01
-1.000000000000000000e+00
1.627773033377415968e-01
-5.257390525907443823e-01
-2.064606029593888115e-01
9.425945763395033872e-01
1.689386131470348995e-01
-7.240776260218199922e-02
1.403175523379955880e-01
6.153373716788534953e-01
4.309577892446372349e-01
6.197035645823173455e-01
4.021321588096863353e-01
-5.603508163548378551e-01
-3.645166349768480529e-01
8.619946593907649168e-01
-1.460838724832378421e-01
-6.413015317558992123e-01
-6.570546637585354954e-01
2.671604983590793458e-01
5.015132515761682175e-01
-1.000000000000000000e+00
4.614695535181712049e-01
-6.960842400992862666e-01
1.000000000000000000e+00
-1.000000000000000000e+00
9.768024622215485397e-01
-4.550834073191284412e-01
-9.607576291981699823e-01
1.989909800426626352e-01
-1.589351369045485796e-01
-9.526977646910398390e-01
8.983065303202732998e-01
-1.447872970295626949e-01
6.874681561875121139e-01
5.117696202516107684e-01
-5.966558867280424838e-01
-1.000000000000000000e+00
6.932075729120220631e-01
3.786505745982647608e-02
-1.356114276405697705e-01
-5.311080625061826987e-01
7.561529444879835915e-02
-4.243768945869851872e-01
6.049330598727853392e-01
-6.037342514358607914e-01
-5.866350135713306602e-02
2.359334813052448576e-01
9.854036297726178617e-01
-8.538758037683964464e-01
6.924750290037292588e-01
1.000000000000000000e+00
-5.280934449550505061e-01
-4.463325520963558612e-01
-7.175972496012336110e-01
9.576633823457830763e-01
6.164641755038030579e-01
9.560536357361323345e-01
-7.512101975689201572e-01
7.828048097513603532e-01
4.613851367443497775e-01
1.000000000000000000e+00
1.524179156679140168e-01
-4.171537015358859901e-01
-8.779816541124700890e-01
6.385186823028289327e-01
4.291750642520816283e-01
-5.864806339121196865e-01
6.849690128061786121e-01
-1.000000000000000000e+00
-6.673346563481761251e-01
-9.490036868812999904e-01
-7.251031280303783522e-01
-9.817993336888782840e-01
1.500504336849124154e-01
4.046722880009678142e-02
7.963223822277968322e-01
-5.440311208335885107e-02
-8.067787631462421949e-01
-2.662472817581149620e-01
-8.464644232797415846e-01
8.439824524255918892e-01
8.744534459354615930e-01
-8.398209332931310112e-01
-1.123744942706116252e-02
9.319998744824495862e-01
-2.890625849398473779e-01
5.448145498124407071e-01
3.725140788479339160e-01
9.835214193367417534e-01
5.416631186492215644e-01
-4.374215848425277997e-01
2.323080737934073436e-01
-5.755165901327508049e-02
1.000000000000000000e+00
-6.204133460524574595e-01
-6.571862220460796822e-01
-4.736701163008796289e-01
-1.533232213691581303e-01
8.798323014307851686e-01
4.455495193855490976e-01
-1.130834182351487804e-01
3.711582423109671125e-01
