4.548926970307856088e-01
-2.564660552791035997e-01
4.611071326106809254e-01
1.000000000000000000e+00
1.670614262980890385e-01
-6.446771806799695970e-01
-1.917012798958617203e-02
5.681293928048067876e-01
1.117039334516480020e-01
6.612747983807440444e-02
8.579660674753288863e-01
-1.000000000000000000e+00
-5.529730667161453228e-01
4.444731527440707319e-01
-2.300932048666531893e-01
9.456573961660429406e-01
5.378502774899481809e-01
-4.759131470366409489e-01
5.930690360925433557e-01
9.475556711670951593e-01
-6.727943492153942717e-01
6.929084703818559898e-01
-4.529298445445839594e-01
-7.500481527310344232e-01
-6.233140863064877690e-01
1.858353768597833244e-01
3.552890782875965381e-01
-9.259028879127544354e-01
1.394276970137539873e-01
3.914290705116735825e-01
-6.112055288057476332e-01
9.622690228463776085e-01
3.269108602542362130e-01
2.074239866518122130e-02
-3.076444391756892882e-01
9.891129116192618476e-01
3.932743571872004962e-01
9.332363422720363344e-01
-1.151547815305760114e-01
-1.233253084193042248e-02
1.480918540084706359e-01
-1.641107785484213766e-02
1.000000000000000000e+00
5.766867861157876085e-01
-2.138674416189665362e-01
-5.886518894865002682e-01
1.093403796125635846e-01
1.000000000000000000e+00
8.642677808217557045e-01
-7.131062768001584784e-01
-7.063634234262998468e-02
-7.492488085986764856e-02
6.076451537720343188e-01
3.837809407829106401e-01
-7.260433261029668461e-01
3.635854228016137668e-01
3.554757269069975800e-01
-7.282032059624479192e-01
-5.171273210936467857e-01
-8.543227097298911055e-01
-8.506724122935737098e-01
-9.251080414444478039e-01
3.202872717881589670e-01
-8.950494041909644594e-01
6.694130415025408842e-01
-4.290683602238807848e-01
9.717200775017988956e-01
-7.190392022539163763e-01
-3.761376278576005205e-01
5.177206110592783572e-01
8.768144185012345382e-01
7.466111990813948385e-01
-1.239311241830137883e-01
9.454076944386416992e-01
-9.592215211979280287e-01
5.643698275026898248e-01
6.145515236690033412e-01
1.667715642912937501e-01
-5.367990686573633763e-01
-2.533507547198345922e-01
9.689522155245600121e-01
-4.500295239370602496e-01
-2.866436293261026003e-01
-4.456288538115259490e-01
-1.000000000000000000e+00
-2.770599696113661969e-01
9.174429827958531236e-01
-5.601975863601698080e-01
1.827598835086696738e-02
8.644864720937545099e-01
-8.550040761553548974e-01
5.093168460285663057e-01
4.163992630114039528e-01
-9.591579039964212017e-01
-5.150029397861978220e-01
-2.217133649891114278e-01
4.973672466181225937e-01
-6.620517632497382454e-01
5.467589829432898396e-01
4.640125391216513018e-01
5.059454405239776076e-01
7.570374441755294281e-01
-5.454822253837893209e-01
1.184119480220988951e-01
-3.874837678516436235e-01
-2.265776427568799434e-01
-5.179453864704366417e-01
-8.219778148049432520e-01
3.641292927259072165e-01
-6.578249540529101935e-01
1.000000000000000000e+00
8.673908851715752544e-01
2.223082236729160277e-01
-8.690344295598514401e-01
9.905786698275806934e-01
5.906226362586756151e-01
-4.196664628810047315e-01
5.123846171626976753e-01
6.815191148742492100e-01
-4.385676425185733307e-01
3.297495330481985121e-02
-8.384746970050146464e-01
-2.730846931261752264e-01
2.095463498857445261e-01
-4.990829013918244295e-01
-9.120693891811472165e-01
-8.629991595719022079e-01
-2.159590281616348140e-01
-9.912119484594544838e-01
-2.253239529008851383e-01
-1.613106487946728007e-01
-8.403059629261016017e-01
-5.125257200022126369e-01
1.000000000000000000e+00
-5.253536673151609770e-01
-6.226539766174310486e-02
-1.000000000000000000e+00
-8.021704827048971032e-01
-6.013824888605363850e-02
-4.548204529323719991e-01
-9.261201575293598331e-01
4.479460002575730848e-01
-1.208956832825444638e-03
6.114683851803949244e-01
6.302267428295124096e-01
-1.000000000000000000e+00
9.399564780852096568e-01
-3.367600544188744105e-01
-7.766470843277106795e-02
3.729876101228595253e-01
2.477304145143443270e-01
9.677355933493745344e-01
-1.000000000000000000e+00
-4.955201551522103176e-01
-2.216076442612809616e-01
8.852678011363767085e-01
-7.339272301140288279e-01
-6.353167712605872763e-02
4.893708099212825680e-01
9.370637704090790665e-01
-1.813450198872276209e-01
-1.795488069275376630e-01
-8.106164756884285394e-01
-7.490765238294475603e-01
1.000000000000000000e+00
-2.230467947349529800e-01
6.685042929657677435e-01
6.951586168545438316e-01
1.931420720140784031e-01
9.592900131184994850e-01
8.300866619248418177e-01
2.022161214821743824e-01
-1.000000000000000000e+00
-7.148875580262507023e-01
3.235087717668713170e-01
1.583617453455643531e-01
6.581803479175646343e-01
-9.802279934031845610e-01
2.958205274939897933e-01
-9.376184785294953139e-01
6.170979424027607241e-01
6.405430266113675275e-01
4.593124835969329967e-01
3.685803412305095339e-01
9.180147088475389960e-01
-3.020610568482366698e-02
-3.994667446137145639e-01
5.631251817582842989e-01
-1.199956049470818631e-01
-6.769444434690916612e-01
5.836976175296081371e-01
6.151988096656447746e-01
-9.658695539627231152e-01
-4.174901061338116004e-01
5.116918639524501433e-01
-1.000000000000000000e+00
8.664913700436962518e-01
-4.344724551637755283e-01
-1.244412123337771958e-01
-8.200417698885812401e-01
-9.404814813550860242e-01
7.303047557781758847e-01
-3.057566051100338855e-01
-7.128431763398267451e-01
9.375096086003220641e-01
-3.686487919337567698e-01
-8.449533362959922300e-01
7.628166150079461749e-01
5.161492148192842189e-01
4.668545613592913757e-01
4.817327494073045391e-01
5.113881459824634046e-01
9.255155644986898800e-01
3.319460995693238603e-01
6.350907018807305793e-01
-9.153368421698396817e-01
-9.270380543852030364e-02
1.000000000000000000e+00
-8.443653396074812800e-01
8.798980639599460751e-01
-6.034892147220217717e-01
-6.733939758176944457e-01
2.383621641842649519e-01
9.654760656364400617e-01
-3.897473115506524532e-01
-6.009436244157451146e-01
5.278654520360154256e-02
-4.843046089776776864e-01
2.702042831401859635e-01
-1.700825382480857240e-01
-9.121323183175091831e-01
-7.536398775080055401e-01
7.100906001454350136e-01
9.872811525796632015e-01
9.711766368769758628e-01
6.872487824822588465e-01
-4.280071623248835611e-01
5.181046926028552990e-01
-7.712817994748686345e-01
-1.289729165483474993e-01
-7.088017878973329466e-01
-5.101162778430603506e-01
-9.206913400117436308e-02
9.415076517600970973e-01
-3.675713445338841812e-01
-1.000000000000000000e+00
-3.744900048731403253e-01
6.059203174415164206e-01
4.192930063586388645e-01
3.917201029747856555e-01
-4.566471187484387739e-01
-7.463310802133594768e-01
2.352008110917485073e-01
7.487342683347647521e-01
5.141659140895487035e-01
3.611242033580386313e-02
1.000000000000000000e+00
5.861886050125182379e-01
4.428841481637325606e-01
-4.607349270910958416e-02
6.876849086328387650e-02
9.632612861470022381e-01
5.671037902195130709e-01
1.037981935669425732e-01
-1.328570638381171565e-01
