-2.563640016096254137e-01
-8.237734897243367271e-01
2.828774206310431527e-01
-7.127979512922200112e-01
-3.723027146404412346e-01
-4.485776368503666123e-01
-8.658867983998978432e-03
1.000000000000000000e+00
-5.916513955106604550e-02
9.505482303342295269e-01
1.519057701383191294e-01
1.000000000000000000e+00
-8.771395678249505057e-01
1.000000000000000000e+00
-4.474219357848389644e-01
-1.676998159934913260e-03
1.428785784668139547e-01
1.857252652911082214e-01
5.536968686714540677e-01
5.947741707616731599e-01
3.692130951847096831e-01
-3.422169375591155860e-01
3.593874445391974093e-01
-9.436071912315170396e-01
-8.298391243122763550e-01
5.768433178314971155e-01
3.147937853832159516e-01
-4.971138852309500145e-01
-1.000000000000000000e+00
-4.388599471746073011e-01
2.677194873754528692e-01
3.045718980241996499e-01
5.422934980698964624e-01
2.239489051908201966e-01
4.599925255167816585e-01
-2.738486210843160684e-01
3.854941749034757614e-01
4.727162772998387830e-01
-8.733986889482845406e-01
2.435422956643242542e-01
-2.476461994300788172e-02
3.495470816616932930e-02
-7.700253807868204792e-01
8.135869099298068674e-01
-4.001669363083734110e-01
-6.125710336117475840e-01
3.348421287909436606e-01
-6.955355584661632173e-01
4.520277010379639693e-01
-3.000089891558124222e-01
5.030123911486349408e-01
1.047514552262172050e-01
6.283357879880063779e-01
-5.929096306276659956e-01
-4.900731790225114626e-01
7.816406147731506104e-01
5.698071944448510617e-01
-9.780221942702195248e-01
3.501167901948920580e-01
1.210473155735478090e-01
-7.042356718502452706e-01
-9.303011471195785642e-01
2.180549802263911929e-03
2.091008623227680330e-01
-1.000000000000000000e+00
1.000000000000000000e+00
-8.714735102888891971e-01
-6.956179838133327333e-03
1.000000000000000000e+00
4.558579326137672805e-01
2.222634466522363794e-01
-5.083104740413401101e-01
-9.614854030448701794e-01
8.530524386202678055e-01
-4.915670123293999216e-01
9.989579715486953670e-01
-8.809783220712328333e-01
-7.679368126937471395e-01
-1.000000000000000000e+00
-3.246795613138760417e-01
-2.869367867930309735e-01
-2.722084565937789025e-01
-1.000000000000000000e+00
3.550922776052924390e-01
-3.521307341697841875e-01
9.242885444054788069e-01
5.341643940913279875e-01
4.050107422394799150e-01
-4.823818291205394515e-01
9.891535492904059979e-01
-1.145772970040806887e-01
1.904712400474047884e-01
7.149018141549415839e-01
4.798739092458823574e-01
-6.072179575729877987e-01
-3.509823057162334559e-01
2.008489190456119733e-01
-8.020171664711496229e-01
6.458216173224714529e-01
1.373965788800002308e-03
9.345611398328969033e-01
-6.904680957578637202e-01
-5.400666809082792508e-01
9.713302725443102581e-01
1.082107348780812633e-01
4.645444689273172112e-01
1.362538643400090232e-01
1.248613990410954305e-01
-4.293424561126252259e-01
8.512954037982152222e-01
1.000000000000000000e+00
-2.776507543038143622e-01
-3.015707362328347019e-01
1.000000000000000000e+00
5.850546009161475824e-01
-8.166419157399513740e-01
6.959192641489420073e-01
-6.013609472834646752e-02
3.878145302889444146e-01
-5.563635571491365450e-05
-8.696051345619925099e-01
1.777072258992837828e-01
6.536044204661731194e-02
-3.484504441945486808e-01
2.504467837730974811e-01
5.231584761911545201e-01
5.927117032239069827e-01
4.866064848065612125e-01
5.807876458966672040e-01
6.224126296271987879e-01
7.050901013266138717e-01
-4.523342005740657590e-01
-2.822788431266800568e-01
6.906131850022254604e-01
9.552097796770301352e-01
1.750279389740387603e-01
-3.617312711554560578e-01
-5.833966266218076901e-01
-7.068747234399528345e-01
9.580168199268147555e-01
4.478569007160699417e-02
7.531123004383508679e-01
-2.443840147294152332e-01
1.000000000000000000e+00
-2.199384436079844796e-01
-3.610376800527763663e-01
3.754568017364397492e-01
-4.965068521564997006e-02
3.143601773379366138e-02
9.326449147885874646e-01
-7.119309300681629926e-01
6.576105585541708320e-02
-4.695798646023152667e-01
9.603892887583396210e-01
-1.107013832617990967e-01
1.000000000000000000e+00
6.220123098070247103e-01
6.115656195418691654e-01
-4.112118115534593721e-01
-7.960455972545541492e-01
6.221590795116109796e-01
8.941149596814370604e-01
4.782220893883331603e-01
-9.906510792467515536e-01
1.627773033377415968e-01
-5.038181795150140641e-01
-2.064606029593888115e-01
9.425945763395033872e-01
1.500506336886434922e-01
-7.240776260218199922e-02
1.403175523379955880e-01
6.153373716788534953e-01
4.309577892446372349e-01
5.385188349908665018e-01
4.021321588096863353e-01
-5.603508163548378551e-01
-3.645166349768480529e-01
8.771414109424104932e-01
-2.085181308571777692e-01
-6.413015317558992123e-01
-6.570546637585354954e-01
2.671604983590793458e-01
5.015132515761682175e-01
-1.000000000000000000e+00
4.614695535181712049e-01
-6.960842400992862666e-01
1.000000000000000000e+00
-1.000000000000000000e+00
9.768024622215485397e-01
-4.796132889208238326e-01
-9.607576291981699823e-01
3.694791717759008387e-01
-1.589351369045485796e-01
-9.526977646910398390e-01
8.983065303202732998e-01
-2.384329966198095452e-02
6.597660420404540815e-01
5.117696202516107684e-01
-5.966558867280424838e-01
-9.106257059460007852e-01
6.932075729120220631e-01
3.786505745982647608e-02
-1.356114276405697705e-01
-5.311080625061826987e-01
7.561529444879835915e-02
-4.243768945869851872e-01
7.064913750986364649e-01
-6.037342514358607914e-01
-5.866350135713306602e-02
2.359334813052448576e-01
1.000000000000000000e+00
-8.536797612708824090e-01
6.924750290037292588e-01
1.000000000000000000e+00
-5.280934449550505061e-01
-3.965511035831730258e-01
-7.175972496012336110e-01
9.576633823457830763e-01
6.567838237413708979e-01
9.560536357361323345e-01
-7.252562158934724446e-01
7.383358352392868085e-01
2.642523656732465032e-01
1.000000000000000000e+00
7.258867859149586987e-02
-4.171537015358859901e-01
-8.779816541124700890e-01
6.385186823028289327e-01
4.291750642520816283e-01
-5.397727720070299995e-01
6.849690128061786121e-01
-1.000000000000000000e+00
-7.957299984862714615e-01
-9.490036868812999904e-01
-7.251031280303783522e-01
-1.000000000000000000e+00
1.759510260735531739e-01
4.046722880009678142e-02
7.400789055609460210e-01
-5.440311208335885107e-02
-9.676903071758941044e-01
-2.662472817581149620e-01
-8.464644232797415846e-01
8.730129997010549481e-01
9.393857619293795036e-01
-7.957552283929814063e-01
-1.123744942706116252e-02
9.319998744824495862e-01
-2.890625849398473779e-01
5.448145498124407071e-01
3.598710038689841850e-01
9.835214193367417534e-01
5.416631186492215644e-01
-4.374215848425277997e-01
2.323080737934073436e-01
-5.755165901327508049e-02
1.000000000000000000e+00
-6.053723427289322556e-01
-6.571862220460796822e-01
-4.736701163008796289e-01
-1.533232213691581303e-01
8.798323014307851686e-01
4.455495193855490976e-01
2.878909813913294036e-02
3.361368672449359662e-01
