-6.324928560775872066e-01
8.156722784167783069e-02
-7.058774152862293816e-01
-3.155425014357143287e-01
3.560795074090993828e-01
-3.821695850057211241e-01
-9.506693669517534140e-01
2.720247208061845057e-01
-4.317626466862025669e-01
-2.534034025325831996e-01
-1.000000000000000000e+00
5.160388394534709544e-01
1.000000000000000000e+00
2.036440646811715771e-02
-9.873705789321390869e-01
1.000000000000000000e+00
8.464699523326792985e-01
-6.124821367737114802e-02
-2.361183084632673124e-01
1.283522593722988547e-01
5.632206887645781201e-02
-3.293827631730194549e-01
-1.034892449205866982e-01
-7.404150289643618432e-01
2.088598081196303136e-01
-4.353394249049827303e-01
5.041016023240032506e-01
-1.410431707134927048e-01
-5.087176599847920144e-03
-1.742519902878703064e-02
1.226554395440201811e-01
-3.096434738823551913e-01
3.569381609755705592e-02
8.201559251995216293e-01
3.939014288056283397e-01
8.873560532214415097e-01
-4.424682389178896669e-02
2.980649135627341795e-01
-5.559096076016851740e-01
8.993431152917960025e-01
2.657206698539948952e-01
7.434830915798764650e-01
5.207081475868360343e-01
9.255900432033455916e-01
3.883525878564782485e-01
-8.702255051928390328e-01
2.219002283169136946e-01
7.768254494352828665e-01
-5.327365747499750448e-01
1.000000000000000000e+00
-9.815428962649588307e-01
-3.078074547153664686e-01
-8.141905608546557982e-01
-5.335626572206769724e-01
-7.403064977048513517e-01
-9.409222725345581795e-01
2.298989274676640215e-01
4.862323285246002991e-01
1.224249249254494992e-02
6.882716577140781666e-01
2.694269591553386661e-02
-9.007122573578505431e-01
8.606411751956064560e-01
-7.039814821946515089e-01
-4.034385184195370400e-01
-4.029866284738181648e-01
-2.064535411219794170e-01
-9.957270498256973190e-02
-2.771765824117999877e-01
-9.078332372114370497e-01
7.512763632931582780e-01
-7.458272487428119213e-01
-4.201186971900099099e-02
-5.804647724653643204e-01
-9.716385417550301717e-01
4.473534700902020433e-01
9.396167776181704179e-01
2.027683537748344866e-01
9.076090368498862526e-02
-1.000000000000000000e+00
6.942462165376853678e-01
-4.489644941900033381e-01
-9.958569536492053453e-01
8.777433853704519340e-01
-8.890792785985636160e-01
9.714399533125384067e-01
-5.171050703597468434e-01
-5.409075591935852412e-01
-2.495505230662749263e-01
1.000000000000000000e+00
-6.473190694104152820e-04
-8.604445773838526046e-02
-1.000000000000000000e+00
-1.720055493078429532e-01
-8.529541355785948964e-01
-7.305742976593706528e-01
4.323344484942063248e-01
9.159652395871237252e-01
-3.345279400942614001e-01
-9.751497557686603646e-01
3.122879511589499169e-01
6.849438280982271809e-01
5.060207657791344626e-01
4.713968191944123420e-01
-4.073789318508950208e-01
5.220243370836709085e-01
2.192496373410529331e-01
-4.012591641400790055e-01
-6.592785647709991093e-01
8.831153949229424427e-01
-6.340786738920073384e-01
9.858555309258374422e-01
-6.946004704688211184e-01
3.804849474285577626e-01
1.935102928632568831e-01
6.161760294244119640e-01
-5.273420934973704899e-01
9.070009407556131054e-01
1.364668082529694737e-01
-3.730462100307899154e-01
4.133204594482555172e-01
-1.000000000000000000e+00
2.082481882496687309e-01
4.219102301799549370e-01
-2.839827194419196066e-01
-3.375806094154857884e-01
-8.436475134232451767e-01
6.659135165840737169e-01
8.323469262216109943e-04
-5.568787583160043075e-01
-9.172398837074884348e-01
-4.887389621870134038e-01
-8.580752517304378324e-02
6.469974017371820096e-01
-4.883990084696323009e-01
7.825377176967480697e-01
7.440227485083896752e-01
-7.313619855853151774e-01
-2.119059268037751242e-02
-3.434286606652691698e-01
2.909399065920520444e-02
7.141071408240338148e-01
-8.685544063167369710e-01
6.755748480132555134e-01
-3.761774874989487483e-01
4.465482822787723016e-01
2.699430790359553245e-01
1.000000000000000000e+00
-3.338894890975219187e-03
1.000000000000000000e+00
7.574752374835220792e-01
-6.180178400323043109e-01
-6.513128617110194307e-01
4.188165429566788056e-01
-4.784526925728249114e-01
7.563580923533591571e-01
-5.071000714466522563e-01
-1.789905614252846611e-01
1.361878017334771165e-02
-5.316502046370903400e-01
-3.217879408847267309e-01
7.718101297707837816e-01
-6.901284856204985552e-01
1.304919889280302114e-01
1.727700509122625377e-02
-5.383178392924161670e-01
3.806842686545848231e-01
-5.839298482927989253e-01
6.084360164946326366e-01
-4.403609775787284408e-03
1.000000000000000000e+00
1.298492284353172654e-01
8.534215414746110229e-01
-4.608582638811807852e-01
-7.486015740691851494e-01
3.849794402268332805e-01
2.311159335723690089e-01
2.170106068147824030e-01
-5.015107353503437393e-01
3.931083339810173549e-01
8.052099234841674225e-01
-6.100521113857584332e-01
-6.538525534636290271e-01
1.981425932067734652e-01
-9.207233146681332858e-01
1.000000000000000000e+00
-4.151003765262344380e-01
-5.910589837743853714e-01
-1.000000000000000000e+00
-2.754988389529446358e-01
6.263081524380417209e-01
-1.000000000000000000e+00
2.090625595718514917e-02
9.594793639167997767e-01
9.562601191600694772e-01
2.027313893492513341e-01
4.430949981808628424e-01
-3.759997225200506499e-02
-7.843328258240166440e-01
6.375822073947627622e-02
-8.897947871801017428e-01
8.176032677870229692e-01
8.872326106190604467e-01
3.561961940748772371e-01
1.203453332307140577e-01
-2.001505192725490934e-01
1.958474659724978584e-01
-1.942979718353055885e-01
1.590479408994645016e-01
-6.332972796549352079e-02
-2.476515261832682446e-01
-9.177748830113323653e-01
2.555053974710213560e-01
-7.326364118854848950e-01
2.821177638548205691e-01
-8.571697613717672581e-01
-1.000000000000000000e+00
4.670605616741605598e-02
8.585379030742062989e-01
5.593666972084099243e-01
8.030567686806746597e-01
9.220250821730104906e-01
5.737179558178817640e-01
-5.563570706707962055e-01
-5.128582157573631228e-01
-7.630405694014722462e-01
-3.399023998428660764e-01
1.653334443371172469e-01
1.000000000000000000e+00
2.390075399048192106e-01
9.033827751952322460e-01
3.453677529986610151e-01
-2.747429559039971103e-02
3.059673123107429227e-01
2.364874705222989315e-01
-1.000000000000000000e+00
-1.000000000000000000e+00
8.424832397362888026e-01
-2.902734276090563892e-01
5.584148958888681680e-01
-8.742327650639806214e-01
-5.326617097362618125e-01
1.373745331981023887e-01
-7.020600677711074100e-01
-4.874454319606388863e-01
-5.613761408346724657e-01
5.006454282351967544e-01
-4.243002088931593363e-01
2.776462627313912024e-01
-9.398595209198356004e-01
5.553014253278429901e-01
1.000000000000000000e+00
9.893140706291552178e-01
5.956050703881146102e-01
-3.138082490703062444e-01
8.568790534077641574e-02
-2.589097267229955035e-01
-2.017049252376035273e-01
-4.784023175907938796e-01
-8.127753704506764931e-01
-4.767383243097806367e-01
-5.122048176870219738e-01
2.017118654575909553e-01
1.000000000000000000e+00
6.981430954857767990e-01
