-9.190381203069681870e-01
1.134717815707997346e-01
-8.020045225377382403e-01
-6.995519811585287906e-02
4.156196154275071386e-01
-3.775746539160558246e-01
-1.000000000000000000e+00
2.610713714094690108e-01
-5.872819749152025093e-01
-1.620485553998173012e-01
-1.000000000000000000e+00
4.082050734265235681e-01
6.807915190188154053e-01
1.834911555985596632e-02
-9.205127239974774112e-01
9.404023646019066263e-01
7.289346477216781528e-01
-8.128964825804437661e-03
-4.321740267694637594e-02
-3.494904272300664028e-01
8.241093291032913770e-02
-3.382150583648593778e-01
-4.320374140293574694e-01
-8.725557883876482457e-01
1.510605011680472565e-01
-3.607176602589891590e-01
5.037619272356046451e-01
-6.372262544273546436e-02
8.002902548380200765e-01
1.590345154166707964e-01
5.887052013935829553e-01
-3.772758029776226429e-01
-1.309079010234939777e-01
7.459746629233050541e-01
3.995530590224083411e-01
2.379625880391931236e-01
7.325730400452003938e-03
-1.350027171093408640e-01
-6.541497309971107121e-01
6.396587981849257698e-01
3.732964380557611817e-01
5.542314632787757045e-01
4.246890785703923976e-01
1.000000000000000000e+00
3.256754074085522754e-01
-8.503139880871957157e-01
7.194840584351173962e-02
1.000000000000000000e+00
-3.583235894669625221e-01
1.000000000000000000e+00
-7.005955309013350840e-01
-2.766428964546104874e-01
-8.552952854250187587e-01
-5.002825321221608945e-01
-1.000000000000000000e+00
-7.252848081747046427e-01
1.368273792460203975e-01
5.494236632134991138e-01
-5.410979551423161782e-02
9.059397795111685525e-01
7.382949593372312158e-02
-1.000000000000000000e+00
7.706935271351426087e-01
-1.000000000000000000e+00
-4.429635432912093496e-01
-4.801710645626408591e-01
-3.301963440150463280e-01
-1.831494004739286918e-01
-4.396352514664050304e-01
-1.000000000000000000e+00
1.000000000000000000e+00
-7.776383411629166353e-01
-1.404464812056771539e-01
-1.000000000000000000e+00
-9.716385417550301717e-01
3.416818559890761886e-01
9.956568844909459148e-01
2.888009487603960812e-01
7.491009207766649580e-02
-1.000000000000000000e+00
5.954874843640725057e-01
-3.306250925805764296e-01
-1.000000000000000000e+00
7.110135810235382881e-01
-8.434915479879565581e-01
9.622094280270587774e-01
-4.534486990386319971e-01
-2.826063545817332212e-01
-1.160509263365281374e-01
1.000000000000000000e+00
-1.876358090161277525e-01
2.481419212585295186e-02
-9.114394927775337774e-01
-3.482475359614941590e-01
-1.000000000000000000e+00
-5.813708999621662876e-01
5.300303042977851931e-01
5.720951908826876764e-01
-5.103372924761752083e-01
-1.000000000000000000e+00
2.977885575297745113e-01
6.502538114264971858e-01
6.997492689630746554e-01
9.630593594365861598e-01
-3.773866420704699021e-01
5.131530712229027680e-01
3.670138007948102743e-01
-5.323746505852158251e-01
-6.708938001136770524e-01
9.712084230911159910e-01
-6.015519910796753855e-01
9.662664016982422943e-01
-6.642724335023570958e-01
3.804849474285577626e-01
2.125171381977046803e-01
2.862823068804059012e-01
-3.439129818717060472e-01
2.309863965244653983e-01
1.084724405990737384e-01
-5.447212949201298837e-01
4.162825124360314821e-01
-2.970759053134683914e-01
2.082481882496687309e-01
7.427325731848735124e-01
-4.552614428436780880e-01
-4.308617008172278551e-01
-9.135259006007392379e-01
7.406236880227718977e-01
-8.720794175049073615e-02
-5.944796811295740557e-01
-9.706985605968654340e-01
-6.882124428567271135e-01
-1.918112109298007739e-02
6.897260260113262653e-01
-5.801126166801536810e-01
1.000000000000000000e+00
8.900213268767898089e-01
-8.038064457432307908e-01
-1.187478705861569062e-01
-3.656650489692744310e-01
-1.504745352246900647e-01
1.000000000000000000e+00
-1.000000000000000000e+00
6.755748480132555134e-01
-2.363892159868391796e-01
4.465482822787723016e-01
-3.479789170610714244e-02
8.878081834918070125e-01
-3.429926337361459687e-01
1.000000000000000000e+00
7.492566981816478622e-01
-5.373068461430475784e-01
-6.799568069109783730e-01
4.529568770576644088e-01
-4.998575331007484857e-01
4.284946136725379384e-01
-9.548204775685071866e-01
2.198729771637187302e-01
3.326238229665954282e-01
-5.271369477236342860e-01
-4.487717711380767582e-01
-2.151813189419582439e-01
-5.748505845546232340e-01
1.261766901115276562e-01
-1.945275977055738181e-03
-4.038270487889343840e-01
3.858180400965913748e-01
-6.096114309239423212e-01
1.000000000000000000e+00
-4.665035432668096504e-02
1.000000000000000000e+00
2.526184285977492450e-03
9.172626658825022705e-01
-6.935405173061295336e-01
-7.486015740691851494e-01
5.546270051297625958e-01
3.457281035329680119e-01
6.402412798289176532e-01
-5.041948595826473145e-01
2.927416189287306292e-01
5.114605426445479885e-01
-6.100521113857584332e-01
-7.458646345948729550e-01
2.786671448596632072e-01
-9.638444131723125086e-01
8.606710708543838795e-01
-3.395295281764351136e-01
-7.250668234371154819e-01
-1.000000000000000000e+00
-6.485334926799752875e-01
4.477894104391405561e-01
-8.311715471987740633e-01
-1.050317410243921668e-01
1.000000000000000000e+00
1.000000000000000000e+00
2.027313893492513341e-01
7.120143727615063645e-01
-3.759997225200506499e-02
-6.461114585214289274e-01
-1.689688270807288006e-02
-6.094194843174453036e-01
8.176032677870229692e-01
9.149898029128202825e-01
2.886162067857891422e-01
1.971549746839078576e-01
-2.424059732165589343e-01
2.223044503803361382e-01
-1.913863916378457097e-01
1.590479408994645016e-01
-6.333290501470534295e-02
-2.061072910730304131e-01
-9.629004721213589857e-01
2.950406894364321908e-01
-7.186212606587103480e-01
6.056007954246482861e-01
-8.571697613717672581e-01
-1.000000000000000000e+00
6.922757563949732962e-02
5.718395969568510484e-01
2.080285989891250686e-01
9.044141738722097923e-01
9.323600343094119447e-01
4.765870631713611250e-01
-4.528953234074457601e-01
-5.128582157573631228e-01
-6.451421606195379965e-01
-3.434717613869686659e-01
2.154204592402917950e-01
1.000000000000000000e+00
3.358407290788479327e-01
1.000000000000000000e+00
3.368650828951973430e-01
1.192148810235133527e-01
5.064953602591435455e-01
1.638868253807621578e-01
-9.204473300993963880e-01
-1.000000000000000000e+00
1.000000000000000000e+00
-2.887462038807933062e-01
5.919506792279493057e-01
-1.000000000000000000e+00
-2.819930676682385062e-01
2.087547688138333968e-01
-5.826149860233735822e-01
3.500491006902056723e-03
-6.235165327121707790e-01
5.979033227794936511e-01
-9.295884690276496887e-01
1.307694199304338945e-01
-9.927638669686054129e-01
5.660491970322178990e-01
9.019227890101018108e-01
8.679068453290237350e-01
2.795238724994936197e-01
-1.340088522803224436e-01
-3.882225907980624280e-03
8.463696964510403209e-02
2.534914700377031149e-01
-3.822075812929019989e-01
-6.098248970718944673e-01
-5.294491167160880751e-01
-6.511770946293899964e-01
1.797412311887731651e-01
1.000000000000000000e+00
7.314329451732888288e-01
