1.000000000000000000e+00
-6.631943670197704144e-01
-1.626305801675791973e-01
-9.172019466083327632e-01
1.672995035027931010e-01
-5.565346753896665000e-01
-5.270671483483182485e-01
-5.543265726741806176e-01
2.708313252757816869e-01
-7.370381487505150986e-01
4.090576060655248813e-01
9.606629370240709065e-01
8.384822755321301724e-01
-7.430874671676981347e-01
-8.885995395146280007e-01
6.242554266869235757e-01
3.103609579506376726e-01
-7.353145472111495273e-01
9.471420017391884993e-01
-7.596793940708199688e-01
9.347557981195340204e-01
8.462515804200210212e-01
8.676829823921730078e-01
-1.808328655916858763e-01
-9.547710354673493161e-01
4.811894867714616719e-01
-5.319299812313935671e-01
9.791411835354051352e-01
2.883764063282470147e-01
1.309457317438231794e-01
-6.284029256623386850e-01
1.799061721281087767e-01
8.606886751193494334e-01
1.120212071536830223e-02
5.687743069943025365e-01
4.889809289925641789e-01
-7.738640992064869106e-01
-1.551759984535903136e-01
1.149584660690372573e-03
3.899514484100183864e-01
-6.030769287532475875e-01
9.295830797920636712e-01
-1.703974063636655156e-01
2.292830747466509944e-01
-4.115245734535344369e-02
-7.092000183746338671e-02
4.781434134655118129e-01
7.532303610474511135e-01
-4.551620786221883819e-01
-4.964690003576610611e-01
-4.153002798300884368e-01
2.896058797940821439e-01
6.439075435997978492e-01
7.193575183815845708e-01
-7.547435119594883002e-01
-8.184890470719328182e-01
-8.336306722613024967e-01
-4.234811580658253138e-01
-4.841480057815537030e-01
7.416604517290470433e-02
-8.164181204193692309e-01
-7.870598332496206995e-01
-6.111916061554727442e-01
-2.667474483394829399e-01
-8.746756285365984152e-01
7.663622367449995920e-03
1.066609879031565900e-01
9.948758196536637843e-01
8.055056503409654400e-01
-4.907788337983427507e-01
4.299739508399971211e-01
2.624801809273513697e-01
-3.293916442781144038e-01
6.007150504984339889e-01
-4.130868974767025747e-01
-6.260846813377982656e-01
4.001411371302874276e-01
-5.156129148589772004e-01
-5.549781041509348478e-01
7.573077043594815816e-01
-8.827649104675345804e-01
5.357854128285293172e-01
3.671422975221492191e-01
-2.821005149668296408e-01
8.618463733520698167e-01
-4.094145020326325213e-01
-5.041042862950706471e-02
3.004898907109110340e-01
7.053577968902142725e-01
-2.741484670877754048e-01
-1.953995377290325131e-01
-7.108314710344636467e-01
5.977836903159472470e-01
9.715351369368137036e-01
-2.970921090645450846e-01
9.567075037104075808e-01
6.785492832652773032e-01
-4.361844584509981804e-01
-6.433300889406414758e-01
-3.107063389927882113e-01
-2.955911570023403989e-01
9.588822448159031175e-01
-2.420191813237004830e-02
-6.151081344146629437e-01
-5.616051531264731889e-01
1.030884545553587550e-01
8.448368013851434988e-01
-5.803816129515904088e-01
7.197336831495053655e-01
-1.000000000000000000e+00
-8.026636612390457559e-01
4.336345481579353400e-01
-6.682688711162061423e-01
-2.655643790217538935e-01
-4.195418859235860998e-01
5.559932288884141816e-01
6.975926035821649052e-01
2.406373777724311047e-01
-9.710336652110651556e-02
-7.086249952308620870e-01
3.377162124763777307e-02
7.234363490281452425e-01
-6.775343684496439867e-01
1.648109651855633739e-01
3.503875853317555134e-01
-5.700910846467934778e-01
9.224435340483072565e-01
-3.369693118295377099e-01
-4.551924797202941964e-01
-2.140010550063062844e-01
-3.078287260266463488e-01
3.060272232845075990e-01
-7.693140875150252800e-01
-2.846855982859697320e-02
-8.268613259211536892e-01
7.223999391295330419e-01
-8.630154716128497494e-01
6.108967960391853413e-01
6.391852464764891106e-01
-2.524247372671082346e-01
-7.706985929245009359e-01
-9.734462866502551215e-01
9.922820470917295133e-01
-5.650467419617060116e-01
-4.317519432680190228e-01
-6.372218670026696952e-01
5.356334102938171693e-01
-1.745256417081024747e-01
2.505198460339783662e-01
6.811904874701184553e-01
-3.725828255232153108e-01
6.563004620886165874e-01
-1.786272347613915290e-01
-8.416744763317418609e-02
1.648791689368698243e-01
2.670589131186007492e-03
-7.952901152796854056e-01
5.570329518839147731e-01
3.735310518329075791e-01
3.638300536684493380e-01
-6.142304270526843801e-02
-8.378025877422494716e-01
9.464779782138728059e-01
4.222001930208622578e-01
-7.160082694438139050e-01
8.500116190052745546e-01
-4.561574953777827179e-01
-6.663049020055982208e-01
-3.274771659079369623e-01
9.892256999228234982e-01
-2.982480165944101369e-01
-5.715284249458560950e-01
6.239343233277705458e-01
1.050927417087332838e-01
6.792492181098190862e-01
-1.087350908175530040e-01
-1.884409974336649363e-01
9.365038477477622969e-01
-7.024881859713762999e-01
-1.269699800823378411e-01
-1.000000000000000000e+00
-1.000000000000000000e+00
-9.158312934864460964e-01
6.350307590997541496e-01
5.246877117277171099e-01
5.017012038147891095e-01
3.759151235848721129e-01
4.526778410631928651e-01
-6.300465418530014627e-01
-4.103604643112357397e-01
9.192242142056270549e-01
6.614859028680430963e-01
1.275571745690691206e-01
-1.334375932616560512e-01
8.433519421459565457e-01
8.830622758222879121e-01
-2.791836745265143804e-01
2.196237670603973235e-01
5.685267116489898243e-01
2.257294424819034084e-02
-9.167622714177086074e-01
-8.451366064414622681e-01
9.233652424133733660e-01
6.602602929183893909e-01
-7.971229639639458853e-01
1.703565947503091760e-01
1.171327137295159471e-01
1.843158648599818594e-01
-3.241763035870888210e-01
-5.268125745381813108e-01
-7.153727671259726417e-01
3.965131829715806688e-03
7.876702335992236126e-01
4.737527815541400233e-01
-1.000000000000000000e+00
6.714688837398652410e-01
3.638600008459667023e-01
5.490438833781607908e-01
2.397924689803530018e-01
5.085078270247478383e-01
4.399007826921161879e-01
-2.024026684506619045e-01
1.000000000000000000e+00
-8.928181339562322183e-01
6.894492032192933717e-01
-7.363335173823986057e-01
5.443541866966052911e-01
-2.114518221109393803e-01
-3.366198279862739895e-01
-7.331149771921314784e-01
8.939127868954721556e-01
-6.149165286931912444e-02
-2.339489289601590638e-01
8.674012989503188109e-01
-7.709904427009761640e-02
9.522224914432693144e-01
5.041375161692600582e-01
-6.936387553544849371e-01
-9.489789509688844049e-01
6.008040726259640252e-01
-2.135865832174901335e-01
1.345337461017657166e-01
-7.209365792368868098e-01
5.213193474469686173e-01
-5.362605907014337259e-01
2.408008347789645232e-01
-7.042603418287474160e-01
-4.648790112738645508e-01
1.355065955596701510e-01
-4.963862088610782042e-01
-8.254481603580871019e-01
-2.478238486883759251e-01
-1.352947724569559806e-01
2.277625404750536209e-01
-8.548751300006107723e-01
7.544429249649802216e-01
9.669012373589530585e-02
1.000000000000000000e+00
-4.299704049803665384e-02
6.830832514602940275e-01
1.000000000000000000e+00
-5.945288566163540178e-01
1.684103523064908181e-01
-6.166409643759843684e-01
7.809292958459845835e-01
