-4.574062945598842411e-01
-3.389368565419446089e-01
7.984422369737598224e-02
8.468811040932424650e-01
1.570231969572040143e-01
-8.133272055316553839e-02
-3.140412279642699200e-01
2.095301056227492076e-01
8.967051543366928446e-01
-1.428372207743162647e-01
1.152760580364595722e-01
3.686555344622213237e-01
-1.211618082758587622e-01
7.104298922752858569e-01
7.508120786648293521e-01
-1.083062147226210303e-01
-1.646760375937950105e-01
-7.433223511896664970e-01
5.943658615381426369e-01
-7.823156758217235662e-01
-3.434182397465019854e-01
-1.942211053300979540e-01
-6.688784563355214541e-01
-9.296767668420575781e-01
-5.416366624897395177e-01
-7.128395073879012500e-02
6.026824376010040396e-01
1.758644229793484559e-01
-4.690565774906743091e-01
-6.968933810202804224e-01
9.010681093469692371e-01
-8.117511816896860743e-01
-1.965151674628793366e-01
4.082422655676671841e-01
-5.642987805431323167e-01
-8.002823141569908039e-01
-6.330009017118596315e-01
8.014899657871632499e-02
7.422337751751504342e-01
-4.668203446582621652e-01
1.698345656206798893e-01
-5.775707413024671055e-01
9.494155837904507678e-01
5.229625206624313183e-01
-6.431070664340385878e-01
-4.862895486863108019e-01
3.320718491099989844e-01
4.913091610684534594e-01
-3.029048795772630864e-01
-1.736401965886424925e-02
-4.819781277855226254e-01
5.897637616229944868e-02
-3.388466135694829795e-01
-3.269480701171891823e-01
1.652819398862217515e-01
2.007759817122221069e-01
9.808286263511429848e-01
-7.714627300911374164e-01
9.172264598391364210e-01
-2.066021070975525564e-01
3.474541846703005366e-01
-5.262610386625343750e-02
-6.151053972118531998e-01
-5.267140715062670342e-01
6.899397539189209283e-01
6.563254815760830585e-01
-6.965739195442897103e-01
2.307850743557731121e-01
-5.007546699946248125e-01
-3.313757644913841727e-01
-5.464299382549402395e-01
-3.219724747042083113e-01
9.660721048501466068e-01
-5.977533687323426381e-01
1.345436778800679356e-01
-9.241726944435677549e-01
3.963102155590016995e-01
6.849279353580375318e-01
9.882892361269917103e-01
-1.323052586163209199e-01
2.949747924703962632e-01
9.882762169027510257e-01
-7.119402763349462759e-01
-6.190949170134802948e-01
-8.777088595192843457e-01
2.262044061565493536e-01
9.958036798671310308e-02
-9.870216914075571335e-01
-9.022780883104581928e-01
7.170798198587253758e-01
1.073673659079177334e-02
9.196937182864448612e-01
-2.181772731957745126e-01
-6.188313617612022366e-01
-6.246097673944093209e-01
9.014713102485825136e-01
-8.848478703039786009e-01
-9.863243732710373912e-01
9.002537527722298538e-01
-1.483321103191326262e-01
-1.693524776288444222e-01
-8.292233957400381161e-01
-9.790549079556403189e-01
4.391440014126279934e-03
1.117163284911988352e-01
-7.014439627944244471e-01
9.967608345056864216e-01
6.468735452444616119e-01
2.569258272916046248e-01
1.059622624369798150e-01
3.822584398297079744e-02
-6.791298481281955457e-01
-9.971569640296957804e-01
-5.507240965934403487e-01
-1.235097056894391976e-01
6.577224628254552119e-01
-9.543721500594926077e-01
-8.698354898479685460e-01
7.983400772954802882e-01
-2.000810537645947296e-01
-8.706960633762976798e-01
3.847435722905314659e-01
-1.743829692498495287e-01
-1.757037214463335051e-01
-5.892254661959703821e-01
-4.340831384945285087e-01
2.833553211503181402e-01
-3.963423868237627712e-01
-3.226633974918653447e-01
-8.067745422416163770e-01
1.878339864051012942e-01
-4.714972200698235305e-01
-3.815346479128416401e-01
-9.195055210827129955e-02
-1.950370744962595104e-01
9.867810321460406264e-01
-1.302541015909390865e-01
-5.420638449536481218e-01
-9.968781087725557821e-01
4.072896544486275250e-01
6.655862493120885404e-01
-2.143027510107733402e-01
-6.851618412920386092e-01
-6.970537132898728672e-01
-1.747479804280667182e-01
-8.433031009764779817e-02
-1.334084579350964805e-01
-9.572952671144943082e-01
-5.032880267982502431e-01
-7.708638217183925168e-01
6.859522150279844244e-01
-3.833248787176279926e-02
8.957805283190056755e-02
-9.317234172585522334e-01
-5.040734816934733242e-01
4.432248779951508677e-01
-4.091423256881261405e-01
4.187525896338590847e-01
-2.050724916069208703e-01
-7.517676699195565693e-01
6.281061962897438455e-01
-5.598948010678992393e-01
5.961860337864366421e-02
-2.772306913077553503e-01
-8.633162771486624365e-01
3.956742606242613647e-02
8.376471057603711579e-01
5.701572066149107609e-01
7.169334551053330173e-01
2.868177755251402061e-01
-3.699987555215162871e-01
-8.900561404139264443e-01
1.097461744871268685e-01
-5.432732574097363099e-01
-9.667059731779219511e-01
-4.249418205477006882e-01
-3.821698644694513369e-01
-7.073203610343572478e-01
-6.506532851180137911e-01
-7.559307096369216605e-01
4.116431153889752448e-01
-3.500709819762595210e-01
6.895190221844500478e-01
1.299475395688576285e-02
8.962102269151752676e-01
6.441168537707353536e-01
6.925202515316692953e-01
9.516533427772526643e-01
9.785725136930047974e-01
4.156782004132022479e-01
-7.710910466974225663e-01
-4.316974883872253255e-01
7.439292636900547429e-01
4.582985230781577712e-01
-4.096175693507564386e-01
6.996419192088410011e-01
5.736015769035482936e-01
5.812017146171555293e-01
7.933195073605547876e-01
-2.511728851047640987e-01
-9.132218988913505253e-01
2.458096601280643778e-01
7.720342666818329480e-01
-8.433204420157829340e-01
1.629269354367959277e-01
-8.628462618896473035e-01
8.032757330624269443e-01
3.666276571218896052e-02
-9.987937902508052801e-01
3.750640843541970249e-01
-3.883216244936797956e-01
1.605929403296193492e-01
6.973763286558094521e-01
2.499616336372183500e-01
8.505807360829709118e-01
6.531463617457868853e-01
5.497199745453265063e-01
-1.177091099287270737e-01
2.374596228721352897e-01
9.203900472066885996e-01
-8.488996284341570053e-01
-6.074506046447230023e-01
-7.202826920329854499e-01
-9.705859132903735809e-01
1.711018511685697963e-01
7.649136262330742397e-01
8.197081686430174319e-01
4.699784187484454812e-01
1.273840217257962149e-01
5.138446776552898498e-01
-8.278783893889773982e-01
-5.565939684808269838e-01
4.262094059565499915e-01
-4.875075595125211159e-01
6.236346533333649855e-01
-9.694872384766799467e-01
-2.973748818754691214e-01
-1.537387275258212949e-01
-4.584159350442715830e-01
-1.291912987877759100e-01
-4.332123730449213284e-01
-1.272015145222769039e-01
-1.493674109810618766e-01
6.339891674334026117e-01
-7.687588758283203649e-01
-3.683015555492303861e-01
-1.354181554160094336e-01
9.038097270008447204e-01
6.269382331757136217e-01
-6.732502239680895340e-01
-8.234131858724835773e-02
-4.037520630760631501e-01
9.747204652524976698e-01
-5.323178354955393488e-02
-9.411082573013531682e-01
2.817091301691170280e-01
-8.622463493296934622e-01
1.382454365165730614e-02
-2.179216031719077851e-01
4.888039749375741039e-01
9.305065537548291577e-01
-4.760337738030366861e-01
2.336970356608802923e-01
-1.445781402773873570e-01
-7.578660905420726568e-01
