-3.002596737547897909e-01
9.111232408214159362e-01
5.882067578028510324e-01
-3.266085941524343728e-01
9.370265602212379807e-01
-3.770108556045343451e-01
-7.962785078313026066e-01
-6.177848681839344103e-01
-4.903565898896675712e-01
2.550295623409198353e-01
8.351391931703535665e-01
-7.639617486560613679e-01
-5.779681139290964165e-01
-6.054187740645027294e-01
6.181506525643289951e-01
8.089688748098861071e-01
6.022281041117848455e-01
-4.760984338835085039e-02
-4.000302113154583505e-01
1.275207259530170001e-01
9.506143229482216794e-01
5.491217626710973576e-01
-8.963597810885077788e-01
3.392132225625960062e-01
2.015349149340046331e-01
-6.643645542626996914e-02
-6.627982619749777093e-01
7.412754603167723833e-01
-1.006974385496515467e-01
7.031171211845843594e-01
2.474337324750712774e-01
8.287982957588488908e-01
7.140603034297998697e-01
-2.837559693080998757e-01
2.275828740377943693e-01
-5.392502395836664686e-01
-1.845869526901369184e-01
8.220298034765649575e-02
1.886328107341004312e-01
6.528024932147000747e-01
8.055749845633431994e-01
-7.014314104425567464e-01
-6.846190932166134058e-01
2.212164783131260332e-02
5.324571030737961230e-01
-3.796891522453109680e-01
4.117357920463171617e-01
4.977508720732226610e-01
-5.578917783357719706e-01
-1.512833772150643519e-01
7.113652555489013984e-01
5.205110250466764565e-01
4.496021011673562162e-01
2.352809877707790487e-01
8.917560601750187388e-01
-3.553196170614661420e-02
1.024205221706006474e+00
2.262102319436487263e-01
1.082436852480720635e+00
-1.614321016124025676e-01
8.675764904380105502e-01
-5.585319054988524545e-01
-3.777541342632644294e-01
-8.363383520657645676e-01
1.103272215280493435e-01
5.358998438753391769e-01
7.496171608740115344e-01
7.039265905511826737e-01
3.510313560662092769e-01
1.734870671900470285e-01
6.529632548400297054e-01
-8.467359993853695865e-01
1.652093216961707800e-01
-3.712267271213253172e-01
1.539108712381052069e-01
1.026270110832312898e+00
4.937023016182003898e-01
2.305598354471256606e-01
3.611748737291503586e-02
-3.963937191920254288e-01
9.833988107397621803e-02
-5.653376116396957585e-02
1.907891543872703988e-01
-5.813020481731054900e-01
-8.001230936034194885e-01
-1.708490826535609131e-01
-7.300246686829561238e-01
5.798947046448941212e-01
-1.747150910835764126e-01
5.785147593314539094e-01
-4.728558558193886596e-01
-9.516182633728531570e-01
-6.360382496625199833e-01
4.885170427330501330e-01
-2.153110477677315504e-02
-2.693036560383688105e-01
8.961153223176349103e-01
1.628978390878356441e-01
-7.630006686325350174e-01
-9.545193430981098182e-01
-7.558235253700686940e-01
-1.017851196178232165e+00
5.981172953899186462e-01
-5.444542157989920028e-01
-9.539885219186167165e-01
-5.844904956676508778e-01
-7.458879364142574353e-01
6.014697243667543880e-02
6.480003584872912059e-01
3.677126388019318348e-01
1.066101227131390772e+00
6.238118267703329778e-01
-9.966548741624225993e-01
-1.005413245915999454e+00
4.773754525636993984e-01
2.184803113929231211e-01
9.569752951315302347e-01
-4.430671551390212848e-01
-2.683920104146316765e-01
-6.336287192040720995e-02
-7.476444247561886414e-01
6.021789822703353945e-01
-4.001442930229586192e-01
-6.925336454047504864e-01
1.816107032932479104e-01
-2.206341984292755631e-01
1.596455004446091508e-01
-8.358202716299414359e-01
-6.254035336135552736e-01
9.221254436277677158e-01
-5.089248898753876427e-01
-5.395406621985214812e-01
8.077477744959056238e-01
-6.172455461352397421e-01
-3.617989898304258545e-01
6.370673034998393103e-01
3.584284366148661194e-01
7.821730549724541515e-01
1.768732105803531018e-01
1.960720021585528328e-01
-6.326194964626263850e-01
-9.437301446059426224e-01
6.911169219570737488e-01
-8.131289633849183573e-01
-5.343234292524897677e-01
5.718680990014763932e-01
-2.966246805615404547e-01
5.933148136220074420e-01
-7.073785262021786702e-01
5.126244033847493498e-02
-8.365016119086792212e-01
-7.414186794668928826e-01
-4.367224657748400296e-01
-3.680400591930870213e-01
3.222017474983804863e-01
6.723922771930521680e-01
9.259592881530737118e-01
1.643617347272161577e-01
9.328851156517380394e-01
-7.637729254346048435e-01
-3.326948918052107795e-01
-5.713250817180559604e-01
-8.113763093566492834e-01
3.240182213514792853e-01
9.436411955160653453e-02
7.941410078876145473e-01
2.692778695033480330e-01
3.498965216518286070e-01
8.564442558226639801e-02
-1.112925006946227507e-01
-4.768159948361564981e-01
8.974682656722888785e-01
-6.172342537765151960e-02
4.774206419003768076e-02
-2.513091089133965284e-01
-4.774343706999077952e-01
2.431882316700217928e-05
-3.381454914338506423e-01
1.566436346608996999e-01
7.215268680375780397e-01
-3.482854227340262399e-01
5.243080255505661036e-02
-8.333641988640323461e-01
-2.172077584842851961e-02
-8.600614620307855951e-01
-8.851976270352988063e-01
-6.024948658289288606e-01
-7.551703518808934312e-01
-4.229986307887811936e-01
-5.438269144768856922e-01
-5.026038186416026399e-01
-7.406060438774313415e-01
-9.467097740308745291e-01
7.252698194787827735e-01
8.647989366377611953e-02
-5.481235480837755025e-01
8.592243899926452766e-01
-1.143606435499191942e+00
-6.083714842655552069e-02
6.254528049797549727e-01
-5.390536749896736035e-01
-8.710082795734466199e-01
4.937048550511343170e-01
2.013824467244003102e-01
5.127987816440208180e-01
6.014891529992700825e-01
-2.133675025186476670e-01
-9.379495525116234855e-01
-8.548669393614639622e-01
2.497361630507384245e-01
-7.061722622545369976e-01
-4.916297927367034859e-01
1.066997257234319374e+00
5.838030784170415988e-01
-5.927603607997395940e-01
-7.761931098677735674e-01
-4.993843574448941780e-01
-2.457600813734151651e-02
-2.446631939623350183e-01
7.817959549586512846e-01
-8.081209665223069161e-01
9.344681576256088640e-01
-2.942414564563851642e-01
7.102290570879998821e-01
-1.959788690635755337e-01
7.760939280764578285e-02
-6.802910258926760934e-01
-9.868183679342079628e-01
5.944306858410448591e-01
-4.546329300933063533e-01
4.101417496970249932e-01
9.746881930262030203e-01
-2.721461097982075805e-01
-3.703006335443746466e-01
-8.124083686717471497e-01
-6.048991721290190027e-01
-4.210250674222888456e-01
5.404031425644282294e-01
2.744304758574996894e-01
-5.553933841304237173e-01
-4.104117343285476061e-01
8.346120668044660906e-01
5.527185322491618980e-01
-9.381848539680456289e-01
-9.285983897935042031e-02
6.460270477668731415e-01
-3.671975709068389659e-01
-3.898874606133357901e-01
-1.039305999190719143e-01
4.656637372923499996e-02
-6.417292146360149552e-01
-3.947171014773227515e-01
-5.509705104238595830e-01
9.423004632167468753e-01
-7.681660877382243680e-01
-8.822958468415786903e-01
-1.026513635786048262e-01
-9.930862695927695771e-01
3.114738652769302174e-01
-5.830450102372786159e-01
2.505072801643331015e-01
6.288145950462890044e-01
-7.336325827779994757e-01
6.215922514665586096e-01
-5.781865006237411064e-01
