9.469991435228188870e-01
-3.595532136604870921e-01
9.131189112385209583e-01
5.013998672439839988e-01
3.032214430781460801e-01
-7.972451045114443691e-01
-3.205460198167288666e-01
-5.724952084602454860e-01
4.345656254298493337e-01
5.462882245732794129e-01
5.408972813412935565e-01
2.519395536067582375e-01
-8.918534524863660495e-01
-8.208413107529981545e-01
-2.487085161740921757e-01
-8.033680486069911808e-01
-7.007539117111161175e-03
-1.232050031266771345e-01
-2.877875918329725335e-02
-9.939097061261324972e-01
-1.608716504900740973e-01
8.189791752479110842e-01
2.280745732621530242e-01
8.138088546069822959e-03
9.083652272252773496e-01
-5.970580467730719487e-01
-3.255023439307929700e-01
9.465436743723070201e-01
-2.758481666988295555e-01
-1.000000000000000000e+00
4.414741931924515139e-01
2.078992291242649504e-01
7.689136871666016892e-01
-1.062469382998777467e-01
-2.319574039611583538e-01
5.502212186305830421e-01
9.234877516457318247e-01
-6.068205100201319313e-01
-4.245316365761604982e-01
-4.333742122411223807e-01
-6.135671578071071330e-01
-2.251792913924142159e-01
-2.711724675172773047e-01
-1.297470959335012552e-01
-1.834907751562853129e-01
-2.403608713969808963e-01
-3.658633182271182893e-02
1.926335354870976624e-01
8.330292540908669219e-01
9.205116300903046778e-01
5.967818565633803418e-01
-7.773720823471443886e-01
9.532953201871425808e-01
2.920548647176153256e-01
3.361840145280247660e-01
-5.005715724004222711e-01
1.225437475151635175e-01
5.091288554105529718e-01
-6.687148038814629825e-01
8.474458163575107061e-01
-8.963797046802302049e-01
7.337055590493425372e-01
1.122019912016809506e-01
-1.000000000000000000e+00
6.014062382760593239e-01
3.985865784770032949e-01
2.122168952869724068e-01
2.357711441295468335e-01
-8.395934695010385251e-01
2.256895320263834215e-01
-9.862648641163739294e-01
1.083787106147704737e-01
1.060671225440306398e-01
-5.705739728117589227e-01
1.352089979653816609e-01
3.984925638725065333e-01
6.832932969971837744e-01
-1.208666785430201340e-01
4.692048278106766834e-01
-1.370880091179554894e-03
-2.557829933997495808e-01
-9.429389524875968487e-01
-8.254389773687529352e-01
-4.111287914357496520e-01
-2.226225790898736234e-01
5.452661074054329093e-01
-7.223664045337141459e-01
-5.982608676289781213e-01
7.084165037007793542e-01
-9.432799706719807720e-01
4.963847874759834689e-01
-9.772638273972875655e-01
-6.092070583188947952e-02
-1.162340405024524514e-01
9.653210883068439330e-01
-7.026817507590880085e-01
5.107789491692448225e-01
-9.792109001357613973e-01
-9.710427374548857848e-01
-5.395997587782342952e-01
8.941667944614061225e-01
-2.314442315153443785e-01
-1.000000000000000000e+00
-4.640657078790976220e-01
-6.263122428391094676e-01
1.000000000000000000e+00
-4.524258599963718042e-01
-3.384434685540662624e-01
-8.872150532406354317e-01
1.834194540704483511e-01
-1.000000000000000000e+00
1.868867564989969976e-01
-4.677038951406233824e-01
9.571860064339237084e-01
-5.926831540306465307e-02
-8.907637141721484741e-03
-9.155637043498359162e-01
-9.042464582362905734e-01
3.414013335674321303e-01
-7.720608083855902137e-01
2.076104269983158335e-01
-1.127935598827919245e-01
-4.189995159677777359e-01
-4.495965994281960199e-01
-7.074412032159255181e-01
6.796250198644772089e-01
9.057926319629525658e-01
-4.401082679918235652e-01
-3.330984769011369195e-01
-6.433787740732397342e-01
2.789010842299886050e-01
-6.748818400414773322e-01
6.963571835558148848e-01
-2.795537587729843843e-01
1.601850179544226371e-01
-2.737527034864688513e-01
-5.902433700381806148e-01
3.368674790661125851e-01
-4.339914401865290206e-01
-7.795628119320073546e-02
-8.438112763179895781e-01
2.479383846433999561e-02
8.076253152633097732e-02
2.692385859395960979e-01
-4.789212351065721962e-01
-3.114220897278565658e-01
-3.218653863289565598e-01
-1.174039203967448958e-01
3.980798987312515747e-02
-2.016220322965120992e-01
8.301332516941881678e-01
9.967575892869152965e-02
4.578897836823453971e-01
5.498666341163586102e-01
6.311282585434756509e-01
1.756583319801303944e-01
3.963701950880608171e-01
-7.300735083062919184e-01
-7.875284393444986764e-01
4.746566207062300480e-01
1.956185518115657052e-01
4.241960259332853145e-01
-7.284179258516335631e-01
-4.789863777419161028e-01
8.568295481644623290e-01
3.819338460260514323e-02
-8.908411599673935477e-01
3.172640292486519353e-01
1.000000000000000000e+00
1.720954711806457482e-01
-5.915534927955601319e-02
7.931501775130547216e-01
3.294930199086225642e-01
8.521273737775872936e-01
-1.000000000000000000e+00
-8.307103252249894432e-01
2.234796553976945432e-01
7.936103232159292808e-01
4.893161166974214771e-01
8.999586198498855660e-01
-2.148695268564694005e-01
5.448634559626092111e-01
-5.951799863153481862e-01
-5.864544661850175089e-01
8.253755454061562080e-01
-1.049230758264536600e-01
-9.919454814953045929e-01
-6.400572109212350203e-01
-1.071964971257760406e-02
5.275562738965706711e-01
-9.031028332067531084e-01
5.540443955603540083e-01
-5.554916889420183912e-01
2.590329474452013891e-01
2.622508521276003396e-02
-4.758276025890735839e-01
-4.901102680800003553e-01
1.458849243735788892e-01
5.043951720848114384e-01
6.753648214548515494e-01
1.944311478041413077e-01
6.448535944867397340e-01
-1.565597756950245500e-01
7.618052366350068771e-01
-9.132938130397305621e-01
9.185178475542064014e-01
-4.394815189775257980e-01
7.140964978488452131e-01
-2.971688574986894316e-01
-9.755253928447596978e-01
2.064072206257051012e-01
-6.504750191670360948e-01
8.458531185124169571e-01
1.001130231606663923e-01
6.937823734194306091e-01
-5.255023228840840499e-01
-1.166482967000377624e-02
-7.686010376033374225e-01
5.572224585651164297e-01
2.658832035987143683e-01
2.933102586114874621e-02
4.577510842800178725e-01
2.444610858832998446e-01
8.745135212507980649e-01
6.754191391110114795e-01
-7.788110187265511186e-01
-9.295417501534715132e-01
1.051229861695920920e-01
-8.116175277892685724e-02
4.491745416177452266e-01
-7.497432038002616039e-02
3.096996260322507771e-02
2.891401253547147832e-01
7.657334472964038019e-01
5.066920343599075061e-01
-5.450610232550388012e-01
4.862214507082099901e-01
-1.575130203927342099e-01
2.970124434732950847e-01
-8.817875070100376078e-01
-4.450580505350576477e-01
9.457175276842710865e-01
5.338215762009115295e-01
-9.407035730461325018e-01
1.000000000000000000e+00
-1.495260705212103081e-01
3.561969185340972399e-01
2.370149725524242079e-01
1.636444765547109548e-01
-9.246222721248561482e-01
1.394784738619107012e-01
3.823365457502771458e-01
-5.961133952203114816e-01
-8.572068522066791374e-01
-5.102479424872546909e-01
-4.358589513723618580e-01
2.172920459549374517e-01
7.941044808128815136e-02
6.191343875628906313e-01
-1.912304391685484273e-01
-1.000000000000000000e+00
-5.221560346801822350e-01
9.465355861750347488e-01
5.883759779468892281e-01
1.105615854223678945e-01
