1.505598250429416030e-01
4.510873013260674469e-01
1.663572033738194289e-01
1.000000000000000000e+00
1.004515540835613230e-01
3.112753565724667992e-01
1.685934323848732319e-01
2.899880462093467060e-01
7.491751409837146269e-01
6.545128931104187142e-01
2.811709801993725333e-01
1.731775542210323149e-01
6.494502309915354266e-01
-2.632414997636023934e-01
7.907226429915943378e-01
5.349023192948547667e-01
1.581924001163229621e-01
5.829532142603462974e-01
9.568494043235657998e-01
6.640626425341645822e-01
3.835532188321273406e-01
-3.925370654757267541e-01
9.259245001405915776e-01
-6.007313894019795653e-01
4.101169434102713840e-01
6.637399518992324055e-01
2.610939903875573176e-01
-8.146219139700903167e-01
9.908565162481541844e-01
2.725594837696319050e-01
-6.489314184048085021e-01
4.814778117851257200e-01
-9.331044569156090596e-01
-7.726974587666868288e-01
2.238951684610401838e-01
-7.114528878339481111e-01
4.940918823174669239e-01
7.658887802332614569e-02
-7.076446442737563958e-01
2.470763904830518554e-01
6.478258707995607768e-01
-2.946786614729773879e-02
-8.290203006359249116e-01
4.544982180881855793e-01
-6.074706248032746281e-01
-5.345634278724256117e-01
5.319346538467661922e-01
3.988353217258508998e-01
-7.803761119260759216e-01
3.128471927951297360e-01
2.446966633719456219e-01
1.794048015713043398e-01
-3.770657372233809923e-03
-8.227726723551513910e-01
-9.789538771040851017e-01
6.615305730082303715e-01
9.840314488236042711e-01
7.124936956652248021e-01
-8.190867270934263367e-01
7.537309481289469204e-01
-8.404070879661664772e-01
5.154660586937229727e-01
1.833683030009959289e-02
-7.241653054419783242e-01
-9.565106486580760015e-01
3.284065314235844468e-01
-1.000000000000000000e+00
-9.267958745267201870e-03
9.223942448616870848e-01
-1.756999602081399936e-01
9.596645180352265658e-01
-6.019168724785876057e-01
6.091218363091835952e-01
-8.477512994860809670e-01
5.214330998803018424e-01
-9.126135594703470577e-01
-8.746826185916555252e-01
-7.355489898270120008e-01
3.230151951370994201e-01
-2.410897738111308364e-01
7.041686599620361475e-01
-1.000000000000000000e+00
-1.175292414688761666e-01
-4.509067379672244691e-01
9.347190474537534488e-01
7.077451578124911435e-01
-7.951325815945829989e-01
-3.833985409657649779e-01
3.335098441389747759e-01
-2.295977121606451732e-02
-2.710382685653318219e-02
1.400490510139955624e-01
-5.244111427237936329e-01
2.200560800253237304e-02
3.380445883459127776e-01
1.000000000000000000e+00
-4.936764280435612662e-01
-8.907420776840453414e-01
-3.124552896860220419e-01
-3.447436377881445413e-01
4.451664673158441943e-01
-1.814779138314131512e-01
2.831908588178506658e-01
-7.682303561900036826e-01
3.529688231563472556e-01
6.537171876553470318e-01
5.588898005975260208e-01
4.103746498735532655e-01
-1.650874502415324852e-01
-3.950580618870888072e-01
2.122056609886391887e-01
-7.341878372852930212e-01
2.332954709085324208e-01
6.279019339617843143e-02
-4.450982539200332710e-01
-6.867366647030916926e-01
-4.077659961429417335e-01
-4.777527677974975351e-01
-2.099443460132933703e-01
-2.931117614242539915e-02
-2.081222812975380698e-01
-4.468536076548452751e-01
1.968564222258522567e-01
-9.159358315237482451e-01
-6.093457461705844569e-01
2.352773421045543656e-01
8.670717522175200864e-01
1.123757069602935310e-01
-1.000000000000000000e+00
9.258626930369520114e-01
-6.926468824985065886e-02
9.561917282413252561e-01
5.878819628823445109e-01
2.735360567897676676e-02
-6.632310132104441980e-01
4.840555068107301739e-01
6.787190330694163887e-01
-9.082828019762065885e-01
-8.931175728081018894e-01
-9.331478062605125245e-01
-6.070053442460345838e-01
-8.362419624402195328e-01
-6.425284463107241439e-01
-1.774418168854987043e-01
1.875005030417600249e-01
-4.618377264694446538e-01
-8.096103594946550963e-01
5.686294888050202889e-01
-8.908591565435161064e-01
-4.556228139341189642e-01
2.076491638763335035e-01
-3.189790069651621263e-01
4.140782223934062756e-02
9.226174321927818056e-01
-8.352470680023152960e-01
-1.313006839723045438e-01
9.144783808043919215e-01
-9.020040553734074429e-01
-5.156649956706211846e-01
-9.557902390344616972e-01
7.331062763938822613e-01
-8.029619265779301962e-01
-7.917313107303334263e-01
-3.909321030069130565e-01
-6.612721812290140999e-01
-1.591524480554683540e-01
-3.156691242073379478e-01
-7.901439626072641609e-01
-7.199788278926231300e-01
-1.807457197665044146e-01
-3.943379853077895181e-01
8.876368235433423903e-01
-8.629429137210922196e-01
-3.122855709194005680e-01
-4.965274001887145516e-01
-9.919264192174228612e-01
-6.929663358929707417e-01
7.925072095667959893e-01
5.373200243381679453e-01
4.406093900078980052e-01
-6.520951452670391557e-01
-7.513070015925613632e-01
4.737407035672003275e-02
-8.352549008473431069e-01
-5.679927743917614347e-01
8.082282102875397722e-01
1.438299626831505140e-01
-4.280124990137352814e-01
-5.961842858641507314e-01
-3.929920968903425349e-01
-7.231291398327981401e-01
-3.760095689482596537e-01
-1.626983383619998169e-01
-1.515424884103067082e-01
6.847002274023015200e-01
9.026359326777435577e-01
-3.401352314538181876e-01
-7.858665474890467184e-01
-9.462831266065386826e-01
1.244388379107634890e-01
1.714840376168239866e-01
-4.935149619356586914e-01
-5.817307641542375229e-01
7.184952349953301898e-01
-3.816177462141596144e-01
9.284911521495590181e-01
-7.739415076627214063e-01
-1.812347313869249188e-01
-8.061440312135113029e-01
-2.048048571947129748e-01
-8.619331250891838492e-01
-1.477633533005469069e-01
-2.029297124518309736e-01
7.572997711953803890e-01
-4.118745620464547841e-01
3.702037743450614649e-01
7.915010803595512456e-01
4.835030501323433483e-01
-6.590254736672718217e-02
3.494356884146860298e-01
-7.244458326709398710e-01
5.098451393801252118e-01
1.307136660600778655e-01
-8.069290550792523886e-02
1.125381714240347719e-02
-3.206865888286416499e-01
7.008038646763197210e-01
8.139877758502755967e-01
6.446410847722036097e-01
3.784942670387661523e-01
3.221900983997261214e-01
-1.145214017106288562e-01
2.012392862578316066e-03
-5.559687761356240099e-01
4.534047548197630562e-01
8.754396645457975801e-01
-2.675305996985606338e-01
-6.557397804140540076e-01
-6.358440206061251043e-01
-9.186965547917860242e-01
-9.940909838853457803e-01
-4.758151230905933726e-01
6.596788644516263789e-01
-4.683835740752329002e-01
1.116749202685556330e-01
3.620467005733287724e-01
4.498490388024534714e-01
-6.680098923734149041e-01
8.417811617855602835e-01
9.971437244121506005e-02
-1.957075151785891975e-02
-4.977350353583862574e-01
5.485836982788081517e-01
8.822767264223929651e-01
3.796542078042309809e-01
-7.720908875982694930e-01
2.020034151811579415e-01
8.547789383931993223e-02
-7.924261364503915051e-03
2.238029336924720059e-01
-6.778645787424786295e-02
-6.429006302541460105e-01
-5.347152745952321595e-01
-6.266413844304787872e-01
-5.021807109749576448e-02
