-5.155172685149032041e-01
5.541130958509825621e-01
4.308971488755774515e-01
-7.983472837740348549e-01
3.214470746323931927e-01
5.851031481364380449e-01
3.691335181716318692e-01
-9.355518767205359687e-01
-7.605594191264679615e-01
6.720056058690586642e-01
-7.541641476650889908e-01
4.398332830199647714e-01
-5.814147731362989679e-01
6.432534721432331404e-01
4.859756687012082299e-01
-1.819453738507550433e-01
-5.236402203447397818e-01
-9.509204842809306779e-01
9.168287777791417348e-01
9.514240373256364069e-01
-6.511366153648985300e-01
4.790634879552070902e-01
-3.462750580883892093e-01
1.596889725072488664e-01
8.151709860131736152e-01
3.483950927473414283e-01
7.538580527587190883e-01
6.434155582175873911e-02
-6.057091303036516994e-01
6.377370554587475926e-01
5.933899402318505434e-01
-4.213793580713843800e-01
1.345352779946930033e-01
-6.776199829932727514e-01
-3.848861423262079917e-01
7.080414920638165022e-01
-2.073848126808330583e-01
-1.390219398252253158e-01
6.659702238709294675e-02
6.346641878716503538e-01
-4.936047293172873829e-02
3.031508558758462257e-01
-3.064928550902950577e-01
-9.811229910896855921e-01
6.298628535224882752e-01
5.329317077747581788e-01
3.195178463972807581e-01
3.827810991849623923e-01
-6.664361852289801824e-01
-3.483014250914410193e-01
-8.373567584490462234e-01
-2.701588042702103287e-01
3.012053911293829933e-01
-1.606337947152980394e-03
-5.675378109987168074e-01
3.312518669379678204e-01
-5.510156713616001234e-01
2.103642392368711977e-01
5.805194913115309108e-01
-4.965987299959657153e-01
5.333983997977560509e-01
-2.106778157546362884e-01
2.083663954793118500e-01
9.962778821214830494e-01
1.592708834403652740e-02
-1.100020054083229226e+00
5.548283906138289368e-01
-6.658550752098851833e-02
5.754499723170801717e-01
-9.747088089392212940e-01
-8.666936499575254027e-01
8.251996204449094652e-01
8.424070492862907322e-01
8.409408301587384393e-02
3.323375551399846417e-01
3.840392839619894971e-01
-3.098529916495516012e-01
2.751304531797677533e-01
1.049670781444888290e-01
-5.257206237663331061e-01
2.310545004436851679e-01
-3.652803367128811818e-01
-1.746024832036372210e-01
5.014320997409149605e-01
7.845629894564313256e-01
-5.984903374977253998e-01
-5.324245522093123961e-01
-9.688164118099226729e-02
5.146203738498009717e-01
-1.544797209532546567e-01
-8.832565188291859049e-02
-4.765496082923156851e-01
2.689010030771024073e-01
6.043371892268800671e-01
6.195418041059663761e-01
1.734919867379524361e-01
4.153748261282588089e-02
-1.468015350577665523e-01
-2.277414118688469991e-01
-3.678147603616900296e-01
-7.609433260536550003e-01
-1.578438517094188920e-01
-1.228384953047834127e-01
2.195183800667251106e-01
1.040303662290750775e-01
-4.998260800494855327e-01
1.867914531225711439e-01
-9.280688120770476113e-01
-1.098418791247222359e-01
-1.231266389828133967e-02
-3.893238905449622478e-02
9.500918163352674028e-01
8.155590355838149286e-02
7.307800814225617891e-01
1.890020033290418233e-02
4.660745595217618553e-01
7.816198319127273808e-02
4.897904797123247556e-01
4.214977797064343168e-01
8.708254783394174803e-01
-8.418680344740023802e-01
-6.663847182300227656e-01
-8.381368322012636152e-02
-4.349781367016086753e-01
1.260306172907932343e+00
4.538153651776328790e-01
-6.115350118725036976e-01
2.850738802282231088e-01
-8.583558946850614602e-01
8.489902133622448943e-01
3.644180604835272064e-01
2.111033019131409727e-01
5.874667362461405418e-01
3.060128067051086642e-01
6.243258619228346795e-01
-1.965913658509413076e-01
-8.562078043486616163e-01
-9.751548383878415327e-02
2.340248794950700040e-01
9.763230637645257115e-01
7.080129933106094064e-01
-3.519846173478768936e-01
-7.929920980176191625e-01
-1.041540113003392554e+00
5.147572974691142500e-01
-5.448827987591363664e-01
9.692127895903400459e-02
-3.089276499923948593e-01
8.419568797082224165e-01
-3.057106451703945904e-01
-3.947530116474220474e-01
-7.697785324122798922e-01
-9.674339291728115131e-02
6.886096110681294569e-01
7.444797835555860832e-01
-4.714292688924811014e-01
-5.739604520193866133e-01
5.786936612655517731e-01
2.417912447245356145e-01
9.026457967451171349e-01
7.463988918879898016e-01
7.204323446651101914e-01
1.141349293333374926e-01
-6.404162160254667224e-01
-8.324334926533472068e-01
-2.759509253535346041e-01
1.877085907566602985e-02
-5.211924971769078818e-02
-6.038582802577669995e-01
4.532488769211607260e-01
1.502764358158704683e-01
4.511117302091108838e-01
-7.833161582267269551e-01
6.917397585385371972e-01
-7.063719093721405606e-01
-3.070031050748647239e-01
-1.732933833411264557e-01
4.547041751523870912e-01
-1.002128663627456451e+00
-4.433048767045935645e-03
1.496350046851271376e-01
4.186724939742539342e-01
-9.846933834377580297e-01
-7.574773625677526656e-01
-4.143671800652691806e-01
4.345456424165190512e-01
2.038635409825707567e-01
-7.895232037606068065e-01
3.634762991534409293e-01
-1.075170466279552928e+00
-2.983173642619703081e-01
-1.543833732315048612e-01
-5.555698691894940255e-01
-9.924764765648057541e-01
7.249536325439517315e-01
-5.389766266800725125e-01
-3.582352968751245648e-02
8.701917182632158410e-01
-2.111663132143125066e-01
2.462785249724781522e-01
8.190258310584805912e-01
-1.085997948000431368e+00
-5.840367523133818684e-02
-2.942256797157376536e-01
2.015777694601521841e-01
-5.273015843044087658e-01
6.913964826698922872e-01
1.770802285513819463e-01
-1.605082458326192174e-01
-1.203836312597328817e+00
-9.058402565081213886e-02
-1.913451142446983000e-01
-1.688772477529780769e-01
1.139958569692472778e+00
8.440016481060664821e-01
-3.100781554867426681e-01
8.250146655529093653e-01
4.469844076507530350e-01
-2.305584514820803455e-01
-2.832967951331451517e-01
-1.590654758018977266e-01
2.586789791345331935e-01
-9.041068855409164495e-01
-1.859267753948425361e-01
2.802531304046078642e-01
-3.081373838462115322e-01
-7.401395447852188170e-01
-4.869281648300138321e-01
-1.240506404169422261e+00
-4.726505521360240270e-01
9.976485775392642807e-01
-2.507326432719021031e-02
3.869321569234825398e-01
4.363882603112714254e-01
3.166225769119769828e-01
-8.346238898538790307e-01
-2.662517522424445726e-01
7.024177398728320698e-01
-1.010655938258208514e-01
-5.229848219698991496e-01
6.791979315509341086e-01
-3.049740693568078753e-01
6.400221096510774199e-01
-5.909694491473939104e-01
-3.271138163042527358e-01
-1.822989505180966086e-01
2.496586532430221939e-01
3.409744718520564266e-01
4.217416574505619686e-01
5.367713621209675434e-01
-4.443756385690660338e-01
8.725742815478578773e-01
2.847275711578305391e-01
8.618764783320621847e-02
-5.357595983625516034e-01
4.141841237483628313e-01
-2.571193521786673264e-01
-6.552484447805486667e-01
3.978182726778782263e-01
2.009620026083349664e-01
-1.722046680358539361e-01
2.598517913667133250e-01
-6.712353869674427820e-01
4.112988304800143102e-01
-1.648591496961882008e-02
