-9.484173441534061721e-01
-3.466530892425820909e-01
-8.953700479714405969e-01
-1.387661552641195617e-01
-7.207079698172020876e-01
1.230381885373967171e-01
4.792515889788491745e-01
6.706170967393810800e-01
9.622081046116839342e-01
-8.664294231451464823e-01
8.980184732968303774e-01
6.845457107407685315e-01
-9.346284085568837274e-02
8.242585780372184701e-01
-9.451735971061978603e-01
2.226780951999972891e-01
-3.843112779696966630e-01
7.745008218642845943e-01
2.010697450288616572e-01
-7.674263559944836111e-01
-9.617272258866849111e-01
2.128074184062354046e-01
8.127330715970251251e-01
-8.285082220106488871e-01
2.183830357026061431e-01
7.158253724381400396e-01
-9.711568109935952986e-01
6.500700818967710681e-01
-4.293572814042769803e-01
-6.241724131833028544e-01
-8.714842408865248746e-01
-3.477541144504950332e-01
7.526758703769980130e-01
8.750021017998725892e-01
-1.141841832182751149e-01
-1.859493387152963972e-01
9.203445096712236095e-01
-6.606964429174744247e-02
-6.360470928871053697e-01
-5.472303243608167556e-02
8.045849053617182278e-01
1.579889602734867171e-02
-4.491985913474505487e-01
-5.258267697774088312e-02
-4.138312014459089028e-02
-5.351489680977585817e-01
7.322560328648565209e-01
-6.381158882954385270e-01
-5.636412277900215706e-02
4.038040844184501710e-01
2.434088268985195036e-01
2.364689100603188932e-01
2.981851447613545480e-01
-3.193304478779994682e-01
-3.465026360234229053e-01
-1.624066766773656911e-01
-9.643823153491362099e-01
6.853464996190063996e-01
-1.000000000000000000e+00
-8.871628544444970510e-02
-9.165854991193034262e-01
-8.722435767751222091e-01
7.389452008460144494e-01
7.586994876911890007e-01
-3.182981302766169085e-02
-7.074983014793319036e-01
-4.945009561000296427e-01
-6.228500083465908777e-01
-4.808132012528212318e-01
-7.386069519790728899e-01
-7.810143209765600947e-01
-4.972172017750957629e-01
-7.784454760179655430e-01
6.022600833424434086e-01
8.609457612075532840e-01
1.138928174451758757e-01
-4.347680942007330074e-02
-8.452638403548047297e-01
2.079239519995742524e-01
6.427339417382842424e-01
1.215918124900958741e-01
8.921987823117172312e-01
5.538581092368323189e-01
-4.722495991977346819e-01
5.049960628436599430e-01
2.110837870103714486e-01
3.558319056585055318e-01
-8.487242814028409521e-01
-4.606521004647909368e-01
-9.346314204858735541e-01
-9.158980256919184715e-01
9.980156214420015104e-01
-3.872269369771941250e-01
-6.961303580720165085e-01
6.990426418091375549e-01
-6.528285649962340953e-01
2.212856628393375935e-01
1.607500236530357007e-01
6.998384817225082877e-01
5.371747089030686206e-01
9.357138543244638562e-01
1.955732333603301676e-01
9.630085992729711108e-01
7.762085672614540410e-01
5.335502424833786783e-01
4.457453459180253930e-01
-6.946337132950289872e-01
-8.711168714559525128e-01
-9.489767140316338612e-01
9.993388523303476934e-01
8.747995283754850249e-01
-3.626235866307074840e-01
-2.034249667878113843e-01
-8.356049334940560680e-01
9.149033820819696405e-01
-9.032210780179903420e-01
-4.827123581340816982e-01
9.923880262289819232e-01
-7.053520008947741227e-01
-9.467452849777524548e-01
1.000000000000000000e+00
-8.461199197659952098e-01
-6.550549965381035067e-01
-9.463035273215363308e-01
2.779256488305701378e-01
6.215707026754713205e-02
-9.837331085905518524e-01
7.006943962633380707e-01
6.869836858255601308e-01
-8.386415347752118610e-01
3.133126488477944172e-01
5.714579031716418012e-01
-2.573259797141952965e-01
-5.905269313159247080e-01
7.643477066641286566e-01
-5.067553197471386106e-02
3.332609225559011179e-01
3.063179779457314567e-02
-7.634829988860445393e-01
-4.980246058708133194e-01
7.980217289401496661e-01
7.215714876574748082e-01
-9.126898764825577270e-01
1.764073032053323775e-01
4.460094951066779778e-01
3.473074151979376190e-01
8.381447875592454855e-01
-9.038408712002401479e-01
-5.731069569646286554e-01
-6.525022365329673502e-01
3.616566299841794674e-02
-4.070817094496254063e-01
-2.032826259550903902e-01
1.311572574143349823e-01
-5.296772345134428406e-01
-3.619560830702873711e-01
-9.414679990275888199e-01
-2.169305592135662986e-01
4.431630109297949316e-01
-4.958933829669240900e-01
4.022193767125046282e-01
-7.429331948362153382e-01
2.426511569582102401e-01
-6.250134236583234637e-01
7.370099454557764718e-01
6.369759441881195361e-01
4.936366463888719469e-01
9.234217585620878577e-01
-7.622813782508581770e-01
-3.502927353254588205e-02
3.461577898767129735e-01
9.713058763715753940e-03
4.651965571189126125e-01
2.767136025898353502e-02
7.342730878692241836e-01
2.734248138995329924e-01
2.591388653849220347e-01
8.149559865020529204e-01
6.765120169850259435e-01
3.793215204587869760e-01
-2.780530861291857780e-01
-3.185029598433097853e-01
-7.726572181717046295e-01
-8.285009463568810961e-01
7.201822317842097032e-01
-1.494547680767146502e-01
9.253092380322898158e-01
-6.304119292633449945e-01
-5.822124178136937056e-01
8.461297317688407649e-01
5.450235697561249815e-01
-7.489276357582230759e-03
2.065233547880643838e-01
3.674093545596556210e-01
8.336300872763615644e-01
-6.153751217823293373e-01
6.375162776562697253e-01
-9.018345914621732629e-01
3.401033156649808653e-01
-5.662007403710640485e-01
-5.226951140247408922e-01
-5.391987510903195613e-02
1.211252906087914027e-01
4.986553538600819735e-01
-3.793007116473570139e-01
-6.736672119578979157e-02
-7.353786279585269314e-01
-4.618950047649849622e-01
-4.177713697214868738e-02
-9.231654140439045086e-01
-3.986661548939542943e-01
7.544728221093263687e-02
-5.723952126706695065e-01
6.115953602844381720e-02
-9.261316047918317640e-01
-5.569889771598501849e-01
-6.856398752496795090e-01
-5.742048861837220075e-01
1.082976859619921850e-01
5.994716414348779665e-01
-7.123052685100053072e-01
6.183071551894017137e-01
5.109599756312425134e-01
5.227980260430047377e-01
-9.005973313624427989e-01
-4.728002975504397298e-01
-8.522889279967330589e-01
-5.935997230226135180e-02
-7.955430960583402822e-01
1.823768929264080185e-01
8.777752230167961134e-01
-1.187396841406867937e-01
-8.055439959379020465e-01
8.928417001597566127e-02
4.143751554792682867e-01
-5.273200847093650889e-01
6.793671988389035077e-01
5.944154377953450030e-01
4.398879787042018208e-01
-8.386088683182135739e-01
1.763444990893952014e-01
-6.101186222083722077e-01
-1.446611627976299719e-01
4.908324249776566672e-01
-6.301379088282467178e-01
-2.282284898134157580e-01
-1.581558078905940246e-01
1.207903962131889608e-01
9.981256608891506676e-01
-5.946162969752688543e-01
7.342923365144193859e-02
-4.658450049081093169e-01
8.319604801948639050e-01
-9.205281010192438718e-01
-7.211945412135707389e-01
-7.816620823632725035e-01
-1.000000000000000000e+00
9.279444757096615426e-01
-5.108553969110682935e-01
4.351376012247329395e-02
-8.002596529473817721e-01
-6.164555580972856941e-01
4.021002665861362901e-01
-5.124182534716895665e-01
7.195714710367275835e-01
