3.375796668154410485e-01
-4.055995313178195616e-02
-1.410899973183590839e-01
-2.103975137517918315e-01
-2.746525487613135641e-01
-2.201526335171374305e-01
7.211579175667515162e-01
-7.158023619609674704e-01
4.596032497130921324e-01
2.796360582130236194e-01
-9.057459906878392863e-02
-6.059072630440641705e-01
3.940289905922746971e-01
3.901635434007261205e-03
-3.206314680354460656e-02
1.860512381756330436e-01
2.110748072867272285e-01
-1.644270259560079994e-01
7.060246522686589588e-01
1.036235743099477302e-01
-3.639686528100364304e-01
-1.514237790314763576e-01
1.403574782569481094e-01
3.724989200877578122e-01
2.711129389276936141e-01
-1.352098303468407259e-01
-4.712304183583998496e-02
1.726175893652299176e-01
8.329082675381033196e-02
7.185643038392689474e-01
-6.045470573473319398e-01
-5.179607640109360478e-01
3.156028222737192745e-01
3.839473521040440707e-01
6.388504550228490952e-01
5.459526475285479963e-01
-4.501216105150894764e-01
2.101901236573255893e-02
2.215029327191598840e-01
3.253756548761967959e-01
-4.437057234226424729e-01
-7.769952067241440163e-01
8.941409719652448906e-01
-1.105459187269689503e-01
-2.036653200130783548e-01
3.281447281119869164e-01
-5.635886855060183720e-01
-1.975428257624368134e-01
-3.621330509361008754e-01
-2.209873897275576038e-01
9.573568620827664633e-02
-1.343707763767684193e-01
2.675339289243722218e-02
3.305338522794384337e-01
2.332793346012420332e-01
-1.186989130035708273e-01
-8.747279139154977567e-01
6.663177279745933212e-01
5.732764191847393720e-01
5.397342345478295389e-02
-6.201915366108863292e-01
1.520122816422542211e-01
-4.599702813958395087e-02
-6.085066747570577750e-02
-3.185976712964752600e-01
3.208297531553490622e-01
-2.146659829382595586e-01
1.812340010987900651e-01
8.260539260392334437e-01
-1.657860684049173305e-01
-9.358604634410371270e-01
9.027235370040601059e-02
6.952468807698842790e-01
-2.484633309692556580e-01
6.247438372441715959e-01
-1.070048325090347252e-01
2.436038677327096169e-01
-8.942352584167617691e-02
-5.979021124180707858e-01
-2.196432906988516343e-01
3.432015909571133894e-01
-1.923315998616770273e-02
3.386607217272000758e-01
-3.380597673675145298e-02
1.024985110022904045e-01
-8.440726762697420282e-02
-5.342334226856928492e-01
8.690312152701712423e-02
-4.039770194822982496e-01
-1.700173621562545423e-01
-1.319705338377832882e-01
1.596097822851905712e-01
-1.452332623412536106e-01
-1.692435765186782182e-01
2.949094141439054795e-01
2.298499285747659382e-01
-1.206626663856664727e-01
6.653257093744950890e-01
-1.297641902486311449e-02
-1.494485790018847404e-01
2.221299484860628226e-02
-4.388430708082979859e-01
-4.509919992323557780e-02
4.543837297830314315e-01
5.924424320235684993e-01
2.563573498771123393e-01
-3.611985163926167974e-02
4.183529054233827149e-01
3.470202426941329521e-02
-9.551453861217817920e-02
5.152066012712523957e-01
-4.824554783019260329e-01
-1.826353028153728242e-01
-6.149767343424721311e-01
7.404245489317972106e-01
-8.385214220790301876e-02
-1.417471815469063534e-01
-2.672259897108142379e-02
5.766954068501176645e-01
-6.026653889761797167e-01
4.777934034453601986e-01
3.068710270895802505e-02
-4.192285675036530601e-02
-9.043088629364054443e-02
1.152814357075314655e-01
2.387853192664756152e-01
-8.261322710076295373e-01
1.544030590964838301e-01
7.928345842111836350e-02
-2.139575937702413166e-01
-7.236606885960037427e-01
6.861982306878977589e-01
5.342282589430228379e-01
4.940693394546030737e-02
-6.041503822847406058e-01
4.084398005990526603e-01
4.226249956805298580e-01
-3.449444128937623755e-01
4.155802398161106970e-01
-8.675215707480539162e-01
-1.233677911227143986e-01
-1.944184903249435437e-01
-1.183516801487138337e-01
-2.065442604805597382e-01
-1.106174473216392506e-01
-4.741240303201940676e-01
2.998581429620417182e-02
-3.096121147819202446e-01
2.698386045870004857e-01
-5.839270884216585245e-02
8.952089443859956308e-02
5.814590429848717212e-01
-1.123928197626961056e-02
3.472250705844262542e-02
4.911003137306682031e-01
-2.542300138537023635e-02
6.624202486365848852e-02
-1.131094932748662185e-03
-1.317285520832747192e-01
-2.247037915387068985e-01
2.777820155497968679e-01
2.867674772250563553e-01
5.276063681304943298e-01
1.060931660834056878e-01
2.757463923437068476e-01
4.304054511120340987e-01
3.520309223033358248e-01
-4.130075996258033566e-01
-5.731860754828845828e-01
3.106927031342456291e-01
-1.260666811082937766e-01
-1.161622909758310007e-01
-7.051812758807209924e-01
6.288900411051876471e-01
3.684486680887736343e-01
-3.001146170716578188e-01
-1.679488551057727319e-01
-6.618298788501755237e-01
-8.692348979173738499e-01
9.450590978030370959e-02
-2.813738372273040800e-01
9.300123892031325612e-01
2.402832933103318247e-01
-9.349696078723054860e-02
1.714872731705561759e-01
-2.279157039458675760e-01
-1.494821492742400837e-01
-5.558693330494092200e-01
2.234498843099147480e-01
1.616110916130053532e-01
1.097526527231159066e-01
-1.566295656649475676e-01
1.925129825653899562e-01
-4.653296863721034793e-02
-4.600479278992682386e-01
8.420892365042310646e-01
-5.158292615843089735e-01
9.430955438855297412e-01
-4.938007096107717153e-01
2.651794617959986611e-01
-5.725162207061212927e-01
1.707744640774228051e-02
-3.121494212042571492e-01
-9.297405928253436036e-01
3.531129775821327810e-01
-3.899054151708780669e-02
-2.184005580157486470e-01
-6.981232227338884933e-01
1.258277233256067662e-01
-3.663260928401268490e-01
-4.192406029824761182e-01
-8.661095387956008196e-02
-7.809176193968048185e-01
3.288810236487634819e-01
-5.853706567734786592e-01
2.329013553826642102e-03
-6.504015832889037396e-03
-4.614509008990120287e-01
2.201056446987973148e-01
7.992820376859854914e-02
1.789579553264933343e-02
3.465461115466665354e-01
4.291307117245950487e-01
-5.338852671214394663e-02
-3.898402956819382870e-01
-6.322933035952783554e-01
-1.349449645452338586e-01
-4.734885182405173532e-01
-1.932814451885908613e-01
3.270796277134887381e-02
-5.143160324529005845e-01
5.479644774247821593e-01
-1.344511236567149104e-01
5.387896174024360274e-01
-2.789047981669620091e-01
2.602589215928780009e-01
-8.868390403972567504e-02
-1.357620400468749489e-01
8.438707247871011230e-01
-2.150507163783757225e-01
-5.555132728922036467e-01
9.646493205951162109e-01
-8.996857557607988998e-01
-1.575600064689287594e-01
-3.696195991001013370e-01
-5.944299277233062728e-01
-5.967234088200019659e-01
3.346653301377557899e-01
-3.108723618291188706e-01
-5.974659882652085807e-01
6.605585000037248466e-01
-1.444925867543247755e-01
1.435922235665734181e-01
-1.413636203167775163e-01
1.355325209278184229e-01
5.167598257459923849e-03
-4.156159632789924174e-01
-4.352780586774102067e-03
-9.132659099187825924e-02
-5.134252579611160439e-01
-6.627268317074444526e-02
-1.335554297514170430e-01
5.338537601426178447e-02
-2.684043597634658829e-01
-6.802521255361089203e-01
