6.604293826741280959e-01
-4.558851412462638919e-02
-6.953720425637239799e-01
4.677925673943501561e-01
-2.736388140095634414e-02
2.300299230998061051e-01
1.447200114285413231e-01
1.000000000000000000e+00
-9.777629689769422594e-01
6.966780854408401169e-02
5.092591587166220846e-01
-1.365297613390861753e-02
-1.970024942104383336e-01
7.284402102746023733e-01
-1.668247291947018152e-01
2.799147877254477834e-02
8.642433087931846725e-01
1.945781053675135763e-02
-8.792225033440913551e-01
-9.219978274942602914e-02
5.052391944703128468e-01
1.714570336035707299e-01
3.592855177598929250e-01
-8.047784551270141806e-01
3.263489996797245274e-01
9.328787232895670023e-01
-6.756473863239214062e-01
-4.584212753126064577e-01
-4.166765227929800641e-01
-9.023996434552061796e-01
6.941647413027109970e-01
5.889162844290907195e-01
7.223516843185425751e-01
7.045119081496244995e-01
3.160874210896109648e-01
-9.179844585483670771e-01
-7.492282019170661833e-01
2.922854595496070518e-01
7.393946187493662947e-01
7.127619748019791146e-01
-9.791010436348605017e-01
1.755585270546255461e-01
-9.574990053408771740e-01
6.894694391917564058e-01
-2.656187172116432627e-01
-5.928457502359747444e-01
-5.098162786433541038e-01
-8.216694104830595258e-01
7.260982770337350845e-01
5.319740589388047836e-01
1.435917949536720251e-01
8.258567992711418615e-01
-2.533565089200842113e-01
4.191605789663728765e-01
9.105786164793391313e-01
-4.088114381493917482e-01
-2.352114962375201901e-01
-5.144939914526527880e-02
-5.826636305816408623e-02
8.611997455891446940e-01
1.000000000000000000e+00
4.920071708308519365e-01
-4.172317359226850320e-01
1.007610532637591427e-01
-1.902201373446544830e-01
-8.920208386481192075e-01
-7.840306938156463845e-01
1.251051854723076590e-02
5.714558096832846878e-01
6.190975001963001656e-01
6.640115395470421733e-01
3.031794189025676656e-01
1.000000000000000000e+00
-5.161723555063697511e-01
4.130093422521495528e-02
9.930393764003616619e-01
-5.257927471854177970e-01
-5.871467542323356437e-01
-5.358140509340766355e-01
6.894513895795896241e-01
5.646062572545930136e-01
2.799659077492729353e-01
4.174276507423509419e-01
8.119277155359423404e-01
-8.064870770170495806e-01
6.823002972928693399e-02
-7.729215467889851698e-01
-8.301092938461100967e-01
4.650018176090564559e-04
-3.262985686174285638e-02
5.206106030277521945e-01
-8.561301221463057942e-01
-7.912805064451091663e-01
7.821599717146478226e-02
2.974737247840475440e-02
9.647045463875227878e-01
-6.837766746724361910e-01
-4.129701090548000830e-01
6.617331756220767858e-01
8.814248575815540887e-01
-5.519820917838220709e-01
-6.177371433888931840e-01
-3.051682396570939981e-01
6.601627068715681945e-01
-4.522110073670526087e-01
4.132205327141698081e-01
9.383961207314399644e-01
8.294423274666482548e-01
-5.878812229826204661e-01
-4.075298382395624586e-01
-3.834000012049925132e-01
6.715305106158855342e-01
7.552689003416673819e-01
9.151449074007317330e-01
5.266624554658827506e-01
-6.345720302967923221e-01
2.174698150038844313e-01
7.670943188732728402e-01
-2.886838535250941806e-01
2.222199233436432386e-01
6.795180051831239965e-02
-6.961186899918579973e-01
-8.892683930968841022e-01
9.096479780535898785e-01
4.691081932823603085e-01
7.651112401898025883e-01
5.450623149650387633e-01
-1.658122602070877250e-02
-3.279173641600154898e-01
1.783537804605261623e-01
7.412248882445411358e-01
-3.104073554744988250e-01
-2.399067198025510161e-01
4.737299102354741720e-02
-8.994682539922269626e-01
-2.844124218664494941e-01
-3.615585543163765125e-01
-1.056338703116638800e-01
7.030262210903344133e-01
8.800946503152072553e-03
8.258476778423549103e-01
-6.099657871857913083e-01
1.000000000000000000e+00
-1.009500972208076108e-01
1.072557904299835385e-01
8.846030278131840063e-01
7.813842400119277443e-01
-9.318267540292155537e-01
-2.224647853245412532e-01
-4.735541707296515024e-01
4.789697170289812789e-01
-1.101246809447873620e-01
-6.699440523636756017e-01
-8.719349817401560176e-02
4.479555703833669189e-01
-6.561790394093125478e-01
-3.368629267637165969e-01
-8.867114581066606327e-01
-6.697581629852488172e-01
7.355769625225827557e-03
4.240955757195449261e-01
5.087832930954655497e-01
1.281206599352346931e-01
-6.380526923923359739e-01
-1.126722364232806417e-01
-6.991206639079667884e-01
1.689548327219355106e-01
-8.336842353389370963e-01
5.727649221499047094e-01
7.325697765077670010e-01
8.810710540486743625e-01
-4.474001541958703143e-01
4.403516496343632403e-01
7.815896765775649513e-01
8.063702623668669300e-01
-4.656684606544385652e-01
4.716846563577647977e-02
4.831317112262673019e-01
-4.723457166421050069e-01
-1.000000000000000000e+00
1.325351004126362753e-01
-4.033172396536072735e-01
-1.618569437157924007e-02
5.310056434457245400e-01
1.230482551234555050e-01
-1.000000000000000000e+00
-5.883884323907137004e-01
2.226998093592895966e-01
5.167268343427913191e-01
-2.685585454445720277e-01
8.744354002509467649e-02
-6.032965606797662250e-01
-7.028492065287844648e-01
-1.933133131780783442e-01
-5.764660378378507755e-01
-2.547226001931311989e-01
-5.357659762291313577e-01
-5.799790126098113285e-01
1.787973283408354763e-01
-6.221488960173967575e-01
-6.564662208059249271e-02
-2.975735016416415357e-01
-1.353173136231931029e-01
3.758742925078047969e-01
1.944924886356322324e-01
6.024277319151354337e-01
1.524246735290314958e-01
-5.373670621229339472e-01
9.877702667091312616e-01
-8.339354113879313690e-01
-5.775099128838125928e-01
-7.784149540370612907e-01
2.467464137866789697e-01
-2.512585266366773595e-01
-1.850727291340334701e-01
-1.052959241396108636e-01
2.515782523033570084e-01
9.729306280874824298e-01
-6.309297994831242207e-02
7.783590253212192556e-01
-3.952377492135326631e-01
-6.609210809002949993e-01
5.072916326854398639e-01
1.000000000000000000e+00
3.479873066206169430e-01
-4.288224791210745734e-01
-3.348531455721872052e-01
-5.595155778410864089e-01
4.680276834430932009e-01
2.180400650474975943e-01
9.852539379164970690e-02
-5.308497286480230448e-01
-6.096513923866391238e-01
-4.853252968657541522e-01
5.040228242004914927e-01
-3.816724783791487496e-01
7.174447678665805128e-01
4.628401224269323433e-01
9.358272619034715412e-01
-6.649731164646064396e-01
7.494482029035930415e-01
-1.314338782027175967e-01
9.371636054434318019e-02
5.837349220127308058e-01
-1.553236293546075286e-01
-2.973909931003920759e-01
3.786847555372740981e-01
-2.607502262457869757e-01
4.155556758781460136e-01
-5.164981149939011917e-01
4.305168781190144567e-01
-9.051288558617499591e-01
1.408312862572696500e-01
-3.317578319475902315e-01
1.000000000000000000e+00
-4.257674536123108311e-01
-9.021977739682247588e-01
-3.145119042788847574e-01
-2.385710436524079991e-02
-5.089454865377587289e-01
-8.759024330587817930e-01
-7.528004075306472531e-01
3.307949746535691626e-01
4.707580023502868638e-01
-7.445576911992956015e-01
