-6.874697960216891168e-03
-7.864696006595977007e-01
8.860352379186731131e-01
5.333980718829891554e-01
-6.373992883119007358e-01
9.781171793201953735e-02
-1.000000000000000000e+00
-1.548959245501269344e-01
-4.790846903690099690e-01
-1.532253158754870725e-01
-7.333419919946073673e-01
6.715558458431049038e-01
-9.261103217506274632e-01
-3.323612591871987210e-01
3.701821780426683417e-01
-6.750002183472948447e-01
3.887262608918458096e-01
4.271306958933485109e-01
5.291835914076612468e-01
-6.632124290535114097e-01
-6.711724018107623202e-01
-3.138153416840043508e-02
-3.821901261642819403e-01
2.519296454984695788e-01
5.888161266435248953e-01
3.458626415387198727e-01
4.606390881632413947e-01
1.000000000000000000e+00
-9.228852163160197186e-01
1.187861587078659770e-01
-2.863870118294283840e-01
-1.910329978993365596e-01
-2.974191637597741744e-01
-1.184607691778816196e-01
1.000000000000000000e+00
-8.414321234603224786e-01
-2.191887240171328521e-01
1.941486011546958157e-01
-3.147494768322715575e-01
-4.791504351326397182e-01
9.448236045607265599e-01
3.092812312366403915e-02
-7.557707321449438354e-01
-3.703099154190641618e-01
-7.517838593002492686e-01
5.771171974738570354e-01
-7.282049364389916457e-01
-7.623077445240469263e-01
9.027765090352446453e-01
-8.510169479720296470e-01
2.634480258470601327e-02
-5.839933722661913018e-01
-3.026990720219424613e-01
4.553348297111018406e-01
-3.482084132006819654e-01
2.742663115476442481e-01
-8.269831939145764199e-01
8.761351419546388186e-01
8.723483897687320798e-01
8.127054892041729595e-01
7.062391929191327300e-01
-3.674455093922628923e-01
3.475175979332951748e-01
-3.340722973869755252e-01
-1.921462645668516600e-01
-3.383964944574812117e-01
3.980814581325509138e-01
-2.849814466386285661e-01
-9.624605646722133034e-01
9.049666921775193495e-01
-8.493803533901181368e-02
1.740698461952930320e-01
-2.775846488486375385e-01
6.699294954316018513e-01
7.233614946575275817e-02
7.823781747187098512e-01
1.166856566543367085e-01
-7.812881415445993571e-01
-4.311155437006253255e-01
-9.165155727834495281e-03
4.480086230688966609e-01
-6.975802268915736182e-01
2.968529564657476083e-01
1.000000000000000000e+00
2.927921516637781441e-01
-5.045574265890295784e-02
7.689742809344205510e-01
-5.082408553027730758e-01
4.671298961795242732e-01
7.984462603175197515e-01
7.875117722552393840e-02
4.440069428134245655e-01
-5.490059650284322412e-01
8.923610547981630781e-01
-6.115125307558466616e-01
-4.846932829244717245e-01
5.541026897923742034e-01
-1.893378185994924467e-01
3.592361689590780061e-01
7.399509709105042132e-01
3.288654076539248017e-01
-5.858200152085391021e-02
-1.414357007650179909e-01
-3.459413117318803077e-01
-6.753230492302670918e-01
3.485997158478537639e-01
2.979980319464761163e-01
-6.688870450028427950e-01
1.535420971409079405e-01
-2.970291430465238358e-01
-2.129861165531799216e-01
-7.628701635020485039e-01
-5.180910360269961323e-01
-8.054857774924442104e-01
-2.913443241280634366e-01
-5.526759465450523656e-01
-9.921778676878705294e-01
-1.967028539462112313e-01
8.985969429649823814e-01
-2.701256414287936947e-01
7.076276261265583845e-01
-4.117936571441700444e-01
-2.849476454598010022e-02
2.655644698948163018e-01
-7.754782560058702812e-01
8.172888741790718115e-01
-8.086796609032007588e-01
-4.380160558887891131e-01
-2.231670159701852896e-01
2.854460681389940357e-01
-6.956602478321978200e-01
1.000000000000000000e+00
3.101635052539850612e-01
-5.820177422788535004e-01
3.201793008093453130e-01
1.803975227437510931e-01
5.674010019004078753e-01
-1.928148897350153990e-01
3.419014513916068254e-01
8.057131969305930674e-02
-9.082160391764577678e-01
5.901149698671521726e-01
-1.817137682270548726e-01
-9.208313422576871465e-01
6.450809962788947027e-01
4.962992904448535469e-01
-3.153235471334515094e-01
-6.000594937297344389e-01
5.760392103561263744e-01
4.774972667390893211e-01
1.794734934280676764e-01
-7.316940719016243877e-01
2.665172949450313189e-02
-6.316133194124881056e-01
-1.054757382053427284e-01
-5.320696992314641882e-01
8.740196580441099705e-01
-2.918394089952338621e-01
2.497324750531174642e-01
-9.031424747108839357e-01
3.713654157602075401e-01
2.389693637938667958e-01
4.629079386253772688e-01
6.755706160297800800e-01
-5.139072729044902310e-02
-4.519294634791708454e-01
-2.028796432157019547e-01
9.420352949960333899e-02
-6.252153236905223510e-01
1.646644201101414851e-01
-3.535082877441841909e-02
-4.797879736258247041e-01
1.044717023556045454e-01
1.140115131322473607e-01
-7.405049832339378746e-01
1.133494963062551680e-01
-7.166639142132922302e-01
-5.427721520503139274e-01
-5.849056586152308057e-01
5.388755820255116680e-01
8.018537302471216988e-01
7.846233821028513189e-01
-1.649921975909302563e-01
-1.949037610658490016e-01
-8.156168946494402050e-01
2.437424880050556020e-01
3.824515724794478877e-01
6.693732031760649126e-02
-8.904508445607339784e-01
-4.175539909701320163e-03
-5.395906992776946520e-01
4.729388959435204542e-02
6.782496514890863359e-01
8.363666352996836917e-01
2.420462069677751238e-01
8.529965968713066893e-01
2.584529474219353362e-02
8.469663271795009607e-02
7.655523661669769719e-01
-1.216002604642291429e-01
1.271250079470695182e-01
4.317778465317405057e-01
-6.657830632592656728e-02
2.062864368905139023e-01
-9.134976110308465902e-01
4.119613079339783379e-01
9.710183969529689874e-01
1.482028640579967915e-01
5.388310163484339999e-01
7.343472854048788134e-01
-8.091751484182292398e-01
-8.661158510736022276e-01
8.402120387410381142e-01
4.752884227531861683e-02
-4.774452992621557312e-01
-3.617479307211056705e-01
9.277493020434833815e-01
6.358101432227492023e-01
-1.874361639963072479e-01
9.450894425872178317e-01
8.275672472318111872e-01
9.753798362653753884e-01
9.060832605974086240e-01
6.096605746818941629e-01
-8.646962396943231877e-01
4.485326606620056999e-01
1.540573387823661322e-01
-8.882604720089037897e-01
-4.367323061199013257e-01
5.291044666179373079e-01
-4.014949546268973268e-01
-1.000000000000000000e+00
1.422870032648189120e-01
-1.791904788873083243e-01
7.833028585003545263e-01
5.712237427552318003e-01
-5.158366014863247084e-03
-3.368055340262134933e-01
-2.504569424998956961e-01
-4.363282688116518204e-01
-1.464407635349276315e-01
-7.828073722918040822e-01
-8.620621318379132481e-01
1.168268814745445222e-01
5.213073997380863744e-01
-8.282026857645859996e-01
-6.459502899821503163e-01
6.872315799778998535e-01
6.580988691204527896e-01
-9.343048671740219469e-01
-5.972796911151774246e-01
-1.394022974098434453e-01
8.426778268617027834e-01
2.201298919107030905e-01
-9.055245580842059550e-01
6.421800575750765683e-01
8.495003836502974526e-01
9.566063628827585485e-02
-4.765410966453254571e-01
-6.492590778047475919e-02
7.776424024180988992e-01
-5.962365532626798803e-01
2.547360820926845015e-01
2.804302223159244045e-01
-1.000000000000000000e+00
