-1.020891047051930567e-01
-1.369754427879112946e-01
7.003857897880931827e-01
7.980907888194785915e-01
-9.021071517394698702e-01
-4.744754543658071810e-01
3.785371454494244059e-01
5.071564124027827525e-02
-6.592636820000674636e-01
-1.533594392336488088e-01
-1.653924670291759824e-01
8.319551306743528940e-01
-1.097488247140292472e-01
4.022679156653528043e-01
3.826415368007196616e-01
8.374430907227448095e-01
-4.499275188406937076e-01
-2.568157485147628538e-01
-7.601561751689593915e-01
-6.225281592975111522e-01
-2.603421583455658994e-01
3.859077852307845474e-02
-6.760045636381780687e-01
9.631043601378295183e-01
9.303686838540965454e-01
2.920881828877703867e-01
-8.460818012524042864e-01
6.086193281500262842e-01
9.957992294039830217e-01
-2.875726439286006020e-01
-1.663974863411099570e-01
-3.934783634277244646e-01
3.478938906600821390e-01
2.303713757949956698e-01
-9.743244416174026146e-01
9.478120115552306491e-01
-9.008956239134573440e-01
8.899749690229672439e-01
-5.881375631385017400e-01
-5.817993465666579933e-01
3.887962468092867052e-01
4.773211033108816226e-01
7.868924118865880946e-01
3.769555736771532661e-01
1.174450953288981303e-01
4.647338296771401644e-01
7.717669106908102705e-01
9.043215729886968646e-01
-2.677317600225270766e-03
-3.403420762700242186e-01
3.189907591170486612e-01
-8.850346703538505277e-01
-1.155822465493803186e-01
6.393507437563286100e-01
-6.415889918690265148e-02
-7.865247403697068762e-01
-5.105128978718820321e-02
2.256718229418828159e-01
3.880299645307343503e-01
2.532301403991947808e-01
5.005520799745823979e-01
3.489623780987325397e-01
-7.395853320669973918e-01
8.856466063333916505e-01
-5.384813699939288156e-01
-6.071242500420368504e-01
-2.842115063974226530e-01
-6.691587323120782305e-01
5.401846421045612967e-01
-3.625337755885345015e-01
3.030366178131844723e-01
7.703945341537012936e-01
5.079509943612214862e-01
8.700951540503056858e-01
2.392318892512357298e-01
7.163604678237558421e-01
-4.536010066855118428e-01
9.484631524945024150e-01
8.833878665506788019e-01
6.795380663502903484e-01
-9.909227156259168279e-01
1.222470244844078291e-01
9.214488917136980373e-01
7.656066935238461379e-01
-6.387250664656006771e-01
-1.196196347243181357e-01
6.611914616015517332e-01
9.281797419862649612e-01
-6.692101261307992210e-01
-4.069159451084591872e-01
4.590500182224740294e-02
6.555653858620669183e-03
5.170941335766099378e-01
6.279993382042869943e-01
2.349765314991467680e-01
-1.250379291875283183e-01
3.177344412163103371e-01
6.568251084998179001e-01
5.223323628008702535e-02
-1.637188286670663295e-01
-5.008536347693546276e-01
4.769643927571922681e-01
-3.717640753197893333e-01
1.884015626396285670e-01
-6.825762284171330574e-01
5.854193417677946432e-01
-4.992875535730122993e-01
-1.181955179076079610e-01
7.596783231278505522e-01
-2.613128524602104097e-01
-4.973284452876614026e-01
7.815056113422951256e-01
-1.450784665723163780e-01
8.298516474690498246e-01
4.435403180767982789e-02
-9.482359709376790846e-01
1.346882816802565941e-01
-2.006817726503253851e-01
-2.770116711481724892e-01
3.513655890401607973e-01
7.577967247672436901e-01
-5.187750830686903569e-01
-6.984725356251777484e-01
7.433677697741480905e-02
5.409334565688417307e-01
2.687181256345498870e-01
-3.550043948980967645e-01
-6.014672694127625174e-01
-9.360630064507955428e-01
-9.019060864394401467e-01
9.852390517894056288e-01
-1.171862933825431330e-01
9.010976864112829610e-02
1.616149330509426552e-01
5.156371985333424446e-01
4.668740231627295234e-01
-6.726601025066725192e-01
2.106620957196685406e-01
2.070946988883375361e-01
-1.486557283186633605e-01
2.646925115734142242e-01
-7.940387617048695335e-01
-9.163761698175374448e-01
9.687064141029877451e-01
4.957204376101782550e-01
1.111258075831884629e-01
3.834677144316336328e-01
5.430392077161576569e-01
-3.769244530910935698e-01
-9.218846357874284081e-01
-5.354843967107734137e-01
1.181492551378371392e-01
-4.513168431980507656e-01
8.447904200138016684e-01
-3.268331309745158286e-01
5.489334710706910148e-01
4.489324949177431190e-01
2.163839938012046549e-01
-2.050493068659038631e-02
-4.682243813905386798e-01
6.591003651689468779e-01
-6.113862051542797715e-01
-7.229966360774385814e-01
6.729990546549400321e-01
-8.163716236595278120e-02
-6.805613618984709401e-01
4.427716315696510474e-01
-5.598478535822734026e-01
-8.179806152278861209e-01
-1.731129566160163336e-01
4.518404451479554051e-01
-4.271805620604569587e-01
5.547126791125911449e-01
5.654133020113019104e-01
9.362828440204928881e-01
1.742721135816176492e-01
-6.801358220756203998e-01
1.875818814097653942e-01
-7.459263299984431050e-02
-5.610969683132680519e-01
4.875473886657033518e-01
-1.965113636436406352e-01
4.201110072607836532e-01
6.785556828349426084e-01
5.345663231556655459e-01
3.552203225455299318e-01
-4.665113840684813606e-01
-6.024766095015430256e-01
1.881687420827604651e-01
9.030973136394415679e-01
5.424307111215744825e-01
-7.777045045956310076e-02
-8.593089900177153240e-01
-3.016782850999286669e-01
-2.770204649220919801e-01
-6.377800479661195343e-01
4.060253995554630180e-01
3.989153380482118871e-01
3.702860737756761278e-01
2.549505218073293555e-01
-5.149476922005220558e-01
6.534547141296034312e-01
2.531238590104378794e-02
9.083414786428078980e-01
3.082809852960560759e-01
5.420586820655375337e-01
-4.008412728615806664e-01
8.428632703658600622e-01
5.675840123365443191e-01
-6.062366403766934475e-01
-6.201198982857036857e-01
-6.222285841371222315e-01
-2.566763378593068801e-01
1.000000000000000000e+00
-4.609674202990345915e-01
-2.709905911274435031e-01
5.299981019900201762e-01
5.750156725725237283e-01
9.123036467120807513e-01
1.775152029863660275e-01
6.135624348874202383e-01
-6.969733789466332485e-01
8.723316344348099882e-01
-4.689811907859884332e-01
1.788377939204996991e-01
3.022208966908028760e-01
-4.119003008669652743e-01
-6.363207644926947015e-01
2.879103101806591569e-01
3.241533216123995143e-01
-4.801907446688133962e-01
6.812781716828328893e-01
-8.941120139375331455e-01
2.712034754278049853e-01
-2.205262546826702863e-01
-8.464956559391361157e-01
3.808984560129502484e-01
5.074597257058341970e-01
-6.342810735735882055e-01
9.197223010770827489e-01
5.885505993177824191e-01
-1.319850950896481190e-01
6.957385645030966792e-02
-3.741193370976843013e-01
2.871379153229103309e-02
7.602463417607616680e-01
-2.789902062275713135e-01
-8.233077768186980450e-01
8.478085685360439161e-01
7.968190286951213341e-01
-4.087962611886077902e-01
8.976852578215608336e-01
-8.746846027910633037e-01
-5.891619648258166198e-01
-7.409867830756065032e-01
-3.093486026657377153e-03
-3.359857661076415258e-01
2.782364110173896066e-02
-1.674507311022761513e-01
6.796032130372737790e-01
-3.991440354712540994e-01
-5.656950936768170290e-01
8.569139591714345361e-01
-3.763572965404580195e-01
1.000000000000000000e+00
