4.821709504828508575e-01
-4.751925894171605824e-01
-5.506036672147220923e-01
6.930342835674055957e-01
-2.475206331845390406e-01
-4.728440007751799623e-01
6.806532397545239643e-02
-5.483317008314173568e-01
-7.929593278500445264e-01
1.519145280441092927e-01
-3.741390396497483728e-01
-1.052723668646574184e+00
-6.994099010505195890e-01
-8.541127076712985433e-01
-3.199939915753722275e-01
-7.435081511313618163e-01
8.695419306505315360e-01
-9.488514831078526113e-01
-8.987013534396210979e-01
-4.974889523313709150e-01
-7.985397086831913516e-01
-2.903311299695395808e-01
-5.778903779359059190e-01
-2.103107967313700422e-01
1.124986573570711412e+00
-5.256664482933723903e-01
-1.262888632581639359e-01
7.459228957860560838e-01
-4.784901863916839471e-01
-1.587717262704929633e-01
-5.283472675314168088e-01
-3.965982020745377756e-01
-6.074201532439982287e-04
-1.541787742127271599e-01
-7.839990495874923360e-01
9.649513852253508439e-01
-9.849427928760807749e-01
-7.095813256819917259e-01
-5.423341839841877565e-01
7.401766001778911086e-01
3.144791088207745666e-01
3.771831437430114287e-01
4.685757546657327577e-01
-7.636583179871371529e-02
-4.301857795216434965e-01
1.203933095558946675e-01
-3.734037224577957947e-01
-1.940083946579552188e-01
3.051049541341729898e-02
-2.128877440192184223e-01
7.793015090439199266e-01
3.889117890439106606e-01
-3.603363098368059791e-01
-4.062343905674585809e-01
-6.525877631724427141e-01
-1.967849925642410902e-01
1.582990886876507464e-01
-2.932987013690387945e-01
-8.194783839869241859e-01
-1.193562642278505337e-01
5.421853701191911568e-02
-7.285767270120249162e-01
-2.711343381953170706e-01
-3.041496865000146155e-01
4.912718900083726803e-01
-4.226987536872074958e-01
2.241527536576872759e-01
3.270762275821726406e-01
-4.839431661632782600e-01
5.902749804184312943e-01
-1.623409810894342886e-01
5.328127129314205734e-02
-4.333972944543592054e-01
-1.855291288505853675e-01
-3.107618312003201932e-02
9.496135581144879989e-01
5.122287105425551434e-01
-1.304943047760498409e-01
1.013879583054457578e+00
6.034558787349837417e-01
5.175694883546908542e-01
6.103502709631941636e-02
-3.095138048194654989e-01
2.062527183792190466e-01
4.434368695548091682e-02
1.618077094783317293e-01
-4.014535171346904630e-01
6.868411324786641847e-01
-9.447086340064808629e-01
-4.226111958737595042e-01
4.455603351985038540e-01
8.976143610122513383e-01
6.467265736590765979e-01
5.348619040536835012e-01
7.459441842782633669e-01
2.299947456189768147e-01
2.343469486691329706e-01
-7.167475006514258951e-01
4.080746282211148573e-02
1.153213295530148008e-01
5.727869323863241657e-01
-1.560511388243385200e-01
2.008160882442104334e-01
-7.077714513002960617e-01
-7.491098093707528882e-01
2.602238626336809135e-01
5.277994824025772358e-03
3.718479905157993093e-01
-2.413717181962922731e-01
1.516412398014330143e-02
2.416679027892522647e-01
-3.185854658520598792e-01
2.296636071556423797e-01
4.928177561332598433e-01
-6.080267021446519315e-01
-2.576590669732463645e-01
-5.221136146212091989e-01
-1.445226085279378014e-01
3.782431485575170615e-01
-3.173059446547686346e-01
-1.081987794103988904e-01
-2.515492606785536545e-01
9.779051538764248486e-01
2.875267509904783636e-01
5.003712978534140543e-01
-5.080862195692185113e-01
5.890528562565782167e-01
7.010526797263983978e-01
3.884427059659523174e-01
1.060916226326338863e-02
3.035323772384781460e-01
-2.292599807483963192e-01
1.407205233328371330e-01
-5.502043374324451508e-02
3.639862581802715269e-01
3.256663269411480544e-01
5.487255329610944976e-01
7.659774473170948283e-01
-3.002734672465545707e-01
-5.408517576246527625e-01
-9.745871649714633878e-02
9.194698233744050264e-02
-4.538271357679164453e-01
6.813782433408054340e-01
-4.422794050605664551e-01
-4.810682988202618082e-01
3.214146797360866170e-01
-2.070665808273206288e-01
8.068584014770749935e-01
-1.217071831305575058e-01
-8.867137608634687584e-01
6.767604059748814072e-01
5.530612769715138599e-01
-9.590823457637392968e-01
4.954056870336122631e-01
-6.844338271433205723e-01
-4.641241095200500655e-01
-8.585449150322379541e-01
-4.151238131023837763e-01
-8.410442700669327198e-01
3.798993529317720164e-01
-4.050476475015563071e-02
9.429839617318479528e-01
-4.834428621999486975e-01
-4.233167969034190570e-02
-9.156803805861986056e-01
8.160400127073770271e-01
-6.096039043285323977e-01
-9.214855940261744705e-01
7.804320339141666008e-01
-4.458045050554839683e-01
7.597518820052885369e-01
8.241894125121341785e-01
-1.212917326805033724e+00
3.659782892088853101e-02
4.877120343016880799e-01
-1.730201830389211520e-02
-1.666986497707840520e-01
8.111414794356973657e-01
1.150361408746114478e-02
-5.871531169572090647e-01
8.353617727742819188e-01
-1.126057707652839135e-01
2.535837023696205228e-02
2.738231192643917900e-01
-8.702348407007205466e-01
8.338937636749761684e-02
-7.351866864303278071e-01
5.048920136999692776e-01
2.340881113695791882e-03
8.001999733486007127e-01
1.502671804940247657e-01
-2.826923141260243022e-02
-3.961925476772356625e-01
-9.681441674606812153e-01
-5.033902587022711650e-01
-6.699356685673792944e-01
5.793159600762260997e-01
-7.158382709318009685e-01
-7.826028385281001698e-02
7.456008530531150758e-01
-8.131971936367033971e-01
6.735204229140474563e-01
3.920022219549592624e-01
-2.268366721188837254e-01
-2.254212573333827796e-01
-5.349660061318070037e-01
6.458144922736179794e-01
3.357349621067435841e-01
-5.212646545780613705e-01
-5.541511987972219666e-02
-5.778463824006424554e-01
2.420505569224102316e-01
4.664016629466806174e-01
6.257956945879649124e-01
-4.632889806389504095e-01
7.297927023978114658e-01
-1.859306823540065601e-01
7.785136031951594981e-01
-9.368411705841002135e-01
3.670289372479208501e-01
-7.382451283585078627e-01
8.007016941656096565e-01
8.816132736189932206e-01
-1.109872387256559678e+00
-5.042926458750549568e-01
1.086429594160652101e+00
-1.106377982393731696e-01
-1.265636892820082571e-01
-8.218853886965856725e-01
1.870554862804962859e-02
2.771671602705944593e-01
5.117406420166124847e-02
5.557566353486393940e-01
7.183356563599951894e-01
-2.906672304821677488e-01
9.674858422881224551e-03
7.289972295551447878e-01
2.168622582712780300e-01
2.216096147464207550e-02
2.832762005047116394e-01
-2.092265221334220215e-01
-6.415869127842884767e-01
7.825632718130326460e-01
-1.039361409147992049e-01
3.878980736162875864e-01
1.383848697669987082e-02
-3.299837175376549303e-01
6.413641427229730407e-01
-2.900216184719351942e-01
6.592311966120067979e-01
9.977556333557583423e-01
4.353836817045211860e-01
-4.037188853211542416e-01
-7.396152879934869695e-02
3.525244933972868644e-01
-6.170836504678816059e-01
-7.766916936593816212e-01
-8.013206999111560647e-01
-1.105415664662045216e+00
5.831693976603440355e-01
3.657016226919559410e-01
1.548554189367533918e-01
-6.709786451463130019e-01
-8.321697382086109540e-01
