-3.706149009747483070e-01
-5.727562296191249791e-01
3.190986920950004135e-01
4.067853226598688865e-01
7.245254866556050111e-01
9.590954160860264421e-01
-7.951202516886064497e-01
-2.048261963920159356e-01
-1.310076663562891874e-01
-8.371134644482708387e-01
2.445450689807841804e-02
3.574001254035117370e-01
4.256123423470590250e-01
1.279634051313957577e-02
9.163148140051700086e-01
-3.826873542150860952e-01
-1.507228497863721817e-02
-8.685951930909256991e-01
-3.036974159278878482e-01
3.405842635857900813e-01
2.650075476784584660e-01
3.371152385181860334e-01
7.962412801695687437e-01
8.246493683122980700e-01
-3.873682731075043240e-01
-6.078174573270560543e-01
4.970230578547998324e-01
-7.497035112704493187e-01
-9.302281131991618768e-01
-1.000000000000000000e+00
-5.799404714288657336e-01
-3.560387373237630659e-02
4.286200488167240530e-01
7.789195645634504617e-01
3.450810633812373407e-01
-6.402324251516977593e-01
-1.830302917842639432e-01
-2.480896038399526549e-01
-3.219239959207044754e-01
-8.231378683450937261e-01
-7.900485947588067326e-01
8.241713569496654790e-01
-5.106004264124576197e-01
3.723220029097367156e-01
4.329517279672516761e-01
5.646978521769150383e-01
3.292871664533985054e-01
2.625079381848739735e-02
5.411017915455705873e-01
-6.599429590873594487e-01
-8.768979347490113430e-01
-4.398397194429346513e-01
9.418704547349276979e-03
-3.320462107367829763e-01
-1.766313948699688163e-01
-4.761541448865398984e-01
7.289399718777300752e-01
4.985944487850016427e-02
-2.617005283256190196e-01
-6.263900927879211267e-01
-1.808874164774381121e-01
3.860453473474564356e-01
-8.121809288538159866e-01
-8.074830714209209059e-01
1.218518786341049043e-01
-6.822942034784519327e-01
-7.077960395876010669e-01
-8.915815056853924059e-01
-6.823661963660776486e-01
4.952665177605261038e-01
7.134541944561640925e-01
-3.938286019918524894e-01
-6.019781397136825252e-01
4.245274119530841883e-01
-8.851641668908560856e-01
-7.539473974193914296e-01
-8.203197843693409430e-01
4.981797956840480768e-01
-4.462130197398966880e-01
4.834027639827752632e-01
-8.510252608008219699e-01
-2.800297584377562377e-01
-5.565394404225820768e-01
-1.718425698441563287e-01
4.133604892984847901e-01
3.472366928917100526e-01
-1.354598201204449126e-01
-2.827877264187989015e-01
6.658411242601118829e-01
1.646746878890320565e-01
-2.095511454658353090e-01
4.158111141029163238e-01
5.268022895178402498e-01
8.383596396016836927e-01
1.657100692003428410e-01
-3.944699563152100907e-01
5.839687129826610645e-01
2.800425610324274936e-02
-3.030299008270261885e-01
1.868870976021415609e-01
5.364584539109481520e-01
-5.355871302073736406e-02
2.310952013356757373e-01
2.885601200885778983e-01
-7.286221121893254882e-01
-6.509144569282730997e-01
4.836530880666267129e-01
-8.221636109673798876e-01
7.525968931053867994e-01
-4.561305375162474363e-01
6.227406363628154029e-01
8.797723936072535666e-01
-4.040616452986678375e-01
3.797056945741744682e-01
7.676623149293975157e-01
9.687830379702333516e-03
7.546384750225823002e-01
-7.393001172694004808e-01
-2.087594667835090956e-01
-2.861481552768301295e-01
6.507616410890935121e-01
-5.520577872977210365e-01
3.784371800341808645e-01
-4.600680612794181834e-01
3.910141937032732273e-01
1.000000000000000000e+00
-3.514515164395486946e-01
4.945710507979498294e-01
4.827469584123629809e-01
-2.319023306502949466e-01
-7.285043171018433794e-01
8.391035439205335456e-01
6.899131287841576698e-01
3.440446686887211891e-01
-4.073129554104735761e-01
-7.278463087941572374e-01
-7.282729372196699025e-01
6.583655296620256614e-01
9.036821991683451349e-01
-5.542322805099904326e-02
4.170676122376993367e-01
-6.865680724437993321e-02
-6.791194858083611230e-01
3.540389597590651860e-01
5.854976134829501522e-01
-4.545628737720028845e-01
-9.300785026089796181e-01
5.289804579485568592e-01
-3.216331148621254243e-02
-8.127122725702544681e-01
9.538823002188399069e-01
3.102034201125318247e-01
-2.139696372408709801e-01
7.376060829964035115e-01
3.619459638507489530e-01
-1.748176332471410577e-01
5.252371169403901030e-01
-8.486006158888027839e-02
3.921099732119351366e-01
6.225281502941835132e-01
1.651623248520824316e-01
-9.781035889961312013e-02
-6.204279163892957305e-01
9.114218058685179535e-01
-8.767047098757896340e-01
-1.044066702774000266e-01
6.572860548609278375e-01
-5.083294029736651343e-01
2.470270820616006779e-01
7.253900697751308746e-01
9.192079633063600097e-01
-6.933486946090989811e-01
3.193048258742887113e-01
-2.434563477165079259e-01
-4.824299174516722410e-01
2.942984680971187927e-01
-5.424554727102410406e-02
1.942472152568777977e-01
-7.400566645157221624e-01
7.351444957508638245e-01
2.579961746732652994e-01
-7.627226701534024489e-01
8.550512433153100167e-01
-1.000000000000000000e+00
-2.032877027671359804e-01
3.647719375632177963e-01
9.486480887837989151e-01
-5.731378601393035677e-01
-1.000000000000000000e+00
-1.120235978682556505e-01
-9.518527690068923075e-01
-9.245800173275796618e-01
8.964973475508807021e-02
1.906914846259191165e-01
1.316496904560644499e-01
-6.749599792362790396e-01
-6.979729956222077147e-01
-7.088582860872860714e-01
1.798867914523785000e-02
-4.878207766049112992e-01
-3.468920591844393275e-02
4.498770629127181175e-01
-4.214724329568187988e-01
-9.752001925193591880e-01
-3.382905465015083601e-01
6.661985627569451118e-01
3.464302639956138297e-01
9.980292701780602016e-02
9.163982402415831174e-01
-7.175015591425486228e-02
-5.204707723483509296e-01
-2.887397810178685686e-01
7.110041630767981458e-01
6.462988702309718780e-01
-3.931513170588468720e-01
-8.096864656556008732e-01
-3.138009055432964267e-01
8.734662436534301744e-01
1.900177237925957385e-01
-3.696856972442250644e-01
8.849524972100726306e-01
-1.133396873146123446e-01
8.698055335697917334e-01
2.143647732827639041e-01
2.384085160331029518e-01
-5.351327579472552332e-01
9.241249242475729764e-01
7.371643461396194530e-01
8.012612900466667964e-01
-5.478671529673083684e-01
-1.071878813402199621e-01
-5.730306198488800407e-01
-2.564453272753208779e-01
-3.008248697955668294e-01
-3.247174338793121784e-01
-4.543455651797105865e-01
-3.845445090423511569e-01
-8.081481742025137249e-02
8.597397574550500465e-01
-1.775053467512865968e-01
-7.554488112750870066e-01
1.634971265579796551e-01
3.210686251140955072e-01
6.661581432376755263e-01
2.075083575987786977e-01
5.359712989650988746e-01
6.159983068963269526e-01
5.356234376927124785e-01
1.000000000000000000e+00
-6.074346018735865549e-01
4.783620415984523033e-01
-4.085106385146664021e-01
8.928772547197827425e-01
5.244039992142586204e-01
-6.822954328579619032e-01
-1.781228997875219378e-01
8.596468746452111676e-01
1.000000000000000000e+00
-9.435487132939286425e-01
9.521952203022997496e-01
9.186312851793808631e-01
-3.174488713762627090e-01
-2.082848900434953743e-01
-5.789718201119181673e-02
3.584106418641541669e-01
