9.069678619670462627e-01
4.517949811576366104e-01
1.466293215985041698e-01
3.492212699298646306e-01
-6.941013251436318754e-01
-1.000000000000000000e+00
-3.603231746470211272e-01
-9.100116232135820049e-02
-2.524860310993686796e-01
-1.284042274758888103e-01
-7.264209728438499880e-01
-1.249968868578514442e-01
-9.226390828106012520e-01
-7.220880252492263285e-01
-8.588741514776161434e-01
-2.025209251506387143e-01
-8.456293529271013965e-01
-8.800704281361151349e-01
-1.128924598687371661e-01
7.511425832252676127e-01
-8.575774856461635398e-01
2.236662028949595038e-01
-5.697965616896952801e-01
5.329751483665117195e-01
4.777631837434629936e-01
2.505077368328316734e-01
8.837372157091913927e-01
-9.527326764929500147e-02
6.527851010397014431e-01
-2.113283757501009386e-01
5.805782750053919417e-01
8.644989826136998401e-01
4.152146843629140882e-01
-1.000000000000000000e+00
8.398610156525988524e-01
-4.804532066128676671e-01
8.885776072842297424e-01
-7.431911331092200257e-01
-5.580924553366315433e-01
8.282444569040718907e-01
1.000000000000000000e+00
-7.396953337020019115e-01
-1.665504660097325562e-01
1.813572550374198400e-01
3.176808474800096871e-02
2.435440334827187747e-01
9.775937269638177440e-01
7.168252421422716125e-01
-1.524791794048393767e-01
-4.231957583474771911e-01
-4.864342186780290511e-02
9.038964350566166539e-01
-7.741910772822513387e-01
-3.464299191003152867e-01
-6.628183105978178169e-01
-6.756787941964257360e-01
-7.938993777754498049e-02
-4.906682368413811668e-01
4.845764775254507994e-01
-7.055193435988831308e-01
3.706170230754237682e-01
-1.000000000000000000e+00
1.261220197157857381e-01
-8.492790879547572613e-01
1.588089610900094706e-01
3.889170979177871690e-01
5.207750792166774279e-01
6.378312541142798775e-01
-8.696686292654020045e-01
-1.515501470716423826e-01
-2.846874399073577866e-01
3.445493106924812921e-01
6.794767606467128074e-01
-6.456913857415913505e-02
8.725608346082526223e-01
6.533996029726467647e-01
6.917809583313723198e-01
-1.000000000000000000e+00
-7.129850687008684740e-02
9.128106265063615776e-01
4.941963391868797739e-02
-9.081669479317823201e-01
-4.877069077460505220e-02
-8.671831610368544441e-01
5.244403645095131461e-01
1.327542881302936628e-01
-2.409556300062110079e-01
-2.691899370835356131e-01
2.831112299711482927e-02
1.000000000000000000e+00
4.982167318147834312e-01
-3.914943480479569082e-01
-3.428442182874901212e-01
4.842200148389362857e-01
-1.144416676539330435e-01
5.175744573486418254e-01
-4.620939246788260402e-01
7.862846426068728078e-01
-5.877103019595414368e-02
3.039815445981051967e-03
-6.617267629358298819e-01
-4.157281611859178216e-01
2.321397483746154844e-01
-5.628927056553914010e-01
-1.981393486468749077e-01
-1.148087620708095891e-01
8.038260246704818091e-01
-6.673998955100965969e-01
-1.193762688548143797e-01
1.052250079284486606e-01
-4.615795638655204591e-01
4.318126862461013626e-01
-7.835663197069322461e-01
4.196170137532922451e-01
-8.055883704883967100e-01
7.909951275389861536e-01
-4.079008317284880114e-01
1.163223739251482008e-01
3.838056152192197423e-01
-1.543066054865778469e-01
2.517264096108229321e-01
9.942947050462227487e-01
-2.294162495378185007e-01
-6.386413167858795426e-01
-5.249694086930357939e-02
5.565723201032226619e-01
6.599431217157143426e-01
1.744636620003380267e-01
3.627149828549889321e-01
5.980420751096970911e-01
6.484396902428335441e-01
1.372377723531168492e-01
-3.085578573330001184e-01
4.015527849871292077e-02
-5.628445946212081719e-01
-4.953972664609449517e-01
-1.417932418714401566e-01
4.466415947692743971e-01
7.627989978172727836e-02
-4.120470581344540806e-01
5.609171217633498463e-01
-7.873349554463475730e-01
-4.998752012869456252e-01
9.561707406805123322e-01
-3.686062688595611037e-01
9.291712948461545996e-02
5.891176569029855647e-01
1.991483871215781465e-01
-3.070816850454347047e-01
6.792824094385009337e-01
-6.382806225772763575e-01
4.822937575009226263e-01
2.267395164811157604e-02
5.952817910357716125e-01
9.259640379730500470e-01
-2.408202654927287245e-01
2.223913760597641051e-02
9.878069949330691157e-01
-8.561028954028075955e-01
-8.448486306554463532e-01
1.150809836411297027e-02
-8.994911707523677302e-01
8.460084289304137251e-01
-3.291850680974630627e-01
-6.936883549665615600e-01
5.652575033119345838e-01
8.510683103306064812e-01
-6.581434843799546242e-01
-8.200397305971776074e-01
8.299872535970040377e-02
-8.944234931152468260e-01
-8.541793737193543734e-01
5.490613646139155257e-01
7.308475303935778600e-01
-1.605872904226700038e-01
6.954771243786286306e-01
-2.439138195951709165e-01
2.347956249645555271e-01
6.994174454765583748e-01
-3.887173165638136973e-01
2.205580390965507509e-01
-1.442414690868588090e-01
9.409512414132629177e-01
-2.430688154676466373e-01
3.394806874014323350e-01
5.439956708824065235e-01
-3.290458359607000283e-01
1.000000000000000000e+00
5.096075868711267276e-01
4.335273388042931719e-03
4.160808244109361898e-01
-8.486838576204476237e-01
6.769672111142096549e-01
-7.809968507080404798e-01
6.197425342329890841e-01
7.400623041798335411e-01
2.450133234399589632e-01
1.862654435564198574e-01
-7.262346347088930454e-01
1.321888961869768231e-01
-8.350623602726960082e-02
5.485754500926069976e-01
-5.473665464629098310e-01
-1.587428025631044681e-01
-8.183861875793666529e-01
5.643106701252970092e-01
-8.125238615801022579e-01
-2.055038200957188810e-01
-2.128963202113312303e-01
-7.682591015175006532e-01
-1.000000000000000000e+00
-5.506576003592026369e-01
-8.556906487519190252e-01
6.815685750208453353e-01
-6.935861704798522709e-01
8.358728476927557161e-01
7.938578905429613530e-02
-6.357267726837587674e-01
-1.049431671272650912e-01
-1.457443949400800964e-01
6.350010029919394006e-01
-3.234750956695193747e-01
6.087628323359222104e-01
6.740407717799370424e-01
-7.379467702803994555e-01
-2.794578947338392794e-02
7.749291370956511438e-01
-6.483255011761075437e-01
-3.942353130067272060e-01
-1.595938195361041312e-01
-9.274990247321608372e-01
-1.000000000000000000e+00
2.904422037062086570e-01
-1.809702128818864719e-01
-3.625686631685443029e-01
4.134282731695052004e-01
4.340042523928248630e-01
2.002675926026247222e-01
-1.821580859476151781e-01
-8.239896804959989662e-01
-9.413146592047625383e-01
9.546486156171247739e-01
8.093127165735408690e-01
-3.635253132123872355e-02
5.527244205404305832e-01
-7.450611915516249795e-01
-5.637041961978749016e-02
-6.451160599374516913e-01
-3.456185540080272678e-02
-1.000000000000000000e+00
-1.476726468765421352e-01
4.058287160984125341e-01
2.716426414893211572e-01
-7.151511089591318093e-01
7.265763954655610757e-01
7.030087708329932905e-01
5.103970119157790197e-01
-6.908099467795205673e-01
-4.213750484148059972e-01
-7.597050058530441241e-01
9.878101339617313403e-01
-2.815384485622400845e-01
-1.982374927303600654e-01
9.815247884364625142e-01
7.030684708106464953e-01
