1.000000000000000000e+00
6.388997855460130104e-01
-9.375527185198179181e-01
-1.559853736125865753e-01
-9.753971818414624018e-01
-5.161204496875817505e-01
3.896214266301794016e-01
8.977439953886094948e-01
6.010960211950857612e-01
-4.391147777132149432e-01
1.670184806629639862e-01
-8.999542057278464569e-02
-1.846108179336335420e-01
-1.000000000000000000e+00
-1.000000000000000000e+00
-1.000000000000000000e+00
-9.327588643823774284e-01
-5.096455696891724063e-01
-4.398526337510498263e-01
4.570983103013029902e-01
-9.348162531784703910e-01
-9.479306204367163868e-01
-8.494674129316437394e-02
5.132660031283441393e-01
-8.573281330332735983e-01
-7.514242419584316046e-02
3.616921309564611886e-01
7.960665770186430290e-01
1.124929935571402639e-01
-3.934434142958522784e-01
9.132613402472518072e-01
-5.454083497515449519e-01
-1.344632617415909281e-01
-5.786748636161134218e-01
9.253266489983944521e-01
-4.586713998873779286e-01
-4.233562748816521726e-01
-4.738657538453130286e-02
5.637045617101984485e-01
1.767465322930204252e-01
-6.480629952214052025e-01
-6.054790542350646509e-01
1.652129666624588822e-01
3.494968884298723100e-01
1.558737270144218978e-01
4.993230176771644713e-01
-1.338487753581212303e-01
-3.206624363395512156e-01
2.357337922709075717e-01
1.968047542848762044e-01
-8.575879181212061608e-01
-4.304180381820720269e-01
9.050865873314336563e-01
-9.750382098661452002e-01
3.195057911817041907e-01
4.614440639208475803e-01
9.574359492595189147e-01
2.051962871392111754e-01
-2.512636391997767338e-01
6.029574715887489056e-01
9.527065704378034905e-01
3.226524083016513167e-01
-1.692448219820657240e-01
9.241697524130673136e-01
6.140182305791017647e-01
3.426437351548305976e-01
-7.672187341561809149e-01
4.710442850787488478e-01
-7.960398674257538332e-01
-3.514956176716319547e-01
-3.648335249386506773e-01
-6.565061264780538419e-01
7.500018238876259291e-01
-4.449133108757585831e-01
5.656149100473943925e-01
1.000000000000000000e+00
-9.623670230291203609e-03
-1.370914298494092520e-01
-1.435720195912349451e-01
-4.288038188239653437e-01
-8.546824990503764097e-01
5.705750416382819878e-01
-1.642955022160503820e-01
-6.794762135192360386e-01
4.872850839474157092e-01
-7.132309833725365422e-01
-7.360239019769716506e-01
-2.956693396843901311e-02
-9.384159108521006321e-01
4.477129110112562649e-01
-1.429192618599732789e-01
-3.946241321588227491e-01
-8.178664036468646925e-02
7.584771835426262765e-01
4.088659732669948088e-01
9.910751409476148410e-01
3.030291621805207558e-02
-6.636711290908392513e-01
-9.225666143061491686e-01
7.878663374698200439e-01
-9.057515298744793775e-01
7.275106089538534437e-01
2.111869900396528277e-01
-6.570175102001734047e-01
4.840498085462131561e-01
4.779350622827039929e-01
-3.912733919572612962e-01
-2.861683540792587799e-01
1.437066391136659627e-01
-2.331700159964371633e-01
5.090308912657928175e-01
5.373814040665920722e-01
-6.994235861588815606e-01
2.141632355748654126e-01
-8.642067479824323550e-01
-6.592113533436214645e-01
-2.236453686906550165e-01
-8.040860952859866240e-01
7.538470612285519401e-02
-1.000000000000000000e+00
-8.068655625333917003e-01
-7.065921377371118250e-01
9.725873651662144681e-01
-3.761163962128923899e-01
-8.154598799335985859e-01
-5.642306232147693557e-01
2.076462066466895906e-01
8.422331195932459824e-01
-4.577844193151408003e-01
-8.928102459889397657e-01
-5.293788850949878722e-01
-2.097830820115420547e-01
-9.059036416270973557e-01
2.744006393637603014e-01
-7.794812008700653383e-01
-1.359374486809439286e-01
-1.000000000000000000e+00
-1.110785928380527143e-01
8.433241045818871129e-01
-6.188796667015497022e-01
2.764881845248273740e-01
-8.639437456355720801e-01
-1.206932906663069627e-01
6.173745817326627972e-01
3.213743775979338579e-01
2.629250728018850403e-02
1.618025402884436803e-01
-7.970528415117261734e-01
-5.143530747903202194e-02
2.651418252365145833e-01
9.799685799664568098e-01
-8.925077815658188918e-02
-7.090500544097784186e-01
4.358557322659180056e-01
5.044087379616692124e-02
6.699049493639914754e-01
-6.930704300877108537e-01
4.892886135983949281e-01
5.655079474367143977e-01
-1.000000000000000000e+00
1.115621916685750475e-01
1.320784459045584169e-01
-5.464309465605257099e-01
7.048942367164143796e-01
-5.217101817872348279e-01
-8.517376070678685240e-02
-3.431035118196936740e-01
3.838444538904998149e-01
-3.586400966385045463e-01
7.291479514685486052e-01
1.000000000000000000e+00
-4.186319140673241401e-01
-6.507692974035828026e-01
-9.141656275265880316e-01
1.171317998326696641e-01
-4.473427668330189899e-01
-2.859755249993661819e-02
5.913021233850299652e-01
-5.082718959158235572e-01
-6.153580171413810529e-01
-4.727679931525274881e-01
5.037589484391064715e-02
-8.735301970815494421e-01
-3.048133855409583814e-01
8.862067046575293761e-01
3.873197712646041513e-01
-9.307811791231308529e-01
7.064686420399850508e-01
-3.637471924164765169e-01
-7.693240539077104145e-01
-8.904480098851788594e-02
1.431960941338796811e-01
-1.373790016496307942e-01
-5.129019934291916272e-01
7.893160348167920226e-01
-3.344298507000160736e-01
6.266353811521265804e-01
4.964922129801238593e-01
6.951153909665501729e-01
-9.867499856885458831e-01
6.286584764833922367e-01
3.268686962404417917e-01
-6.620928926960989447e-01
5.609930736715973421e-01
-5.609883289642212389e-01
-1.171515906763191950e-01
9.074670125554682443e-01
-7.458079928491692101e-01
-8.382592411765437124e-01
6.532508267127588031e-01
-1.898821339395518892e-01
5.971824589165508623e-01
4.216508823407971729e-01
-1.237154098218293252e-01
-6.481344642391007049e-02
1.157948835425765405e-01
-5.331777863858455646e-01
4.774762905549521652e-01
-6.118101897902081809e-01
2.800604344910184729e-01
-9.459229201262209230e-01
3.049484203422976325e-01
7.324510490845232979e-01
9.455740622213604230e-01
-2.229938384679541197e-01
-7.407594220412105912e-01
-8.579806139267880383e-01
1.217751492893256737e-01
-3.654510649268871703e-01
-3.114818492078720302e-01
-6.309477250931806447e-01
-9.001771512426649524e-01
8.113287981026652274e-01
9.647812413658132247e-01
-8.227108806645855310e-02
-8.610949068642081983e-02
-5.343094688255742852e-01
3.007251695631035227e-01
7.571583731093294301e-01
-6.203142174537796816e-01
-4.900541615650910732e-02
9.587173452409520902e-01
-5.223644400097520180e-01
8.893271069323257505e-01
2.478649927273843256e-01
2.443128539478440775e-01
-8.200958710086865278e-01
-1.853742245268390210e-02
-1.678689825333667673e-01
6.488501341046213344e-01
-8.369206905028151455e-01
-9.818380156230348266e-02
4.100954090474466240e-01
1.398158760558729785e-01
8.032548641827363944e-01
7.942543685346169502e-01
-3.891618835072174765e-01
-3.079546758838735410e-01
6.196841781310051811e-01
-2.609020170828396101e-01
-8.018297802209624070e-01
-8.234970503854854851e-01
-3.428757472245916316e-02
-4.978326784024502127e-01
4.562659623385481034e-01
