-8.230268871440293843e-02
9.821850670878020662e-01
-3.258865469579253493e-01
4.870740612551576199e-01
-3.641981708120101136e-01
-9.470420832415382684e-02
4.676722658044023540e-01
9.672526993266072903e-01
-4.924067630099266402e-01
1.829849135241587987e-01
3.539003736490077268e-01
1.336107394883040422e-01
5.698548512348391437e-01
2.314737736961103298e-01
-2.646291713527759715e-01
-7.739466698419878998e-01
9.174875955231287517e-02
-9.674734070273069975e-01
6.053422596281555768e-01
5.969592380640564855e-02
6.185607246013384852e-01
6.075362489177896785e-01
4.344832270953513653e-01
7.741663108224390299e-01
-3.924714805474361912e-01
-5.792672933363116616e-01
-2.602577109162595992e-01
-4.060290802264566734e-01
-5.416137903749720373e-01
-7.542044356307404662e-01
-3.682283848054610509e-01
2.171826636912707054e-01
4.978324989672319040e-03
7.793676475076412036e-01
8.717030830668428543e-01
-6.217085914132842728e-01
9.368368930246442350e-01
9.621012523576871756e-02
-9.313128184460883752e-01
-9.909871155899814266e-01
-7.947810722332875333e-01
5.279446969259317113e-01
1.000000000000000000e+00
-4.817384933146742210e-01
9.305045494041502829e-01
-7.748150276870888753e-01
-3.753494255040814576e-01
9.520183251216509657e-01
1.886444981016019984e-01
-1.524053822153811355e-01
-6.334498394399126209e-01
1.232390257571089887e-01
-1.798430100666954523e-01
6.591741299274909149e-01
-6.581688813041131070e-02
-2.014584718471097158e-01
3.037838985010759552e-01
1.940174709132642672e-01
2.289773397219235229e-01
-6.709835253965887869e-01
5.267456044012275296e-01
6.009846071084053998e-01
-9.663078492277681064e-02
2.809916009393496061e-01
3.467321428976760656e-01
2.686605428369039927e-01
-9.211641483144766829e-01
-6.064303010072455979e-01
-2.811924797531424325e-01
9.034044622260075652e-01
-8.959285297497736611e-01
3.087738597016078113e-01
-6.724414224070620616e-01
9.578464342749026805e-01
6.509596533520966011e-01
-1.000000000000000000e+00
-2.030617280868232122e-01
4.641557618062064350e-01
6.361256666647123748e-01
7.778509769360946180e-01
8.597599792838470645e-01
3.020477339509715087e-01
4.094669838156748676e-01
-3.042293013840504656e-01
5.765509054032620651e-02
5.868746577409644782e-01
-1.000000000000000000e+00
4.443154683510746050e-01
-2.164718664441249718e-01
4.988750474269716961e-01
8.797749981079383552e-02
-2.033840716020036687e-01
1.000000000000000000e+00
-6.408106767096799494e-01
2.836955993996193026e-01
-5.830390102020099885e-01
9.394554592354897871e-02
-2.021075983239647295e-02
-9.410394521274326740e-01
3.517543625541501573e-01
-1.138582285065841138e-01
-3.077974786696078824e-01
-2.065430321383647794e-01
-3.816461568431748219e-01
-7.432735866924005119e-01
-9.926694291722784058e-01
7.910469541561243600e-03
1.000000000000000000e+00
-4.387720121229423675e-01
6.641077953036741977e-02
9.436579547102095233e-01
-6.396311873616169486e-01
-1.000000000000000000e+00
5.011432292201054572e-01
-7.749378220456473176e-01
1.316910067692954045e-01
-2.837466049028558590e-01
4.077260874495151066e-01
-2.083503944356501769e-02
-9.960833190657991665e-03
-7.958338067084047562e-01
-8.586334558233580383e-01
1.000000000000000000e+00
-1.128796985342399306e-01
-5.963185775862530624e-01
9.657013323503961244e-01
-2.470533297277726081e-01
2.671996080385087291e-01
-1.000000000000000000e+00
5.802578353934572108e-01
-3.580518294215868647e-01
2.449900258957913857e-01
-8.256010359138291621e-01
1.000000000000000000e+00
-7.450692192043435469e-01
6.289286118452630525e-01
-3.287771154907948024e-01
-1.000000000000000000e+00
4.096638073336338337e-01
-1.365051564610855195e-01
5.872376738059338352e-01
5.897874326196361761e-01
-1.028228756392524090e-03
7.147198429702891764e-02
-4.311481471118041586e-01
2.055765662804465155e-01
3.320244231018048553e-01
-4.963106075436846676e-01
-5.144037977447929455e-01
-3.215034011958926019e-01
5.710659465359233522e-01
7.196434609914632574e-01
-1.488213059420150641e-01
-7.317852499895970420e-01
9.677288154246668217e-01
-9.360883710468779206e-01
1.992754092286597167e-01
4.031341472040878005e-02
-3.614358287230126088e-01
6.260042340011926498e-01
-9.982370891232956733e-01
8.990838405305466852e-01
-4.585732773392512951e-01
-7.180420562976308485e-01
-5.910368660463067858e-01
3.333747388882083440e-01
8.165589110125484051e-01
2.757763908705825884e-01
-1.238341027635717767e-01
9.723982733221652186e-01
-2.211359965847121689e-01
6.518211254688466294e-01
1.000000000000000000e+00
-7.056110698171653706e-01
5.010949599167813240e-01
-1.000000000000000000e+00
-2.297298346022617066e-01
-1.000000000000000000e+00
1.217663911809357957e-02
-1.000000000000000000e+00
-2.643480215794021815e-01
-6.783832619036700429e-01
-5.684755247018499213e-01
-3.563347112076755696e-01
-4.564604248788133867e-01
-3.296798480539800402e-01
-8.593949142902728155e-01
4.060042008040103401e-01
-6.781341832427028038e-01
-3.765297703599038703e-01
3.867739620355911678e-01
-9.296498814358962193e-01
-2.895295455912518801e-01
5.985790201557089629e-02
3.295880030816715767e-01
2.930802841594231101e-01
2.348382257509973869e-01
-1.000000000000000000e+00
5.689347896372936031e-01
1.083527628743392590e-01
8.371545161254756451e-02
-5.975289106551464613e-01
-9.942390591091878616e-01
-3.802642159331018346e-01
-5.210587050122101882e-01
-9.318250704413364449e-01
7.703945126316007475e-01
-1.522740406136535718e-02
1.615223386128628036e-01
-3.591254475495955223e-01
-3.603904832350599552e-01
-7.990565106817094643e-01
8.703689021166072237e-02
9.526480077846593009e-01
4.364887213669350063e-01
9.714728884410627208e-01
-1.000000000000000000e+00
-9.566993516778077300e-02
9.367631936341811461e-01
8.609851918624950029e-01
7.354574640030000499e-01
-1.441771223866663565e-01
8.236638429403964068e-01
-8.900202807055972443e-01
7.289857863958539852e-01
-4.369508822884113908e-01
5.525343832244971054e-01
-1.438056530405480427e-01
1.268351597270253039e-01
-5.610191524348051573e-03
-1.524248277191655454e-01
1.080524469802288667e-01
1.300077379471226147e-01
5.280172998076968494e-01
7.082975250227716568e-01
-7.366913116354080193e-01
7.965367222824639715e-01
2.677629027686563301e-01
5.381436737641520640e-01
-8.225812831763872346e-01
9.297076937013863951e-01
-2.905329510225569400e-01
-6.183113582446844170e-01
7.950904571101669038e-01
9.253215199016895376e-02
-7.487819670086572899e-01
7.788833773153658324e-01
4.653644135212575694e-02
4.122069186961336840e-01
-4.678850328673279657e-01
-3.032992882914598010e-01
-8.075521427441126887e-01
6.540632960735157653e-01
-3.177956566493482793e-01
8.723525142617795103e-01
-5.226603098270110603e-02
1.335052871309508893e-01
-4.098877006726856509e-01
1.644406118547040163e-01
4.774392347134164272e-01
-9.853700282623236717e-01
7.429791385921997726e-01
-4.882465872441503763e-01
9.464968520441137123e-01
7.611485015553283440e-02
