6.662350990100309733e-01
-7.307464412358442851e-02
-9.513547034748300879e-01
7.283315911282813859e-01
-5.292468179775189352e-01
-4.142465876728137486e-01
-2.322156214056181889e-01
1.000000000000000000e+00
4.411541972412971191e-01
3.845024720019541986e-01
1.000000000000000000e+00
-1.467289762910692352e-01
-7.395405791099467496e-01
-2.741833308819214832e-01
-5.701018138093788545e-03
-1.000000000000000000e+00
-7.487396367430002586e-01
-6.012391805592592897e-01
-6.834988166055326886e-01
-8.394080752957573388e-01
-4.432581245270087456e-01
-9.908010926028579246e-02
-3.787411816907005901e-01
-5.812886720714472988e-01
1.000000000000000000e+00
2.634624553775446465e-01
-3.578053375987880202e-01
4.839190929297679244e-02
-7.440479378342419459e-01
3.072128687524908752e-01
-3.193095320456252884e-01
7.644495190746478652e-01
8.234956935615536100e-01
5.670303159831194262e-02
1.637265227933509815e-01
6.997922767799908961e-01
3.772152871900499166e-02
-6.722115572158923191e-01
-7.624842196761880686e-01
-7.320385919243006523e-01
5.234917018555063084e-01
-6.747312605463253732e-01
8.761341517345634378e-01
-6.011927480980908817e-02
-9.282743935234621935e-01
-7.483926313320359291e-01
-8.182844262235680066e-01
-4.305358408654811897e-01
-3.506082621392345167e-01
4.154168059497460042e-01
-2.652212000636730571e-01
-1.000000000000000000e+00
5.704960925016452356e-01
-9.217191550905106112e-01
4.568232960271497722e-01
1.860307548028209690e-01
4.451314297636173034e-01
7.479106296312277857e-01
1.866323357624835588e-02
-1.000000000000000000e+00
-5.148571359827185390e-01
8.110331618980907986e-02
7.951704629833841187e-01
5.362049358098529561e-01
-5.090086149457114795e-01
7.291142860475779974e-01
-3.972331106756010755e-01
6.955948472824210471e-01
-7.172613175043329736e-01
7.446705158401254465e-01
-1.800426224282638821e-01
2.411990562417115069e-01
6.907662770746537673e-01
-8.272594637753459823e-01
1.000000000000000000e+00
9.765243592421314345e-01
-4.808599140798744953e-01
-6.906557787571567797e-01
-6.837738421411897471e-01
-7.045378203681335050e-01
-8.463176426991522172e-01
-5.682079577695433592e-01
-3.442774213895972713e-01
5.446606892926122434e-01
-2.941937449166980856e-01
2.611010249024814933e-01
5.604047041484496727e-01
-7.104159717802301932e-01
4.290752356967011960e-02
-1.094064595445650018e-01
-6.356615606164629506e-01
-2.666355998518633030e-01
5.047188667319366662e-01
1.696316815481738460e-01
4.810579642633169284e-01
-9.901315177953495805e-01
1.211755032209813066e-01
-4.018455855360332230e-01
-1.081638482526672829e-01
-5.177584485820337923e-01
4.408915408624437815e-02
-7.503081327066667416e-01
-6.597377731420355218e-01
7.183743697784462645e-01
-1.001801900122396838e-01
9.340223075515259321e-01
4.525915148314734737e-01
5.028140874496583868e-01
5.709355427208757661e-01
-5.357149412283485068e-01
1.414596006255057492e-01
-2.184120163725286057e-01
-7.916787286020395831e-01
-3.175973714086639116e-03
-3.652825302859670220e-01
3.148545656023449268e-01
1.358148909717324104e-01
-2.702768801927128983e-01
7.719224806480098899e-02
-4.423882968427826912e-01
2.913707261979312513e-01
8.194956864383750039e-01
-5.218582746612725198e-02
-8.346292584418224525e-02
5.381949276188918718e-01
-9.453767368105796542e-01
-5.306687943607910629e-01
2.183647555166842724e-01
-7.992096277620319711e-03
-8.915965720236843639e-01
-4.374667643613283641e-01
-8.133277668396093896e-01
-6.533412526191355596e-01
5.867830264226863157e-01
4.419032154406749568e-01
-6.876205280396433528e-01
-4.415217884667728687e-01
-1.205730898525043254e-02
1.000000000000000000e+00
-4.778413076321145758e-01
-1.438458171886428938e-01
8.005313929036015352e-01
7.888129811795526747e-01
2.587837708959900840e-01
-8.352863128720213748e-01
6.985397707060803096e-01
-7.299679250522781437e-01
-3.392389240338757883e-01
-6.346931259269086856e-02
-5.236867863129743839e-01
-5.699050280895054388e-03
9.423581263297904353e-01
-8.867455102023248381e-01
2.133989127673074915e-01
-9.180679817025892975e-01
2.780712688895880524e-01
8.323739685052610193e-01
-9.090964065172618680e-02
6.760288265408083141e-01
3.716786898010393525e-02
6.172421123910320356e-02
8.397409794924415305e-01
-7.828937591751879976e-01
-5.283294337270703078e-01
-1.000000000000000000e+00
7.461736758884777165e-01
2.316241708887281092e-01
-3.124842940876841890e-01
1.000000000000000000e+00
-6.653594811613483540e-01
8.777352126444401548e-02
5.261410482754873552e-01
-5.027280009123700211e-01
7.787390529064044942e-02
1.000000000000000000e+00
-1.891812480351124093e-01
6.318198329387419987e-01
-1.110408339068276878e-01
2.091410809020977091e-01
6.047609702422768185e-03
-5.672309191966620201e-01
5.193765869389853629e-01
-6.139956809283217964e-01
-5.562101215898038742e-01
4.731691833766704658e-02
8.193935235745295476e-01
4.529425908385057431e-01
-6.577170636918738822e-01
5.788104192799404801e-01
4.139586601636108254e-01
-5.133131985406850367e-02
-9.319703407253699945e-01
4.253994541295501586e-01
-6.979790471894553594e-01
-6.014264893696905645e-01
6.922349234132948448e-01
6.210681095017285269e-01
-2.097392381937858707e-01
-7.811374558127831547e-02
9.084547109015479460e-01
5.946453958485941466e-02
-9.510269960718769067e-01
2.086815203674797226e-01
-1.252171280382124996e-01
7.324696507718915228e-01
-5.480231654584066803e-01
-9.681843191267811566e-01
1.923909037919945830e-01
-5.180379034378119751e-01
-3.633349977481170612e-01
-6.247271709076520491e-02
-4.309738222619686754e-01
2.857587925841485466e-01
-3.375324833965819282e-01
2.624399501430955683e-01
-5.632639976653004421e-01
3.868337716280685346e-01
5.310803592004917362e-02
-7.744908484876398269e-01
2.741343565789556291e-01
7.426532423575631370e-01
-8.196708231393291522e-01
4.101548595497068184e-01
-6.714067590614857250e-01
-8.728268693741942919e-01
1.559853373198887283e-01
1.000000000000000000e+00
6.219421911346298959e-01
-1.449788741010951676e-01
-2.838037479964083953e-01
-7.428960614072273039e-01
-6.524849395468048652e-01
6.844825697243793750e-01
4.075865932176929718e-01
2.929870962066462026e-01
1.819047734098420688e-01
7.845282301661978819e-01
7.810873014824532001e-01
-4.760259160494612618e-01
7.859987098696036290e-01
-9.327600404150391267e-01
-5.111700756665338297e-01
-1.138560307451881165e-01
7.998724695460340817e-01
9.113541582164795818e-01
-1.000000000000000000e+00
-6.693494565076921754e-01
8.314000799200018665e-01
1.000000000000000000e+00
2.834261981343009218e-01
4.875113576533872672e-01
6.768445659147738214e-01
5.474852987762388601e-01
-1.461160156168726104e-02
-2.931648940268459791e-01
1.659879573268451258e-01
-5.887792130533748836e-01
-8.990457427307818605e-01
1.694803734050230257e-02
-1.999087688724168477e-01
-9.654447977848790163e-02
1.000000000000000000e+00
-4.047907827806766778e-02
-5.522144180793465695e-01
-8.890312183288719972e-01
