-1.000000000000000000e+00
-2.089812022817514880e-01
-4.716862407118269096e-01
7.921677761468013390e-01
4.635951670851092832e-01
9.321434839108229120e-01
-8.527168189415821331e-01
3.794185742925626492e-01
-8.036503877720783118e-01
6.411393191431867811e-01
4.387661306877284062e-01
-9.300622315393303197e-01
-9.924058861189282155e-01
-5.118676132430739489e-01
-6.146129470086185431e-02
-2.267299260325174870e-01
-7.936862810537295143e-01
4.960167173588508893e-01
2.026373854121491791e-01
-1.875197475234287592e-01
-4.849256531523340463e-01
-5.331124111053443526e-01
3.889048360849777231e-01
8.827000734587336916e-01
-2.566313206113866596e-01
-5.838848172817711069e-01
-8.012517314146754277e-01
-7.136710762838573974e-01
-4.820100091114671859e-01
1.000000000000000000e+00
4.800025471563704182e-01
-1.477072841373940071e-02
4.083354916976009163e-02
6.985089115043172647e-01
2.568458031350985826e-01
5.323666115966250167e-01
-6.340119749641146552e-01
-1.984524779060923005e-01
3.566597543146265981e-01
-1.579677917107684681e-01
-4.548774738008417029e-01
4.749713059562969963e-01
1.399937877007628728e-02
-6.632940147940130649e-02
-4.050024271344003779e-01
-6.532158235317453432e-01
3.792033543236987825e-01
-3.659840867415047050e-03
5.245414048709726718e-01
6.924746165414992216e-01
6.496009491548476733e-01
4.124581105212724030e-01
8.498842397401550341e-01
-6.209809956030607481e-01
7.987678133557502003e-01
-4.880758236336381062e-01
1.234279864324420301e-01
-8.125599833301757613e-01
5.008021542903569046e-01
-5.730151493530024620e-01
8.850689914285421178e-01
3.924102158970164123e-01
-1.191518364719199030e-02
-8.777654289444077884e-01
-8.655366212453301511e-01
-4.420160647078111293e-01
-1.442282382278864405e-01
3.511916475004273064e-01
9.981661906496931413e-01
8.836594598848802606e-01
6.386308964273235134e-01
4.565596102630592457e-01
9.045758429268913048e-01
9.253936421001841550e-01
-2.672914155234658029e-01
6.317849654514222646e-01
-2.046671441330641661e-01
3.202154773747821759e-01
8.803425706146383867e-01
-4.055781364742690465e-01
8.399450553291955002e-01
-8.459967406631210274e-01
1.672309477058138150e-01
4.558684942310145538e-01
5.123747940791819611e-01
-7.890334149087367965e-01
-3.553979567415828100e-01
-6.767464521861810134e-02
-5.443620507988472523e-01
3.497323373016353321e-02
7.696693764589530584e-01
-8.394734853454194345e-01
-5.135027029137816390e-01
-4.428632914954140909e-01
2.306579235336577993e-01
7.513247984996094253e-01
-1.058741323493070097e-01
-6.632020042222437350e-01
7.113415045433183481e-01
4.021306073886649624e-01
-7.778470565924168190e-01
-5.703917962725069124e-03
-5.704654366974297730e-01
8.057957437127409861e-01
2.711694677446055968e-01
-7.791089195191690520e-01
3.818997291152380624e-01
2.197356237497580800e-01
7.109618668447282852e-01
-3.179950149454804365e-01
-2.065015741891903511e-01
-6.964628722699756080e-01
-3.042277311391450856e-01
8.561102762914946096e-01
-7.824356596184535162e-01
-8.120978529485604058e-01
6.919810566594200019e-01
-4.249444301304786675e-01
-4.962994296335825339e-01
-8.900321952038139361e-01
-1.166994173454012351e-01
-4.437499027899300952e-01
-3.802264690494410182e-01
8.647773247599332969e-01
2.749028551761424632e-02
6.764354077456271597e-01
-9.326523958614463261e-01
-2.530033089522224499e-01
-3.374660860587622713e-01
-2.479224989988208505e-01
-3.610895412423830719e-01
-1.000000000000000000e+00
4.621996487454691493e-01
6.524455176884853547e-01
-7.688750595554583178e-01
-1.000000000000000000e+00
-2.827044642237920291e-01
6.653140698709341105e-01
-5.666622436326670953e-02
1.859656753088073100e-01
-5.824660319233233574e-01
-7.603833305976518409e-01
5.648773041536249151e-01
1.785076676664343887e-01
-3.035950264524668318e-01
-1.000000000000000000e+00
4.125154846144191145e-01
5.544257042729725526e-01
-1.590073513689433671e-01
-1.318507400092547854e-01
3.173785878488494250e-01
7.640167403742978980e-01
-3.619317539049009547e-01
-5.958142327382531800e-01
3.620792721179638685e-01
1.480446357862842677e-01
6.913245228233391160e-01
-1.558087167219204816e-01
3.904582917484710758e-01
2.953384963338072655e-01
-5.146739673491211864e-01
-3.465906515063167381e-01
-7.671414589352331115e-01
-8.821105610883519521e-01
3.510039994480612102e-01
4.843918943487110496e-01
-2.225707070684086741e-01
5.715922522010125073e-01
-1.810952235963765589e-01
-4.960500282666782668e-01
-7.106735397860353132e-01
6.748707947395402584e-01
-4.451205612140432533e-02
-6.468572425178117369e-01
2.433226244011697792e-01
-3.335886905692082571e-01
-1.967210417871390615e-01
5.876558096634558748e-01
-3.421554514585425366e-01
-3.908501398409287564e-01
2.811803525365008660e-01
3.244005918483729434e-01
8.277029826236081966e-01
-8.435635832545329560e-01
7.345799993423660634e-01
3.816959607710800340e-01
9.005462486430859670e-01
-7.707186884899560608e-01
-3.536593720515879280e-01
1.000000000000000000e+00
-2.584169646771853346e-01
-8.641092661939804298e-01
-4.674751878725560417e-01
-7.175937987158433895e-01
-6.940741092881941299e-01
9.075204242562295853e-02
5.154881583928265787e-01
-8.808961647344306645e-01
7.572586726976255900e-01
2.039986803009214977e-01
5.436819525478338022e-01
2.140783252586357932e-01
-9.033865906334832552e-01
-8.274590460716449991e-01
9.174668399997494284e-01
-7.905163406555025529e-02
9.863257834944083591e-01
9.252708933198907637e-01
-5.881356763012717259e-01
-7.845532521309863672e-01
1.722576087791741761e-01
-8.726654416424581839e-01
1.000000000000000000e+00
8.103716779172316365e-01
-4.439229728727941415e-01
-8.107894273247200356e-01
-3.589250903752563282e-01
5.925020951682992143e-01
2.990075185058559959e-01
3.441342732856957909e-01
7.065898905866596635e-02
7.533700071743374416e-01
2.507862442125403241e-02
-3.945675036706827177e-01
1.810690649333293045e-01
-8.658201150484732267e-01
-7.707667944097540413e-01
1.957561022499887116e-01
-4.833552313924318056e-01
-1.000000000000000000e+00
-1.931353813137457465e-01
2.580986855488540677e-01
-8.380812621140345531e-01
4.865935153312926920e-01
-4.653230776672927504e-01
-8.360369895934116613e-01
-3.219738201337618566e-01
3.888623217045890645e-01
3.529738116732095699e-01
-8.022017643528883690e-01
-8.347623353683387704e-01
-2.125145187312804107e-01
8.583615924619208970e-01
-5.306758839314971166e-01
5.513996594337085000e-01
2.406930125596216385e-01
-4.549418395695670747e-01
-7.794511591473070045e-01
-4.228543239641046059e-01
-3.934410641257455321e-01
6.096181570674992223e-01
4.342669116970079846e-01
-2.090311471733644066e-01
4.256177133214499309e-01
-7.662995399016322429e-01
-2.986866765770372356e-01
-7.255449796847346366e-01
-7.318668705557499488e-01
-3.488596470946367378e-01
-9.605642309093674891e-01
-7.942860393199523417e-01
6.286494345679849438e-02
-2.520242653388082843e-01
-5.864086679551719916e-01
-2.917537241484721156e-01
