2.375216585089882926e-02
-6.028728956642902537e-01
-9.291713200595288491e-01
5.322184703822292751e-02
-1.083321488496544971e+00
-6.805643195175405114e-02
2.583767388677417620e-01
1.791103066432913893e-01
-6.289689091671758492e-01
-9.428452060101117915e-01
-2.865312556447087156e-01
-6.205021215406067991e-01
-7.078201509825888804e-01
4.048866559229802320e-02
-8.853300388306566404e-01
-2.278520352635000634e-01
6.344954775524168644e-01
5.879493333731958815e-01
9.558410743830978440e-01
-2.311988092487347185e-02
-1.285181538485870578e-01
-1.109745489514848971e-01
4.767173281211503078e-01
-3.479399471115159348e-01
-7.517067513233898213e-01
-7.975882214381790902e-01
2.360242600834159543e-01
-4.829570048387017422e-01
-4.458168976795728877e-01
-7.441569832740122514e-01
9.263175226841522392e-01
-8.729523725563992365e-01
8.140289850222370838e-01
7.485734781852214637e-01
-4.563354324498902770e-02
-8.523338298142446590e-02
4.875307385570820662e-01
-8.415338528896915138e-01
3.289311941327788258e-01
6.510491343507982531e-01
-2.385808324435571837e-01
8.409349604438154380e-02
4.251495881268305688e-01
3.352267661971795043e-01
3.215998685679746227e-01
3.313474737432481332e-01
4.269000906507944837e-01
-2.565656879734756757e-01
-1.088084939291688730e-01
1.216772667302413513e+00
7.855757088468076077e-01
-5.317203013839035819e-01
8.390768978727285443e-01
-1.723668282692564779e-01
-1.290921844959253550e-01
-1.504261361955633869e-01
9.438789672003289333e-01
-4.633825146929740901e-01
-5.350775264338802906e-01
-3.536823647614786847e-02
-4.384802672713863370e-01
-8.238714884257126725e-01
-3.241413386291858156e-01
-8.155347250426971117e-03
3.736648916415119537e-01
7.323883748365819235e-01
3.394808899857637563e-02
5.207596699588045164e-01
-2.985886366281886861e-01
7.105411197702331538e-01
-9.497034601816963795e-01
7.985068885390689264e-01
7.990733653343733423e-01
8.541284161162164823e-01
1.033967433522642088e+00
8.731373452416153480e-01
-2.234859384088110079e-01
8.222607018133348822e-03
-8.271919135795419153e-01
-5.805335693360015314e-01
-6.883418590462482278e-01
2.529435827743430343e-01
-3.181936708283850113e-01
-1.173485663158339298e-01
-2.024157013068239586e-02
1.432496949877962999e-01
3.809350514410385080e-01
-8.177349558349906733e-01
-4.764003047905857602e-01
-4.887829331712012504e-01
2.079399360363847205e-01
-2.596950818465452726e-01
1.839700563230128871e-02
-5.395676187874607344e-01
-6.326097323343224943e-01
5.734996642983793830e-02
-1.444054116354042405e-01
-8.731749666080006467e-01
2.433983883396576009e-02
6.121963952880141724e-01
5.395088206737884695e-01
1.182155295288941588e+00
1.469470692047087912e-01
-2.207418187652716302e-01
7.323907950349237694e-01
5.515290016513861859e-01
-2.449199248215391256e-01
-9.591401162133722513e-03
-5.601984824451469169e-01
1.295947079621050102e-02
-8.959378474042454243e-01
1.626315638409717157e-01
-4.957182581246843966e-02
9.700692261319631138e-01
-6.866641151865463533e-01
-3.332038698449872882e-01
8.719196487456389866e-01
-5.734555796138012251e-01
-2.814139922935739446e-01
-4.353941890270465187e-01
2.528398080832475747e-01
1.232666260665842728e+00
8.142335647916250085e-01
4.394156926922226925e-01
5.722436865376803183e-01
9.301102765512461179e-01
-4.582525223423363769e-01
-7.354531976527280968e-01
-2.544067839478824644e-01
1.089775154047295525e+00
1.144263867763022580e+00
-9.337138993624197747e-01
1.135290637650276935e-02
-7.701709240199841044e-01
3.328136367961300746e-01
-8.640200955148608086e-01
-4.448772310323012569e-01
-7.835545333487373143e-02
6.076830424239010320e-03
2.995282619773877997e-01
3.412786657207935725e-01
-8.451552823995399644e-01
-7.418912200246240429e-01
-1.462440296347300439e-02
4.360262979311595455e-01
3.746540083636127338e-01
8.855830259098451673e-01
8.162520291805652750e-01
-8.474844295026209284e-01
-8.948443007827029394e-01
9.336296476933405586e-01
-8.060737832145810078e-01
-6.929825240802922615e-01
3.199463243474841012e-01
-9.035934991345691003e-01
-4.805777381903526546e-01
-8.022950154682517709e-01
-8.155097997893689943e-01
3.169104438203967922e-01
-9.925718437195999444e-01
8.840225280777980199e-01
-4.714104534587251205e-01
2.890634623515830892e-01
-7.940963428641700794e-01
-7.931486795149305102e-01
2.838463853721810981e-01
3.480119769676678909e-01
-1.144997176034471043e+00
2.878592774378869734e-01
8.909950091652347748e-01
-2.689351547643545892e-01
7.605033064149145927e-01
4.568888333225112341e-01
3.976669959383621888e-01
6.066689803694629290e-01
1.689547254345891147e-03
9.917282894413431693e-04
-9.196886066203674437e-01
4.220946090577728516e-01
9.422760845834443622e-01
-1.892892439987578224e-01
-9.623608469657196629e-02
4.840114029062347889e-01
4.876586035364864902e-01
3.144581393859565699e-01
-2.841932783350220593e-01
3.492463562343186556e-01
-4.622286750411428446e-01
-8.563241435818270686e-01
-4.000420682882134260e-01
-6.315674456791799951e-01
-8.768818092635424222e-01
-1.875860056141993026e-01
3.453123318572061673e-01
7.458291135599088850e-01
-8.101777324592149832e-01
-7.232918968255888093e-01
7.850382255563469469e-01
2.459476893665566710e-01
-2.139288056447857800e-02
-4.706364410350130090e-01
-5.598073323676985291e-01
-7.666971424452527772e-01
3.614841287094825439e-01
2.185960502502793112e-01
-2.605251671995699736e-01
9.849733962827567080e-01
-3.035062018926512062e-01
-6.068163453022683562e-01
-4.421589484483592347e-01
-3.491182115510140793e-01
-3.139500718456940398e-02
3.110392049322334707e-01
1.001053122423074537e+00
1.550595818779337554e-01
-7.491575471900113747e-01
3.155097468074437028e-01
7.317163812669890133e-01
-8.447949918654005241e-01
5.089957415071129088e-01
-5.357763239423654067e-01
3.953190396346076829e-01
-6.203141704657518796e-01
8.072433485249692620e-01
-4.890641500421682997e-01
-2.689452697309593909e-01
5.583135323701596819e-01
-6.904626277213048446e-01
-4.882487858822250892e-01
7.874191212240392312e-01
-6.744410377322627159e-01
-8.137062758154971487e-01
4.434106572864229268e-01
1.760652682630937105e-01
-9.204237007263886827e-01
-8.550015240611993361e-01
3.236339483594010691e-01
-7.317883150095438882e-01
4.875078499489856054e-01
-2.454186547991615841e-01
1.541469276004441280e-01
-6.315070731453791275e-01
-2.650254182817752824e-01
1.634582845087653169e-01
-9.267260946142243938e-01
-2.522816370176570455e-01
-7.079199469473886897e-01
-7.240459814164229568e-02
-9.844734851080276794e-01
7.974923880034492374e-01
-8.950295859709578306e-01
3.169298276662515512e-01
1.246663713797294820e-01
9.919517519071593403e-01
-6.199677946875159495e-01
2.734755365298062180e-01
8.560902574813049615e-01
1.088391636133779539e+00
-3.371261762597031753e-02
8.143339983541474092e-02
-7.895067671185623803e-01
-4.860836543693607403e-01
-3.271349259114033625e-01
5.648651532109583151e-02
-5.080974565733299420e-01
