-1.217817280536023783e-01
-6.681440776127252068e-01
7.932327257713998048e-01
6.253222438643928349e-01
-6.722224679454067431e-01
2.715223463867250109e-01
6.987931231351520722e-01
1.251105961739994443e-01
-1.927848866927054927e-01
1.149864636129697831e-01
1.284759163539492544e-01
-7.918873669328958531e-01
-5.058851910872668167e-01
3.076688544640150957e-01
-4.545860125738221402e-01
-8.471359329716140474e-01
-9.628060653106386146e-01
-5.861331782854194428e-01
-3.532109109125787239e-01
8.431389320386550867e-01
-2.992814859093026469e-01
9.766060631534509984e-01
-6.596834798433224289e-01
-2.711660704898208318e-01
9.306233510138681719e-01
1.040683385227797020e+00
-6.330830221405978619e-01
3.236340752935515930e-01
-8.083805913036863355e-01
-1.571502164986351979e-02
1.017310874941621757e+00
-5.553217705956211558e-01
1.414503965594472445e-01
-6.215485217021641251e-01
-1.831947923469904316e-01
4.165371163358579931e-01
5.597634256762672456e-01
7.290128720541121377e-01
5.989992460266641006e-01
5.515055983162377995e-01
7.955448405988078120e-01
1.535397427499763656e-01
-9.115267908166460042e-01
-2.819114197310526038e-01
-6.950806768412877146e-01
-4.788844839206916060e-01
7.457694613747833934e-01
-5.876153760455389286e-01
-7.056513230980990814e-01
8.780176351607160701e-01
6.591537244685219399e-02
-3.385588638974517672e-01
2.650716663237593362e-01
4.834103435129797344e-01
-5.887743012995508840e-01
3.169015831328432231e-01
2.438091676042911660e-01
3.999822984468661691e-01
-3.173412821775403181e-01
-1.242754275798521046e-01
1.307326323346709729e-01
7.015939830827284673e-01
-2.540059335197935031e-01
-7.359950528083665233e-01
-4.563269047751293550e-02
1.027923377435528085e+00
3.748360147251738050e-01
7.585172398397237448e-01
-8.512420158465807685e-01
5.753223847689834525e-01
-7.118290679427801138e-01
-6.357051005955419720e-01
8.737071758508181407e-01
-7.666983752300031707e-01
-7.354758438150208466e-01
4.590643214966620977e-01
-2.157283950274012929e-01
-9.901046624292970666e-01
1.083244766998001929e-01
-3.472909095870145568e-02
-1.352957196831937325e-01
-2.353297467123085518e-01
-7.180221826665783569e-02
-6.705595299404749632e-01
-2.187562207500435840e-01
9.437259272170414603e-03
1.525254383579451312e-01
3.248386622915910849e-01
-3.081245922184598363e-01
-2.747912020461432125e-01
-3.538774010716732588e-01
-4.077177100560235301e-01
3.705189421245232428e-01
1.931290097878790302e-01
7.461247704720808116e-01
6.235822305698917045e-01
3.199103323201110682e-01
-2.630542874961173672e-01
-3.851832746651873141e-01
-6.397566047565785841e-01
4.154913152491001016e-01
-2.788494460083733584e-01
1.416280304631388487e-02
4.838644936242811889e-01
6.786023014054128888e-01
-7.884753836517044423e-04
1.178162758580424130e-03
-3.341901807416876036e-01
3.824021699370221405e-01
8.997432890654475379e-01
1.291553844411088559e-01
-8.797630829103206818e-01
-5.891776153224661527e-01
5.837320738114876173e-01
6.399052482622569205e-01
5.582407812938959824e-01
-5.743986003887522340e-01
2.688269671670392436e-01
1.431056782592662058e-01
-6.700018375263678827e-01
3.514800033288023595e-01
-5.581247618727778192e-01
5.578683835477371566e-01
6.974162679852238256e-01
-3.262640047498545082e-01
1.031206515653819933e+00
2.679817714427871339e-02
7.015856507431399436e-01
5.084947472611500707e-01
-4.836019054569659636e-02
-7.291662383180397278e-01
9.510425733801115555e-01
1.652033619135504505e-01
-2.279690866177401798e-01
-5.699903275295348237e-01
9.170931281221001985e-01
3.390092838410815324e-01
-7.145349000114107341e-01
1.804918744192987035e-01
-6.337360460632623926e-01
-2.680121250377316411e-01
-9.639855984758742835e-01
5.003373417554373148e-01
-6.362939908881034556e-01
9.109637468731897059e-01
8.054653279324678339e-01
-4.488910646556926731e-01
-7.244449469567892930e-02
8.455137667180412375e-01
8.000218803858059058e-01
2.677551445585362178e-01
3.396471360606629353e-01
3.692623097496792184e-01
-5.413863484858281172e-01
7.722404562677962492e-01
1.246815514981311351e-01
5.478423201027128320e-01
9.630346010911605692e-01
4.493149742324484830e-01
-4.620812130411339202e-02
1.711468120885528688e-01
-1.078437239432572525e-03
6.528140590215653072e-02
-5.142139251544786127e-01
1.043819899632031228e-01
-3.747750412611738913e-01
-5.529827656152180859e-01
-4.166761219420168083e-01
-1.131199398671950185e+00
-8.648718272557625042e-01
-3.211329712641824430e-01
9.805525943946419298e-02
3.810429151247556878e-01
-1.441881114763475802e-01
-9.132599326823417352e-01
-4.788406363980054481e-01
4.285782190848109741e-01
5.765791458425584270e-02
9.129152857765191476e-01
-8.560629509033702567e-01
-1.262421414990407831e-01
-5.749692951819029840e-01
6.348794260599854855e-01
-9.856603155610497158e-01
4.343394722383401296e-01
-5.186553647940772560e-01
5.746188594096341973e-01
2.812794185487863530e-01
-4.043904829471178797e-01
-5.103072921346329949e-02
-4.019993699148234345e-01
-3.377704333866351494e-01
7.599049846779319939e-01
-2.938192573486833048e-01
-2.900551909575606602e-01
-5.978435884833811498e-01
-1.072440041112850295e+00
-5.778146080380357485e-01
1.455464024603183582e-01
-9.024068054538758599e-01
8.271779955886588986e-01
-1.491664719501171188e-01
-6.828209165445296991e-01
-4.604249282362797846e-01
-8.005722320483146248e-01
-5.174932843720642106e-01
4.858791093681782414e-01
5.452781011999550120e-01
-4.895681760944610439e-02
6.268004727502551887e-02
4.541698532557184032e-01
6.510986040464399327e-01
4.654840505967550168e-01
8.295608112421254399e-01
1.397619270860821217e-01
-8.759847963475999588e-01
4.038770958139953349e-01
-9.982609190337219385e-01
5.336490401227308444e-01
8.214729671515661469e-01
3.733225601633768931e-01
2.277097295442282177e-01
-5.256860720931696429e-01
-3.126879085776376188e-01
6.773845701232237282e-01
-6.748779101446888973e-01
-1.000418409065501280e+00
2.908613066452295781e-01
-2.005298285815722836e-01
-1.929509091122271480e-01
-3.801444065127648764e-01
-5.204684452382714044e-01
-5.537634071434092142e-01
6.961433949232226359e-01
-2.430435171252164767e-02
-8.295734216287539708e-02
-8.555007557164933107e-01
9.183390976046359455e-01
-6.163565222211160322e-01
-1.953001845348005805e-01
-5.828764375052009061e-01
-6.504316353261858641e-01
-3.902028821867939978e-01
1.218570121424284725e-01
-9.609569101705535132e-01
3.465868416435264887e-01
8.174936765228469904e-01
1.432947908827728045e-01
8.799466371027204747e-01
6.872142062812987007e-01
-2.240785523143391522e-01
-9.017301083225008895e-01
6.380170973366849907e-01
9.567746047201942661e-01
2.460832201322420143e-01
-2.334863013545037114e-01
4.812134111502503475e-01
-8.020214237878299235e-01
2.659683179094795014e-01
-7.984348176397169095e-01
-6.214437013948000965e-01
2.715230864681661416e-01
-4.096393842122001416e-01
-6.851169345187633208e-01
-7.133252084154708683e-01
