-2.075704663426443108e-01
3.863893166234420029e-01
6.447043947639585770e-01
-1.678213917805204680e-02
7.053446704506960430e-01
5.671768027105863474e-01
-1.785406309602219910e-01
-4.502656369902480193e-02
3.032416219818456771e-01
-2.181934784729551158e-01
-4.500452520860740435e-01
5.531589574587665314e-01
-8.402043216486194677e-01
7.651633583049608500e-01
2.935021831633866096e-01
-9.032717846986653143e-01
-2.045501310924069394e-01
-9.652424454651618024e-01
-4.086024215518337943e-01
-2.897872120169211474e-01
8.431311560523679915e-01
3.510254627099140823e-01
-9.035589218924957589e-01
7.111902327648802480e-01
8.051314144754830870e-01
1.032244307391421145e-01
-7.851140659345670070e-01
-7.750867451747780468e-01
-2.427903800684418911e-01
-7.846218199281960182e-01
4.793878206666724040e-02
3.871084358410719073e-01
9.410396369207296718e-01
-8.912005617600171625e-02
-6.346119139534991405e-01
1.314015156046319799e-01
6.238075551086743609e-01
-8.413311590440455401e-01
8.530876310339441382e-01
1.549726335136292210e-01
-3.850269241274104637e-01
-7.707233624530149818e-01
-2.177963409261884919e-02
1.879647541287501333e-01
8.057267218240298234e-01
-8.525689284380717492e-01
8.201098905790549232e-02
1.076398409683898549e-01
8.805533303645183274e-01
-5.258888008499795763e-01
2.867237918922480588e-01
-1.998225209955022397e-01
2.067792578194802555e-01
3.500827768054843858e-01
-5.130515696850452834e-01
-9.398546036632171585e-01
-4.572077755244481345e-01
3.394232220199195904e-01
3.964141287402511704e-01
4.456878901113996427e-01
-6.354194158924171276e-01
4.331574957168251583e-01
6.300678106147792334e-01
8.322620282304149519e-01
8.855414180236835797e-01
7.856784276772872389e-01
3.243474518503504100e-01
-8.280249702058812833e-01
5.874633218301441584e-01
5.560874109063014270e-01
-4.898275852924747209e-01
9.173364047294139123e-01
-2.394765542357601973e-01
6.949915312036800685e-01
-8.287494159526918036e-01
-6.139788998397608388e-01
-5.585267411336669596e-01
-1.687575855014364912e-01
-8.867159948160709959e-01
-9.103281280389108332e-02
9.144413989982402846e-01
2.920854005322646163e-01
-5.689127322328848546e-01
-9.101590197973450369e-01
4.341469192680753597e-01
1.665762600488585043e-01
-6.693364969459609792e-01
-7.635792078914831471e-01
7.651916292451246271e-01
-4.711484347339565115e-01
-2.989564996753499848e-01
5.509884104064939336e-01
8.266219700965016237e-02
-3.129638111858004113e-01
-1.555764348878185821e-01
6.044152192965730475e-01
-1.449731221102246170e-01
7.230661397041175942e-01
-7.680348447952014546e-01
-3.181453944752574703e-01
9.806026960660512160e-01
9.873417627242240258e-01
-3.523366614582141843e-01
-3.945358125426305929e-01
-8.117447561260724420e-01
2.496947337073183171e-01
-8.241789334869549233e-01
-2.603906045076618270e-01
6.274623640429461968e-01
-6.460710262620463773e-01
5.406939440552396281e-01
8.267854879725922146e-03
2.963632356564713799e-01
-5.816254663666831082e-01
8.147385178842416753e-01
7.365456776958700935e-01
3.090709861760922994e-01
-7.162003398719885006e-02
-9.588449384552062416e-01
-4.533032235560172651e-01
9.941531462857948753e-01
-7.133537524578570377e-02
8.411046780067792383e-01
4.516026313482242038e-01
-1.903138800492916172e-01
1.003091105907041314e-01
4.625870873047299714e-01
2.285980580254260985e-01
5.040104644857961169e-01
8.505383922630520566e-01
4.376282981346266698e-01
-4.220275999644118592e-01
3.986879117915362869e-01
1.600091692246516928e-01
3.745155432641893434e-01
-1.270919953465152741e-01
5.644143863487385282e-01
8.911795298270046572e-01
3.709051003378702749e-01
7.720884229204241223e-01
7.924836601828113558e-01
-5.112669940584404493e-01
3.442191460929797664e-01
-2.190888468830705094e-01
-9.290580396182259726e-01
6.570939271702269657e-01
-9.180111635838845707e-01
6.212296766085076971e-01
-4.161060009164614382e-01
-2.626584544848740155e-01
3.820014059842389287e-01
3.893930993926724149e-01
2.137278358816521173e-01
1.918936609087082967e-01
-8.675854697865124088e-01
-8.580028709312064183e-01
4.060754629849829822e-01
-1.493966596363716093e-02
-8.014926784421421146e-01
-8.214294665516490568e-01
4.416771917111987911e-01
5.304804704844858776e-01
-3.180392789583228463e-01
-5.645836143809261909e-01
-4.983524564208337004e-01
-7.366907940797235987e-01
-1.502389790124709634e-01
-2.882757283025190187e-01
-3.438073666020018404e-01
6.347520518873654982e-01
-7.680909172474310598e-01
1.396133028342063653e-01
2.434599120480633871e-01
-9.583420627342538189e-01
9.503435392941084192e-01
1.182376694594635680e-01
-3.672605817070793144e-01
8.762475371117803835e-01
1.222829865548162864e-01
-8.074704087958965992e-01
5.357786685174168451e-01
-3.939280788618109153e-01
-8.472949454439109296e-01
2.191282044496507542e-01
-9.349137971162913008e-01
-4.847662485050308057e-02
-3.152249017831814104e-01
6.611125505322150708e-01
2.535206680866259887e-01
-9.223323900638664696e-01
7.854074829105093247e-01
6.727461345905205725e-01
4.043247038574275809e-01
-8.150479267194936650e-01
1.025424526513003531e-01
5.919431478625885035e-01
3.577843077940712213e-02
-2.178392944409413001e-01
-3.618615858628158044e-01
6.132205908238825831e-01
4.546202720686225440e-01
9.997985264000428529e-01
-2.432498232474822331e-01
5.207138420997379225e-01
-4.601991726640455305e-01
-6.413994592611254042e-01
4.233483555841144330e-02
-7.718526983292699484e-01
6.663869779071864841e-01
-5.660030812927838717e-01
-9.332518451708542440e-01
-3.881501012930526073e-01
6.808257868011908798e-01
-2.045847141474268494e-01
1.769160419731896638e-02
-4.811487328518209150e-01
8.254698512124192256e-02
-6.715478926721063502e-02
-4.122371631933248182e-01
7.179404539838458721e-01
1.715486297948241035e-01
4.300887003893707483e-01
-8.611692081007202848e-01
7.194777356264170365e-02
3.598726668071954293e-01
-1.156665546632960062e-01
-7.344060357595341149e-01
-6.276053493936302186e-01
-3.361302503223073668e-01
-1.977553298735434950e-02
6.610680202677401418e-01
1.321424335553482710e-01
-1.583554033736889188e-02
1.556628274645373011e-01
-3.169412981881214453e-01
-8.889263523652002341e-02
7.493498786536967327e-01
-9.805490838781087959e-01
9.485159740197874889e-01
2.456023908114397525e-01
-3.826437569055241017e-01
-2.158635750371002970e-01
-8.208995639056484439e-01
9.651237027667789459e-01
-8.446701878231333005e-01
7.927877885433787242e-02
1.381054374245649363e-01
-1.212140139556179275e-01
2.975251915087189225e-01
5.424332913826142022e-01
-6.357168112431637041e-01
-8.597097195329661545e-02
-2.145824872492507751e-02
9.940711970668159037e-01
9.705141378917718775e-01
-8.710995869273707726e-02
8.665860246206684714e-01
3.612925248237219833e-01
5.027460285354048430e-01
2.375024680731454563e-01
-8.203992716471630864e-02
6.068295361740663196e-01
2.104827147503778306e-01
-8.236118808338546149e-01
5.596481796728260960e-01
