-4.663002818224115664e-02
3.978311692008639211e-01
3.546989932787967259e-01
1.470314760435817714e-01
1.981400111025263255e-01
-6.455976042177800078e-01
4.221514390158329633e-01
6.995623114935431985e-01
-7.631327264639499175e-01
8.125091330947015189e-01
5.099821799518069465e-01
-8.896095303623270389e-01
5.153156512065655281e-01
9.595363133552795576e-01
-9.655862428949375520e-01
7.946700106640007810e-01
-7.933923970273839554e-01
1.545466555739983261e-01
-7.070958338585412450e-01
-6.380414614122540407e-01
-1.347275595142258808e-01
-7.677763502264818296e-01
-3.274511559903582336e-01
-6.685027971842928407e-01
-6.253418938514239134e-01
-9.764559247032141009e-02
7.705111875198215055e-01
2.485904308360420423e-02
-9.592684306425360852e-01
1.000000000000000000e+00
7.180004854340489295e-01
1.018559833591898278e-01
8.312034544926425461e-01
9.810585038624390908e-01
-4.610000571484871301e-01
3.247106339371148009e-01
9.644179716012700743e-01
1.000000000000000000e+00
1.000000000000000000e+00
7.797665465160568132e-01
-2.003948961757236746e-01
6.358258330143440329e-01
-4.887881109606195262e-01
4.503971561635253806e-01
-1.311594345169850850e-01
-7.492804267814179298e-02
-4.975226339470213421e-01
6.828518865396242254e-02
8.478920343419676930e-02
7.429272688531920465e-01
6.291861534898364194e-01
-9.387840626457448767e-01
2.733779541320424666e-01
1.000000000000000000e+00
1.000000000000000000e+00
5.603202029679159590e-01
8.698121030531971165e-01
-2.455483134504263809e-01
-9.423547726194283491e-01
-9.438754780311364723e-01
9.443762541933203858e-01
-1.396948461406558317e-01
8.420710769158895603e-02
2.254262017730243040e-01
1.000000000000000000e+00
8.393113575800492665e-01
-5.414962241290703915e-01
-5.964324726507399532e-01
2.860128372771735261e-01
-8.124834300677905574e-01
6.808020036107288453e-01
-2.271495758131616416e-01
8.431281918037600853e-01
-1.000000000000000000e+00
-6.027828164161890268e-01
8.379090718612576538e-02
-6.822688652343564808e-01
7.632493294416617946e-01
-9.543120423835298460e-01
-8.166721484552537380e-02
7.747960155423825324e-01
3.968968782594403666e-01
1.284135770784193831e-01
-3.931187129300926508e-01
9.773386548627371884e-01
9.728056268100506720e-01
-9.661142945564580309e-01
-5.965966454224543858e-01
9.503100115370809453e-01
1.000000000000000000e+00
9.463476739262791093e-02
4.681224874766848343e-01
-3.528361173676801688e-01
6.920468140033779747e-01
-9.202305066895740682e-01
-6.783760051893028553e-01
-4.313536430557678436e-01
-4.001883752886228329e-01
-9.623581018564753009e-02
-4.018857872646682261e-01
1.643788411201229926e-01
-6.910756803115674085e-01
-9.250358386904963259e-01
-4.513700097492800989e-01
4.958946811146660583e-01
3.233548802188804250e-01
7.749821624334252146e-01
5.748097176037119116e-01
-9.917772811427072455e-01
-3.287393486841416745e-02
-5.613038900541862386e-01
-9.210707161639917206e-01
1.959749781402266577e-01
-5.086549657287124937e-01
2.541090478982197531e-01
5.103243973140705325e-01
-6.561952024522105242e-02
3.265339679608358914e-01
3.258078194917259918e-01
2.600758571362123961e-01
-8.050193501558101650e-01
1.250726940330448289e-01
5.665005887761127568e-01
-8.586633505536698241e-01
-3.614793328790126825e-01
-7.873765593810323482e-01
8.657406641517475521e-01
-8.666827559878664822e-01
-8.583721300975601931e-01
-5.988061951533153460e-01
-7.360673902924501633e-01
1.797879183458167551e-01
1.000000000000000000e+00
9.740363501345377095e-01
9.935935903729125052e-01
8.864317492307477453e-01
-9.315676646866628552e-01
-8.885253476799152006e-01
5.936217272962758251e-01
-7.338678429396000569e-02
3.133776451183566403e-01
-4.059690688557853200e-01
7.399635700561436602e-01
-9.009342896702416947e-01
8.595366135170661170e-01
-5.059324917590444226e-01
-8.295790364164754571e-01
3.007603280259158463e-01
6.462027621944500533e-01
4.345496972103699562e-01
-7.634906855875368548e-01
4.022012467103016076e-01
-1.000000000000000000e+00
1.779627361270641472e-01
-2.581844494014942093e-01
5.056090493272700215e-01
5.573298553915733144e-01
-5.352482482417464382e-02
-1.476360604020834910e-02
-1.237594119436654927e-01
6.940661822444145201e-01
-5.341076916745679526e-01
1.750612256112480947e-01
-1.715551200736813442e-01
1.444775082982769909e-01
7.135763155261189983e-01
5.019641273868054032e-01
7.627666562733887989e-01
-9.286577966061138056e-04
-2.687668071049919005e-01
-3.077618644864010822e-01
-8.897903993025473302e-01
-3.350092810534043841e-01
5.289931826082900912e-01
-8.021211519871163098e-02
7.688936040358202995e-01
3.608353709341601823e-01
-2.493793608050107746e-01
-4.623708993894917185e-01
4.495992844454050341e-01
-2.462472596106628497e-01
3.404748919153411379e-01
2.894190462674093856e-01
-4.825143062304656505e-01
6.941127005100566905e-01
3.596846398098327846e-01
9.244402314637165663e-01
1.655179937099200971e-01
6.032765007888234443e-01
2.683230881959501324e-01
-4.560006019745292960e-01
-7.844091814959873732e-01
-6.081638837692161514e-01
7.118889415888650651e-01
1.639649723918735202e-01
3.451643396530579277e-01
8.275705962608634891e-01
-2.352130483984246900e-01
-2.925428385065638182e-01
6.328164298914616959e-01
-9.876901028642645630e-02
-7.699915097064594649e-01
-3.735627896409685067e-01
9.652226140761728246e-01
-1.809864575587553648e-01
-3.983063111723199601e-01
7.872515611934871593e-01
8.441079173242944655e-01
9.672650112459374450e-01
-1.420328776165105666e-01
-9.954229071913851534e-01
3.369357339966637110e-01
3.115324027328532086e-01
8.204893700371440612e-01
-6.912999877912031632e-01
7.180665139320645540e-01
-9.123718736640432647e-01
8.451067198322586016e-01
-3.455842753620773089e-01
-8.100334539002495005e-01
5.121176758205521207e-01
-6.204470755585362873e-01
3.398148838307578634e-01
-1.058976858432758572e-01
-7.674149362438810185e-01
-7.541366958908708451e-01
8.004146887120838771e-01
5.314891685913187835e-01
8.429554948299007311e-01
-1.756613366562838063e-01
7.380142502030331286e-01
2.272338912204401318e-01
2.008522837929752614e-01
-6.721050570993030160e-01
6.940786329811915456e-01
-2.688455112363041799e-01
-5.615788357589894808e-01
6.454460622770913369e-01
6.314104022418051132e-01
-1.762151107677463191e-01
1.639535461962804419e-02
-5.526530410807919402e-01
-5.502450842050083946e-01
1.399403910085131320e-01
2.128217205092402531e-01
-8.905747889555465369e-01
-2.907259090839267035e-01
1.842166937876379418e-01
2.094923056917863402e-01
5.326398731872721282e-01
5.968956914319556439e-01
-2.977179636617998115e-01
3.992879189161469000e-03
-4.019549848945384030e-01
1.510001112369913634e-01
-7.059152691095062215e-02
-1.842849840140639017e-01
-9.092458215543662847e-01
-6.918247739773639715e-01
6.793518496017001418e-01
-1.000000000000000000e+00
8.102050934197796428e-01
4.203259509283751583e-01
-5.610498081982415730e-01
-5.064220738517410947e-01
