8.579789392896372546e-03
-2.867904285748606452e-01
-4.279753176599583875e-01
-2.705966697313804126e-01
-3.996587365833830785e-01
-8.393040244279361684e-01
1.737788778906975140e-01
9.371514705393146905e-02
3.353320373576564872e-01
-5.281176987583109383e-01
-1.757732275135039102e-01
-6.639461367200495401e-01
-3.415847587380338446e-03
4.606932351590693753e-02
-1.594909926288205493e-01
-2.884206398640731112e-02
-6.885730227229420741e-01
-1.076306941821953134e-01
5.126246554463825822e-02
6.276065826422452254e-01
-3.591400521180010408e-01
-2.369942082443875220e-01
-1.779274193579935825e-01
2.033188611821917235e-01
4.239670221431264263e-01
3.930695814659088683e-01
-3.281507415021057139e-01
2.677529770355910888e-01
-6.016301135350519136e-01
3.288012407704414830e-01
-3.713780855507090028e-02
2.719992286654673297e-01
2.610152750478411665e-02
-4.054246428079353870e-01
-1.705949292191991651e-01
-1.913158171858725387e-01
-1.181850802845644394e-01
-2.036034128003640364e-01
6.410386939012678864e-01
4.950384097290771446e-01
-4.935165490146956047e-02
-1.580746839278251437e-01
-4.992675005742163163e-01
-1.610156187231199798e-01
1.835628414588110768e-01
2.604912981287715312e-01
5.459287096580656140e-01
9.983483033741155643e-02
1.238160812948269351e-01
4.322899878202169921e-01
3.923105190633003336e-01
1.668216639716968430e-02
6.285099859330709471e-01
1.573448044092676246e-02
2.537849332371364675e-01
-3.733586131461280599e-02
-4.880776514854708314e-01
-6.833568623216021987e-01
3.406574171877967405e-01
-6.563608365795445820e-01
-3.945586067918709361e-01
-2.029376653539142761e-01
4.964391092383111381e-01
7.228957852205133428e-01
-3.614476441134736318e-01
6.084502508755716965e-01
-1.067295422504827840e-01
9.873193005248860621e-02
-1.826333089443704094e-01
-2.777769099405336117e-01
-5.214450616321138210e-02
-8.414682619983994416e-02
-4.628608742489995209e-01
8.284828733254853694e-02
4.077073365520030857e-01
7.857552393606590524e-01
-4.337110936362382207e-01
-1.434479691698860825e-02
2.702793070544644016e-01
4.580428559879340389e-02
-4.908857944488215219e-02
-6.069816081251402928e-02
-4.767841456369456554e-01
-3.324190355052983881e-01
4.571142178791396393e-01
1.124936678613775998e-01
-3.415408438140355996e-01
5.204479788740297153e-01
-2.332585886716868062e-01
3.680839692150313924e-01
-2.159417016880626483e-01
-7.829268977202233359e-02
-4.591144860171295639e-01
-9.870261538300127702e-02
3.483582037062059600e-01
-6.015795468250199063e-01
3.952531531202482240e-01
2.604172970023700961e-01
-3.029168305633633818e-01
-1.946091496321984970e-01
5.434165511944734073e-01
2.347413041863299910e-01
-4.875938097330226872e-01
-1.638008769161508615e-01
3.428742577971388150e-01
6.275837531186329032e-01
4.091251817646232580e-01
6.579770140757373875e-02
3.653501326450657172e-01
-8.442975118218581931e-02
-4.242593456219717618e-03
-4.240702416310075384e-01
-2.469485965543246064e-01
2.098718787102817340e-01
-4.643775830125980164e-01
-2.321710207214836841e-01
1.518330677488079483e-01
-3.146715358941751250e-01
2.277589577840783142e-01
-4.763856782717031391e-01
2.077125881595020818e-01
2.285159069945656429e-01
6.414780993516806529e-01
4.989988214156256818e-01
-2.097243238922089081e-02
-1.949166445232058398e-01
5.546286546692834607e-01
3.936895536369754423e-01
9.226354422396615407e-02
-6.386414770985109346e-01
-1.116592212036750520e-01
-2.274799047124412832e-01
-3.451746841504069740e-01
-5.452448505520837707e-02
5.260559686822401382e-01
5.730975275751928333e-01
-4.926661238281580535e-01
-9.365499873584233470e-02
1.830947445748757341e-01
2.411473243926881005e-01
-1.977949982245443272e-01
-1.305379608308208372e-01
-7.229237483255516183e-01
-2.746450492096518259e-01
-5.954052442054618144e-01
1.183642721360151501e-01
-1.090879457605839764e-01
-2.816547197816441916e-01
-5.634296332780550087e-03
-3.968213599462375729e-01
5.527814181265078286e-03
4.599910033939939025e-01
2.261551931197216259e-01
-4.040388705242435874e-01
1.656748535044363368e-01
-1.289132381332669941e-01
4.085252539122766757e-01
2.061614261948838123e-01
3.466125532966055633e-01
9.807662657312643528e-03
-1.043680387155939415e-01
5.476950514272430626e-01
-2.417901347445146898e-01
-1.412270130933284407e-01
4.105163043943790280e-01
-1.917581009786135104e-01
9.824679361490756824e-03
-5.073977746744166017e-01
-5.357465885743671885e-01
-1.171640555269735096e-01
1.176953338940630867e-01
-1.411071566888443818e-01
-2.044532113938352935e-01
4.200031467852663458e-02
4.000716948611058310e-01
-3.585031241688655945e-01
-4.760020281412393750e-01
-6.303912097772838008e-01
4.632884799438534706e-01
-2.338481530885704596e-01
-2.027527895158144355e-01
1.517918245823300649e-01
-3.912964516525254677e-01
-2.759777707372452205e-01
-8.110221783938320606e-02
4.246338572260351940e-01
4.672613735264868895e-01
-2.139891531504967415e-01
-3.080799062606180416e-01
-8.069447020751788213e-02
-3.680414137611557335e-01
1.708912066142720954e-01
-5.450501443676720736e-01
-3.555765696538125686e-01
-5.836271467368601140e-01
-2.610444926129722454e-01
-6.135402822382746146e-01
-8.038969224581082873e-01
2.643351901626672662e-01
-3.523830939812298002e-01
2.873202062871077489e-01
2.674963177975915318e-01
-7.046310022836473896e-01
-2.650783504319877970e-01
7.154553224714821358e-01
6.204973442490546720e-02
-4.620461856894503838e-01
6.566741605219740263e-01
-5.629155415194494472e-01
9.578587171310595227e-01
-2.263095775292011391e-01
2.850942950817025867e-01
9.049439837098169348e-02
6.959888289629923008e-01
-3.391855030720004605e-01
1.555032729693939242e-02
5.667518323912032474e-02
-5.255318604583238823e-02
6.445896531577890443e-01
7.731228400976768445e-01
1.735331336660939638e-01
8.179183088956303305e-01
-1.284186506561868502e-01
2.049314627130064959e-01
3.165750980171121165e-02
-1.272187467479539147e-01
1.343732052336676919e-03
8.488011814382551146e-03
-7.600239774347786192e-02
-5.343542760455943785e-02
1.560490302506466198e-02
-1.993903261633004076e-01
-2.271631347736116635e-01
5.919313247704587333e-01
-3.180277504124914834e-01
-6.418151876805798794e-01
-3.401657225545599572e-01
-1.547984618071913954e-01
5.435874858683008570e-01
1.154222303831501928e-01
3.854004837736955125e-01
3.592132548004791093e-01
2.822017389330231385e-01
-4.820271680333790276e-03
-7.317710038851219512e-01
1.238772382276408790e-01
-4.126113251245646651e-01
2.079640178800982453e-01
1.040473656226106880e-01
4.313735335405297633e-01
-4.148828018706385845e-01
-1.276575270331888334e-01
4.877353263341722700e-01
-9.191373306520364550e-02
5.833322904805060549e-02
-2.148523927973676473e-02
-1.354088372158606390e-01
-4.519365330314282780e-01
1.518206743817422655e-01
-1.231777800769334741e-02
-3.101319077534045454e-01
-6.831830235895554049e-01
4.338100896188323841e-01
3.894882143065241942e-01
6.761052477666271709e-01
