-2.698765510003180990e-01
3.162204230131900884e-01
3.498021356426133655e-01
-8.358257778389980297e-01
-7.940779270563266268e-01
2.208243108962305579e-01
-8.104510801362541095e-02
-8.849191662621853638e-01
-5.332512283170026679e-01
8.273682722571404913e-01
-3.835049690813173151e-01
-2.712969137571125677e-01
6.377879833902513340e-01
-1.942509719852520134e-01
-2.209293279887437900e-01
-1.592268470611073461e-01
5.816313582190533182e-01
5.737223996729952091e-01
-4.610915944761770913e-01
-9.794741396665676558e-02
8.526546170878015474e-01
1.966719430187885975e-01
-1.000000000000000000e+00
-7.148452195185539537e-01
-1.881741652114644614e-01
6.240568383234175176e-01
4.327936381225170326e-01
8.467937938349816562e-01
4.273297758427406778e-01
4.658483051665761598e-01
9.456339814069760763e-01
6.664021231990778782e-01
-7.961902579919537537e-01
9.229018815485851013e-01
6.314844829659660430e-01
-2.483481337019144142e-01
-6.109984384039428562e-01
7.491637981381003009e-01
2.631863522299557334e-02
4.566040419436783182e-01
-2.505225082060946740e-01
-2.683026190630937169e-01
1.308528765732188681e-01
-1.489156360109188948e-01
1.894457606746946521e-01
8.242259714760952205e-02
-1.466772622632281364e-01
-5.638684359009832336e-01
8.973438052037424617e-01
-1.698574735573761263e-01
-6.982564026127384693e-01
-8.280202185746849963e-01
-2.925386287018146292e-01
-5.687330838029088786e-01
8.561220649113795433e-01
-4.325509859057725115e-01
-3.975145015164145423e-01
8.111579084248310423e-01
-6.809317884170991153e-01
-5.499862921205471711e-01
1.373733677512134488e-01
2.436307391115515308e-01
-6.517200804630809419e-01
9.204972056082906251e-01
1.814786655220938238e-01
-3.332970357581560572e-01
-8.396260190619646568e-01
4.578653120943922961e-01
-9.937545201677173701e-01
-2.169422650554232446e-01
-6.311471862713876613e-01
1.660665486685011516e-01
4.057169797048243431e-02
-8.490169891250748391e-01
-7.228891541519646413e-01
8.079446079235449441e-01
5.242683767767251091e-01
-9.987640318994128741e-02
6.057256712328059622e-01
6.273734642506030301e-01
-1.797505364835875752e-01
-1.000000000000000000e+00
3.480696615554410567e-01
3.652371265852367710e-01
-3.514552284906967694e-01
-6.360906513600190770e-01
-5.309266379939129310e-01
-8.945710212313084941e-01
-2.742011728324147413e-01
-6.354595674105715242e-01
-9.692101623203575045e-01
9.201355422421761965e-01
5.817164988668833275e-02
4.418126165199265376e-01
-8.068271412968542888e-01
-8.791270059954717220e-02
7.684602087414752480e-01
-9.719877908498375518e-03
-7.479461199733070664e-01
3.275049602204239130e-01
7.292979357943614183e-01
3.549010683882840023e-01
-7.810471696122852636e-01
-7.211268825889531886e-01
5.528072272271879195e-02
-7.062537973194779051e-01
3.672751617935066104e-01
9.151759910832973910e-01
-3.650300116379636695e-01
-3.433629856018444171e-01
-6.206293232164921125e-01
9.310649056977858551e-02
-6.593349447754969228e-01
-1.666783315008420474e-01
5.382951154578254904e-01
4.541957029543226554e-01
-5.195281815854548846e-01
8.234795245413643050e-01
-1.000000000000000000e+00
-4.037062092152993165e-01
-8.148448298687815949e-01
-4.295205893338928660e-01
9.655556102174900346e-01
2.711448816374524284e-01
-6.440038389654214601e-01
-2.500013010590711182e-03
1.000000000000000000e+00
-4.155357888002193523e-01
8.768487164340944551e-01
3.260837670242151543e-01
2.058309939593992444e-01
-3.301038568177752097e-01
1.089334408299863222e-01
-6.973134436712541406e-01
-4.533544833570939403e-01
5.596282498335556355e-01
1.685225453047891619e-01
-3.001816452510372435e-01
4.236619539184217215e-02
7.143465712499955655e-01
-4.901516563690524464e-01
-4.436682559904714385e-01
-5.914679354864724736e-01
7.290189761825549564e-01
-4.333129035543579199e-01
-6.558398132819658333e-01
-3.424518753645348634e-01
-2.840057089632709308e-01
5.431378819362234767e-01
-7.080057497114684573e-01
-5.540248239997135338e-01
4.213705582588720966e-01
3.639188636237020713e-01
5.278882928018164833e-01
9.651520955159071935e-01
-1.000000000000000000e+00
2.729705973232823268e-01
9.707412877546235386e-01
-9.618659340431495730e-02
-1.735657668634883466e-01
7.872732876488609532e-01
-4.008370796054074869e-01
3.393272030558007746e-01
-7.114767514376176827e-01
1.846731439153347365e-01
1.007781630324825484e-01
5.908366532396536197e-01
8.910312887111758728e-01
7.880900603876892507e-01
-1.773502991644562710e-01
6.610861349880283733e-01
-2.952545828493202684e-02
-3.443219152627217117e-01
3.421305152419106266e-01
-6.849088111539408663e-02
8.053627221651054047e-01
4.849566413141073729e-02
8.586232172911617555e-01
-5.262449474000874261e-01
6.068617201304247200e-01
-1.130615511858647643e-01
7.750918194691676089e-01
9.838804009523292038e-01
-3.628962429212272411e-01
-6.661840734942294784e-01
5.173140710412508225e-01
3.531017930559446349e-01
-2.363448459950776570e-01
-6.986400519458577651e-01
6.552166621459566409e-01
3.088735346402893822e-01
3.425884425785612475e-01
5.175163511572353769e-01
-1.548383153108660870e-02
2.684266099786176141e-01
-4.483900594231815528e-01
-5.409213524492085812e-01
-5.450227855808961186e-01
-2.478021797402885362e-01
8.897948957249870450e-01
-8.352587704252018019e-01
-3.545925093897617231e-03
4.419001403516997772e-01
-1.133334198887420430e-01
2.582896389523733349e-01
-3.130887877332866331e-01
-3.538715867398434245e-02
9.304724763227981699e-01
-4.683130362008560699e-01
7.227382193625686568e-01
-4.655471825485120729e-01
-7.751822775361008055e-01
1.941108288402754734e-01
-3.251764260737641243e-01
5.837002737494706439e-01
-5.939306288093697539e-01
5.423052608764693527e-01
2.697327108308831267e-01
3.481626291655967598e-01
-5.821095737534466297e-01
8.744926039402721729e-01
2.846871200806902480e-01
-4.309376958560775517e-01
1.486334427226879695e-01
-9.362699907239863117e-02
-3.093515956084689211e-01
6.519572895727572259e-01
9.322457409052724575e-01
3.708180271887809298e-01
-5.849497652878493659e-01
-7.936178746740538692e-01
-1.494340796929199966e-01
9.483084318778003396e-01
-2.438067812969023640e-01
4.052996391316816549e-01
2.156108216006693001e-01
5.500805553382015489e-02
-1.000000000000000000e+00
1.192529787118994933e-01
9.400707017686721345e-01
8.614006956487606503e-01
-4.559304926058042051e-01
1.051170192848792651e-01
5.060062545084732799e-02
5.310731028067229575e-02
-4.782462902125315107e-01
-5.533252689082137632e-01
-6.779392664416286074e-01
2.646650727023585475e-02
-9.399560263102962887e-01
-3.419120126077336286e-01
-7.982686192414684134e-01
5.073910415479050418e-01
1.777526850212406417e-01
-3.393535376497315847e-01
-8.797298733979537488e-02
1.000000000000000000e+00
6.795464496176408797e-01
3.520199692938150715e-01
5.157290103575662421e-01
-4.073446879838835688e-01
-3.492379781967104302e-01
-2.983758984996130459e-01
5.100697004354384223e-01
2.133391720792930379e-01
