-6.348244642375375779e-01
-3.033376937468504689e-02
2.630706806924564822e-01
-1.892296983116503739e-02
-2.855814540784363809e-01
-5.876987497503143310e-01
-3.288216807116591811e-01
2.677895481863658556e-01
4.555858241068771464e-01
1.119061551178438529e-01
-8.274928921050139774e-02
5.917774639726526564e-02
-4.125711911294341894e-01
4.725618702649331815e-01
-9.260205883162983542e-02
4.672430934371302191e-01
-1.586339134357890868e-01
-4.388389034319740145e-01
7.582503430637052011e-01
-7.857027614022638051e-02
-5.583443383687577422e-01
1.901180945803441213e-01
-6.901782193766495821e-01
-1.880419637039994485e-01
4.807917318703093801e-01
1.356598168045455022e-01
1.618368012986878268e-01
2.588375457393230494e-01
2.112571761928246916e-01
3.599900658687779087e-01
-6.122047673658167488e-01
3.612056248326482311e-01
-3.911863383447891085e-01
4.865288509785527932e-02
3.418133635075836785e-01
-2.810706634608345703e-02
5.577553849197924851e-02
3.984255759460640922e-01
-2.382369348619964300e-02
-1.486569175437712879e-02
2.796389171306603028e-01
4.544247500298090880e-01
-3.936020767213441185e-01
-2.676948627854697782e-01
7.967906745709559813e-01
-2.247250371890671394e-01
-3.861973014958362538e-01
2.830006342046037862e-02
-1.052763408829917591e-01
4.853498374703390517e-01
1.354304502705393487e-01
-3.038013535802450704e-01
3.397616573885068325e-01
2.485606367923703930e-01
-9.242271414354789882e-02
-5.045546804850096212e-01
-2.191644506944334381e-01
-2.197494362264350298e-01
2.237794964212125870e-01
6.318515410343750194e-01
-3.942537665993279261e-01
-1.380272584536735292e-01
1.832050087799759752e-01
-9.718324879950177020e-02
4.113059389982252623e-01
-1.401019222476368731e-01
-3.274279637445148272e-01
-1.034839327018447219e-01
1.936680044088909258e-01
-1.075486749850545765e-01
3.083917902178906489e-01
-3.424233964679322395e-01
-9.199929652958858950e-02
1.848516069656135630e-01
4.509565803057091760e-01
-6.444138072848595855e-02
-4.203310755371004181e-01
3.153131785350543059e-01
-6.568416523329773105e-01
3.979477842367102336e-01
-4.217408131411453653e-01
-1.847072652877231602e-01
-4.039827254635403597e-01
3.073701842874892454e-01
-3.315311284861910957e-01
5.497922000690312963e-03
3.828916790209920262e-01
-6.910236672795942725e-02
4.113657790342933884e-01
2.426426387963231679e-01
1.240491384087253207e-01
-4.785034927091469936e-01
-3.739523496478924236e-01
4.303534666106145212e-01
2.834369089813122411e-01
1.311385594691518719e-01
1.817726456113817890e-01
-1.857235502218478329e-01
-1.863656974617756501e-03
2.851852049987360638e-01
-3.829961808950934632e-01
-4.527965352948571387e-01
2.245000327929671247e-01
-3.201894095549944752e-01
-2.008619745607815310e-01
2.798571534670969418e-01
-6.487366936714558108e-01
-1.488097385244610549e-02
3.590431162810480692e-01
4.920682835276410372e-01
-6.594875394430883830e-03
-6.328403485262961148e-01
3.196801035297400229e-01
-1.329732522638646663e-01
1.557892819094755348e-02
5.737092240848445934e-01
-1.368226998393258231e-01
3.340777402987870626e-01
1.151231444502904579e-02
-2.485266388539593418e-01
-5.779560185179651866e-01
4.290578283647511482e-01
1.736363570432073733e-01
-1.148836349845964999e-01
-5.398818755007894765e-01
-1.013181113547708678e-01
-2.565627866330337514e-02
-2.807959110367558853e-01
2.168892546350420503e-01
2.943464524440092198e-02
-1.044786703749605028e-01
-1.180639044682446209e-01
3.407547135282966710e-01
-2.174234731634698548e-01
1.856026740524849283e-01
1.827495029040690500e-02
-1.772560733911036357e-01
-7.111283353530228890e-02
3.324267087478794402e-01
1.200930067460111300e-01
3.523647300567858687e-01
1.968937539844042572e-01
-3.664221965358172017e-01
-1.805552194651564857e-01
-1.017352198720081341e-01
-2.382293833493173141e-01
-3.786718769813423036e-01
2.280553590869484337e-01
-7.964425931941370232e-03
-5.175692204355825110e-01
1.159174614093121669e-01
4.996824461024398922e-01
-6.638576133573721727e-03
-4.687202638645311392e-01
5.424078859792921259e-01
-2.100572256812257566e-01
5.194273235282141910e-01
4.724859834271890602e-01
2.172363678592494352e-01
-5.583653433647166597e-01
2.637310411969475687e-01
-6.366560988764498052e-01
1.380663198831606486e-01
-2.614405144031793915e-01
-3.541266290617178791e-01
5.771903510356459766e-01
-3.560160729394137857e-01
-1.646244147033598948e-01
6.390846545044842619e-02
1.840724137975439378e-01
2.739965378029324827e-01
-5.616205533413656248e-01
-3.368200292288134334e-01
-2.872926270010720540e-01
-6.988200569013461871e-01
-3.047261177384028574e-01
6.418591239323993003e-01
-5.576999926905836791e-01
-3.782741345647871456e-01
-9.482637009783227711e-02
2.682303976633067522e-01
-8.060682392072673341e-01
-1.139339814191852457e-01
-3.154740549484552625e-01
-2.495453718496598028e-01
2.971446043089169819e-01
3.017406756934901818e-02
-2.073166865998311570e-01
-7.012377674786389459e-02
-5.437853931349866388e-01
-3.590085704910505604e-01
-1.076905732672709670e-01
-2.362240998323921759e-01
-5.933380269108221583e-01
-2.770781285956243067e-01
-5.103727918310626555e-01
-2.432345493936939329e-01
1.599292192556964198e-01
-3.755685422364173909e-01
4.658781070872236585e-02
-4.628640601762069595e-01
-1.907665398073167540e-02
6.122416492538531596e-01
3.997563953315194096e-01
1.467615113488882350e-01
-4.791980410297009413e-02
5.083066612120311356e-02
-2.950199431034769004e-01
2.992226698232599569e-01
3.204879534504500027e-01
-1.606139164168781663e-01
-5.777126445984434033e-01
1.348441661805070968e-01
-1.062676552949077258e-01
4.822953680181903818e-02
-2.625838965133850955e-01
-1.183964201556751833e-01
1.670559610673416628e-01
-4.168379236607228089e-02
6.801743278613622823e-02
-1.653167466941292407e-02
5.347419017331065394e-01
1.391393702326778059e-01
1.885293393734726042e-01
1.544493786872334351e-01
5.466749555082818235e-01
-4.821092368791587979e-01
5.679371883868943316e-01
-2.188441680286922209e-01
4.492740478709726371e-01
3.733559543760754385e-01
3.391251028170861881e-01
-2.378930791630902153e-01
5.164830008816075901e-01
-8.203954319099695525e-01
2.933039298722079358e-01
3.464601198888937750e-02
-2.132374764110689380e-01
3.964750837600982680e-01
5.272646822111500819e-01
1.884187635133161703e-02
-5.264119426878664104e-02
-2.842483901306415081e-02
8.907279183935083722e-02
2.661575394820875351e-01
5.698030147355563901e-01
-1.833095673685355975e-02
-8.134943413202447293e-02
3.443993575098434068e-01
-4.399256705639181808e-01
-5.662530865530239765e-01
-3.298323310924253793e-01
6.670674123268451883e-01
2.990603012725146503e-01
-6.487802344255840792e-01
-1.226204174316089524e-02
-2.386243172311246132e-03
6.003115097452323967e-01
2.892119100105930429e-01
-3.863968910599199225e-01
-3.642259518177428657e-01
-4.422535173835733802e-01
3.831817772413298462e-01
-1.983020404040142792e-01
3.155519413081822599e-01
