8.905200907576027447e-01
-5.165321358889914949e-01
-5.429112133161404508e-01
3.770547691008735436e-01
-4.517412534318441253e-01
-2.903736209345691988e-02
7.757379598608505900e-01
-1.000000000000000000e+00
5.463037766767167014e-01
-7.855767596235472272e-01
2.115986802630843711e-01
5.208070226644947454e-01
-9.953280636125654002e-02
8.431449904970649278e-01
8.035987662180082980e-01
-2.134817255193683927e-01
1.734334607165751163e-01
-9.393320814466422641e-01
-1.603129645419552052e-01
1.000000000000000000e+00
-1.230442756908017993e-01
-4.721629697455449470e-01
-4.092152178965607900e-01
-4.133021469236735634e-01
3.918786292853053688e-01
-7.170901640979423508e-01
9.118834372291717560e-01
7.663363607573522307e-01
-9.474909327302126760e-01
-4.171314748657028448e-01
-8.604564342845755220e-01
2.505342188629181566e-01
7.248909751708330074e-01
1.000000000000000000e+00
2.341409362523325377e-01
-1.418296223617532270e-02
1.854076813333253027e-01
-6.118521176847872001e-01
-1.873876891714462700e-01
5.971369385975884292e-01
-6.661298565435228580e-01
-6.756846268890546181e-01
4.780439132377245492e-01
6.666083072485761152e-01
-8.217534805260469088e-01
-6.975728025989716974e-01
-9.779658599468670221e-01
1.320760112673930176e-01
-5.501813575443871285e-01
3.122969621199706558e-01
6.175836491354917968e-01
5.329101052322771093e-01
-4.836123094526082467e-01
-9.132698835873855892e-01
5.201988055216275608e-01
-1.000000000000000000e+00
8.475277967738663598e-01
-4.324470218808303956e-01
4.690318720513219630e-01
-3.781726434526139213e-01
-1.985652229191954832e-01
4.111133468065376606e-01
-9.422785337088595004e-01
-6.036452334367635730e-01
-2.900993644106120706e-01
6.320789881140299604e-01
-2.965427069820859018e-01
2.643445210905545628e-01
6.319187005960835712e-02
-9.367418992440279535e-01
6.614323189529212055e-01
-6.238134698819082502e-02
-1.033002387440704883e-01
-8.986833069403405982e-01
2.426862521856697485e-01
-8.036430095163742404e-01
1.071045579102558321e-01
-7.798078073414620448e-01
2.276456691031280566e-01
-9.895186203910981693e-01
-7.245340817529540844e-01
2.217534901725457530e-01
3.648193312696959567e-01
-9.023008903023269633e-01
-1.011840275593441363e-01
-8.932257103467794446e-01
-2.686914705042775520e-01
-5.364537149726845700e-01
9.498407317750451329e-01
1.890025465246004677e-01
9.786990800074801822e-01
3.416084404435499877e-01
-3.871012012219857690e-01
-3.835902919618413565e-01
7.785867183852018814e-01
1.060647648677932459e-01
-4.275995755781463736e-01
2.561451809709581195e-01
-8.825112807101483103e-02
-1.000000000000000000e+00
-4.571892974853746239e-01
1.748446734388074686e-01
4.891453514582008166e-01
4.940382235866441762e-01
-2.525316502290706477e-01
1.750436256405095703e-01
6.370818441000634103e-01
1.000000000000000000e+00
2.222523251262199517e-01
2.943255432688314799e-01
-7.823278160378359380e-02
4.768645021229187542e-01
-5.323244456000049418e-02
-6.893306053183152482e-01
-1.941194844678644227e-01
-1.423473495959787227e-01
-5.153691100428421379e-01
1.609315835443524412e-01
9.392990607243687506e-01
-9.723196166671289609e-01
-8.428642413965425906e-01
-3.953780365904506766e-01
8.456597864113815088e-01
-9.558440227893650887e-01
1.000000000000000000e+00
-3.344095670890336325e-01
-3.958139521773322289e-01
6.561726010341171200e-01
4.828864820748985376e-01
-4.297897461294106769e-01
4.522717663329093307e-01
1.000000000000000000e+00
-5.932244367707475430e-01
1.561681565332696531e-01
-2.688620237549119163e-01
-9.658064160910830864e-01
-3.360005377609547872e-01
-8.407696340653417755e-01
4.532602220091734302e-01
-1.410080903950360343e-01
7.130171652769705659e-01
-6.178459398678299852e-01
-6.218971108630124700e-01
3.317962336547387869e-02
-8.655722209114767862e-01
-7.105332527546620591e-01
-9.424386529109951560e-01
6.088647350103565392e-01
-8.499091981505060289e-01
9.146165995331948517e-01
-5.103474986677751790e-01
7.639490546829780238e-01
8.017772797192846967e-01
1.716727609829888368e-01
-2.917301208618505726e-01
-4.148117753115330153e-01
3.577499086996877575e-01
4.824748441727461090e-01
-7.152003853582097337e-01
-7.552747165371197502e-01
-3.013488903523157125e-01
1.000000000000000000e+00
-4.748391325414435538e-01
-4.786156025862273733e-01
-7.926294997142647736e-01
-5.748554602998876550e-01
4.251071471361103637e-01
-1.774270457595186201e-01
5.478206526953299793e-01
7.607909672770646337e-01
-2.603758377547518710e-01
-7.822338625087706943e-01
7.582187883834057285e-01
5.528348246189140891e-01
8.589534742229734676e-02
9.030979897144157942e-01
-8.324286795949158435e-01
-7.860324988913006683e-01
6.103020566355403798e-01
-6.140511782516159256e-01
1.736816584505418148e-01
-2.673447095113850591e-01
4.716856168309822572e-01
-2.660742191020181169e-01
9.965987492378467483e-01
6.143427582714245938e-01
-9.118553647472533719e-01
-8.259369177277302576e-01
8.057660330707956398e-01
-1.548695527484940659e-01
-3.684458965453788482e-01
4.810277244409323361e-01
-1.000000000000000000e+00
9.816478707102826995e-01
7.754469610395896551e-01
6.181395974989931652e-01
-4.046022640037980622e-01
6.028528258448921928e-01
4.607923613162129284e-01
1.000000000000000000e+00
2.298364597023538902e-03
3.344392515487527029e-01
3.037536940350893944e-01
-3.350360041783460030e-01
-8.715589203687642561e-01
-6.812495806043928903e-01
-1.108117211481807335e-01
6.893453215161233771e-01
-4.786998775280907892e-01
3.527016823926583111e-01
-7.633881790952140589e-02
7.454527729199317276e-02
-1.750812003549188922e-01
4.858316463622162629e-01
8.243201582802444083e-01
-2.290201365080636320e-01
-7.436079906284822627e-01
2.104100296943915982e-01
9.772170608195540620e-01
-1.466118028506072923e-01
5.708671012710583303e-01
5.851900861068325410e-01
-7.302027466440454972e-01
1.990527156866849501e-01
1.747519412821814389e-02
-2.582733104174760735e-02
8.188892808635250820e-01
-8.817020451408947856e-01
-7.896994112342973215e-01
5.982866073796071493e-01
-8.713596297201329222e-01
4.549368438874094034e-01
6.620527043585866522e-01
7.198227570935203934e-01
-1.809612862397975280e-02
-1.000000000000000000e+00
-1.484682331278843193e-01
1.812976128813066357e-01
5.195027031912635707e-01
-4.634160970168575422e-01
1.369242900587601119e-01
9.540319847795822317e-02
-8.711554872376470193e-01
8.700349705945401579e-01
7.888068892322968040e-01
1.126035652166386958e-01
-1.608114639603543949e-01
-5.210651898417258954e-01
-5.759926171772851156e-01
3.088451911737055688e-01
-2.697627965323834420e-01
1.000000000000000000e+00
-5.567506850807377727e-01
-3.576939872182673952e-01
-6.293617127029290659e-01
-1.000000000000000000e+00
-3.825767262814078751e-01
5.430275453433152100e-01
1.510208872507581290e-01
-8.204949503777705377e-01
-8.496984842400809868e-01
7.142634272260774131e-02
8.037928229457809159e-01
-6.661841506945218594e-01
-7.723458550172486170e-01
