-7.552055998666300507e-01
5.126295552626967122e-01
-7.855286573600575029e-01
-8.153396225594926605e-01
-2.750294095072489675e-01
-4.510613898161470181e-01
-3.533781024974557705e-01
-4.813324340570652726e-01
-5.145915334883516268e-01
5.676839717890808101e-01
8.650231549725628799e-01
1.629144146644534719e-01
-1.287153263147495508e-01
6.194895318867947864e-01
-6.517394565640021176e-01
7.710347969607483920e-02
-8.726553525171069081e-01
4.762581869407836455e-01
-4.912477368449214010e-01
7.974183202931349745e-01
-4.934565764662294240e-01
8.455223392651328718e-01
6.498499689904579935e-01
-1.539892219397103260e-02
3.159655814353972136e-01
6.028370135382756789e-01
-8.343446058401017273e-01
2.327039689953549206e-01
-1.992994033586688862e-01
1.087843114334365868e-01
4.927715205384977648e-01
-1.895523550970949073e-02
-6.722623921602808306e-01
4.791011488427335818e-01
-4.785810245836465415e-01
6.174207199364628584e-01
-6.273805001324497255e-01
-4.586471812889386102e-01
6.523580861309437040e-01
5.370266645587156162e-01
4.409207030302829677e-01
-1.419147658315622444e-02
-3.599834605790517283e-01
-5.432168234279336483e-01
-5.415047355870219459e-01
3.862665048929049549e-02
-7.635634949856120457e-01
5.427122989604168390e-01
6.252243414702659541e-01
7.507678438567771950e-01
-4.241024641526986994e-01
-4.241847863006910080e-01
5.948936436593394994e-01
-2.913693649673078090e-01
-2.157601299596051680e-01
9.142417983363932965e-01
7.965078947609728344e-01
-1.226782499742861826e-01
1.169914467552508608e-01
7.819162220586742817e-01
-5.994632377081842156e-01
-8.722008172435548046e-01
3.899739513164030696e-02
3.761370552729931815e-01
-2.903086546184693514e-02
-8.188296311023320895e-01
-8.545809408650435479e-01
9.258308604447818002e-01
5.079692958779328249e-01
4.822950383222898152e-01
-4.448665499052675137e-02
-4.010421894046622415e-01
-6.713725805447828821e-01
-7.014022239227867273e-01
8.613840827090286645e-01
-8.311612717007559326e-01
-7.487417547875554469e-01
8.710204426413378220e-01
-2.997515147834969862e-01
-1.026151428464177895e-01
5.833299738654140754e-02
-8.191917649709929972e-01
6.570594490054325609e-01
-2.125190542333915134e-01
-8.237428631179020133e-01
2.389473709801337720e-01
7.652899347889881021e-01
9.709053313774123062e-01
-3.643306887640776481e-01
3.579155026441497855e-01
-1.583946536174644648e-01
-5.485169589939470347e-01
4.604100968814341943e-01
-3.573087751218375074e-01
-2.544536347762805240e-01
5.862331099835693671e-01
-8.632261334526258878e-01
7.262760367242043769e-01
-1.380733933522978740e-01
-4.312609936435827240e-01
6.370620460530146412e-02
-5.580848498939718905e-01
7.024229374359031164e-01
9.367100658802924862e-01
-5.577237408753857872e-01
-6.805715987995966110e-01
-7.252941698060206832e-01
-9.505344485812921018e-01
1.690817543270408119e-01
-4.079621727416427035e-02
-7.370100862094201011e-01
-1.098513891607345444e-01
1.239807078664828949e-01
1.302153896643686026e-01
8.618799902665378321e-01
-1.713449068360817507e-01
-9.521540978157440049e-01
-6.578845422420970257e-01
-9.261188450213178047e-01
8.487971183061422398e-01
-3.800535041225007633e-03
9.188588372391158776e-01
3.112695624659411742e-01
-9.984170700366314932e-01
-8.227733323500286966e-01
-4.450562550998772293e-01
8.714578037132906241e-01
-7.679434152667717894e-01
6.003329574993998552e-01
-8.668518170148874491e-01
-8.924960808014024971e-02
4.266179035294190292e-02
-1.267713167681148723e-01
6.647532155467447135e-01
6.167045961578713209e-01
-9.605185295984990379e-01
-1.000000000000000000e+00
3.777320443912040582e-01
8.175660695413363710e-01
-4.624509796851600241e-01
-5.636906949708868630e-01
-1.225760355830874948e-01
2.801741200710843316e-01
-4.567953061454741448e-01
-6.011027682992782228e-01
-3.244727915637106719e-01
2.808115183321526764e-01
-4.992417676174986663e-01
-3.554298412949518093e-01
-4.635674049481520731e-01
7.259691841900038911e-01
7.446056557960378797e-01
-8.538932200769695502e-01
-4.865443477227133773e-01
-6.290775649865020247e-01
-9.802620558382533211e-01
9.433791565622789976e-01
3.394043492518808436e-01
-4.513168376587311514e-01
-8.094899744554924226e-01
8.924855120912572604e-01
-2.995396494987221936e-01
8.628263074694921819e-01
4.399768712512421853e-01
3.266847656968400737e-01
5.537851478138386963e-01
-8.206087100277384416e-02
5.896643281154243521e-01
-7.292910842898483459e-01
1.608717536959382733e-03
9.318033658318390922e-01
9.857232011179207776e-01
-5.880571702272012757e-01
-3.494938863944312413e-01
7.673430011515138816e-01
3.393084059459620661e-01
9.475887607367358134e-01
-6.937023236039143725e-01
5.713097361367440730e-01
-6.282428198467358005e-01
-9.801292650247743765e-01
8.089102701364363490e-01
2.317210014166658227e-01
-5.892106416032425464e-01
6.995729527942490256e-01
8.061721199594376053e-01
-8.768363424901924608e-02
6.931360900819339976e-01
-2.733236685746267547e-01
-9.108012656267361340e-01
1.720970736819208147e-01
4.223198533952678413e-01
-4.638641684767011997e-01
1.210766306107022572e-01
-8.654158809452856538e-01
-5.630886111497063196e-01
5.836088091826797664e-01
2.061402477940798006e-01
-7.710369330881761130e-01
-3.665416175191011372e-01
6.117658808061450237e-01
-4.005436052020229787e-01
7.543043307887732363e-01
3.559817383063961782e-01
-3.292691845181250354e-02
-5.333474905126003307e-01
-3.219151527888611253e-01
-2.989886578639990300e-01
-3.787484435400457761e-01
-5.917581894198810089e-01
-7.395743828579598445e-01
-1.110769355031433758e-02
-2.638682770961581214e-01
7.092391948996738804e-02
-9.938780354522621652e-01
4.305440094939512186e-01
-7.133415603772854663e-01
-4.407391118953484788e-01
1.210177949933810004e-01
-1.484555989733604142e-01
-6.854082211679518588e-01
7.775713831722922409e-01
7.335197722788490138e-01
-5.013628737627234822e-01
-3.250189296600332067e-01
4.473651488044056990e-01
7.233568850407392503e-01
3.271832931381641885e-01
8.897155266099645576e-01
-2.937948136118252451e-01
-5.320027499896072820e-01
4.492824369138118668e-01
9.865584867142758174e-01
8.103946264253474308e-01
-5.416653132257083225e-01
-5.584803273751250963e-01
-5.443511468970576583e-01
-7.024597460254325965e-01
9.893401039979167200e-01
4.541681617854421704e-01
2.602109969721973504e-01
-8.291815854544882791e-01
-8.024448975601301548e-01
5.578795250111689280e-04
-4.796412486054505986e-01
8.410371381187853324e-01
-7.128063716352097678e-01
4.021958544035241223e-01
7.207608983386971646e-01
3.014061544923625768e-01
-3.765069988279139968e-01
9.498824156635561622e-02
-1.815884688455090823e-01
-6.047408497452995135e-01
-1.516727036747382573e-01
1.431648893759926988e-01
-5.373884769901603464e-01
1.052662800489821970e-01
-6.442918199937475165e-01
2.087438338930428239e-01
-9.374171087775474698e-01
-4.229091612878720374e-01
-2.057036803612272702e-01
-5.627048739803144350e-01
5.741705081638998065e-01
