6.531040215365233603e-01
7.814972401913775624e-01
9.432892061405302453e-01
-2.317303475193583928e-01
2.799549243481063154e-01
1.621979626792411366e-01
-9.052542511462660091e-01
6.479049308591259271e-01
6.163787458081828596e-01
2.487442985967609488e-01
1.100212209880431224e-01
-1.128449903027484158e-01
3.371563861602269174e-01
-3.681497886899463001e-01
-4.608071917442266852e-01
-1.685816086669502667e-01
3.263176039619595237e-01
2.705292823566018967e-04
8.172158257400492509e-01
-3.259821122496737722e-01
4.839294985679321037e-01
1.130663801510691790e-01
1.115391831458583116e-01
-3.320096650146513451e-01
9.402980766444073435e-01
4.075149879928265939e-01
-3.072383776295757318e-01
9.304524966327831770e-02
1.213730547518416386e-01
8.746616042016732706e-01
3.767521637658726164e-01
1.068998630967977342e-01
-6.403672179634789519e-01
7.478684327404359067e-01
-7.460819634001580880e-03
6.576224388699093426e-01
-4.138802910533028179e-01
-2.245610962005994971e-01
-5.883761941881264779e-01
-9.837817097243037878e-01
-3.926110811615379781e-01
-9.628406802612542448e-01
-3.229173698996963271e-01
6.696565051422874726e-01
8.440791089260972768e-01
5.897992719175634280e-01
2.829140367345310825e-01
4.791135291161813803e-01
1.487605175381936373e-01
3.622520024423270257e-01
9.792967337755578150e-01
-1.126334415348839713e-01
7.739911183439873721e-01
4.908581957011386443e-01
6.622016496590901191e-01
9.458777343586743935e-01
-8.817732424295110505e-01
9.908570906958624747e-02
8.829749491760603419e-01
4.306249395244647893e-01
8.329276322300183111e-02
2.220330598981480955e-02
-5.905308600272762831e-01
-2.699211004022916693e-01
9.454515949039554723e-01
-7.735465465638788896e-01
8.026914735477719276e-02
-7.444199839512781747e-01
-9.806401120640748648e-01
-4.607082288992261354e-01
6.699803168354383498e-01
2.879628267672940112e-01
1.911894444996170561e-01
3.420930907109306918e-01
-4.700909846865617414e-01
-5.304658182094883490e-01
-4.860089688442372768e-01
-9.243859084251084823e-01
-7.504235995439989537e-02
5.255126023525704682e-01
-9.548200886848046132e-02
3.238139061744909064e-01
-8.679536561739902290e-01
9.997138594081085294e-01
-6.603841949690576474e-01
3.130773368818062785e-01
3.284639008189140785e-01
3.211385307273790790e-01
-9.932854188943891494e-01
6.274184427191401570e-01
7.307226448414461117e-01
8.500027551934539183e-01
-5.991288032260986274e-01
2.889395747159804184e-01
-1.723070319949935314e-01
-6.884968811660547860e-01
7.260814273946707420e-01
-8.979956665085824241e-01
4.822045026602661544e-01
9.001566527572961718e-01
-2.566158854600949502e-01
-4.577417389532469905e-01
-9.074434077627668849e-01
9.960861928751625349e-01
-2.262409634465978314e-02
-2.127445211023482052e-02
-3.829924448251227354e-01
4.190510346772989836e-01
-8.527195206555184814e-01
5.680208417650074448e-01
7.842496950593897953e-01
-2.133763495232265939e-02
-8.093398725359690626e-01
3.242080995932463683e-01
-9.816762342755909199e-01
2.360527409702255497e-01
-5.851219599692814022e-02
7.203387127757345798e-01
2.841130944333758457e-01
-7.000866044952569478e-01
-6.541553754311566493e-01
-1.336795403682677907e-01
2.518312549112049492e-01
-1.086219842216888942e-01
5.920452500766049120e-02
4.254222152897472187e-01
1.086085398402070190e-01
9.946812470662826922e-01
2.411912806829961120e-01
2.752740398383086706e-01
3.891712882244500182e-01
6.709601888709224582e-01
-2.369520159229080714e-01
-9.706495525562703897e-01
-7.500277404635191658e-01
1.230691665729197748e-01
7.586566226002211533e-01
-3.049911721881730653e-01
-5.405648389893769057e-02
9.422592596975287726e-02
8.641940197279374125e-02
-2.379362209808360551e-01
4.352517476453721113e-01
8.748042907876091290e-01
-8.837517992842534031e-01
-8.928605011036137018e-01
8.310160562328992029e-01
4.987813720273126528e-01
2.383423641216049216e-01
-3.115109154524027257e-01
3.270215840061578838e-01
-7.637390465892608393e-01
-1.737839603094413488e-01
7.865123086966916421e-01
7.568626495948800326e-01
-6.269283460433877631e-01
-6.442698037668355415e-02
6.982186777149776979e-01
-3.881966158728469285e-01
9.984703587928716040e-01
5.824589170522516124e-01
3.814826586286845789e-02
-2.951779186557939028e-01
6.408926453963514902e-03
1.230638628543289648e-01
9.328736339673946443e-01
9.059788806607604883e-01
4.173928241475346468e-01
-3.497080017834435228e-01
5.388747652249326059e-01
-7.067604682379016179e-01
-2.013975813429189632e-01
9.749199496504874496e-01
-8.664549686323406164e-01
-8.193695223476753497e-01
2.244976142629580007e-01
5.716567461925525784e-01
-6.315398229328430535e-01
5.817572504375643216e-01
-1.197396867106397256e-01
-8.922508443467815908e-01
8.852963126057377119e-01
6.062840088613834499e-01
-2.252870806153419725e-01
-8.571466100855633652e-01
-1.001844977616850318e-01
-8.371998444585274646e-01
-5.922329741185645702e-01
-5.874922047412900472e-01
7.810882538722150326e-01
-1.043225761082304803e-01
-3.292816366521431615e-01
5.275218299760582319e-01
4.156568038983514402e-02
7.787100909156718931e-01
-7.441042858977808816e-01
8.110263742591279357e-01
-4.996796346102145847e-01
5.871806505924370700e-01
-8.869952460560750485e-01
4.888284266466762507e-01
-4.814458116486135530e-01
-9.782151895685005094e-01
5.388289884059378476e-01
9.438160853039132547e-01
4.547004837787720355e-01
5.288950847968163504e-01
5.494410283006345708e-01
7.027271943653414787e-01
-7.955161268444654876e-01
-6.686167583942890236e-01
-3.743615042150694183e-01
-3.144509539694128608e-01
6.498852220373740884e-01
-3.233678031932043506e-01
-9.269418036289438501e-01
-3.633102438199111717e-01
-1.030182148811483456e-01
4.550602206893281654e-01
-5.590138204840306990e-01
6.875401449230515993e-01
-2.993344255743677351e-01
-2.862227144317339711e-01
8.202471144615968157e-01
-5.143682716916557762e-01
2.556001614465985838e-02
-6.972336358113926380e-01
6.161784242980423709e-01
7.104224952632887113e-01
-5.416412322603544327e-01
-9.664264338720431891e-01
6.550894758111838190e-01
-9.583760044544660239e-01
-8.776119255345844472e-01
3.296841968666475164e-01
3.997788945794582549e-01
6.801870997574033240e-01
-7.506539293968548243e-01
6.881795001914219334e-01
-6.334957451846823240e-01
3.691472234865877944e-02
9.533469758965682495e-01
-2.434566127664307689e-01
-5.861789415110849610e-01
9.171434060689653833e-01
6.682496315667552089e-02
-2.952636684360137043e-01
-9.339403402880124272e-01
3.674291320041254139e-01
-7.279979743187161567e-01
9.678615224035043152e-01
3.749213789879584091e-01
-3.605932202267658759e-01
-8.519718933618933843e-01
-3.386094226439868571e-01
-3.502078752208317436e-01
-4.247455104829853667e-01
2.100071028956997932e-01
-6.361104855036131545e-02
5.871687586112734891e-01
-5.779115786123916187e-01
3.242633867453224017e-01
7.972569850638493438e-01
5.975169071554020661e-01
8.283155670175303964e-01
