2.519703538321269587e-01
8.676786284500062618e-02
-6.339579471223077967e-01
-1.000000000000000000e+00
-7.781966260468704544e-01
2.896144047113030640e-01
-1.816676086194053685e-01
-4.183660627966241941e-01
-2.908698290037763923e-01
-6.989551548619588051e-01
2.155470175348359052e-01
3.430118476464536492e-01
3.951564743698349202e-02
-4.840297992901838597e-01
-8.308876565152327753e-01
8.539371165717807299e-01
-4.411755821802396671e-01
-3.548110145344481325e-01
-6.221943233213785840e-01
-8.062021201283042782e-01
1.926787621335827871e-02
-3.291653546810636710e-01
5.703868324945494672e-01
-6.180692032219373688e-01
9.445538791000515078e-01
5.984572774879898943e-02
-1.000000000000000000e+00
-1.000000000000000000e+00
-4.400065205185708650e-01
7.672237216167985263e-01
2.229614374190289350e-01
-5.111185370312076870e-01
1.864272822603832980e-01
-6.636825591256172441e-01
-1.433290329446710865e-01
1.865897860104652750e-01
-2.912293562105956468e-01
-4.423017703071010498e-01
1.000000000000000000e+00
-3.457032615805606390e-01
-2.811438097500001398e-01
-9.679198983167260906e-01
2.194274385475206146e-01
1.000000000000000000e+00
1.486647318853482058e-01
-1.093255046944895947e-01
7.911426568950260529e-01
-1.965620122072454790e-01
5.067427922326409595e-01
-1.878369212732166060e-01
6.201267808521834235e-01
-3.847524329818199362e-01
4.172243555668919690e-01
5.203338383809308354e-01
2.805975496027486304e-01
7.906202120844705306e-01
-5.390140146728917836e-01
-7.409337995435090196e-01
-6.699559660603503497e-01
-7.875199689512242252e-01
1.678038175052942726e-01
-8.448945128070486921e-02
6.888264327446277924e-02
1.159912902044247240e-01
8.695653245561600908e-01
7.042418460887279741e-01
3.390990191347697524e-01
4.207861129227090657e-01
-9.366667619066664230e-01
-3.480715633223501193e-01
4.071420402025223151e-01
-5.099778685898480601e-01
7.428712731606005315e-01
7.122329851817582602e-01
3.930229110855707475e-01
-9.175068589392096907e-01
7.340976261429489336e-01
6.036380121445017455e-01
5.466166281322967779e-02
9.939986574676789033e-01
-9.939711274566247479e-01
5.932318374176374087e-01
7.436737611849046914e-01
5.844681055971847616e-01
-1.715410756338882903e-01
5.474270603377512368e-02
-8.951540337773460365e-01
-3.030000804435646899e-01
-3.800882164127650231e-01
-2.813931954535483712e-02
7.791798887310763533e-02
-1.358850398816612570e-01
-9.751230656256901774e-01
-5.023034086585150826e-01
3.191981366445744706e-01
-6.725903084554090139e-01
1.983475149438885254e-01
4.387572689297098427e-01
-6.625993900723643470e-01
2.686272975803012386e-01
-6.964358059837800763e-01
-2.929532602250953938e-02
-9.912455485072430017e-02
-8.052778890272865864e-01
-3.644937740064297937e-01
-6.803558087875243299e-01
-1.000000000000000000e+00
-7.222283849430162217e-01
4.251345049177104318e-01
9.878091955751919784e-01
2.886711548506810110e-01
-1.000000000000000000e+00
-9.391668779102579911e-01
4.729960523423333285e-01
2.728253874451009309e-01
-9.818878952213515310e-02
-6.362236320894083530e-01
5.500123440399279362e-01
-5.355601921743058380e-01
1.000000000000000000e+00
2.319143830451799171e-01
-9.118076492926331378e-01
-2.288594391788127402e-01
-8.867252492196068259e-01
2.610948215687761698e-01
1.166127518593778889e-01
2.628365492515573054e-01
4.331956830876073639e-01
2.188188406278459841e-01
1.301424810402306564e-01
-8.737621538218952599e-01
-1.205637520147224973e-01
-8.038942033905123186e-01
-1.000000000000000000e+00
1.000000000000000000e+00
-5.158147824081367183e-01
-5.895758732030413896e-01
8.067498305126946656e-01
5.823510430510583369e-01
4.281954620097842001e-01
-1.970003412228392703e-01
-3.499683809306370352e-01
6.248880671851700930e-01
-3.445900349238985028e-01
-1.000000000000000000e+00
-4.902748091996532720e-01
3.577535189469484012e-01
9.029718595019400329e-01
-1.000000000000000000e+00
-6.770441252492654938e-01
-2.002751927451957847e-01
-6.197514949798233440e-03
7.127066948886154885e-01
-3.753177278939939798e-01
1.000000000000000000e+00
-1.000000000000000000e+00
1.518142394596273814e-01
-3.243916859538099051e-01
-6.173490465409157135e-01
5.530051867030302271e-01
-9.465633759159555183e-01
5.506314302564900842e-01
-4.269838131876064757e-01
-4.472715382686303087e-01
8.366501420231147179e-01
5.961797405224587010e-01
-6.749324566317922436e-01
-6.146366073505603600e-01
7.241768268713240086e-01
4.634455757831550393e-01
8.303029119664112612e-01
7.231353726348289657e-01
-2.814529483511054031e-01
-5.473977531948179820e-01
-3.946812986176785332e-01
-6.908021235920359659e-01
6.594468742907885206e-01
4.853340385211046826e-01
-4.437842026394698929e-03
3.023611154153048597e-01
-9.886301017683699621e-01
-1.576122850614382342e-01
-8.169582435791952202e-01
6.322651526767665286e-01
-8.347459017019469574e-01
-8.192226996406062334e-01
7.495934913601105531e-01
-5.141191878636452994e-01
2.992100790059498694e-01
9.935433152643970978e-01
1.190054354959187155e-01
3.826550649085250777e-01
-1.600562447378801600e-01
-9.104993012496405136e-01
8.013249701642102263e-01
-7.299043786039213222e-01
-1.000000000000000000e+00
-2.409220030643136889e-01
5.449834341640917568e-03
-1.586715216846541210e-01
6.197095174649835947e-01
-4.965467676717643108e-01
-4.382755952834360702e-01
-2.768287789151074874e-01
-5.468254456624132426e-02
-9.844937049113119953e-02
4.573763708320169319e-01
-7.282165354313040462e-01
9.829369427762935096e-02
-3.199037113211595229e-01
2.486074933900077055e-01
-9.144571240133787526e-01
4.419111812453727084e-01
4.893621060466853967e-01
-8.557731382605693327e-01
2.324948333061310768e-02
9.487935490327550347e-01
-1.609850789863593312e-01
7.888430906070578175e-01
-2.589318379700641937e-02
-2.059768919888958494e-01
9.821030170913610524e-01
-6.111702418625210020e-01
1.000000000000000000e+00
5.092550243369953211e-01
-9.357407949939546832e-01
-7.649718792062126793e-02
1.000000000000000000e+00
2.151044743648790614e-01
4.512671995857016061e-01
3.352951040686073525e-01
-9.542823055831812784e-01
4.840362471382020360e-01
1.000000000000000000e+00
-1.359946935228905363e-01
-9.452773113254180348e-01
4.351149361395134640e-01
3.811654960032184181e-01
7.098742521587805276e-01
-8.367930612850383865e-01
2.588809935958268915e-01
-5.741833225369110671e-01
9.459744478308339255e-02
5.578990179347250722e-01
3.793866284312463755e-02
8.295615736773256366e-01
-9.410901541494617328e-01
-4.259150782111464917e-01
-9.007858572734234182e-01
2.704068311545029246e-01
1.000000000000000000e+00
3.078260273618013132e-01
-6.112492405101828119e-01
-9.937127292834920800e-01
7.802217980613330717e-01
-8.183178645561711706e-01
-2.615170600103425835e-01
6.390247239075093066e-01
1.246608076852725039e-01
7.215252927539264061e-01
-4.035222994246705497e-01
4.834492851454536555e-01
7.485569473729019041e-01
2.234104884735377272e-01
3.093998725615191847e-01
