4.694448014612503939e-01
7.411364852932854630e-01
-2.953061068148836732e-01
3.639531035933913916e-01
2.739358094049421100e-01
3.545402108962095178e-02
-1.830915718527751090e-01
2.087842457080524294e-01
6.728619765370057459e-01
-1.737662816833968060e-01
-2.384758214826659950e-01
-3.251103088545372888e-01
6.912194499844720452e-01
-8.619441957669968790e-01
-4.612035913341765436e-01
-4.526079219317539204e-01
3.331281079365771003e-01
-3.390049857652993603e-01
-8.613399017991627549e-01
6.533335090050601535e-01
-3.255103697239175031e-01
-2.610488293581029740e-01
3.722566118464756268e-01
3.960222409964914148e-02
7.400595703169331463e-01
7.313400815662944865e-01
8.078380937941969098e-01
-6.592419860676675958e-01
8.371046205884955516e-01
5.197670340127030775e-01
-1.375454709715611679e-01
6.398446270230433441e-01
2.347711754478453705e-01
-6.617422066924472102e-01
1.734800413057984159e-01
7.775207764064782090e-01
3.690765994324037846e-01
9.336407162008508731e-01
-2.333393330698353141e-01
-6.999967018361168414e-01
-7.008835216808109170e-01
7.554275259259424224e-01
-2.039203989093072433e-01
4.648497851110215962e-01
-6.111104771508295563e-01
-3.021495727788085506e-01
2.876019596159774538e-01
2.535062235703599010e-01
-1.651926888554100248e-01
-2.999718426432795293e-01
-3.810006026593155126e-01
6.432085958755205946e-01
3.600772462552285225e-01
4.264612848638751896e-01
4.929056290371055526e-01
2.257108475577238593e-01
-5.566514991407185420e-01
4.987019927307080325e-01
9.313128662127376778e-01
-6.563812267227957520e-01
2.760146044013096489e-01
-3.676277793540991823e-01
-3.897171956476013777e-01
-6.099419214182633109e-01
6.803043500806299493e-01
6.240326109283622635e-02
-5.413997566234893810e-01
1.127633948158264787e-01
8.440764878920916647e-01
-6.293077869517095246e-01
-4.883150886717940176e-01
9.958498270517570639e-01
-4.172314670135739978e-01
1.343995874352166275e-01
-5.100377375125114687e-01
-1.888346092543004284e-02
8.641944354854821930e-02
5.913974924728422344e-01
-7.337714464625701982e-01
7.078872503165367647e-01
3.265918535457651983e-01
5.513634011876014096e-01
2.315597838668774777e-01
4.003982573562376857e-01
-8.856289401879755552e-01
2.667640498303140983e-01
4.164817843171211287e-01
-6.188010369017240553e-01
9.359380819258222850e-02
6.952286360107272356e-02
5.034844695271508686e-01
4.134992867726196009e-01
3.742809298550102692e-01
4.522930531523151054e-01
1.645838378940137903e-01
-2.300862797208469424e-02
1.081204877935243669e+00
4.643967954409005117e-01
-4.303053604789474629e-01
6.613684343090127093e-01
1.455063791941609563e-01
-9.327349150400997546e-01
-9.652117716047554641e-01
8.822948308239677573e-01
-9.523436572907765241e-01
2.204899266160039728e-01
-8.446914248203631903e-01
8.746057731893970288e-01
4.766958412077033636e-01
4.562457793890261071e-01
5.954723908001302579e-01
-1.710985911569244677e-01
-2.696110513502711914e-01
2.049641229570172141e-01
-7.498862082715378463e-01
5.246544777849430075e-01
-2.818510266122042918e-01
-7.487445213477949002e-01
3.221552882892740888e-01
-1.313715489598452080e-01
1.756128842854423611e-01
5.831988190928176774e-01
1.959826225181969805e-01
3.572231993031498298e-01
7.116493435435370385e-01
-9.748884749917349213e-01
-3.875894576575693584e-01
-8.109910726763014388e-01
3.499349117867839309e-01
1.188378087864349897e-01
1.049495746383297123e-02
1.371135067549465736e-01
-5.157498266203576209e-01
-3.958752952115985324e-01
-6.113411730508869768e-01
2.232665972083207606e-01
-8.812678191400931116e-01
-6.950688420484131269e-01
9.011026410710345491e-01
2.658684741253791173e-01
7.950220814133648339e-01
6.156953476348635546e-01
2.329654054947282171e-01
7.203790128460551001e-01
-8.759162782239215961e-02
-6.918965423510626822e-01
5.974568840474522302e-01
3.654952376326261465e-01
-4.144123686099132620e-01
3.450492068879045249e-01
8.841698919481804086e-01
7.627535571403236681e-01
-5.613859640245064675e-01
-7.875028430447290617e-01
8.467233252822941036e-01
6.856826184690882897e-01
1.361962624220526052e+00
-3.371530619714074861e-01
-6.378548107056292160e-01
5.659522821998108633e-02
1.080780096664865075e+00
-5.478334065976044887e-01
5.572013194531769131e-02
-3.545637459652428158e-01
-9.981533208957971137e-01
-7.878034153704034370e-01
-7.102591143065598578e-01
9.207417224571659009e-01
4.931607251253578017e-01
6.170442876013509936e-01
9.093627451070315226e-01
1.443317828137535841e-01
2.624311862209722790e-01
-9.524686598469554732e-02
-3.576103206898921805e-01
-5.724322499157387112e-01
-1.032291453490883915e-01
7.061488008040379960e-02
-9.321054695498061371e-02
-8.918064407903755209e-01
-6.396969382326300746e-01
-6.846640154480807539e-01
-5.595625805571097233e-01
2.204228274044494063e-01
-9.710990040568558967e-01
-8.751868602311404510e-01
9.785930360170272957e-01
6.598588435300538624e-01
6.908366698721563059e-02
6.311888293337581946e-01
3.300892461926671073e-01
3.349119032951228259e-01
7.752164228628400933e-01
5.592421874335196108e-02
2.271648485018160635e-01
3.004419485765095210e-01
-5.092180692919356932e-01
-8.878873440722192534e-01
3.774086672373421214e-01
2.894287421777601288e-02
8.217822706917818909e-01
7.999911303066196133e-01
-3.469679802898589238e-01
2.928893034253419736e-01
-9.789359310042462514e-01
7.396081999764759773e-01
-2.070779001390173346e-01
-8.026335041768493106e-01
-5.973552159834083497e-01
-4.458236343197595208e-01
-1.182995475747339181e-01
-5.410736839292467071e-01
7.527173293502036344e-01
-1.037673461564774316e-02
6.335524439696444965e-01
-5.335096963102066159e-01
2.158921652480803033e-01
-2.585228444371986956e-02
9.701990163857241445e-01
-5.476839265782524890e-01
-5.834920206717277846e-01
-1.080298930252374445e+00
1.971314441841773291e-01
-8.371369881980219585e-01
-2.784145818556053031e-01
-4.206545919756540242e-01
-4.490652498202728493e-01
7.912037835653031870e-01
5.718920869422886577e-01
6.712611353900643785e-02
-6.071971062153167509e-01
6.305574466813319567e-01
1.847166756836607360e-01
-1.161938930792934643e+00
-6.063133561814387784e-01
1.097054690400699473e-01
7.493846636711452014e-01
5.906026824947014919e-01
2.214554534170637135e-01
6.579686141979603775e-01
2.222295829463028644e-02
3.469910988488560388e-01
5.624070299862715672e-02
7.215789103887096934e-01
6.038649566023421844e-01
-3.774174814843000991e-01
-5.223470201631982279e-01
-7.222255094097160821e-01
1.020646455231585703e+00
-8.746186732257358321e-01
-4.170247143811573465e-01
4.278602411651466486e-01
-9.734925143718980989e-01
7.212053542039732479e-01
-5.175797832898101358e-01
3.271206021409687192e-01
-5.411142131798427068e-03
1.137441265853339489e+00
-2.472110393558613062e-01
6.872685880304997275e-01
6.571607067099292099e-01
3.989182115525344852e-01
6.396946988141416490e-01
1.009012755910647208e+00
-6.564320189011738638e-01
