1.000000000000000000e+00
1.000000000000000000e+00
-1.660108826614985489e-01
8.100493164479629637e-01
6.678622954537282164e-01
1.000000000000000000e+00
1.000000000000000000e+00
-1.779346235347407101e-01
-1.684325753310926266e-01
3.468759389346024458e-01
-6.486056799409638529e-01
-1.706907320198696176e-01
-2.365589082979329960e-01
-5.669420722691724812e-01
-5.834326411899799503e-01
-6.113630611287165229e-01
6.170797458424601700e-01
-1.000000000000000000e+00
-3.823761526280078371e-01
2.721091127592273340e-02
9.642401685957573410e-01
2.766743463535648040e-02
6.092128580485985934e-01
1.126325397962399943e-01
3.574070698803473167e-01
2.840656639464278488e-01
-5.285584719257712116e-01
-6.515822784534773815e-01
-3.379501477135031795e-01
-8.013271989358166092e-01
-8.402129372330469081e-02
-3.088097983334439078e-01
-3.618849047834215571e-01
7.074310107913784895e-01
-6.413344346217256797e-01
-6.853316128752812153e-01
3.943601070148766707e-01
-6.800330676599728452e-01
5.538787794296305966e-01
-4.514317276310770843e-01
-9.118709893267346045e-01
-8.396324456897646948e-01
-9.943229311796133452e-01
-6.598563924259363001e-01
-8.118263200773838673e-01
-2.819041578529064562e-01
-3.650549212136900423e-01
-1.000000000000000000e+00
8.865116039410094739e-01
8.829169037912921736e-01
-7.895641752986237716e-01
-4.818783514906788135e-01
-1.000000000000000000e+00
7.421205285711798272e-01
4.691043907460340501e-01
1.746842114859283868e-01
-6.558301761444722544e-01
1.682147664680441190e-01
-4.907190645082248892e-02
6.166030666740952570e-01
4.254537315857989666e-01
-6.794121041824010554e-01
7.459072578615852933e-01
-5.231982869976393724e-01
-3.502900407776941005e-01
5.507439628658714059e-02
-7.449433891310419664e-01
1.477139923494772411e-01
8.765678908153902160e-01
-5.916743204265568767e-01
-8.854024432681202317e-01
3.107813539611705145e-01
-2.050762201052831468e-01
-3.557302964186448424e-01
1.000000000000000000e+00
8.047144643024404242e-01
-1.000000000000000000e+00
3.357450808669701914e-01
-6.746258097225771300e-01
7.354332013731808004e-01
5.836942825058970552e-01
1.520284412410677355e-01
2.151043718413888639e-01
-7.738673922333699773e-01
1.000000000000000000e+00
1.055132256054380768e-02
-1.000000000000000000e+00
-1.458424148102996087e-01
-1.035232441771775230e-02
4.777684978662647963e-01
-9.911431511810822048e-01
7.771852591438423996e-01
4.152479141096983017e-01
-9.714396136435207163e-01
3.409997268155948724e-01
6.924617708468077115e-01
-9.955174573071428057e-01
8.283504655431043195e-01
7.227347580326184406e-01
-1.613782786576181127e-01
9.130105494202347405e-01
-1.000000000000000000e+00
-7.033096748075595706e-02
-8.190663327741846966e-02
-7.136635504675157282e-01
-7.108354403052483672e-01
-3.556663664256497492e-01
-8.625585337585321977e-01
-6.460411014328768520e-01
6.824551925327321245e-01
1.000000000000000000e+00
5.898481509796558164e-01
-1.000000000000000000e+00
-8.646542887600079386e-01
-2.525980365237635028e-01
1.530763480112942165e-01
-8.267274214379582986e-01
1.690408470497949400e-01
-4.395883388195008790e-01
5.257155277264957682e-01
9.249398980616841959e-01
-8.445692650416110059e-01
-4.016932150147103364e-01
1.000000000000000000e+00
-1.645029597441958202e-01
-8.142700440112526916e-01
4.383415277889297634e-01
-1.177307924515031273e-01
-6.783744694598332625e-01
-2.252139611257252261e-01
6.951911383356197405e-01
-4.138584158250649958e-01
3.984552632724672194e-01
2.275985914013547995e-01
6.763531301203811186e-01
1.288257755441060970e-01
-8.040748855632809944e-01
9.207076798683719865e-01
-1.281198047593694600e-01
-5.239071973996132225e-01
-6.194384388306963807e-01
5.064261607716576963e-01
-7.812009001709185885e-01
-9.839141355086318264e-01
-6.790718521901414340e-01
1.690105820009106807e-01
1.000000000000000000e+00
-4.769653381862475339e-01
-5.295222894508406775e-01
-5.925494074614219286e-01
-8.363722412655094640e-01
7.833603221172813491e-02
1.000000000000000000e+00
-6.129061163144099433e-01
9.705245820275406610e-01
1.000000000000000000e+00
1.000000000000000000e+00
8.679457845940758975e-01
-3.185029467891312138e-02
-9.720856763259323463e-01
-4.005095151700737155e-01
2.385666746286485562e-01
-2.886627408477729362e-02
-2.631143841368540487e-02
-1.938013456435087045e-01
3.869470839945642338e-01
-1.467189738641796470e-01
-9.987942011432512368e-01
2.503980185949883364e-03
9.361882127522630492e-02
-1.358332754572339207e-01
8.893184654586331339e-01
-6.728308143865276980e-01
-8.688577948395920236e-01
1.049287066023998349e-01
-1.000000000000000000e+00
-1.229568301999386382e-01
6.448782689306672422e-01
-4.022806082494558844e-01
-2.326553995356230864e-01
2.347699547365587058e-01
-8.867782490170191823e-01
9.942469116821550656e-02
-5.457109081645697968e-01
7.325483115545670110e-01
3.542048290567378910e-01
-2.109552172769534328e-01
-7.855837297946700604e-01
1.000000000000000000e+00
7.093449849178903310e-01
8.328980749330918698e-01
8.944007690605205729e-01
-5.010837386266617788e-01
6.306771053951811812e-01
-5.250023650683200982e-01
2.089167200376800260e-01
-7.745333476265054973e-01
-6.720421031254144584e-01
-2.126897536001357558e-01
-9.613033910876593868e-01
-5.305086249515353902e-01
-1.000000000000000000e+00
-1.692500755654255395e-01
7.585053556296136867e-02
-8.060495354950908409e-01
-2.947871591079407327e-01
-1.906259291150518287e-01
-5.273009279487492762e-01
3.596076864104433835e-01
8.520679312346057799e-01
-2.225848089058965473e-01
7.538430237126236833e-01
-2.594871448154039695e-01
-1.000000000000000000e+00
2.786559768401375425e-01
-6.457957312765507663e-01
-6.436349052107535051e-01
6.869698019458109206e-01
-9.207069345383359082e-02
1.625020946789712262e-01
-1.994764348774372836e-02
-2.758541229629443148e-01
-5.322857411573365116e-01
4.736284200296072555e-01
-7.093740273531011775e-01
-4.493025512873826122e-01
2.782697083433590679e-01
9.081507210418544584e-01
-5.094374906113534607e-01
-6.081226022738583925e-02
-3.375930969457856534e-01
-2.410832676844140432e-01
5.952635203418981114e-01
4.916939375723061167e-01
1.000000000000000000e+00
5.606666865308480574e-01
-7.680689537394361777e-01
1.000000000000000000e+00
9.570106367524938706e-01
-9.647150892646738640e-01
-5.327971641607152087e-01
-1.248434969985377369e-01
8.337412051222438114e-01
9.920994269639191732e-01
6.420645920234172022e-02
-6.305931779804891946e-01
-7.646148530833453139e-01
6.021804130023555857e-01
1.000000000000000000e+00
1.000000000000000000e+00
-3.243488106106736102e-01
-1.357014284650076563e-01
-9.137181878348976660e-02
-1.705651077277743344e-01
-9.360779245059316911e-02
-8.289216595989463698e-01
-4.283930504086633229e-01
-6.002899610669683028e-01
2.420293985841939777e-01
-4.721418489043924804e-01
-6.106265597502095188e-01
5.902731645638843450e-01
-5.150121138796213138e-01
8.824765652109715086e-01
3.942933074212523481e-01
