4.836553026374607045e-01
-4.614235488258729978e-01
-4.742923274736848271e-01
-2.529871340094593316e-02
-4.315924112966047499e-01
1.000000000000000000e+00
-6.033744696568014154e-01
-3.076027218665976226e-02
7.997388530919481431e-01
1.000000000000000000e+00
6.026978766426629441e-01
5.972940273398735789e-01
2.479576471457382580e-01
-6.288008319229545506e-01
-2.875642043029887907e-01
1.000000000000000000e+00
-8.716089761263743352e-01
1.000000000000000000e+00
3.239266044778242870e-01
-3.850160132335115476e-02
-2.656893771278194261e-01
-5.589870017429602322e-01
9.653332727564414295e-01
-8.676898674935739075e-01
-8.696845982536567377e-01
-7.384855677543673558e-01
-5.006402310331588001e-01
-1.544248573524244494e-01
6.988056234194858218e-01
2.226434834612478209e-01
3.079654145153878364e-01
6.070024679091499120e-01
9.065176637690441908e-01
6.157297835508379613e-01
-2.741235933877648190e-01
8.661757569338981444e-01
-9.872724253945178718e-01
-9.873241351838988322e-01
-6.700739680864516989e-01
-3.393057163843498092e-01
7.593682950953036803e-01
-2.095149144362116744e-01
4.274259518182258466e-01
9.952868457101278210e-01
-3.893114069292173407e-01
3.349696525874283903e-01
3.241952408696844312e-01
-1.461813235002376032e-01
2.933951492768750446e-01
-1.368311195407360958e-01
-7.648537306382334755e-01
4.771387321965384065e-01
8.579069677565962504e-01
-1.000000000000000000e+00
4.385327626642509524e-01
-8.366645849933264101e-01
-1.144580981328910119e-01
2.318666180047854186e-02
1.000000000000000000e+00
-3.724897785044380960e-01
-6.517956165439330318e-01
-6.115707455870460496e-01
-2.702759198034037635e-01
1.719341279946420276e-01
-1.314025449230298848e-01
-1.405721613638377665e-01
-7.088723942486305774e-01
-6.183962480539676454e-01
1.727647125537114525e-01
7.792170476151918934e-02
-8.581757436301210573e-01
8.607240749783034994e-02
1.000000000000000000e+00
4.455757298330278449e-01
4.386915712795534383e-01
5.624137362619656688e-01
-5.752108572001474185e-01
-1.000000000000000000e+00
-3.970703464171010388e-01
-8.834306014640010973e-01
1.000000000000000000e+00
-6.580353958736118170e-01
8.064049604691593265e-01
-3.491103706491600622e-01
-4.842409257103428288e-01
-2.862472455625050261e-01
-7.666690036975487565e-02
8.435265010203889524e-01
-6.608055916544033348e-01
-3.252130008823412854e-01
3.847883079820154095e-01
5.575264346299556584e-01
6.008128050991345948e-01
5.355664095067768082e-01
-7.915814769067174295e-01
7.063979246768116171e-01
8.636307315526956518e-01
6.866894740501208738e-02
-4.019614400094088102e-01
6.943026488343235769e-01
1.000000000000000000e+00
6.782211374565254580e-01
-1.163389569744655017e-01
-6.164538042309264387e-01
4.803688848917428977e-01
-1.539116730310368664e-01
8.893300419298865167e-01
2.158016072122590501e-01
-4.256431228254475285e-01
-2.266859033847193339e-01
-1.465296331003817232e-01
-7.086245973147247135e-01
-9.726193359982175934e-01
-5.698453767466354902e-01
-4.209343945997394698e-01
5.921852658104902467e-01
-8.298296614872475718e-01
-1.000000000000000000e+00
7.546863015150451215e-01
5.472130484853595656e-01
2.593825714809273042e-01
-6.729303872699383682e-01
-1.677858726725241501e-01
-3.731503918600083680e-01
4.991373500486815940e-01
2.693005727045761355e-01
-5.243117112137903879e-01
-6.891996905041217758e-01
1.000000000000000000e+00
-7.239487650523481754e-01
2.551742012480376909e-01
-2.095291582760036020e-01
8.834807619595089756e-01
-1.000000000000000000e+00
7.888362456383650467e-02
-5.362623739643175291e-01
7.686859292381942321e-01
-9.756300475841895858e-01
1.428419413673945593e-01
-3.369895318921581895e-01
6.591083057745357188e-01
5.736194799210316830e-01
6.403833230057551784e-01
-5.055538346573638930e-02
-7.333838765268478888e-01
-2.613340020663494911e-01
5.149491919153564856e-01
-1.000000000000000000e+00
-8.579466707092073818e-01
-1.000000000000000000e+00
-8.203434761117445184e-01
2.059705408052427134e-01
-1.000000000000000000e+00
-5.903805818625037505e-01
1.255395234251154568e-01
9.070912158675156212e-01
-4.330983638290766269e-01
-1.578304898910284082e-01
5.466116474312945339e-01
-1.000000000000000000e+00
-4.730036482426351885e-01
1.080660725337057038e-02
5.872189959161685513e-01
5.362209494750524996e-01
-6.473679823805186251e-01
9.251440678493551006e-01
-6.267508005637552060e-01
2.121521277185508536e-01
2.602842402171186009e-01
-3.203330996978392964e-01
8.344057982023590503e-01
-4.880320053226517296e-01
9.732791845573187661e-01
-3.562773202678760076e-01
-9.623544595895876519e-01
1.000000000000000000e+00
1.000000000000000000e+00
-1.000000000000000000e+00
-1.853273471500771208e-01
-4.875641206793964594e-02
-7.728566478785666716e-01
2.596013145615719275e-01
-9.304110185303383629e-01
-9.171530960729765702e-01
3.021045964728890643e-01
1.903087706755947905e-01
5.217244146668292837e-01
-3.096356059997112387e-01
7.364549084898648346e-01
-4.250171136488227197e-01
-9.224028285522500870e-01
1.219991761546331821e-01
5.277119172169350003e-01
3.000211619932414142e-01
-6.102854438416318583e-01
-2.874649264238012258e-01
-4.270762110485223362e-01
-6.900872451331827584e-01
3.182416780623910646e-01
9.044508624035493272e-01
1.464869767647322407e-01
-6.314658631939698008e-01
1.000000000000000000e+00
-8.590079104185304182e-01
5.599148013289223513e-01
-2.960563813947880152e-01
1.350429330608990119e-01
-2.536501271521689471e-01
3.634279925806596090e-01
9.525407777727254999e-01
-6.039649391794280620e-01
1.979053786694316974e-01
2.600797794985605371e-01
3.491115397430017975e-01
9.035154182068120265e-01
-6.579820249253059972e-01
8.714791858199096852e-01
-3.686795995768518130e-01
7.294130499895358222e-01
6.683500782604017143e-01
-5.348420750721826211e-01
-1.166203553879109622e-01
-9.347135961048295139e-01
-9.195257720487377551e-01
9.506554633647353869e-01
-1.000000000000000000e+00
-1.000000000000000000e+00
4.763873579542838299e-01
2.679998636720000785e-02
-4.814112046361236907e-01
-6.317909303608169047e-01
-7.458711440440536355e-01
-6.905990145169245142e-01
-3.974481880870217032e-01
-8.840929301279767394e-01
3.493946121493519685e-01
3.419294962516838954e-01
1.135599818981517656e-02
1.594057079719657377e-03
-6.053860550551223296e-01
6.684477400912397504e-01
5.884613821077493423e-01
-2.946176550126661242e-01
2.234944549307533723e-01
5.576318278028483677e-01
9.204168837518815760e-01
-1.000000000000000000e+00
-6.000124386828895595e-01
3.737720914370942227e-01
7.596737833654776395e-02
9.479502399181314320e-01
-3.329529154103860189e-01
9.432205609888737463e-01
-9.061806531065799697e-02
-4.768377431024422575e-01
6.242210714483023004e-01
-8.540766472757876926e-02
1.000000000000000000e+00
-1.940210702038359936e-01
-9.740995108334268293e-01
3.478891591522482174e-01
-3.233673096716885853e-01
-4.268471882084121094e-01
2.338590580325800583e-01
-9.049375432109082462e-01
