4.869735637467028644e-01
-4.614235488258729978e-01
-4.471302005240146982e-01
-2.529871340094593316e-02
-4.315924112966047499e-01
1.000000000000000000e+00
-6.033744696568014154e-01
-3.076027218665976226e-02
7.997388530919481431e-01
1.000000000000000000e+00
6.026978766426629441e-01
5.972940273398735789e-01
1.556572442116570254e-01
-6.129794279027727111e-01
-2.875642043029887907e-01
1.000000000000000000e+00
-9.176183388935204022e-01
1.000000000000000000e+00
3.007501741140100604e-01
-6.782643550879084715e-02
-2.656893771278194261e-01
-5.558016849789781944e-01
1.000000000000000000e+00
-8.676898674935739075e-01
-1.000000000000000000e+00
-8.051776472360748782e-01
-5.112783280515059703e-01
-1.544248573524244494e-01
7.039625599824873570e-01
1.525376096076654642e-01
3.079654145153878364e-01
6.070024679091499120e-01
9.302427644140994767e-01
6.157297835508379613e-01
-2.704223373491558835e-01
8.661757569338981444e-01
-9.872724253945178718e-01
-9.873241351838988322e-01
-7.050586620552053985e-01
-3.849353874204334836e-01
7.074810432888752887e-01
-2.095149144362116744e-01
4.274259518182258466e-01
9.952868457101278210e-01
-3.893114069292173407e-01
3.579458503565099425e-01
2.942765074781991119e-01
-1.461813235002376032e-01
2.933951492768750446e-01
-3.195903183459086749e-01
-7.648537306382334755e-01
4.771387321965384065e-01
8.579069677565962504e-01
-1.000000000000000000e+00
4.385327626642509524e-01
-7.575462519188800314e-01
-1.144580981328910119e-01
2.318666180047854186e-02
1.000000000000000000e+00
-3.504172474203876564e-01
-6.517956165439330318e-01
-6.115707455870460496e-01
-2.702759198034037635e-01
1.719341279946420276e-01
-1.591730417407941078e-01
-1.240443727897388992e-01
-7.088723942486305774e-01
-6.793976127428693612e-01
1.587710555548054736e-01
9.611902642522500428e-02
-8.581757436301210573e-01
8.607240749783034994e-02
1.000000000000000000e+00
4.455757298330278449e-01
4.386915712795534383e-01
3.675222373982276469e-01
-5.752108572001474185e-01
-1.000000000000000000e+00
-3.970703464171010388e-01
-8.834306014640010973e-01
1.000000000000000000e+00
-5.386051499212742844e-01
8.064049604691593265e-01
-3.505186524122649305e-01
-5.539110774363168455e-01
-3.826889058061599402e-01
-3.091156409866796517e-02
8.435265010203889524e-01
-6.608055916544033348e-01
-3.252130008823412854e-01
3.847883079820154095e-01
5.575264346299556584e-01
6.008128050991345948e-01
5.355664095067768082e-01
-7.572421226642080949e-01
7.660061997124396616e-01
8.481179090998572923e-01
6.866894740501208738e-02
-5.962488607905368498e-01
7.563652045415280023e-01
1.000000000000000000e+00
6.782211374565254580e-01
-1.163389569744655017e-01
-4.264162540522401512e-01
6.690045124245477259e-01
-1.539116730310368664e-01
8.893300419298865167e-01
2.158016072122590501e-01
-4.121602314279756984e-01
-2.266859033847193339e-01
-1.465296331003817232e-01
-7.086245973147247135e-01
-9.726193359982175934e-01
-5.765510710664900618e-01
-3.999528463577458615e-01
5.239519434580243162e-01
-8.393520503012247280e-01
-9.612589568851692690e-01
7.546863015150451215e-01
4.714566612061156792e-01
4.715034134855304315e-01
-8.100712465370017989e-01
-2.057601971683313546e-01
-3.731503918600083680e-01
4.469297365604188443e-01
2.693005727045761355e-01
-5.243117112137903879e-01
-7.024296289933568138e-01
9.907221828683578924e-01
-7.449428777487248077e-01
2.521058675827185236e-01
-2.095291582760036020e-01
8.834807619595089756e-01
-1.000000000000000000e+00
9.571161841261444092e-02
-5.362623739643175291e-01
7.686859292381942321e-01
-9.722038391777060307e-01
1.428419413673945593e-01
-3.369895318921581895e-01
6.591083057745357188e-01
5.800263808353423034e-01
6.403833230057551784e-01
-5.055538346573638930e-02
-7.333838765268478888e-01
-2.613340020663494911e-01
5.149491919153564856e-01
-1.000000000000000000e+00
-8.579466707092073818e-01
-1.000000000000000000e+00
-8.246930862476483659e-01
2.059705408052427134e-01
-1.000000000000000000e+00
-6.214844596625832551e-01
1.255395234251154568e-01
9.070912158675156212e-01
-4.564450059550864136e-01
-1.578304898910284082e-01
4.282020130758221743e-01
-9.843717078659772746e-01
-5.152719487534638265e-01
1.080660725337057038e-02
6.043706422956300894e-01
5.362209494750524996e-01
-6.473679823805186251e-01
9.981025504206082477e-01
-6.267508005637552060e-01
2.194392401181361474e-01
3.244502717673787839e-01
-3.203330996978392964e-01
8.304949560548821053e-01
-4.880320053226517296e-01
9.566033095026550415e-01
-3.562773202678760076e-01
-9.623544595895876519e-01
1.000000000000000000e+00
1.000000000000000000e+00
-9.665102167070884764e-01
-2.629440793886929084e-01
-1.485470869885593403e-01
-8.044254707104121493e-01
1.328072003846563209e-01
-9.304110185303383629e-01
-9.171530960729765702e-01
3.021045964728890643e-01
8.798598840904237051e-02
5.217244146668292837e-01
-3.676187235743254567e-01
8.972326796525945669e-01
-4.250171136488227197e-01
-9.224028285522500870e-01
1.219991761546331821e-01
3.448827339869807718e-01
3.000211619932414142e-01
-6.102854438416318583e-01
-1.543712412600488082e-01
-4.504007128132022086e-01
-7.156803277003720432e-01
3.155537304306960666e-01
9.559257363883642000e-01
2.605906091866493912e-01
-6.314658631939698008e-01
1.000000000000000000e+00
-8.449388675630657985e-01
5.599148013289223513e-01
-2.960563813947880152e-01
1.350429330608990119e-01
-2.862564498518170297e-01
3.840089827449822968e-01
9.525407777727254999e-01
-6.039649391794280620e-01
2.055604931173080907e-01
2.589512609324263193e-01
2.077862898432341898e-01
9.035154182068120265e-01
-6.874420727591292746e-01
8.714791858199096852e-01
-3.686795995768518130e-01
6.734090677216880705e-01
6.683500782604017143e-01
-5.348420750721826211e-01
-1.166203553879109622e-01
-1.000000000000000000e+00
-1.000000000000000000e+00
9.236451034237440627e-01
-1.000000000000000000e+00
-1.000000000000000000e+00
4.763873579542838299e-01
4.862439677133243571e-02
-3.647402721001559711e-01
-4.709948065690618413e-01
-7.458711440440536355e-01
-6.905990145169245142e-01
-3.560748033613987951e-01
-8.840929301279767394e-01
3.493946121493519685e-01
3.656839342818927752e-01
1.135599818981517656e-02
1.594057079719657377e-03
-5.790870350840240377e-01
5.925910424178100211e-01
6.186302433024206682e-01
-2.685879444707001129e-01
1.911226121911024922e-01
3.366936950762079994e-01
9.204168837518815760e-01
-1.000000000000000000e+00
-6.000124386828895595e-01
3.737720914370942227e-01
7.596737833654776395e-02
9.479502399181314320e-01
-3.329529154103860189e-01
9.464630153121248446e-01
-9.061806531065799697e-02
-4.768377431024422575e-01
6.242210714483023004e-01
-1.668277412105072244e-01
1.000000000000000000e+00
-1.940210702038359936e-01
-1.000000000000000000e+00
3.944615772531310238e-01
-3.275654816560428784e-01
-4.268471882084121094e-01
2.338590580325800583e-01
-8.994718982533258522e-01
