-1.276736431365761426e-01
-6.212339087496769885e-01
3.556316791318838710e-01
2.972342661541338416e-01
4.072112287965494737e-01
-8.052795192384281098e-01
8.528282565254003966e-01
1.000000000000000000e+00
1.000000000000000000e+00
7.018695965146708460e-01
-3.370832821303542115e-01
-9.425548315006486710e-01
8.305805687773084589e-01
-4.990269814767034351e-01
9.203426541224564161e-01
3.442763827501565399e-01
1.934609055093789998e-01
9.074456961358838836e-01
-1.715245038883292938e-01
1.110477548619008686e-01
-2.291101626219073373e-01
-7.322110984478245044e-01
8.858375458457379281e-01
-6.003564268244767632e-01
1.000000000000000000e+00
1.252660995038122893e-01
-3.351527595995464903e-01
-1.000000000000000000e+00
6.557066769791808358e-01
8.026609011649366021e-01
6.838163448399769972e-01
-8.609342720719934672e-01
1.000000000000000000e+00
-6.128541922086935267e-01
8.068129102786267826e-01
-1.000000000000000000e+00
-6.613716301845853351e-01
-4.305622385308918165e-01
-8.362561433354859242e-01
1.000000000000000000e+00
3.669502699363860199e-01
9.556408598225720752e-01
5.202006572464215051e-01
-5.235756647930908114e-01
-3.457705117772721937e-01
-8.436103520991011795e-01
-6.117565735278684969e-01
1.000000000000000000e+00
1.000000000000000000e+00
5.864423672585139524e-01
-4.767451179898167801e-01
4.246258339662646875e-01
8.181316863323858657e-01
1.051774214263764273e-01
-1.977121033813169504e-01
9.278446437057239482e-01
-1.000000000000000000e+00
6.152546570663220971e-01
-2.441246144941909835e-01
2.416314415751994460e-01
-1.471361189608497710e-01
4.822406726100225693e-01
-2.887347166201148507e-01
1.000000000000000000e+00
8.120984814679361730e-01
-2.477055707111055494e-01
9.715835100978038597e-01
1.000000000000000000e+00
-3.293575145154455930e-01
-4.473741926310388362e-01
3.495453050671156747e-01
9.577496069441809867e-01
-8.084974524109993510e-01
-6.737372692505494420e-02
1.000000000000000000e+00
-1.000000000000000000e+00
-9.787121496580982738e-01
-1.000000000000000000e+00
7.146729561335263270e-02
-8.598719573798101479e-01
-3.771721112326176240e-01
-4.565955815067934687e-01
8.037189248047120760e-01
1.944753927320996834e-01
3.864427057211463623e-01
-5.135401948869240396e-01
-1.109006494053044189e-01
-3.973461007965874980e-01
-9.680432155870462019e-01
1.000000000000000000e+00
-5.122066456326506145e-01
-7.617672208782646504e-01
-1.008635964397246454e-01
-2.287850571986858039e-01
7.059524683213704854e-01
-4.637512387482003451e-01
-8.372167018754972379e-01
-9.284644284007176340e-01
-1.000000000000000000e+00
-8.864555030051659568e-01
2.460337270388708308e-01
6.981674451754766864e-01
-8.517497997906668949e-01
1.000000000000000000e+00
7.035104198552559751e-01
5.297614482696788585e-01
-3.133466145148093851e-01
5.671214513498532561e-01
-3.394823467871830314e-01
1.723410192032964749e-01
2.481152537186250839e-01
5.088706084367589089e-01
3.982883031755944936e-01
9.600675196131718270e-01
4.654323654177949798e-02
1.368724907128759938e-02
5.587665176712548476e-01
-1.000000000000000000e+00
2.934648612596066908e-01
8.390718103980578935e-01
9.387435925490650312e-02
-3.916989457001158748e-01
-1.675581104909553698e-01
9.359125445924785236e-01
6.035255331532445311e-01
8.536990276545828316e-01
-1.000000000000000000e+00
4.611612037000805686e-01
-1.000000000000000000e+00
8.691257278314521439e-01
-3.400540581563701314e-01
5.796958643502900799e-01
3.939776378218375896e-01
4.651655666429848068e-01
-4.934285474650379477e-02
6.916626893498735162e-01
-2.969271362082581689e-03
-6.691496821279123708e-01
9.903338441192073294e-01
2.716459328520666183e-01
7.475261386390024132e-01
-1.000000000000000000e+00
-5.801807890779970833e-01
-4.495249620148953351e-01
3.771732525082278631e-01
-1.000000000000000000e+00
-6.953331949138705781e-01
5.939650125562452310e-01
-9.082633154934500741e-01
-1.000000000000000000e+00
-4.317262441139206874e-01
-7.271219804579209800e-01
-4.025745628435664081e-01
-4.878934891421735642e-01
2.526769687905677797e-01
-4.870029488388083472e-02
6.112572087994514458e-01
-8.719666453807590756e-01
-1.000000000000000000e+00
-2.115193322541559784e-01
6.579702816973571622e-01
3.007526949221743795e-01
-6.954432092338072025e-01
6.272708098314836445e-01
-3.692011371995738145e-01
7.487091036312445436e-01
-6.355964126997935004e-01
6.786696308569003522e-01
-8.356057829261254177e-02
-2.927893016158359396e-01
7.443446940594395933e-01
-8.303526958926166213e-02
3.765670909420022472e-01
7.265031195666815655e-02
1.000000000000000000e+00
2.999168310130211346e-01
-1.000000000000000000e+00
-8.942941385476808058e-01
-1.131717015835649320e-01
9.787859137968667467e-01
3.227217850749457551e-01
2.614417455433735715e-01
-9.956768662202732934e-01
5.364994584535743849e-01
-4.497614349270210865e-01
-2.253138023178608007e-01
-6.962249658719780188e-01
7.067723483383627769e-01
8.257916357019801090e-02
-7.071287931909886471e-01
-8.330572006637091409e-01
-2.535724204782296987e-01
-1.000000000000000000e+00
9.695671220999189099e-01
-1.000000000000000000e+00
-7.169469740802587587e-01
-1.000000000000000000e+00
4.427288367164917693e-01
-2.906904719903823375e-01
-5.935609116680550246e-01
-8.149750620814136814e-01
4.509365197133863301e-01
9.681572880423683358e-01
-5.170559187144083690e-01
4.511658676643943711e-01
-9.633906952871487128e-01
4.773103521243364789e-01
4.540484123192434218e-02
-1.398408670186257474e-02
-4.854571470103228314e-01
-7.719853207123370531e-01
-9.818864835692597826e-01
9.282979987700188396e-01
9.257511755990395219e-01
9.066682257958131874e-01
9.470937769159532005e-01
4.399694490573827776e-01
1.000000000000000000e+00
7.490418224040913397e-01
4.626783771843294146e-01
-9.008028464564397098e-01
-2.193362689929401754e-01
-6.510268449809739622e-01
-1.874002920379889137e-01
-2.709111869203965073e-01
-3.299090761332468258e-01
5.705887948214560801e-02
-1.000000000000000000e+00
-1.000000000000000000e+00
5.658037827472159886e-01
-1.033262521962563518e-01
-7.115107828161046921e-01
9.324591474098840038e-01
4.899223945973004146e-01
-8.101024411812365322e-01
1.101416130746940558e-01
-2.322510503999453135e-03
8.477100707151512538e-01
5.094445517991943451e-01
8.296471779975860272e-01
-1.000000000000000000e+00
-7.659200846736655688e-01
-1.000000000000000000e+00
2.140434308119940066e-01
9.561287845303354516e-01
3.334845655487278515e-01
-7.157637886731791355e-01
-1.000000000000000000e+00
-1.000000000000000000e+00
3.793689834462994348e-01
-1.000000000000000000e+00
8.333597903753888758e-01
-1.000000000000000000e+00
-9.973116450470935757e-01
2.795288167773885557e-01
3.651414104096553093e-01
3.479746408029384952e-01
5.745717502253279152e-01
-8.891907990139358287e-02
2.177127899510173936e-01
-6.567125576874823789e-01
1.000000000000000000e+00
2.962673131440871632e-01
7.305615417258590760e-01
-2.982443484516719145e-01
