4.192302190943607565e-01
-4.930581808925072473e-01
-4.872798202774472620e-01
-2.529871340094593316e-02
-4.315924112966047499e-01
1.000000000000000000e+00
-6.021038190697305392e-01
-1.738927516263414907e-01
7.997388530919481431e-01
1.000000000000000000e+00
6.026978766426629441e-01
5.938568925652112362e-01
4.180955245676727661e-02
-6.129794279027727111e-01
-2.432316108446610503e-01
1.000000000000000000e+00
-9.176183388935204022e-01
1.000000000000000000e+00
4.970879154408592293e-01
-8.867003100833749374e-02
-2.198011437219730690e-01
-4.464510021719751420e-01
1.000000000000000000e+00
-7.887561248117060941e-01
-1.000000000000000000e+00
-8.438550883588087359e-01
-5.829657349316932358e-01
-1.544248573524244494e-01
7.039625599824873570e-01
1.525376096076654642e-01
3.079654145153878364e-01
5.365680888207473576e-01
9.302427644140994767e-01
6.157297835508379613e-01
-2.775501515130547880e-01
8.661757569338981444e-01
-9.872724253945178718e-01
-9.873241351838988322e-01
-7.050586620552053985e-01
-3.849353874204334836e-01
7.074810432888752887e-01
-2.095149144362116744e-01
4.609654461021296390e-01
9.952868457101278210e-01
-2.850041203579554705e-01
4.099831536349099470e-01
3.710854470170274477e-01
-1.712836867433431554e-01
2.933951492768750446e-01
-3.084524329462079995e-01
-7.648537306382334755e-01
4.771387321965384065e-01
8.579069677565962504e-01
-1.000000000000000000e+00
4.385327626642509524e-01
-7.896084199518218494e-01
-1.744684594403824729e-01
2.318666180047854186e-02
1.000000000000000000e+00
-2.252958038588049883e-01
-4.868689960679947193e-01
-6.115707455870460496e-01
-1.846195695666942860e-01
6.419411378160595760e-02
-1.591730417407941078e-01
-1.091283922252685168e-01
-7.088723942486305774e-01
-6.793976127428693612e-01
1.587710555548054736e-01
8.670300363087767026e-02
-9.274491230423723698e-01
8.607240749783034994e-02
9.980517691510033540e-01
4.684662357569513991e-01
3.798818861868577534e-01
3.709094132490254325e-01
-4.744738105967529762e-01
-1.000000000000000000e+00
-3.970703464171010388e-01
-8.834306014640010973e-01
9.867155720713949307e-01
-5.386051499212742844e-01
8.064049604691593265e-01
-3.515715413894039409e-01
-5.539110774363168455e-01
-3.375302716572378681e-01
-3.983749443839756238e-02
8.435265010203889524e-01
-6.544088640718547234e-01
-3.252130008823412854e-01
5.523458188442755823e-01
4.959937216271974592e-01
7.133668428310993015e-01
5.355664095067768082e-01
-7.572421226642080949e-01
7.199255918880078653e-01
7.967604206514200538e-01
2.145333425333352528e-02
-5.962488607905368498e-01
7.674201136108513843e-01
1.000000000000000000e+00
6.782211374565254580e-01
-1.187746789669689440e-01
-4.189227306173181620e-01
5.812045409831504417e-01
-1.181022833419095308e-01
8.902046846838351790e-01
2.158016072122590501e-01
-3.911822677444025120e-01
-2.880797337909546951e-01
-1.465296331003817232e-01
-7.354929773821519134e-01
-9.726193359982175934e-01
-5.765510710664900618e-01
-4.034757636403214498e-01
5.239519434580243162e-01
-7.516344147916427243e-01
-9.612589568851692690e-01
7.546863015150451215e-01
4.714566612061156792e-01
5.468246866167421061e-01
-8.100712465370017989e-01
-2.057601971683313546e-01
-3.731503918600083680e-01
4.435315742178695952e-01
2.693005727045761355e-01
-4.929999091266873967e-01
-7.024296289933568138e-01
9.907221828683578924e-01
-7.449428777487248077e-01
2.521058675827185236e-01
-2.095291582760036020e-01
8.834807619595089756e-01
-9.337357845815577040e-01
9.571161841261444092e-02
-4.808076563395163872e-01
7.255910728858132597e-01
-8.844750057793681064e-01
5.208994698793499578e-02
-2.742180909599308825e-01
6.591083057745357188e-01
6.071069450081516550e-01
7.256249773803913339e-01
1.661888755224447123e-02
-7.333838765268478888e-01
-3.355172041029572672e-01
5.149491919153564856e-01
-9.598763333273734322e-01
-8.579466707092073818e-01
-8.813249987661853080e-01
-8.348621694090723189e-01
6.715932455371953491e-02
-9.319256196776747325e-01
-6.214844596625832551e-01
1.817008384865759218e-01
9.097063552860069624e-01
-4.295337013768934509e-01
-1.166576494337225323e-01
4.572870222961348263e-01
-9.843717078659772746e-01
-5.340691219428477243e-01
7.024883308215872091e-03
6.329929475157689556e-01
2.879185731736870202e-01
-4.717503820068038589e-01
9.981025504206082477e-01
-6.267508005637552060e-01
2.194392401181361474e-01
3.244502717673787839e-01
-3.339589215421949198e-01
8.304949560548821053e-01
-4.880320053226517296e-01
1.000000000000000000e+00
-4.136089717070585703e-01
-6.670530326792852849e-01
1.000000000000000000e+00
9.597841702955338672e-01
-9.665102167070884764e-01
-2.557581007356031777e-01
-1.485470869885593403e-01
-7.697108345499872328e-01
1.286648070720482206e-01
-9.304110185303383629e-01
-9.899595501724353097e-01
3.707062357051035817e-01
8.798598840904237051e-02
5.300067272549956465e-01
-4.013092504018235251e-01
8.972326796525945669e-01
-4.673051783085708788e-01
-1.000000000000000000e+00
1.219991761546331821e-01
2.415661973963299514e-01
2.736079847813565058e-01
-6.148078500472934360e-01
-1.074238276915960716e-01
-4.504007128132022086e-01
-7.539442796445239292e-01
3.155537304306960666e-01
9.559257363883642000e-01
2.709368345158652547e-01
-6.314658631939698008e-01
1.000000000000000000e+00
-8.449388675630657985e-01
3.293613730611151813e-01
-2.960563813947880152e-01
1.349204712040812659e-01
-2.862564498518170297e-01
3.539467374567591973e-01
9.525407777727254999e-01
-6.039649391794280620e-01
8.728998696032949645e-02
2.589512609324263193e-01
1.786636649517766018e-01
8.627004272729034140e-01
-7.416801235368684075e-01
9.303141586448155920e-01
-3.686795995768518130e-01
6.734090677216880705e-01
6.683500782604017143e-01
-5.348420750721826211e-01
-1.439945784677893470e-01
-9.248976687374812489e-01
-1.000000000000000000e+00
9.236451034237440627e-01
-1.000000000000000000e+00
-8.260054444019868658e-01
5.410057357792036337e-01
1.301364812528424120e-01
-2.602471046346780392e-01
-5.282702245497732374e-01
-7.458711440440536355e-01
-6.905990145169245142e-01
-3.560748033613987951e-01
-8.343244755102287025e-01
3.234389332040741305e-01
4.158453066685313670e-01
1.135599818981517656e-02
1.594057079719657377e-03
-5.125411967345492315e-01
6.226539176733963954e-01
6.186302433024206682e-01
-3.628776619476648535e-01
1.911226121911024922e-01
3.243637757953973244e-01
9.656315685573126917e-01
-1.000000000000000000e+00
-6.000124386828895595e-01
4.424156441643994908e-01
7.596737833654776395e-02
9.479502399181314320e-01
-3.640556337082927474e-01
9.464630153121248446e-01
-1.337962387386353869e-01
-4.768377431024422575e-01
6.293221672225668417e-01
-2.595939537388576301e-01
9.685503555671338694e-01
-2.038325620291356333e-01
-1.000000000000000000e+00
3.944615772531310238e-01
-3.813918738264834851e-01
-4.114415037233004613e-01
2.338590580325800583e-01
-9.563372515599738444e-01
