-2.917455296319779734e-01
-3.870665497249181630e-01
2.332633380687765823e-01
-7.025247921481587721e-01
6.513391831578032587e-01
-9.275683255219910883e-01
6.165262347078670491e-01
-7.825111580810449885e-01
-5.559279270665073991e-03
-2.631719080641631292e-01
1.362395909991295506e-01
-8.785186154723472196e-01
2.723465745439750396e-01
-8.399309162998080946e-01
9.602905341695179287e-01
9.972391882757252191e-01
1.801351240203763471e-01
-4.851330660963368846e-01
-7.446554198553410053e-01
6.239401974838092446e-01
-7.035002149809672645e-01
2.056507964457794935e-01
-2.438951680650479625e-01
-4.817293828906543673e-01
-2.991619244219737572e-01
4.246057924602489320e-01
-8.356429678273520345e-01
-7.905643431004131250e-01
6.387436581233532640e-02
-7.607859919597004250e-03
8.595419790400161686e-01
-4.129861058870513135e-01
2.321273359937927605e-01
-1.756627797700355820e-01
-2.474426157413525118e-01
-2.498430822211188951e-01
6.055855104120906607e-02
-4.823424007764086086e-01
-2.846268305002557231e-01
-4.677548424772377533e-01
-1.000000000000000000e+00
-6.639736773588508223e-01
3.975550697468107630e-01
7.198662963981385943e-01
1.961473368491032376e-01
8.467883210081617040e-01
7.047026646827975194e-01
-8.901118693165583906e-01
2.899431358206365217e-01
2.452592786822209714e-01
1.531178916641751098e-01
-5.622669088395433334e-01
-2.092073434414953859e-02
7.757858969847133412e-01
-6.633875517071242678e-01
3.815191279335039543e-01
-6.349334157311051774e-01
-7.085445970322667986e-01
-1.941693762147228552e-03
6.026095856731927825e-01
1.211579101569270622e-01
-6.436206747783684845e-02
-5.651624594945227065e-01
9.181015522603750423e-01
5.105797445366028198e-01
2.747467064070628351e-01
-9.018319412347459707e-01
8.055747257280916340e-01
8.631431396073036000e-02
1.000000000000000000e+00
2.515795544104652559e-01
-8.535024743101014000e-01
1.665212647957625691e-02
4.002319564951554165e-01
-2.817538229463227850e-01
4.968168266392689603e-01
-7.282134734978129575e-02
9.629308296559473401e-01
-4.584494908579378469e-01
-4.831786491514412085e-01
5.136974164994401182e-02
-9.465073696645047718e-01
3.352350786778036107e-01
-3.139177750200276007e-01
-5.294043331709969991e-01
7.915659832595229872e-01
3.028185272202752465e-01
-2.173586779831180593e-01
-1.534777929533321927e-01
1.567077059752773338e-01
-7.738346528232273869e-01
-1.253133681179691150e-01
6.619360016114612943e-02
-9.160265921291929070e-01
5.104823580124413507e-01
-5.455887855592713720e-01
6.271857990032232433e-01
6.795727950925719574e-01
-6.804161651541093536e-02
-8.311058970119853395e-01
-1.000000000000000000e+00
-1.084948427885126104e-01
-9.002747433146063294e-02
1.250492694386168280e-02
-6.585227106381892348e-01
-8.002231319599428794e-03
-1.000000000000000000e+00
-7.780521944294942482e-01
-5.145964856396470499e-02
-1.102443424039860065e-01
-5.923760684874088689e-01
-5.375869672753741391e-02
-1.021336569024960395e-01
-1.111516717354890937e-01
7.406346669272751981e-01
-1.820874918504550577e-01
-2.107265086954837052e-01
-3.438901802716177181e-01
-6.300957287274536744e-01
-4.134380684925997307e-01
5.412449958273729544e-02
8.675256684434831111e-01
-5.883955980089631277e-01
8.684583581975072186e-02
2.056638267671873077e-02
7.346719748488769186e-01
-8.212892705280416816e-03
9.539993783740116085e-01
1.000000000000000000e+00
7.184282435794422383e-01
-8.073571041323229780e-01
-4.931127522791349804e-01
-3.120097348829546924e-01
-2.548829382383398512e-01
-9.493953837224797798e-01
-8.658209726646287629e-01
-8.067706225442833334e-01
2.881517071461885959e-01
5.550556814367514358e-01
8.325689597732960356e-01
1.815960974492362989e-02
-7.135602255454205345e-01
-9.974789269224559884e-01
2.355167977758994974e-02
9.022112805447357609e-01
4.611682904035193653e-01
2.718923185959959410e-01
6.982458318992234014e-01
1.000000000000000000e+00
-7.123666602150635629e-01
-2.512216439631117515e-01
3.992770129467772544e-01
-7.210339196880752866e-01
-5.943079800912739463e-01
9.270158107793400326e-01
-1.251244827151333783e-01
-8.667326560157879722e-01
-5.955661831492629066e-01
-7.113727926036803595e-01
8.923498780667089569e-01
-5.692608027370280599e-01
-5.299941326330974700e-01
-3.805988320233025801e-01
-3.710947158191619799e-01
1.127624431613357542e-01
2.199224895550151437e-01
-6.934100194319017252e-01
3.451703951256519520e-01
4.119145441706903998e-01
-9.383403954906918143e-01
4.062147023611909491e-01
-9.087640272919648154e-01
7.227236392666086529e-01
-3.682137119783137624e-01
-8.450563013127497802e-01
-7.810469345531826368e-01
-5.068183125581898762e-01
8.332668910051758138e-01
3.747697435764473645e-02
6.539331268548333187e-02
1.956077508319503944e-01
-6.906882630507031884e-01
7.455890986010997867e-01
-7.971719436369009149e-01
5.906623885860567968e-02
-7.937031256601601026e-02
8.315930147783410220e-01
2.198035090175267103e-01
-8.295666648753784456e-01
4.940862247476355412e-02
-8.644359442919130609e-01
-2.004717108876623022e-01
-7.794895461587538765e-01
-9.399385346986499634e-02
6.688484986227006823e-01
8.896298031606431067e-01
-2.259323044268684300e-01
4.311352617711229351e-01
-6.599453245180897376e-02
-4.613215411133381183e-02
-7.593222925700265913e-01
3.848179254264153526e-01
7.185246678773667961e-01
7.770150898535602146e-02
-3.297783449119827126e-01
-2.144610562964271994e-01
-3.512629900151487128e-02
-2.547410178050013019e-01
-5.444444379952464441e-01
7.699355479702796323e-01
2.470190068483628654e-01
5.526006666201668249e-01
7.770194000927305167e-01
8.441393029048868124e-01
-9.534418766720524629e-02
3.524071251415487049e-01
8.140505879979476056e-01
2.802451033416525350e-01
2.396643164818521299e-01
4.382289534743635806e-02
4.713715175053827533e-01
4.453128207921256410e-01
-1.231131628230670849e-01
-9.080019075270319151e-01
7.001260444054629994e-01
6.073444792605611209e-01
3.096558510907149175e-01
-4.866753786109531132e-01
-9.798071525806717474e-01
-4.363998830478201252e-01
-8.431177753204668335e-01
-1.549190764679759802e-01
5.605502953002826638e-01
4.605830979196808839e-01
6.116284636639202077e-01
1.923109077201921036e-01
4.941823196175024746e-01
9.003574600732440203e-01
4.578257859234790006e-01
-5.764147587393271266e-01
-8.729760196722347043e-01
9.821556289701456333e-01
5.112220025653984035e-01
2.979645569676235839e-01
-4.817978259900173033e-01
-2.805473667195747534e-01
7.861867124149425345e-01
1.206206616743383808e-01
4.391339374690428343e-01
-5.049274812498372178e-01
3.317170176904213896e-01
-6.287491634560613551e-01
-6.033904872370421391e-01
5.100421675393251864e-01
2.353515183864385296e-01
-2.696652752682279774e-01
-1.446750608790421666e-01
7.255054410646644136e-01
3.665480839829466375e-01
7.380940948494409959e-01
1.756946449014152312e-01
7.924134696967901625e-01
8.726828998286926264e-01
-7.855799488111133710e-01
-8.455311133732119622e-01
