1.503041164822280229e-01
-9.465066561919746047e-01
9.637029928103642007e-01
-4.720154187734736939e-01
8.064522225710810677e-01
4.707132121231857314e-01
1.590679166706938652e-01
-2.402664920154264361e-01
-3.861974865420361169e-01
-7.079916776961623359e-01
7.079059131659785065e-01
-8.586311389846660314e-01
-4.574620056800388079e-01
-4.804610022734855379e-01
1.000000000000000000e+00
7.816234286923648966e-01
2.138282988034352905e-01
9.911160905277109912e-01
4.125306251748567798e-01
-1.017577287052710694e-01
-3.071292787408446134e-01
9.237638338953468864e-01
-2.320022330993812276e-02
-1.278010951345372459e-01
-1.943659295489236771e-01
3.517995571256781195e-01
3.197097905018168040e-01
-7.063788256165914881e-01
3.364653041764156249e-01
6.085025590289849795e-01
2.073953370659946671e-01
1.000000000000000000e+00
5.628684023675409875e-01
8.466049968934230563e-02
4.823367302256303946e-01
8.163653388808762568e-01
2.406640508505726861e-01
6.806171508415278515e-01
-1.628501358447061731e-01
-2.836805854779270719e-01
1.984480207575625155e-01
-3.707652671630899954e-01
-2.621442630929955442e-01
5.133341137209094240e-01
3.674974667501915704e-01
-7.346976082314057299e-01
6.027650975253816545e-01
-8.413695087554553531e-01
-2.916945016044103500e-01
8.315446345817583129e-01
4.701087527440595548e-01
7.508274669115350131e-01
2.113175203064738827e-01
4.249372841190487970e-01
-4.607092265556046451e-01
5.363728045142946987e-01
9.593172157790529342e-01
-3.804978433748001376e-01
-4.387527569277036021e-01
8.384944544966547175e-01
5.497338516855664325e-01
1.000000000000000000e+00
-6.056674093448044527e-01
2.558532133641289730e-01
-3.284615936518113788e-01
9.402740112841586617e-01
-1.851326244058337234e-01
-3.703162161090598481e-01
1.000000000000000000e+00
-2.830352950742838214e-01
-2.347173586889725883e-01
-9.161109973598136058e-01
8.826280162620596670e-01
7.608091911418034536e-01
9.184720174977631935e-01
-1.000000000000000000e+00
4.196155294579785311e-01
8.167925226537221528e-01
9.326503169054549680e-01
-3.045262405623871405e-01
-9.871723888562102811e-01
-1.666379416166119398e-01
-1.225970236343321140e-01
5.443225817359410579e-01
3.332843516906019987e-01
4.191570069856656033e-01
-7.775704642215106599e-01
2.563890359099140759e-01
-7.973638979918341585e-01
7.136137365114944009e-01
6.878929816112595574e-01
-1.369930044143277681e-01
4.925951913729642584e-02
-1.557576623057655152e-01
-7.825599856167999580e-01
-1.287775654222951260e-01
-1.029144010255329811e-01
-1.210629888682526606e-01
3.437009250378647573e-01
4.762698977606862893e-01
7.045902292852463944e-01
-1.000000000000000000e+00
-4.605033397479334489e-01
-1.000000000000000000e+00
-6.315948243335798296e-01
3.633468692930481581e-01
-2.671200928208092851e-01
-9.802381077913391305e-01
-3.564043579820516672e-01
-9.312486503468796473e-01
-6.097828761383673468e-01
-2.779822744092752540e-02
-2.827625548725429261e-01
-1.000000000000000000e+00
6.922124948024980240e-01
-9.634706601020608385e-01
5.780361377102505305e-01
-9.187236340088658082e-01
8.462357259034405388e-01
3.250425301016015567e-01
-5.700406147346429586e-01
1.680696334445390405e-01
2.224473637283623240e-01
5.396272780364137489e-01
-9.030053178863124419e-01
6.072533356654283843e-01
-6.569619665160093547e-01
8.366732437401225297e-02
-3.639346614877438935e-01
3.631853625628918558e-01
3.863291614201876945e-01
-8.194716909694044205e-01
9.020002918926361968e-01
2.905315994687127090e-01
1.000000000000000000e+00
6.165540683802888527e-02
-3.067053132511812774e-01
-6.633861625329413592e-01
-4.879740912693557586e-01
-7.234637415318209142e-01
-5.373589226272221797e-01
-2.334309585914751128e-01
-8.906483120295303202e-01
-6.219005106885828749e-01
9.337584733272409343e-01
-8.077573250941659788e-01
5.328249877337754015e-01
2.309506322420173396e-01
5.050399085286900736e-01
9.881562731303212832e-01
-4.754801728686042228e-01
-9.415513231345020717e-01
2.689130818314944271e-01
1.872144130009007479e-01
1.731370899959779053e-02
1.724715924137405210e-01
-6.023800505535831240e-01
-6.506359282977863812e-01
-2.391887561719385491e-01
-5.678812370366752293e-02
6.352808717343750855e-01
2.084277266216512103e-01
5.821586437896024702e-01
-1.790859401786635274e-01
-7.184223991208561477e-01
-1.252107163369897691e-02
4.484508247024844296e-01
9.817128039467861722e-01
1.542734700817568194e-01
-7.914310076080950385e-01
-7.097048148277830260e-01
-5.716480393547718197e-02
-3.016925455204457762e-01
8.096331727457382055e-01
-8.813276337734914367e-01
2.514009846698195272e-01
5.059271996750153155e-01
-6.820847159211667066e-01
8.872868876044370801e-02
4.386137465482364828e-01
1.916413707446368297e-02
6.051877696659277994e-01
-9.509372728225586879e-01
4.919598408588938265e-01
-4.529505184239557281e-02
3.959804457250335474e-01
4.139096967575134900e-01
7.504541365361419025e-01
-7.470256126651667050e-02
-2.088343495185993326e-01
-7.177770619816064013e-01
-8.412487801132864096e-01
-3.343456772823213408e-01
-6.583041232734151427e-01
-5.740464641926863454e-01
-1.033708043548239586e-01
1.090131918420766954e-01
2.150535964119086318e-01
-1.000000000000000000e+00
1.458200049904723183e-01
3.380457024056494619e-01
3.804139492184608340e-01
5.245776847376254493e-02
4.929354770853705547e-01
7.266309759327105322e-01
4.716677791749988580e-01
-8.556184748258579553e-01
6.349595081683687692e-01
-7.892709763644384369e-01
4.406572864390851385e-01
-5.788817241404584646e-01
-9.535169442387001482e-01
3.671997681806076219e-01
9.174875777475738348e-01
-8.145692337147542039e-01
8.219422157103585258e-01
4.161154724176911457e-01
-3.256822885140353563e-01
3.474606105951920654e-01
-4.901028174430344664e-01
2.310171411820367560e-01
-8.990867900741033036e-01
8.844301705459687302e-01
-5.673724029520781365e-01
9.524043802237225353e-01
-3.981529772535842282e-01
-7.887386253670065628e-01
8.816221313033415496e-01
-6.867972773426197497e-01
-4.220092083705543340e-01
3.391054644177905475e-01
-4.139086532014890629e-01
-6.294599582424806883e-01
3.714762236318498445e-01
2.522198209720236811e-02
-8.461527718036375434e-02
-7.378939610630805834e-01
6.065281388370815652e-01
-7.496726474563003562e-02
8.981770434955569371e-01
3.535825285994653178e-01
7.300490778746440146e-01
7.199956756227570143e-01
5.300736825069791713e-01
-1.367518761284183260e-01
-6.617413051269651625e-01
-3.943752915412327420e-01
-4.882586255538359232e-01
-6.510538362562259262e-01
9.876904185034446337e-01
1.507140182704266307e-01
5.079643073190128755e-01
1.924270499811097657e-01
5.593868961822429098e-01
-1.289706246667444434e-01
-7.996544370286158276e-01
-4.525690005785396736e-02
1.514783697689396913e-01
1.233411100238678698e-01
-9.967635221624844277e-01
-9.095221602503418268e-01
-8.946310444092376857e-01
1.143718202196420952e-01
-4.168925678962077108e-01
-6.645707765394100186e-02
