-7.384508348961784652e-01
1.361359224518463029e-01
-2.530199117275140908e-01
3.592473982920771358e-03
-4.103574364481528125e-01
3.434480321132230562e-01
4.554114150733831190e-01
-2.990299987893820788e-01
-6.514745585986971843e-01
-3.136731249602385807e-01
-3.328246358982255293e-01
-7.669375002019773735e-02
-7.001972708572001824e-02
-6.810708856422502677e-01
3.396545010333832382e-01
2.440923434425848748e-01
-7.034552359443690950e-02
-4.859279133779037529e-03
-6.987511832951529556e-01
6.876522552393868892e-01
-8.505741399440458483e-01
6.690239271660655129e-01
-4.112268753169950886e-02
-1.531178817576331896e-01
-2.548187448828609369e-02
-4.741351582772406204e-01
-2.680049395746239016e-01
-5.565794183198106149e-01
-6.639170662189720629e-01
8.495838769844112903e-01
3.290723549248422142e-01
-3.476702496858976588e-01
-6.273460908356773280e-03
-7.228106430388114845e-01
2.515308107226484902e-01
-9.654741875248810112e-01
-3.577243397947773018e-01
4.099392782321445994e-01
1.893162611913912219e-01
2.982773022972435850e-01
5.069858483530981230e-02
-2.623147430185353013e-01
1.940571693861217750e-01
-5.676216212379396886e-01
-4.713331633003968735e-01
2.108116238236996676e-01
2.597775444720422655e-01
5.899576804648822836e-01
-3.147021959111859779e-01
-4.199278784738501025e-01
3.375682358981914044e-01
-2.515084015945865392e-01
1.781536768004343685e-02
-5.441644561253633494e-01
5.316344680380062915e-01
-1.819694097929904220e-01
-4.742979836851329289e-01
-1.339816025449591941e-01
-2.016549345014586603e-01
5.528940717575056008e-01
1.782820115785499482e-01
4.314817886214855069e-01
2.061450509116827257e-01
-3.566895193162994415e-01
-3.606391717538570685e-02
-5.104889565737386059e-01
-3.737249605219676862e-01
-1.494092578343610422e-01
-3.660380722855723357e-01
9.426580402168824313e-02
5.952154121928968644e-01
1.098840947808310542e-02
-6.018170170873710090e-01
3.533648143040277190e-02
2.290239422528342339e-02
3.322261302141125694e-01
-4.086263975376158708e-01
-3.207270331593133350e-01
-3.422476381702512227e-01
-8.389977706728170004e-01
2.148904738721679752e-02
-6.434105726364719446e-01
-2.387427152575211098e-02
-2.291206371918346196e-01
6.032269584550317143e-01
1.778412993948074727e-01
-2.691041412644011865e-01
1.174002731708018443e-01
-6.955863818027341328e-01
-1.285796434982899306e-01
4.716629614944625182e-01
3.786824818639338286e-01
4.146614471410492442e-01
3.550707053745415509e-01
-2.274748668820464337e-01
-6.031197236607590551e-01
9.624346739599415335e-02
3.369998997596124202e-02
-7.082905312240377338e-01
-3.599767886172934306e-01
-3.034413821234378528e-01
1.415204226097793727e-01
2.911475798682836014e-02
3.930538838887553954e-03
3.708004664332785749e-01
5.860303489638801766e-02
-3.103195562818934494e-01
1.300760650812060049e-01
4.850041776031165930e-01
-8.511731576150174394e-01
-8.710282111988809639e-02
1.045133305866961793e-01
-7.983123747583082963e-01
-2.530822304905178122e-01
2.594598018030183639e-01
2.026822753632501195e-01
-5.029754185199670768e-01
-2.398377929152664678e-01
-5.145238747091478437e-01
1.025291499569255249e-01
-1.733688113382748086e-01
-2.922772152900641185e-01
-7.515178440143932548e-04
-6.866424833862669885e-01
-2.963295981016410563e-01
-6.963979033324136925e-01
-2.625719422797098135e-01
3.530950587629401172e-01
-5.536449911826629711e-01
1.790369250400177248e-01
-4.139467681734223525e-01
3.370287589442652609e-02
-1.752580987720503969e-01
7.199739181560567136e-01
-1.674793873755148210e-01
4.981849772417012989e-01
1.858693725178263978e-01
-1.199270938668571401e-01
2.437214644338444591e-01
3.145672909964819519e-01
3.268506470988663537e-01
-1.524012482860596651e-01
-9.199152317386960487e-02
-4.336522397746517821e-01
-4.891868378634723902e-01
-2.781714100182803850e-01
8.696024122178658278e-01
-4.212316409669594197e-01
-5.694217209461753804e-01
-1.262380916471161629e-01
1.031741803896644161e-01
-2.305801381133283923e-01
-2.060255842097129808e-01
-2.127846791320958664e-02
-3.315981920730514676e-01
-4.171460281141824988e-01
7.250207337855130163e-02
3.305380876276721169e-01
-5.960190379562990692e-01
8.267859869521483329e-01
-3.572559348850103400e-01
-5.871763185349487824e-01
4.851363005316033927e-02
6.095434538258832635e-01
4.622573230316810444e-01
1.108431793985591163e-01
-3.951964357224671542e-01
-4.598187686775077054e-01
-5.103087310837750579e-02
-3.009281884454249045e-01
-1.098387402285705416e-02
-2.716670900908614850e-01
-8.091903735283796362e-01
2.422196696122913551e-02
3.332394541879919458e-01
-8.498734555433540283e-02
1.659199608969692541e-01
6.016586205210154858e-01
-2.520221689584917768e-01
6.420233924172159545e-01
4.660147710553889655e-01
-3.339730881013908137e-01
-1.546438676850533933e-01
-1.235815473099411421e-01
-2.172630028485483256e-01
1.033229848052929500e-01
-3.055931085518993617e-01
-1.132425336500733487e-01
-1.729470794889048924e-01
-2.912235770978697791e-01
-4.078211992056602897e-01
-5.336857037514486368e-01
-1.064866845954672847e-01
-4.550632787028792703e-01
2.326258386872859241e-01
-7.996186776269819108e-01
-7.527227085845757948e-01
-5.641366823980055178e-01
-8.869343744117554884e-01
-2.346361119723933686e-01
3.083387719610458655e-01
5.110149501322892585e-01
-1.912364214530939410e-01
-1.944408305204517740e-01
6.032202235149083380e-01
6.730972589761738956e-01
4.230578122678966269e-01
-7.641025599960767078e-02
-2.124543073310677377e-01
-5.123366324676343897e-01
-6.417748853751896743e-01
-2.813600225479656047e-01
1.673842866394465445e-01
2.747143049651223357e-01
2.573404730596806633e-01
-5.917962461920501793e-01
9.520390558023167360e-01
-2.551711958504771505e-01
-4.925012511310501440e-01
5.816267251441401553e-01
2.772464976066825737e-01
-4.939652611099382695e-01
-7.068610583429898453e-01
4.351921073521053396e-01
-7.108086903531223300e-01
-1.180406910838126405e-01
2.184331599232792187e-01
-5.209539943969370146e-01
6.627150706312910922e-01
1.099552077730431288e-02
-4.646268186779639597e-02
-5.969257835960661840e-01
-7.404974922255183611e-02
1.684046551148212778e-01
-6.367711522724075479e-01
1.139068211847416578e-01
-7.033732275894317709e-01
3.293767901440657342e-01
6.259480754852912998e-01
-2.723708802453170819e-01
4.198577132594170092e-01
-8.339155543339904497e-02
2.463256191435383990e-01
-5.035535112169264860e-01
-2.296781684069598983e-01
-3.036581550967758503e-01
-2.823597356044396101e-01
1.851108331591068135e-01
4.446765063262243523e-01
2.614877181446151333e-02
-1.537780970564948946e-01
-4.582591394751325264e-01
-2.153152964243463252e-01
2.375749252529493205e-01
2.093942008559171453e-01
1.689229659368176872e-01
2.057863189442515339e-01
2.619940729433065663e-01
2.488990998243186259e-01
-8.720545529971762688e-02
-4.268032427395643258e-01
3.103165792752345942e-01
1.174002130754396855e-01
-3.115724912894511922e-01
-5.290827824738757457e-01
