-8.008110925469572594e-01
-3.084825903137726755e-01
5.871600997323298543e-01
-3.714526809247331585e-01
6.759927067273063805e-02
-1.087375044835684257e+00
-6.067764300377032072e-01
2.776862563186320854e-01
3.978655870240741521e-01
-9.794082636836269895e-01
4.620512079473595296e-02
-4.627413335489470869e-01
6.314027775988890756e-01
3.317026636031185638e-01
-6.861307204397724124e-01
9.675023245566652941e-01
8.812969640492266388e-01
3.177338175103493478e-01
7.410445467130173380e-01
4.476298675430655932e-02
-1.218596807465645304e-01
-6.906589447308274232e-02
-5.521092756444775373e-01
-3.684687516674739483e-01
9.028403387439411232e-02
-3.896835526567293262e-01
9.805984428548504273e-01
-1.657849279900116546e-01
6.372342948897786741e-01
-8.939027432978183807e-01
2.634132970933385498e-01
2.758657966578498821e-01
8.055499005212084507e-01
3.084971568893697391e-01
6.807927944730645109e-01
-4.379040412224011192e-01
9.436480314929598379e-01
-7.934679838321935241e-01
9.436041352924240400e-01
1.992346910746095601e-01
-1.852263831875833600e-01
2.409030123053048644e-01
8.603758025936971698e-01
9.024378636981813528e-01
-2.067477236695680620e-02
-5.796374177468817113e-01
-1.952001993199765639e-01
-5.434372547286131505e-01
2.153828502291890157e-01
5.541673012512903229e-01
-1.229110374348297285e-01
5.396810069966120338e-01
2.666297659818761545e-02
-8.630409568834969125e-01
-1.901534351113333132e-01
-5.592017082455947863e-01
8.571114613846533281e-01
-6.172452952704172713e-01
-8.872893603930377404e-01
-2.580365664714366347e-01
-9.076555289694951956e-01
3.528971006681933531e-01
4.131859708858194313e-01
-7.685540290869414815e-01
6.396882433941856183e-01
-7.711820215050544380e-01
2.481761246023032330e-01
-7.226096989960779926e-02
-5.200971913854637863e-02
-5.865563526930748228e-01
-2.300025081405329130e-01
3.963633160908881514e-01
-8.194618252734459096e-02
3.119523910453100846e-01
-5.647420477640425762e-01
3.548876788857011633e-01
6.031866613562315571e-01
1.951919620414282186e-01
6.364004802515123016e-01
-8.441584532391370743e-01
8.591972259110658428e-02
-3.184782103240932916e-01
-3.762051603874883021e-02
2.419908405604863644e-01
3.318939771229638680e-01
-1.910570667701680936e-01
1.199657352829852197e+00
-4.209680952946375232e-01
5.270039342860678433e-01
7.703347819380301775e-01
7.223688046132197282e-01
5.132107244610017993e-02
2.264013787010534795e-01
1.059738292331624532e-01
7.498678472673332429e-01
-6.782113980358259742e-01
-4.024127875856278180e-01
1.491618820514739596e-01
4.119472056030498153e-01
4.762945094790687617e-01
9.020696468181571559e-01
5.955010215876158641e-01
5.196836957794302714e-02
4.469994573823562467e-01
1.888188438299610861e-01
-1.171104152720618963e-01
-1.314175102547117946e-01
3.613552152860482480e-01
-1.251748717570394520e+00
-2.098478081981156040e-01
-4.927443597943562126e-01
-8.710737464848874456e-01
4.578261098309533428e-01
4.653620734193804620e-01
7.986570225432753078e-01
3.196134938980336737e-01
6.626228837481600298e-01
-9.550028502340073278e-01
4.633183193027402003e-01
8.743508597628513179e-01
3.265891991467619881e-01
2.001372989982689310e-01
1.190988806022319491e-02
-5.707435747889092470e-01
-8.949116410826396528e-02
7.168132880390635231e-01
-2.048505785207909713e-01
-6.330439723178431510e-01
-7.774704303014235984e-01
-8.292101461535966722e-02
1.667184237068262131e-01
4.401231958824425305e-01
7.989603230600619277e-01
6.715356224181705525e-01
3.289433726255088786e-01
-8.659681086697534891e-02
6.473910332306345161e-01
-6.949635708566660464e-01
8.074777898544778232e-01
3.707300617761255523e-01
-1.604892522352616702e-01
7.299149094772046098e-01
-8.774341580985804967e-01
6.187173914393327978e-01
7.368740112745787441e-01
3.351450527023520642e-01
2.255170908406388675e-01
6.461114509311595144e-01
-1.252952781179935915e+00
-3.292624040941513064e-01
-2.244557518251342199e-01
-9.345154426435745010e-02
-5.899787654796770364e-02
5.845312736541051768e-01
-3.085317737890591605e-01
6.522650359594864833e-01
-9.564561980210334324e-01
4.621236391879748329e-01
-1.054620066853396571e-01
-8.491194342106742621e-01
7.507340509786328830e-01
-1.091352451839052051e+00
-1.061922654956621859e-01
-6.841133767814044919e-01
1.176613684553882017e-01
-7.845679439352145623e-01
7.718911156883578872e-01
7.192542247711972703e-01
-3.440997342591077812e-01
-2.439159127012673345e-01
-8.500106347876250634e-01
-7.187398609401002281e-02
5.967944347645892655e-01
8.938371479048460300e-01
1.755341478581414205e-01
-8.376980292494103086e-02
4.379987825667701618e-01
1.078349112701590062e+00
-5.947377888164439019e-01
8.367174785881896781e-01
-3.641957756959747217e-01
3.930441833951135999e-01
4.360067477183415807e-01
-3.553434969601603211e-01
-9.093040109834644724e-01
-1.182049782004706895e+00
3.992595345473506918e-02
2.334110473322381363e-01
-9.107419462714161362e-01
3.467753624487987518e-02
4.241491915094419696e-01
-2.714394040862755375e-01
-2.069129137052232448e-01
7.837433234304254093e-01
5.341664873275056014e-01
6.426922024762021790e-01
-7.154659450807137056e-01
-2.837598619695922905e-02
3.965017769289326255e-01
2.578075660492904486e-01
4.462751533331001941e-01
-3.477064172951991883e-01
-6.539700661422696015e-01
9.143041082014573551e-01
3.343516501903565641e-01
8.009172139320855366e-02
-6.236733536278920020e-01
-9.213402608158112184e-01
1.508496819199011685e-01
-8.641449722301353109e-01
3.966470501321561759e-01
-6.256008588337681475e-01
3.777047684097547542e-01
-8.511903452917272961e-02
8.471282424299046987e-01
1.040483348598635338e+00
-6.399926966800151273e-01
7.171221726268006691e-02
-8.515929340382336621e-01
4.320074999498004775e-01
6.688919211793890041e-01
-8.055596090234268258e-01
-3.462887385322357958e-02
6.686252471411091580e-01
-5.140035624794639935e-01
-1.042358857741259470e+00
-1.688157525032479567e-01
-9.716760239549043776e-01
-8.406796069769008062e-01
-4.717990072603479579e-01
-2.981432597867975098e-01
5.403362061450638076e-02
4.069244975305858492e-01
5.075167330650488529e-01
4.958770233754671714e-02
-1.081218519437638914e-01
9.520389363067280897e-01
6.081023947545927122e-01
7.579914531141143663e-02
-5.361655418223298941e-01
1.117663317512115340e-01
-7.213357129425317371e-01
8.695540709856384165e-01
-8.323451270836214055e-01
-1.712050696618474532e-01
-6.061969267605396006e-01
-7.151021795657921398e-01
5.844576305543748296e-01
3.800463851265366566e-01
1.111299311610723095e-01
-3.060132804288970831e-01
-7.587072610673700757e-01
-8.538215740649737207e-01
2.932598361011978239e-01
7.183517638917524817e-01
-7.786946513644574797e-01
9.101928923046624931e-01
-5.512679964455690085e-01
7.979741528242194626e-01
-1.018690734120816233e+00
8.418810224910434625e-01
-3.687052190106495653e-01
-1.497252183484482635e-01
4.271043558168596821e-01
7.873928889706465206e-01
