9.464754970794440059e-01
2.017493289513239141e-01
-6.392320786186419523e-01
-1.748233891519854755e-01
4.410418081329414708e-02
1.669145348371758042e-01
-4.696988479145899342e-01
-1.663026879662687918e-03
-1.256536722971108855e-01
6.684561888374629390e-01
2.941184715401400362e-01
-1.643202615947731982e-01
3.346406702900589503e-01
7.756039481211704500e-02
9.581772846373678987e-02
-6.033949195308524471e-01
2.261740744325665964e-02
4.485806172896401600e-01
5.617103194932580035e-01
-3.132591065640737971e-01
1.019968248712280617e-01
2.503655351128499795e-01
3.112160933143798269e-01
1.772056149987955020e-02
2.314606704397667025e-01
-6.799313589349376130e-03
-1.500564313789054527e-01
5.710366077929027728e-01
-5.734581222283411384e-01
2.271496587431840186e-01
4.126468719686413045e-01
3.361600518969121154e-02
4.513269960240202244e-02
8.085209050548579635e-01
2.890680205782427681e-01
8.616911171751562293e-04
3.781276396140337281e-01
-2.643072378626290519e-01
2.289220050158314312e-01
1.284360595657931814e-01
7.897835628755519588e-01
2.971067905947591403e-01
-2.258732899542610362e-01
-1.557312919652615868e-01
1.497836630600497543e-01
1.329161180195309877e-01
-4.010217696446917723e-01
4.534331317775880388e-01
3.433966262037798645e-01
5.998177231075428883e-01
-4.840412982742291481e-01
-5.596157335983997783e-01
1.587361169885896373e-01
-1.039319866598321651e-01
1.648381063412168723e-01
-8.016255806244029225e-01
-9.945619963901767280e-01
-5.718255980584910358e-02
-6.319542218006255485e-01
-2.512878814488978541e-01
-7.359702941727279679e-01
-5.505994236475660886e-01
-1.504136310151662492e-01
5.638901833144607245e-01
-1.414290151233500437e-01
7.155985618116492697e-01
-3.188327315235288673e-01
3.559065644101577219e-01
-6.367759007225923806e-01
1.619551815521491633e-01
-6.170001711288111146e-01
1.198216371299447025e-01
-6.453233144272541022e-02
-8.855643099334087331e-02
3.524849466288680899e-01
-7.816824232411156981e-01
-5.196907269126411766e-01
-3.468142125642715845e-01
-8.332405151647281905e-02
-6.762514049539183336e-01
-1.278044086031469018e-01
4.325576843713996311e-02
-1.939041353922807964e-01
-1.274433011088779155e-01
-1.046858370177629061e-01
-7.836991116948426317e-01
5.581962458225238066e-01
-7.210800137162043377e-02
6.399749761760862299e-01
-7.213732827541619042e-02
-2.312108834792547807e-02
7.026921748097617604e-01
1.041377087412955760e-01
-8.100538901779834600e-01
-4.335988263307970492e-01
-2.292423840564310755e-01
2.226375626826938570e-01
-5.458313053156235162e-01
-1.709866494564816486e-01
-7.196683551074547491e-01
6.270490755360524915e-02
-1.070450674594123353e-01
1.175740224127881373e-01
-2.660431510196978322e-02
3.086276816279956980e-01
-3.634540997066848522e-01
2.150982082125368899e-01
1.736438451009438833e-01
-4.375237784475891623e-01
-5.668621639008640800e-01
-1.426925407987428285e-01
-4.646119935070598395e-01
2.863220887772432999e-02
-2.168559834781802476e-02
2.425393657190808017e-01
1.283929504921488274e-02
-9.464675573205816317e-02
6.444351006136148086e-02
-2.895168826997326361e-01
-4.304839119784744650e-01
6.941321954043047082e-01
-1.880545775142636877e-01
-5.015965755647211477e-01
-6.363942362824893673e-01
3.481017137300603803e-01
-5.669614768227399654e-02
-8.233250729596309769e-01
-4.530524459098577150e-01
2.698190665770004992e-01
-1.173184247576929407e-01
-7.122117895227128015e-01
9.305087680001031258e-02
-6.748116286801966179e-01
-2.034175600310404730e-01
8.515554863944391206e-02
-1.552703823050268772e-01
-4.693940476427642672e-01
5.659632356605510672e-01
-3.941239351169012473e-01
-4.398066921424625964e-01
5.656677734165059812e-01
-6.791332764782200826e-01
-3.185163224902782808e-01
1.869926081707583565e-01
1.571820284142901869e-01
-5.880710107521706087e-01
-1.020296065667122276e-01
4.486914346341036586e-02
-5.850709074161177803e-01
6.817758967890374944e-01
8.579821345363047858e-01
5.493270561233269955e-01
-1.785313262801292433e-01
-6.912201089389735653e-01
1.351300843826412079e-01
-5.311486415436572628e-01
2.273567507639928376e-01
4.560971518381295997e-02
-4.838393454593228338e-01
8.159280953101903655e-02
-3.770698636483590382e-01
2.732456727998516799e-01
-3.071456714228458784e-01
-4.117814241786698082e-01
-1.009602493702602133e-01
-8.405587004823356079e-03
-3.738127816903089595e-01
-4.462149178340141242e-01
2.961216479311274963e-01
2.485266799982165375e-01
8.111134597203600860e-02
2.783269452904918451e-01
-5.084668488933526964e-01
-2.283098534850363515e-01
-3.591642913541165938e-01
-1.740751614643265555e-02
1.974786062737993175e-02
1.191352621227459024e-01
-7.017485436927017872e-02
1.365168844027305206e-01
4.974118287039607234e-01
1.487710602839145135e-01
4.968657085154386532e-01
-2.827612315818093247e-01
5.892778993644490759e-01
2.960696562770265272e-01
-6.677290331814886848e-01
-9.126474347559375699e-01
2.147936237341506460e-01
-2.145118839105771835e-01
1.667592595478095685e-02
4.094146165906337176e-01
2.154517774009323539e-02
4.943341221687190812e-01
1.527339692237049684e-01
-1.963938371652739490e-01
2.000754867468485243e-01
-4.777932032312152133e-01
-4.486547271771250678e-01
-8.140590243668421877e-01
8.907082962951848870e-01
-2.988585813580544315e-01
-4.100803944783708577e-01
-3.542128045712610307e-01
4.233451361229624843e-01
1.402547576451864952e-01
3.927092601687532936e-01
9.685421287635165299e-02
-2.649419783963872788e-01
-9.033644749597307122e-01
-2.747845668733164270e-01
6.447186302779569500e-01
6.013137678945035258e-02
-5.619721269811839282e-02
2.783744710600414285e-01
-3.969698290738159496e-01
-1.783836590175167103e-01
-5.699910592493682149e-01
4.259061820927870778e-01
5.182413505753147298e-02
-4.415220508740340666e-01
1.260421182245480276e-01
8.861940050914087763e-01
-6.719420524254182681e-01
1.558356458532499378e-01
-5.179261985229108856e-01
-7.552502521428727800e-01
1.068458771007947394e-01
-1.193947327961411009e-01
-2.522349771853785172e-01
2.973152465101139841e-01
-1.188856023073192603e-01
5.646921761020121666e-01
-6.917307646358394901e-03
-8.137748031469860255e-02
2.786774084329625700e-01
-1.971707449143743629e-01
9.319586945952382795e-01
7.208314859664302077e-01
-4.910127633800267510e-01
9.374386992169312371e-01
3.938421682707992089e-01
2.754669732325543130e-01
-3.533498054769351193e-01
4.879353767876749570e-01
-7.855437341630400194e-02
4.717914547692898530e-01
-4.018675723844643555e-01
-4.178135756379063315e-01
-1.961204521193364858e-01
-6.582252129027665877e-01
3.454319479221174688e-02
-5.969113981578729744e-01
1.516057218483979341e-02
7.645297140684692572e-02
-3.977657178608490218e-02
-4.752167102611076777e-01
7.703952493764097964e-01
3.969371298183161922e-01
2.933804904575865180e-01
-4.300270794689609044e-02
-2.349835204328373228e-01
3.984556571098706312e-01
-4.958510395372373036e-02
-7.198133966384229199e-02
