-7.409249190070458235e-01
4.731646536603418829e-01
-1.623753783369232262e-01
2.168854479357202325e-01
-4.210847536304404004e-01
3.127722659996957921e-02
9.199021957679813788e-01
-8.755417462990358057e-01
-8.724366583808327302e-01
5.065405784486028962e-01
7.539699118205108741e-01
-9.050698555902546572e-01
-6.060877777114662690e-01
7.980243986069167628e-01
1.260543070203042904e-01
-4.959542725574316302e-01
-7.632247801991963732e-01
5.755929982593666061e-01
6.484621293190334645e-01
-4.854654324438854168e-02
8.081436258171639242e-01
-9.950023367040321531e-01
2.902663911968277333e-01
-2.011236871924510505e-01
-8.215658056756445227e-01
8.006690588079606874e-01
-6.309613252436170328e-01
4.675148299903887916e-01
-3.179565275646042966e-01
-8.085015049929775710e-01
-2.425972061555869974e-02
7.285523353064233820e-01
8.985850127404526599e-01
-1.386148904281352123e-01
-8.663733329702270058e-01
5.103963120182817281e-01
-5.154534594642389000e-02
5.759610021596067719e-01
3.250816088306732188e-01
8.255408263811048197e-01
-9.582433994748152939e-01
-9.685334025087259935e-01
-5.003719911173940549e-01
2.297442609293178228e-01
5.507599803086070667e-01
-4.889474507569644968e-01
1.177166372208203193e-01
8.810833356602344457e-01
-3.495638015037578761e-01
-3.953853352311499925e-01
2.551691557285693315e-02
3.479798488154540181e-01
7.815407689793893997e-01
-4.941678079338044927e-01
5.697895327644884045e-01
-9.807349256881456867e-01
-3.773785840732318264e-01
-2.821843177814833403e-01
4.611447406288252115e-01
-3.422469572862351095e-01
-7.233369966289342479e-01
7.602598083750119473e-01
-1.155348121673769046e-01
9.295186587726829430e-04
5.176042235836510186e-02
6.687341894577909507e-01
1.113970938424519441e-01
5.382951268179898552e-01
7.531461763493263462e-02
5.732365886653549847e-01
4.841761805861856671e-01
-4.382162171425754704e-01
2.118257282707231015e-02
3.872835494621993946e-01
6.749850843751497020e-01
1.600619285986845386e-01
2.346689186433481844e-01
8.945988663890255266e-01
-1.015804505829528276e-01
2.212469073325317448e-01
-2.274566008813704854e-01
1.344987789834105885e-01
-5.391281749319369876e-01
8.661826477551336501e-01
-1.003775663950243896e-03
1.909598681390345665e-01
4.282017138794959044e-01
-8.867170231812681047e-01
6.515092108605238241e-01
-9.334946998126864015e-01
3.796667194710044435e-01
-1.043856419448744577e-01
7.604443772881450681e-01
-9.342664822266394387e-01
1.736399880835604037e-02
1.180180285638615795e-01
9.225191918567088312e-02
1.738411780196921644e-03
-5.041075674637317261e-02
-8.068554299260023432e-01
-5.491995295936621391e-01
-5.886589989524098065e-01
9.953340814035006590e-01
-7.221287818102064548e-01
8.181936187838477759e-01
5.246501752242181960e-01
1.718584844357990971e-01
1.684518995035641231e-01
3.449047029827382871e-01
-7.646919436406501847e-02
1.000000000000000000e+00
9.447901462495580938e-02
-4.647925727775373272e-01
6.744442103643746300e-01
-5.711233098380055218e-01
-6.879277681919508947e-01
-5.102568047107260973e-01
-1.745329953853030636e-01
-5.592583399018942192e-01
-5.604231528118693850e-01
5.562301420908711824e-01
8.998588242222894662e-01
3.598000044361887584e-01
-8.902205995978900166e-01
-8.167961842230608838e-01
7.182067555107520818e-01
3.909212497504553352e-01
-9.968344486637948920e-01
1.493946720833451147e-01
4.086031158379904160e-01
-8.248192295281298048e-01
-8.136810458450299821e-01
-7.789946373587407491e-01
3.998000699058751328e-01
7.186576273090599098e-01
-4.866323223969327705e-01
4.429819499930609528e-02
-4.634066352961156987e-01
7.903272458673883394e-01
5.050045375570094697e-01
7.424931275554577104e-01
-9.968686555164011365e-01
2.018774746818555177e-01
2.655253963217295565e-01
4.432874060902906033e-01
-1.739611224271345180e-01
-1.885351051725711602e-01
4.366500918622857608e-01
8.928988805767050507e-02
-3.234527681172927882e-01
-8.829697825581570014e-02
-4.803265225675867334e-01
-8.813198572644150852e-01
-2.978154078139293448e-01
2.715215643234107357e-01
-9.259445820512797187e-01
-9.885240273633567193e-03
-8.749159237110752940e-01
-1.856862588846381334e-01
7.838809725308077958e-01
5.310632165079881215e-03
5.724458153681417638e-01
4.681594077589372738e-01
-2.245527353416439387e-01
8.257445803644406501e-01
7.304989997368960264e-02
5.933849917672506802e-02
-3.097811683078257605e-01
-3.724920506255368080e-01
3.307844065946731194e-01
-3.713023983628874203e-01
5.643503069485730217e-01
5.231170812394559944e-01
8.273255106042867180e-01
-5.132307293460702802e-01
4.608930816901968819e-01
-1.798833614215776810e-01
-4.616351900578914980e-01
-5.919908905173049130e-01
4.813772558745941788e-01
2.894111035599715720e-01
1.589106198762188782e-01
-9.768755213831307183e-01
-3.614283397602357506e-01
-2.687164538123092417e-01
5.239445985299659991e-01
-3.306331233532557867e-01
-1.137421730014892135e-01
-3.316671544079694001e-01
-1.564781700118315355e-01
1.693599437004694452e-01
7.817115098434442855e-01
2.816652900157524675e-01
9.069261321255573938e-01
-8.571181912125024061e-02
2.015716504314282176e-01
-2.575049170202799997e-01
7.055127788490930252e-01
5.904664394243640535e-01
9.198080558435861587e-01
7.742671224349478853e-02
1.452340293913923497e-01
8.948133675044811497e-01
8.020487949019291518e-01
-6.552339834345439762e-01
-3.722771215332198458e-01
-6.048608164869961890e-01
-6.701960913600552017e-01
-6.078949585174888703e-01
-7.745114842466412908e-01
-1.000000000000000000e+00
3.013115547616057599e-01
-9.657292581859078240e-01
9.831233740326205117e-01
7.553920284662274387e-01
7.257544481409121673e-01
-1.000000000000000000e+00
-6.308408329313399676e-01
6.056001285434256531e-02
3.650646548848595074e-01
-2.800190553507145852e-01
-9.262097266422002484e-01
4.704813617757798161e-01
-7.423228324349153695e-01
-5.068012107326979043e-01
6.840201452685136241e-01
-3.616033252598284675e-01
7.090151720856293638e-01
-8.339932765579392004e-01
-9.231430617448732612e-01
1.399352779154426907e-01
7.888645865275532021e-01
4.262556414525157100e-01
6.375393879538855391e-01
-2.482194363059136988e-01
-8.500735666184433548e-01
-1.849428895623699554e-01
-2.699028861249101741e-02
7.535758284149564057e-01
-4.501067961466678757e-02
-8.930309102365223684e-01
-7.084828237079922042e-01
9.448434883838320308e-01
-1.695785125943296001e-01
-2.246999046783581741e-02
-1.683685242520234215e-01
-2.543651181474919643e-01
3.561753592213825481e-01
1.135735586640804207e-02
-5.534297849140148440e-01
6.749142281577205082e-01
8.408659575743908376e-02
-2.064851154497857055e-01
2.540094024744705622e-02
-8.899102755752025251e-01
-1.253795340448333323e-02
6.001681608714193317e-01
-6.806824335911534352e-01
-8.339498747949235513e-01
3.385707770368510672e-01
3.991017069807905049e-01
-4.901958393038380879e-01
1.055422666513757546e-01
6.800037498046279660e-01
8.572873029043048820e-01
