-4.742233323561553249e-01
-7.601152321975668258e-02
7.025006765508898798e-01
4.671806534029037117e-01
-6.686910359651851987e-01
-4.779679497513109609e-01
1.000000000000000000e+00
-2.785003897516267202e-01
-5.366868158106966047e-02
4.757233606272837645e-01
2.126158027590740462e-01
-7.459012997376359699e-01
7.520455305052051176e-02
9.516740145313820620e-02
-9.984532627020460682e-03
-3.384093358939845864e-01
-9.728195040028660978e-01
3.867036788370824540e-01
5.331096052172075161e-01
3.811308440456412927e-01
7.592521015388583594e-01
5.587525738059553881e-02
6.509776512863021392e-01
1.837487327445728180e-01
-7.207446207747871814e-01
-8.260983263926454656e-01
-7.743050143730501045e-02
9.631599243007915589e-01
6.406181546042827302e-01
-7.924910640716512633e-01
-8.200895404280728052e-01
-7.046370954504339590e-01
-9.318721500524580481e-01
-5.380674422141831226e-01
1.774200944073247577e-01
5.908328921118246591e-01
-4.595041353544458973e-01
1.696820723449505852e-01
-6.931700469952921662e-01
-8.802254820785275768e-01
8.504705940937198339e-01
-7.817696344488419546e-01
-2.362881126448297398e-01
6.628798350945350748e-01
3.684448349505273779e-01
8.800410107841653840e-02
5.863110583250428220e-01
-5.202641980742246375e-01
-1.005216648238576038e-01
-8.705794442320546889e-01
-4.360262005588997347e-01
7.222870929845413013e-01
-2.727781458899262157e-01
-9.979922716217132228e-01
6.040511923122138249e-01
-8.888388872195431833e-01
5.338767591305151883e-02
-1.080755481774768878e-01
2.591172095718262125e-01
-1.000000000000000000e+00
-4.577902776040647104e-01
-5.900946620602989245e-01
-8.223762536134526790e-02
-4.448232840722974868e-01
-1.569983509668920751e-01
5.639066511914641033e-01
-7.547580224646047720e-01
-8.624578341712710872e-01
-2.162996411970998789e-01
4.770149527079015073e-02
-6.187365584969732879e-01
1.969672827028889905e-01
8.418179585276441834e-01
-8.727771150593808258e-01
9.966091903473988101e-01
3.491922092931199484e-01
8.973571406231015124e-02
-1.711218039902950294e-01
6.483150471395028314e-01
-5.272976854644698674e-01
-2.772687662614413129e-01
-7.006597501017944873e-01
7.903878988295496288e-01
-2.650303115835526135e-01
1.193550173579463469e-02
4.731460967408442908e-01
3.955664204710226395e-01
4.366574378239699294e-01
-4.477434142822809826e-01
2.364296304354050193e-01
8.203759547884630354e-01
-8.027027104313815276e-01
6.439194851139753428e-01
-3.368340148586339566e-01
5.396209179683524315e-01
-1.476754490499759542e-01
2.531257650292447758e-01
-8.729627152953269853e-01
3.743272520870813969e-01
-3.983678667972487264e-01
6.227048685881748646e-01
7.850277273810257750e-01
-8.356913411664780578e-02
-8.596645566542451267e-01
8.997501754401591167e-01
3.306877939986205828e-01
-8.063537208950648516e-01
2.960493742808937290e-01
-3.475990288199453104e-01
-3.257208924211920653e-01
-6.231363005392346333e-01
-7.184956833444871016e-01
2.205622122245507466e-01
2.616993632364435218e-02
-1.000000000000000000e+00
1.732365740995909786e-01
-1.247044759347883947e-01
-3.918557235892209389e-01
-1.029241082583897543e-01
3.837654079761321224e-01
-5.691027801305700157e-03
1.011555370269706100e-01
-4.937067842402663720e-01
1.461215674887725857e-01
-5.440417524316542019e-01
-3.846042408823076575e-01
4.214825687962225897e-01
2.656925120841013843e-01
6.037234538812439322e-01
3.022254622751270325e-01
1.000000000000000000e+00
-6.442022041001380095e-02
8.368339610533753747e-02
8.032926877398701704e-01
4.320801792149380205e-01
-8.461323348570100045e-01
1.320980421767993795e-01
2.206370521653803762e-01
-4.833731727713487247e-01
1.753843460782135155e-01
7.235902428632573491e-01
2.714276401374262626e-01
5.399594484918764925e-01
-6.296666239610427818e-01
3.826090703147746463e-01
9.432810179437560727e-01
4.761694770666047849e-01
2.442860404715176126e-03
1.685115569050583684e-01
7.446875256608180838e-01
7.633941063081584044e-01
-4.158925550657697201e-01
2.176218038125664056e-01
-6.011442519313143773e-01
-7.807415032315001557e-01
-6.821626869893221423e-01
-6.616611493772378561e-01
-5.818623301389493907e-01
-9.309163322468787527e-01
-2.969742330991690868e-02
8.860009155963233241e-01
-8.603931171163081704e-01
-4.511703301195959526e-01
-6.333002216969189080e-01
4.053077115444351231e-01
-1.000000000000000000e+00
6.266340395521661222e-01
-7.718783917394127503e-01
-9.825276195204155627e-01
-6.825084390367489595e-01
7.128243640335922837e-01
6.855356976882506226e-01
-4.106046807922220099e-01
1.756123064848055804e-01
2.273231874331882452e-02
-2.081549176312667282e-01
6.462160009936696037e-01
-7.962977765141254771e-02
-7.986983709643646900e-01
-5.878352133501638654e-01
7.906453728001184844e-01
-3.750800147710415811e-01
7.603433398144536781e-01
6.853943100957673451e-01
-5.767542659368126712e-01
-1.570905038455080172e-01
-4.765005774888619872e-01
-6.028169041348330204e-01
5.733499161361315100e-01
-2.001978440530975956e-01
1.632458425143202274e-01
-2.013477251510192578e-01
-1.759251207352718338e-01
-2.404979451464670515e-01
-8.090479147057880738e-01
-4.045925816178154166e-01
-6.231966023106569330e-02
3.208883439956753403e-01
-7.572502245743026883e-01
9.947780271209198943e-01
-6.844862781740649327e-01
-9.314389114457100050e-01
-2.660716449347137469e-01
-6.717579419018865350e-01
-3.923990558250265992e-01
3.508529857890050341e-01
-2.246284028164970137e-02
-5.288127021576192188e-01
-5.427837244152446949e-01
5.593013806911643071e-01
-1.450576171852406837e-01
-4.849868375708676904e-01
1.000000000000000000e+00
7.571734909457086271e-01
-1.118860522004124780e-01
-2.780493143698206104e-01
7.176054026237894679e-01
3.241642584741830646e-01
-4.823686901557935891e-02
-2.739440129375333988e-01
9.985980904893354548e-01
2.783694648395735882e-01
8.216094582747577313e-01
6.128047382206821547e-01
3.858031183417566790e-01
-4.515380022580640640e-01
2.617219007355253702e-02
-6.670093620101766874e-01
1.166869421976923782e-01
6.132369712858893873e-01
-7.273408140042629810e-01
2.718882545022314190e-01
-4.139639841907882811e-01
-1.000000000000000000e+00
5.517733836341124354e-01
2.154330365860755991e-01
-4.079682246892890052e-01
-3.123974534687115612e-01
-6.487560371847570506e-01
-3.128533244421702886e-01
-2.020512505909173029e-01
-5.850368494930473506e-01
-1.127348436206034865e-01
8.997776805044194193e-01
6.653523152777434113e-01
-8.359639401295314576e-01
-8.201534287164017334e-01
9.371071227926701386e-02
-3.259824745924744249e-01
-2.193573079418649763e-01
6.866728122002804247e-01
6.525333757448104066e-01
-8.049455634728894804e-01
3.365103723193598739e-01
-6.058821806119786268e-01
1.041063552183192908e-01
-7.482554177478596413e-01
-2.013811530798946259e-01
-9.773862134870434093e-02
-6.321992182034398278e-01
-6.307157060870239862e-01
1.041692007229646499e-01
-6.107008362045800443e-01
-3.927001897719493151e-01
5.841311442679012478e-01
