-3.539436314813148021e-01
1.548168317162584295e-01
-7.943502875143446662e-01
4.237563844285209269e-01
-3.905695232500599468e-01
-1.948435682677389646e-01
-8.912278173248033841e-01
3.011680336005384540e-02
6.601365380501332814e-01
-3.882950848152284529e-01
-1.739913488158562616e-01
5.485937856527843826e-01
3.862896777498329159e-01
-3.531359277096350613e-02
5.188736017679480561e-01
-7.104864455589667838e-01
-8.351745745187666436e-01
-1.015509939738506340e+00
2.097716023071074520e-01
-7.821281736309704247e-01
5.839495560881815539e-01
3.681300871760893600e-01
4.334265691957239763e-01
-6.635358181457090554e-01
-6.743458356312899138e-01
7.165556557773866686e-02
-2.555770371020943399e-01
-5.099482994493083066e-01
7.339335042741423898e-01
-6.942270947831374883e-01
-4.226091432164585382e-01
3.826552905638299640e-01
9.442510062969171614e-01
3.821680295991929377e-01
9.412241554714535496e-01
6.765884968114848075e-01
-2.231200825443262759e-01
7.241145464434115553e-01
-2.889037148572948244e-02
5.913862550730023537e-01
7.978658868169721252e-01
7.791774293380404615e-01
-5.073870955764474555e-01
-3.148901399208829943e-01
1.210376517449506473e+00
-7.694065743552567227e-01
1.153915523598818549e-01
-5.460179528037611973e-01
6.480654949430042500e-01
-7.241101857357714611e-01
6.508928602948873543e-01
4.470887022863541116e-01
4.347506525522288334e-01
-6.246618431165378016e-02
2.820601903958436241e-01
-6.037604243924028780e-02
-1.236111983570784140e-01
8.850591988414493461e-01
7.783012979640246964e-01
-7.307353792352568878e-01
2.939171107462956734e-02
-2.540028415478852164e-01
-1.299513327187331591e+00
2.347858125680479802e-01
3.741763311482487198e-01
8.163713236844649668e-01
-1.424463312887624955e-02
-4.421026718369250874e-01
-4.077082900017673928e-01
-8.559938245462772599e-01
-6.860836357444785039e-01
9.819415007519749494e-02
-5.004156240598433003e-01
6.164702770000874965e-01
-9.435386555247526896e-01
6.247173149232509992e-04
3.178097731782032476e-01
-5.530663906500272731e-01
7.989473882315476505e-01
-5.792582730890185605e-01
-8.678010049810231941e-01
-8.475280595487881818e-01
-1.068834692681236431e-02
2.264719177405428718e-01
-3.371859578133018509e-02
5.766454392551813024e-01
-3.825083328319562881e-01
8.618798604182911216e-01
-2.875310502359004206e-01
-1.839172299077749262e-01
2.269178664686168911e-01
-9.827706605263786255e-01
6.863521291907177524e-01
3.307585017944730810e-01
5.437769551450342131e-01
-5.753779074029001794e-01
-6.722175403972607821e-01
4.349945314965766863e-01
-6.973715109345449692e-01
-8.521372830442651425e-02
-4.931463384142540374e-01
-5.427485982890083438e-01
-9.048058842331538898e-01
-5.409831196910892537e-01
5.885387552164969005e-01
9.105388171490388927e-02
5.267201411345319162e-01
6.371847462216169156e-01
2.173586661648052587e-01
6.000448166676997097e-02
8.472233769048960195e-01
-4.662476575118849054e-01
-9.291241043647589792e-02
-7.633195607298105534e-01
-6.469009415192200629e-01
-3.214272200806388979e-01
3.496696310461722135e-01
-8.160995057608186887e-01
-9.349763052422821463e-01
6.086243773534441015e-01
-7.982203676944762960e-02
-8.387297018421999706e-01
-3.106361312734977065e-01
-4.544821593645662072e-01
3.740072313558201467e-02
-7.031601593921976701e-02
-9.255508664365958982e-01
-6.417825814858795219e-01
-3.909238219518406110e-01
-8.292465705716594027e-01
7.546803540035743607e-01
3.661761690091319132e-01
8.342263018390512208e-01
-9.933830244800123666e-01
-1.379146788556719905e-01
-4.566856359893273209e-01
-6.040834279258924244e-01
-5.241716558638730428e-01
9.531516301043245765e-01
-5.725782613531991139e-01
6.253020102050792506e-01
-9.742838667146964671e-01
-3.207690370170976912e-01
6.848762382194271137e-01
5.965011803676927293e-01
-1.064552725016184864e-01
-4.286466905486252532e-01
6.041901919529100162e-01
-3.182673583975962894e-01
-9.409487231377733352e-01
1.022921392925089767e+00
2.790754465432553344e-01
-3.930295073446046783e-02
3.510663140240507518e-01
4.911966174069664071e-01
-2.098971102402571731e-01
-8.791696705371829790e-01
1.747998837899957247e-01
9.731042316875897491e-01
-1.682443344237838923e-01
-6.812091889179363591e-01
-1.041693292433876206e+00
9.834287015013387645e-02
2.240420326653848049e-01
4.748500475115746688e-02
-5.524308437711085151e-01
9.058630972060319198e-02
7.205822247996547525e-02
-8.663970259354872860e-01
-3.343139922406028752e-01
3.806055005360972077e-01
2.332850786170497237e-01
-3.194826136901058322e-01
9.307851864520808038e-03
6.219919335881645139e-01
-4.548385095484781815e-03
-9.272777472676296817e-02
-2.176735120471113838e-01
1.849883939200620275e-01
5.898523901490146937e-01
8.410914349378013632e-01
6.630612825632126173e-01
-1.030063452021005022e-01
1.481325101532154909e-02
4.266151961315095553e-01
-3.117849628189569566e-01
-1.293449475316889308e-02
-1.006880202040417061e+00
1.713308582516037959e-01
2.305076440494627787e-01
-3.779326231184856888e-01
-4.142649202215389348e-01
7.425364286507507572e-01
8.349810517791624864e-01
7.771834431072839333e-01
-9.003996302349164260e-01
-8.391942955733765475e-01
6.927505025833481378e-01
2.853267900135805224e-01
-6.578328174026062403e-01
-6.651428016431993884e-01
1.926836395043913519e-01
7.357270119334982095e-01
-6.731465704655641424e-01
-2.752283962931572070e-01
7.618727695446569914e-01
7.198460874916221552e-01
-5.611184344570212534e-01
-4.092729655730066307e-01
-5.244480326844296325e-01
1.003309961783161175e-01
-2.982538657950252747e-01
-6.083579239643729375e-01
-7.871127474228936660e-02
-9.570481198673728152e-01
4.157478379511030386e-01
-2.636827600322462217e-01
2.243281410829915390e-01
4.250247045585068828e-01
2.017403577553533722e-03
-4.246103293085319863e-01
-9.705258718636933235e-01
-9.810004420749207643e-01
6.938907522287256491e-01
-2.826204442668878158e-02
-3.666392004784073122e-01
9.955803371568061610e-01
1.767929100141654442e-01
4.493292209368150436e-01
-3.934494249206148542e-01
9.545539103727207486e-01
6.283528181248259070e-01
1.785727833072215109e-01
8.262411685132937667e-01
-2.951542920584888652e-01
8.828554701802916460e-01
-9.949220488820387231e-01
-7.653349039658253750e-01
2.420675458884041786e-01
-9.677664173519324731e-01
-7.600224749236992317e-01
-4.115165277598938354e-01
4.891100421027804734e-01
2.250734964115014003e-01
4.317917065217322659e-01
-4.881154996540719437e-02
1.628881719131743400e-01
5.728301149662338165e-01
6.797091377633640574e-01
9.790713713371848037e-01
-5.009242705710976740e-01
-8.205995143525675051e-01
9.541815466821474967e-01
-1.267286545054446822e-01
-3.112961654953071422e-01
-5.243772366820170783e-01
-3.033736968802026590e-01
-1.102948249006822645e-01
2.950563361724027889e-01
2.315778704776976227e-01
-3.583961439482994393e-01
-1.128447095375086640e-01
2.536241164295465200e-01
-1.616983026535000478e-01
-2.718108253703215293e-01
