5.590560610850333484e-03
-6.971506160237439520e-01
-8.546361887855362660e-01
-2.757381065378323171e-01
1.648527269752417812e-01
-6.859621774612711942e-01
4.378376323503319067e-01
6.023841212472488271e-01
-6.179838238961998798e-01
-6.785548523243483121e-01
-3.415966145739870452e-01
-9.073367966656872285e-01
7.022276318348952273e-02
2.042930445941412154e-01
-9.555370644959360060e-02
-9.535770015291273882e-01
-6.315434990611770161e-01
4.099583313902543935e-01
-9.040128969994882802e-01
-8.549640756828187360e-01
-5.762001629905253441e-01
8.008780681889640096e-01
8.497638533162705787e-01
2.012067899651289182e-01
2.562796762961843111e-01
-9.912342233462991814e-01
3.450089347832592246e-01
5.522026958113366302e-01
8.363579945679701089e-01
-6.158105415948593730e-01
6.340601626651963807e-01
1.930438259318565386e-01
-3.147199683744812959e-01
-6.637765841753198170e-01
-2.132373515060033142e-01
-7.473722794507202671e-01
-3.771248042854260518e-01
-5.901390870952056833e-01
5.327392859661839175e-02
5.904901154835067167e-01
-1.129030189603581480e-01
-9.152389778127651976e-01
3.832187825786379509e-01
3.391818655707219410e-01
2.732653045357289479e-01
-2.192741092256014213e-01
-8.218414151450494920e-01
-5.585673938012316597e-01
-8.981854946349359103e-01
-4.700521459024696869e-01
2.303194604389888767e-01
-1.996935921359165866e-01
-3.193189404005329912e-01
7.983085175833528613e-01
5.129855234639579820e-01
-2.997483894802877025e-02
2.853012650817891016e-01
-7.086093918172693407e-01
-9.911176715048448660e-01
-3.270271398010002883e-01
5.518748276197296132e-01
2.932663268043576021e-01
7.269979428497306273e-01
-2.668402598661797076e-01
2.358853554203985681e-01
-6.957352096227200633e-01
-6.154420615843301245e-01
-6.219198636520144596e-01
-7.865074926134643096e-01
-5.040223788470685751e-01
-3.841942687283586011e-01
-4.505870860525014177e-01
-5.305415670993095523e-01
-1.118397570065130520e-01
1.009567683200544158e-02
-3.354590599308390209e-01
-7.290767159360707073e-01
9.489691732876050223e-02
5.593970109484192044e-02
2.684580008416844743e-01
9.017828346665388572e-01
7.525234372058831056e-02
-7.334310982056502226e-03
6.211336374043270325e-01
-9.956077918457642006e-01
2.642077165884892942e-02
-4.678431665613613788e-02
1.676950549995857020e-01
9.353318451845218373e-01
6.761865110869300644e-01
8.226543742059317932e-01
5.908958668697022847e-03
5.243240600775789240e-01
-8.428461299065963530e-01
-1.023454106859549295e-01
7.801813098982417483e-01
-1.361818684041666838e-01
-8.873834535988507355e-01
8.758307899891373260e-01
4.649605194647794537e-01
-5.210414609444926626e-01
5.475420611373151836e-01
1.430033644115624725e-01
-7.932756313278566118e-01
-7.278330646974493501e-01
1.000000000000000000e+00
5.162175179219705701e-01
3.715498212962308200e-01
-8.622295565240547521e-01
-6.331278680846286200e-02
-2.722218817545334346e-01
9.619198232456165343e-01
9.011635269922251279e-01
6.499292218620489336e-02
1.837584138839716275e-01
-8.648649215295562964e-01
-8.426999389157987519e-01
5.013826349087614487e-01
-3.657299477086872752e-01
-9.664729199747115196e-01
-5.861690591362032077e-01
-4.227374475943599386e-01
8.735555848917530009e-01
-3.817272666301472217e-01
1.431905942610371962e-01
-7.154832888452371531e-01
-1.271074783364571914e-01
8.216648450666199643e-01
3.537592595519115091e-01
7.891270149184275162e-01
-4.837658040686192429e-01
7.754856655613183714e-01
8.880467838058903052e-01
-1.929617142069683933e-01
8.703710276084477560e-01
3.872090332231508114e-01
9.082027332683255683e-01
-8.614654660436873446e-01
-6.261288727747513772e-01
3.084447814204644978e-01
6.202901162420457748e-01
-4.547863621428356318e-01
4.284410507005183000e-01
-4.126556369142051484e-01
5.277792065265023425e-01
6.590908039600376078e-01
8.577109382833553175e-01
4.724844906978660219e-01
-5.257719399814835270e-01
4.087022714807307944e-01
6.338447049820917778e-01
7.007060179315161008e-01
-3.068582260305952047e-01
-8.829640632201152251e-02
8.508353225524623031e-01
6.098231545061287839e-01
-9.834407897102872553e-01
9.594700091098029571e-01
-8.851907170764183874e-02
-1.104213851831628845e-01
9.553187850258000324e-01
-9.963988873373510469e-01
-8.705965486366373796e-02
4.565148376904125671e-01
-6.658037380532105809e-01
3.566110603697109083e-01
9.858055706084368763e-01
5.785449550181782641e-01
5.603538544866808468e-01
9.104776484009000637e-01
-3.240405054008698715e-01
7.037940530947961459e-01
3.635725129924336496e-01
-6.661520822847328827e-01
-1.804517214564418381e-01
-9.174432452947931527e-01
6.875602718121036627e-01
-9.872824906228689912e-01
9.525562798163877964e-02
-5.430254808809009681e-01
-9.357001529699906506e-01
-6.645763503192547716e-02
-3.010907564993257068e-01
-6.839522240466213709e-01
-6.727402558737380911e-01
6.158167051238705447e-01
3.958276765577932732e-01
-8.203626005191072545e-02
6.973802814998024679e-01
9.259596219285489704e-01
-8.981550052956616126e-01
9.999440892316517893e-01
-8.079659333380031505e-01
-2.480288108769503064e-01
3.032979683181731279e-01
7.627513164494268416e-01
8.354066020247898905e-01
1.601983101865474546e-01
-3.558471085524868016e-01
-5.084679169902486251e-01
4.933775011373464636e-02
1.423537353956159102e-01
3.480466254794554182e-01
6.061232117956039112e-01
4.651809099237385059e-01
5.072235577006082297e-01
-7.773617668563390648e-01
3.564401949086404287e-02
2.232342041094372842e-01
5.406371169639641039e-01
-3.216546246917651453e-01
5.753614588030300236e-01
-2.078658291710420158e-01
3.820256337518090906e-01
4.119003208252687287e-01
-4.240314007680492381e-01
-4.671377090517576658e-01
2.586633712707369082e-01
2.690389259132461852e-01
5.270710444267656669e-02
9.099972706095125208e-01
-8.651648696737770372e-01
-1.778090646569169264e-01
3.481397640179884068e-01
8.656887313458396793e-01
-6.089933876888995457e-01
-7.947134536242558278e-01
8.604546054534230048e-01
-8.728916328023572646e-02
-8.358166258601078535e-01
-1.323932197691000123e-01
-1.882587013820140598e-01
7.473281840425241018e-01
5.496627840624521699e-01
9.272608329392939552e-02
-3.292904842774697638e-01
-3.409658887500082169e-01
-6.307642067260990082e-01
-5.110060980838817546e-01
3.519437277660506513e-01
8.777511747262952690e-01
-3.570969443962893064e-01
7.577951024646318867e-01
2.462669322230353064e-01
9.841122626297321707e-01
-1.262744903281384778e-01
7.693759236166928250e-01
9.078725362837161139e-01
-3.191343149741342478e-01
-1.740368111547227759e-01
-1.000000000000000000e+00
-1.571438505428541799e-01
7.610950829877043411e-01
7.680768839916902735e-01
2.331616175406980851e-02
4.418069993392947925e-01
-3.087163355508983908e-01
-3.770984345402497162e-01
8.084117449382057785e-01
-5.815282046434184782e-01
2.864668367998794984e-01
-5.610642248730313142e-01
5.576265118013008504e-01
4.229583685644887625e-01
-9.015500285574375994e-01
