4.167647418826883055e-01
8.351177698788374570e-01
4.464658226886197845e-02
7.194329988460290704e-01
-5.795983321319757575e-01
-5.422306023412220011e-01
-1.000000000000000000e+00
-1.000000000000000000e+00
6.379360463222905064e-01
-3.093311252304165038e-03
6.015299397984958940e-01
1.000000000000000000e+00
9.610780245561172386e-01
3.207986645223044331e-01
-1.000000000000000000e+00
-7.829468444769818181e-01
-3.165196008068211775e-01
-1.862715498658482627e-01
-5.132085100282344214e-01
9.186852274004408958e-01
5.177380832332691973e-01
-3.657619945694801089e-03
3.501368399853030944e-01
6.128843107384309707e-01
9.858527292355958593e-01
7.015150938854697316e-01
2.280061043229157924e-01
-7.823230357049288930e-01
5.346949157843277067e-01
-5.114829320209413055e-02
4.173798083406783377e-01
5.616854071030854545e-01
5.000184079683265281e-01
2.073885526753516118e-02
9.243290035521209980e-01
-5.656439815339473487e-01
-1.000000000000000000e+00
6.789040242562429661e-01
-2.574226692803804895e-01
6.787562880744908433e-01
-3.324358639935951487e-01
-5.670937347478861579e-01
-1.475233563967837114e-01
1.000000000000000000e+00
-5.440616321205204997e-01
6.926681466360984363e-01
-9.875694282522324841e-01
6.568571271569929593e-01
2.237746265637097220e-01
1.817482897144231391e-01
-7.193242520536953233e-01
1.000000000000000000e+00
-1.000000000000000000e+00
6.323730016140434174e-01
1.000000000000000000e+00
-8.783210648434538470e-01
4.617532627350871000e-01
8.894954400074157608e-01
-3.366320333101504580e-01
7.960004380131482371e-01
5.389665710096769313e-01
4.323514108401720346e-01
4.227592710942789100e-01
5.098011659295043074e-02
-8.444708155574516262e-01
-8.249971117472518767e-01
-1.000000000000000000e+00
-6.250265709832045768e-01
-8.571610551325894445e-01
1.784919917166638559e-01
-1.000000000000000000e+00
3.832817915627086958e-01
-8.163545202798521139e-01
3.495039891559441614e-01
8.271393231612187424e-01
4.432424791298097411e-01
4.831893909651250318e-01
5.892123308282979366e-01
1.000000000000000000e+00
-8.725741835395437462e-01
1.515502516403532951e-03
-9.270301307264028345e-01
-5.262560892612795360e-01
8.618580816080909646e-01
8.727841769843627251e-01
-1.536623677795363463e-01
-6.127770591526195965e-01
-5.351251958749451143e-01
1.000000000000000000e+00
5.786185331699360557e-01
-5.933356313320341524e-01
-8.560758152611638305e-01
5.574423652729398881e-01
-1.000000000000000000e+00
5.973208653090700260e-01
-2.407062315990085022e-01
7.592273086936562887e-01
-7.717438822172704160e-01
7.132307964488426855e-01
1.962040450146984583e-01
-1.000000000000000000e+00
8.147282724168285473e-01
-8.151037826430302946e-01
1.000000000000000000e+00
4.661355268817968245e-01
-4.586402848930422049e-01
1.544192274197415671e-01
3.749317227968882449e-01
4.919920215084769843e-01
-3.844827109464752368e-01
-2.548599118688210652e-02
4.339818235399597324e-01
1.000000000000000000e+00
-6.410687785007873618e-01
1.000000000000000000e+00
-4.130087285617880521e-01
9.253956774100913218e-01
8.247935751243435920e-01
-6.513180752490690395e-01
-7.677406456836188831e-02
-7.384843330422896646e-01
-5.462371410627033796e-01
-9.099654459040593668e-01
-9.131625989491656270e-01
-6.448950373825979021e-02
-2.045483293816319215e-01
-1.372372675170379086e-01
-6.950346466116954502e-01
-7.920487936107692972e-01
6.283615035962586415e-01
-1.080108439071811866e-01
-1.076790616173448623e-01
1.000000000000000000e+00
-1.000000000000000000e+00
-2.201747210771274332e-01
-7.497879960520406062e-01
-5.626137110401936425e-01
-1.000000000000000000e+00
9.937199782509500423e-01
5.187185796150621808e-01
-2.006952292407440108e-01
-6.728770040401146346e-01
8.930393465986554702e-01
6.523031912219972028e-01
-1.430209763256597988e-01
-6.166059718465310979e-02
-1.000000000000000000e+00
5.553794099964937114e-01
-6.002003778665834233e-01
-1.018768808135486204e-01
-1.000000000000000000e+00
5.272936196147162136e-01
8.458472955689115835e-01
8.804099840129331334e-01
-5.530172768848871101e-01
-8.431589013187641424e-01
-1.000000000000000000e+00
4.289500420429068761e-01
-3.041412977420696606e-01
-5.721628280025166102e-01
-9.188961100141836980e-01
2.970734659118772214e-01
7.754306093442759895e-01
9.821565924272852577e-01
-1.000000000000000000e+00
7.293419230437896417e-01
3.025157627394874371e-01
-8.244152237440331987e-01
3.167558196497077816e-01
3.310771074701612804e-01
4.659515123034032036e-01
3.635364548573358778e-01
-5.795835037246177546e-01
-8.871031323760700804e-01
1.019312422764429016e-01
-1.000000000000000000e+00
3.161210470743869294e-02
4.700230087684242886e-01
-2.854524495495890379e-01
1.000000000000000000e+00
-2.082164418034475606e-01
1.000000000000000000e+00
7.108155547763479465e-01
-3.762225778564434187e-01
-6.036435966102722261e-01
7.444812494856367646e-01
7.024938811439049857e-01
-1.000000000000000000e+00
4.090282167141223724e-01
-4.170230226008728724e-01
-6.505491832015708464e-01
-5.657317638280769945e-01
-5.913684348948247127e-01
9.935638509864785917e-01
-3.376230901189931632e-01
-5.391667159394692987e-01
-1.065543260579804308e-01
3.266444485424228605e-01
-2.268659191278965537e-01
-1.509864267498786106e-01
7.506263688044900739e-02
-2.635959983253362005e-01
1.940620243979318538e-02
7.221953193959316231e-01
-1.000000000000000000e+00
8.745348422284027201e-01
-9.029333790555458261e-01
4.315126317550634916e-01
-1.000000000000000000e+00
3.757119305885365801e-01
3.516208928838131520e-01
4.171854508958316998e-01
7.945340925687702782e-01
5.349476147655918279e-01
1.000000000000000000e+00
7.390127779095447824e-01
-1.000000000000000000e+00
5.572066438144598344e-01
5.332125958083753225e-01
7.671856226280364677e-01
-1.000000000000000000e+00
-8.046165030787413297e-01
5.993731367444279368e-01
5.177150776236882912e-02
-7.659992107595159361e-01
-1.774226957441211727e-01
1.388522873095032750e-02
-1.000000000000000000e+00
-6.142313185304992817e-01
7.611558987750630667e-01
1.101590375627290452e-01
-9.900887734315597655e-01
-1.000000000000000000e+00
9.892895426167283013e-01
1.000000000000000000e+00
-1.720671227052723573e-01
-5.202243436464779602e-01
-6.615541671079419039e-01
-7.551741914150633672e-01
-9.647184276738520747e-01
-6.092635587196315594e-01
6.186583434029025996e-01
1.028749246247611104e-01
1.920499311799639397e-01
4.711718663433819287e-01
-6.132423395538590949e-01
-9.030389147146689055e-01
3.079020571866286637e-01
8.279948952468161316e-01
6.222094858874283041e-02
-4.852141215144325503e-01
-4.067318378892714748e-02
4.095360939826613311e-01
-6.925453151327611856e-01
-2.949017464784664533e-01
-3.963982658551412630e-01
7.015369943210574277e-01
8.756001551771943614e-01
1.000000000000000000e+00
-1.415779545624011870e-01
5.940077739179130401e-01
3.966841707516524096e-01
2.138264355156755947e-01
1.000000000000000000e+00
1.917743377144232042e-01
