2.051341727494737643e-01
5.028082047786881503e-01
-6.892687559172447909e-01
-5.984801019537475675e-01
8.572621342639146214e-01
9.014666543034945967e-01
5.571064495238453596e-02
2.725816239371912642e-01
8.817152815980278113e-02
-3.199370281762392576e-01
-4.602520319127079151e-01
1.362915034931895253e-01
3.710757974219192068e-01
8.153373443395310893e-01
3.936327992961481392e-01
8.363682313273139712e-01
-6.966187782230095493e-01
7.810244876129721625e-01
7.512578611562490405e-01
-6.010534973535874848e-02
-3.156840892452841274e-01
1.019693789301263198e+00
8.825908718986116286e-01
1.670201988919519653e-01
-3.816506544248321475e-01
-3.942510371348786347e-01
-7.688764062141315581e-01
7.938309684050107173e-02
-8.648005678678432062e-01
-5.904606658152316001e-01
-7.641331372449133852e-01
-3.527364556591860989e-02
-7.762124433260513268e-01
-1.053133406631034275e+00
2.449550324158900061e-02
3.255134780352082480e-01
6.967098647333487271e-01
9.231056168016744667e-01
4.983850989260404374e-01
9.015470173794259967e-01
4.412088402096947526e-02
-7.205040423948587680e-01
-1.897106207832632840e-01
4.393731502500390906e-01
-1.170285981487373395e-01
-2.389986534078465397e-01
-8.024999652816537932e-01
-1.061390110998051695e+00
-7.512808523310702258e-01
1.635316855154456128e-01
2.742518058566958405e-01
-4.257537635699564227e-01
7.243599587487381530e-01
3.138887842829787278e-01
1.028236806914472279e+00
-7.468662600941402552e-01
8.001547999849472070e-01
6.408296483377280417e-01
-9.033407897465179914e-01
-8.107074199821120430e-01
5.263526970707532726e-02
5.127325337971642139e-01
-2.647007063595976373e-01
-4.902783726927615326e-01
5.943077433100621421e-02
8.429958360772566994e-01
-3.926753063656596154e-01
-5.075337956839676146e-02
8.046021446079432149e-01
-5.639908476788375591e-01
-5.472080333331388324e-01
1.163175269605298823e-01
-8.829326233015664105e-01
-2.981605588404201423e-01
8.299185492228188243e-01
8.230530050600191050e-01
-9.169894277712691277e-01
1.589316282771507383e-01
6.376586408121491800e-01
-5.625768311190917359e-01
-7.190393565652595242e-01
-9.921049842992670786e-01
-1.075831887213297006e-01
-4.652223554295245034e-01
-8.200383375195730018e-01
-7.654167708474197696e-01
-1.783397609202055367e-01
-7.195908401726540671e-01
-2.710122828186762867e-01
-1.075377839295719173e-01
-3.185970763392760308e-01
2.970858661048580984e-02
-3.203393909635408043e-01
8.151119513856074361e-01
-1.041858314004107111e-01
-9.127240571710992789e-01
-6.297763849489010912e-01
1.729573450660370493e-01
7.192292135210798243e-02
4.400447858218412556e-01
-9.810052647736386966e-01
5.998767813532380755e-01
-8.569919632899365425e-01
6.102620561808353994e-01
-6.495342462045136100e-01
-5.160183054602247577e-01
-9.422955485336159676e-02
-6.699185686283111174e-01
-5.139255591627474029e-01
-6.542024197932396756e-01
2.710923316948801176e-01
-3.846977406443308212e-01
2.334945193423139109e-01
7.296673421535637694e-02
-3.104412709703370243e-01
9.661587818621275581e-01
2.971736398890811870e-02
-1.231324823630806087e-01
-9.124711976824999571e-01
-8.085131603622899288e-01
-8.661281057559278018e-02
-2.520898822324126876e-01
-2.420684368252761509e-01
-7.390495538748831361e-01
-8.402253615159980260e-01
2.981989292951112702e-01
-7.357667013050568361e-01
9.913903678214444071e-01
-3.590237585918458763e-01
4.170178422203704716e-01
-1.075701316373727234e-01
-9.859627530755188385e-01
-1.440944934160899304e-01
2.792354180331855229e-01
8.660842759634730381e-01
-6.168639272887943559e-01
-8.131552167806155307e-01
6.070216627010078803e-01
-4.954738462794123777e-01
4.365104931929943977e-01
9.800666175560972526e-01
3.624585503135051567e-01
-8.766933388168141050e-01
-1.509110109686135903e-01
8.030695990503802228e-01
-1.672307297138853066e-01
8.936441129589440813e-01
4.289101506979144940e-01
7.408919308317079011e-01
6.063924617773415182e-01
-6.718303051443083040e-01
7.551108480709400883e-01
-1.074638071580760190e-01
1.502391536129685790e-01
8.166875308310286297e-01
5.503660914024455231e-02
1.493792606576602733e-01
1.511080476183900567e-01
-7.198575512286875533e-01
-1.329570086217701785e-01
-9.784921833865282137e-01
7.267065278595576938e-01
-5.785363716691918068e-01
-6.168857404937597710e-01
4.175753055406483671e-01
-6.166881214536317213e-01
7.235880510723438075e-01
-1.272772889304696342e-02
-8.680738926712225911e-01
4.900922477662024157e-01
6.271214157108198073e-01
3.826170496528615017e-02
9.000163629271384913e-01
1.756302710010675394e-01
-9.360425972198449518e-01
-5.157628120238133551e-01
-2.488317650399870795e-01
-8.638503448525194361e-01
6.697233756256277815e-01
6.427376714134767077e-01
3.452656533516764714e-01
-1.760951457960522326e-01
8.317680916797590696e-01
-9.170940828833307190e-02
2.674434021857954313e-01
-8.603080637148878829e-01
-7.227571486307242665e-01
-1.024867493529366680e-01
1.156095736136628638e-01
7.164945081636053814e-02
-7.424717827303772832e-01
-5.710301917298976626e-01
-5.685662101685788894e-01
-5.348293874470163578e-01
3.454085541125304637e-01
3.969237313602564932e-01
-7.496301721385858485e-01
-3.126711107715807181e-01
-8.095693905031742243e-01
-1.119046558452929663e-01
3.733409269641831951e-01
4.845560423086217039e-01
-1.258909380268972145e-01
8.108183763994278870e-01
4.004951608645068717e-01
5.935681385753821537e-02
-6.346850349667199076e-02
6.034363553808020919e-01
2.448966685464135651e-01
-9.485347564833979117e-01
-8.823818281800739349e-01
1.424234011993703586e-01
-2.944992040139050582e-01
2.683917615247639610e-01
-6.300331441529498644e-01
8.101640913106566977e-01
-4.609591789118702709e-01
6.391634034674187337e-01
9.291418782852300939e-01
-4.524028130989110608e-02
3.238850060995661084e-01
-3.453760955844196179e-01
-7.773070095166334514e-01
9.553131008900741516e-01
7.284192106863174310e-02
-4.655288983617367204e-01
-7.759965440990268526e-02
-6.804999256964061605e-01
-8.661857740440788156e-01
5.323295842267907751e-01
5.605315457120569889e-01
-9.281044574416220660e-01
-6.951050490844898899e-01
1.944491741463881262e-01
9.921289709890590558e-03
-9.204301631381701654e-01
2.943745603572260894e-01
9.119486396650923199e-01
6.679253564358906825e-01
3.242775934139707772e-01
-4.925668960588320822e-01
1.295334914219217204e-01
-7.554006319462038821e-01
-9.027127460652173419e-01
-2.171986468865414466e-01
-6.231383309080823496e-02
3.651325181760670807e-02
3.808763248300821580e-01
-9.952512041063987791e-01
-4.607747938474284766e-01
4.979539618177821758e-01
-9.572698961531063144e-01
6.920767233578173361e-02
2.040960784576666409e-01
-2.773418316603755152e-01
4.309758946474431252e-01
-8.985616889898015991e-01
-1.239527358934468804e-01
4.300484767968477673e-01
1.296666263958746734e-01
1.130621520602272945e-01
-5.106799186150221548e-01
9.021865515026035176e-01
7.504421157342529014e-01
-8.693829961765591197e-01
