-6.949773249869268810e-01
-7.243858719770543964e-01
-8.806957160225624692e-01
-1.519051946924132590e-01
1.014934723278019257e+00
4.241780622029082126e-01
-3.517201951340127586e-01
-4.088932409310295224e-01
-2.437153747288209882e-01
9.477244027606164245e-01
-1.188718848252446614e-01
4.910774036814640753e-01
-9.181210781064840232e-01
6.502271173448600505e-01
-2.387168770194195710e-01
-6.255241936166948402e-02
6.211944497146110189e-01
-7.028309294421803965e-01
-8.931373649655145464e-01
6.458730447082103865e-01
-2.135690097203866156e-01
3.063282877612012456e-01
1.689925333322604972e-01
7.108712419752988287e-01
-2.216620380631559306e-01
-9.412835169042415018e-01
6.369015784231315536e-01
-6.826733997770019213e-01
-1.248247254754596136e-01
1.141993536026224554e-01
-4.764421467334675198e-01
-3.380763908235835391e-01
3.765960173105223352e-02
8.851127102549932735e-01
-2.402748764365713607e-01
6.181102443466272023e-01
-2.677038694170325583e-01
-7.969234748744284946e-01
-6.061167195808074837e-01
7.309739111733009054e-01
-7.193597825546425018e-01
-6.719479894456374947e-01
4.115603110705697287e-01
8.716220237156581119e-01
5.505836069413050371e-01
8.982577539800840061e-01
-1.116574646968715445e+00
-8.022887918829146869e-01
8.701867941147386487e-01
-7.553577650329876825e-01
9.365340330895625121e-01
8.321700174124234684e-01
1.714216925898031374e-01
1.009570480774650836e-01
4.832072485664301587e-01
3.391813195120838564e-01
3.902618447453694572e-01
-2.794151786013054917e-02
1.323622912262716333e-01
-2.266326998822216776e-01
-9.355251830026127813e-01
9.006186808187301995e-01
6.454289735504592507e-02
7.698459002367940007e-01
-7.160556166227560748e-01
1.872143076050068466e-01
5.602127410582420364e-01
-2.267215929670691743e-01
-2.401280745034439779e-01
4.371058120065821062e-02
-3.701009292110027937e-01
-2.938969293823775475e-01
-8.727043744749238829e-01
-4.270865655061683447e-02
-2.764338322269318526e-01
-7.577094834886797248e-01
1.751429726548365262e-01
8.525341430839077361e-01
-9.172964980607152263e-01
3.822200622759268640e-01
8.704005333022299951e-01
9.236091414344335115e-01
9.813572856258632182e-01
6.712090061146074316e-01
4.797060234003942547e-01
9.509629397513426063e-01
-8.049956008966093757e-01
-2.817234792410516220e-01
-2.827521250809448272e-01
8.914427189980780319e-01
-6.411342030752666954e-01
-1.412026179239172508e-01
6.152644853571090922e-01
4.824156341810370563e-01
8.487526099265707558e-02
1.893783191517539599e-01
-8.418054634938400005e-01
-2.656735337133763197e-01
2.986432973901607668e-01
-6.239285884538312565e-01
1.275428996023073025e-01
2.634077480852634601e-01
1.617950163586152623e-01
8.120622184139247857e-02
9.734562688036629829e-01
-3.215037024778667485e-01
9.990192715831480719e-01
1.051776427815402509e-01
-1.991274980073413359e-01
-8.869686294134069282e-01
1.441116140626190756e-01
3.386930679679295841e-01
2.003878632418392147e-01
-6.368792672194408810e-01
7.098683203648590290e-01
5.817780649008142957e-01
-3.572412288875739250e-01
3.107020254264649672e-01
-1.180641329823977903e-01
1.363205606332225373e-01
2.371590290416613622e-01
-4.200924201017410820e-01
-6.788199645358252710e-01
-7.902502621540234973e-01
7.123776374814352330e-01
-3.177851300948208446e-01
7.880783951189133107e-01
1.141479866609270255e+00
9.437913577246128671e-01
-2.500215294286364104e-02
3.708118562288449382e-01
-9.222994243755341381e-01
-4.995966307858775157e-01
6.347455646030224496e-01
-5.546957258172761085e-01
8.685720950737338963e-01
9.563296175951078171e-01
-7.906251009026150633e-01
-2.658387748038338882e-01
8.766278244057239544e-01
3.436377060151262208e-01
7.769916621312078497e-01
-7.060608059408777226e-01
9.755735072770317651e-02
8.055510649088958308e-01
2.679470180135310464e-01
-4.574869838741316141e-02
-2.740909016198915249e-01
-1.027798028789623563e+00
7.593225850572504765e-02
7.252338953248185227e-01
-5.010449191479967590e-01
-9.159263643988575787e-02
-2.194547532645494403e-01
-9.338961585097447227e-01
-1.026513032176652462e-01
-1.015247300327408730e+00
-5.991208427818381921e-01
9.380936873634393436e-01
-4.764119091139373818e-01
8.142281954263352883e-01
-1.109210847541425293e-01
-2.088615567735664924e-01
4.931200497427914442e-01
2.870843441945045704e-01
4.802335385917083643e-01
-5.394215837948099779e-01
-2.071288247115775638e-01
-3.018732547812406075e-01
-2.349018059898896338e-01
-7.179592839545153593e-01
1.074341656295499714e+00
1.962456019316430322e-01
6.037713393385166216e-02
6.859742207246414258e-01
-7.256959841616951179e-01
-1.940861113854610576e-01
5.798995439895514581e-01
2.250447635806440694e-01
1.288229525501918549e-01
-5.822543591381089401e-02
-5.252818465073887388e-01
-2.455351197988441814e-01
-2.023522537867856741e-01
9.612011438745886593e-01
-1.824834807650501101e-01
1.664237569810245732e-01
-8.139990800023513273e-01
4.529824117949713402e-01
1.018357623243141274e+00
8.668687533436189030e-01
6.569371845835938473e-01
3.947203262740213714e-01
-1.944981047946207076e-01
-2.002990576412122525e-01
4.072766842092734318e-01
-2.067331765005930855e-01
-2.382030742214764629e-01
3.554279064721688197e-01
7.391686263133203649e-01
-7.249440849049242352e-01
1.011635420474393809e-02
4.599680879715950521e-01
-7.485855638671521373e-01
5.251296334097146357e-01
5.652248529617612816e-01
-4.976771788353486770e-01
-1.943972959598499473e-01
-8.727750991245963180e-03
3.570591918484968263e-01
-5.037922071437193061e-01
-4.754213445872469967e-01
-7.646928015071756679e-01
1.167414947416397286e+00
-5.511959715723903086e-01
9.465293470660977038e-01
3.153555017987528797e-01
9.929757134993699719e-01
-1.050411265125307692e+00
-7.956953967692514951e-02
9.858152428019281710e-02
-8.249255922644707084e-01
4.216394844744936199e-01
-8.496159768039255322e-01
1.032517960698529080e+00
-1.032298961371746204e-01
-2.329051079715351857e-01
-1.456799593793758341e-01
2.959693592940977891e-01
-7.678040470540858919e-01
-5.050134981263159073e-01
-9.864359250495897680e-01
-4.059028427121024185e-01
3.799550434522979137e-01
-2.263652285596320368e-01
-2.468525401835826028e-01
1.956258154679236805e-01
9.301979888311953104e-01
5.204935432352323366e-01
-8.453629489122794771e-01
9.001802054294112398e-01
-4.260082689411239243e-01
8.084227985075874701e-01
6.742056075710989305e-02
3.025724786187837800e-01
1.527802179412978689e-01
9.811747771875228841e-01
1.988927207010591780e-01
-8.319217814274045830e-01
-8.096599632914361355e-02
-8.140253478329992909e-01
3.366378030688690348e-01
8.005182863393975889e-01
-6.469068334219810756e-01
6.991111056878509533e-01
5.244441861596642607e-01
5.241660822641387441e-01
-2.193786684001272080e-01
8.156590271351682464e-03
5.961829162676751670e-01
-7.850381735859067733e-01
-5.191754213382362426e-01
-9.235248497169397108e-01
-5.870905292210280846e-02
7.165699306709052419e-01
