3.563302323000169802e-01
7.034076638527297920e-01
7.417507357378987365e-01
-2.614094019374743061e-01
-6.865909861593451069e-01
2.396904156333916625e-01
-4.863172271095304033e-01
-7.386550509025411326e-01
4.152011185745063671e-02
8.464846397203324990e-01
5.285014572354864715e-01
-2.985932229592767051e-01
8.334428768163471002e-02
-5.041542837402941402e-01
6.618920643488346300e-02
1.996607198335340616e-01
-3.306992002982152568e-01
4.338657035351072278e-01
-3.694131400087389272e-01
-9.070797728675610294e-01
-1.677071964697036677e-01
-5.948320879969093422e-01
-6.130311210552035206e-01
-5.831021929437207874e-01
8.514240093594713787e-01
2.850844910918439723e-01
9.587073301413966409e-01
-5.739615763828549433e-01
-6.212875147255148001e-02
5.462197332204383748e-01
4.935850026935736379e-01
-6.689241186279012430e-01
-4.643088825596801694e-01
-2.140355029302303258e-01
-3.593064117610660080e-02
1.485254338534793828e-01
3.357398396288600040e-01
6.893537605752564357e-01
-2.590160124178962908e-01
-6.782915687824595530e-01
-2.951108396985535620e-03
-4.664323022704222055e-01
-4.603506287412619247e-01
1.698740887887890683e-01
-6.318269629726862568e-01
-5.950123521377059799e-01
3.683105434586980143e-01
2.985369415652869840e-01
3.912582821306900271e-01
5.081496468255299881e-01
2.092329273463164885e-01
6.229088189671863618e-02
-3.642585520306529379e-01
-8.934659972847556197e-01
-8.387873714075233522e-01
8.126873072967251144e-01
4.240735531058674734e-01
-2.854997745192736081e-01
-1.042645194632421113e-01
8.439081147620319800e-01
-4.170650795524575294e-01
-5.391412712243988103e-01
4.345358876380149837e-01
-4.112066288919131729e-01
5.969415792590340164e-01
5.261593185568069764e-01
-7.394954267715769802e-02
-3.381594259694356008e-01
-1.405412536812842839e-01
-6.977939636407068935e-01
-1.462828144154162402e-01
-3.259201968554876760e-01
-5.419540092142684923e-02
-9.661665923516618570e-02
-4.311754602652582147e-01
-1.668708436090412806e-01
3.482789068286805678e-01
-8.375532496421711492e-02
-4.955518128085365515e-01
6.425463386981333791e-01
8.026940229641816860e-01
-3.406299073108268877e-02
3.196511921701743475e-01
9.178442123118863982e-01
9.243957204349833034e-01
1.460106982320954483e-01
7.021834995776221611e-01
-2.657041349027591259e-01
-5.109305095478979819e-01
-6.978364621898291986e-02
6.885815704207226551e-02
6.605584730508813340e-01
3.312082163722129824e-01
8.674088466965712563e-01
-4.278601214817735476e-01
-3.605412235154279443e-01
-3.443193342228157428e-01
6.022689301168087095e-01
-9.683005720231780966e-01
-5.382244506168349929e-01
8.750998942975520833e-01
-6.490810038261083381e-01
-1.552984605406097229e-01
-6.516751791615280620e-01
5.862875903375814879e-01
-3.043676905000700650e-01
-5.047738475032643723e-01
6.850113718830839193e-01
6.438791715411225081e-01
-3.819622877320938414e-02
1.468755086704862656e-01
-1.041714486946503371e-01
4.932101873041144779e-01
-1.710266866466296845e-02
6.973161228096741437e-01
-6.947503228478962845e-01
1.000000000000000000e+00
-8.981359211666208875e-01
-8.441945627608127278e-01
-6.656139106718548248e-01
-8.590356597110833103e-01
3.103900207852410276e-01
1.753114217051645607e-01
-8.196985829865521822e-02
-8.267094822597278458e-01
9.199804651020402346e-01
-2.080817367701734977e-01
-3.951512983013867331e-01
4.519966765193632607e-01
-2.048792175400413473e-01
6.280927598085944696e-01
8.091951884501624725e-02
3.764318348381083812e-01
-7.522284085536841136e-01
3.472448830445155066e-01
-8.554564875752368458e-02
5.015783728740315084e-01
-5.107541943699849263e-01
-7.587667213560433943e-02
-2.312685964921752380e-01
-1.506109365744925377e-01
1.141926461675264459e-01
7.889064656465410996e-01
2.319073247287553041e-01
1.342515696579469342e-01
1.779765142706096481e-01
7.837916077719666585e-01
8.108873438162453873e-01
7.646367293734446235e-02
7.299556272342311303e-02
-1.909791310393794406e-01
-7.112506068049955221e-01
-9.859617825689166448e-01
-4.477156755286724188e-01
-8.918755190291527413e-02
4.989077421252552380e-01
1.101002241791724234e-01
8.329524915943231633e-01
-3.404411276401988484e-01
6.405986183742937712e-01
5.242364814053028788e-01
3.600694519487383505e-01
6.810851369872865657e-01
-4.387627780026736590e-01
-5.772744658455855049e-01
-8.355963279179379199e-02
4.567967658579121792e-01
-8.552786776601069008e-01
5.618024367370011429e-01
7.822025271559567283e-01
-4.722093014094597141e-01
3.184097426119305574e-01
4.769302082553832367e-01
-7.535623218671594348e-01
4.392181341545200457e-01
-9.233655866323831063e-02
5.995298322773976452e-01
-2.989929426933463086e-01
-6.265315130809721023e-01
6.599434654727676097e-02
-6.334200187337089005e-01
-5.434294100125693916e-01
-4.081117698894329848e-01
-7.147600844260380004e-01
-1.473659619088809603e-01
2.963055853524908523e-01
6.297201325573531516e-01
2.498359021394222501e-01
-2.586375858953944284e-01
-4.411836172866441808e-01
-5.785590027497600207e-01
8.883314454394322102e-01
-9.874676808564843977e-01
6.171351365558674917e-01
9.110591942342216587e-02
5.093573316392487893e-01
8.876902698675750436e-01
5.794941441817120786e-01
-7.362160040852530063e-01
-1.004531559508329008e-01
-6.666518224654691682e-01
-4.201447090875329859e-01
1.842276357732288150e-01
-4.914469105549557071e-02
-3.587265316676938598e-01
6.304998893075319799e-01
6.248633877931617508e-01
2.739862535582463510e-01
-6.713136264127685104e-02
-6.677876938391822392e-01
-3.377187188286145947e-02
-2.690182236636751156e-02
8.105841280869439114e-01
9.593456104953623775e-01
-6.318100015073960796e-01
9.663247346953833805e-01
9.052855836152278179e-01
-7.586067594037599893e-01
8.866154869738007704e-01
-2.339878798854347353e-01
-8.103565068257063686e-01
-7.600373010641310323e-01
1.005220035142029289e-01
7.059698605657550585e-01
-6.753601130380295636e-01
3.539020405277648607e-01
2.712470930732044372e-02
8.067698072631639405e-01
-5.485090507384497993e-01
-4.352085225472110963e-01
-7.316850064589164315e-01
9.258501658175173343e-01
1.378967350027404670e-01
-3.268531456795564782e-01
8.909461310467829964e-01
-5.619882558882527412e-02
4.924768286784528826e-01
3.488295748797629603e-01
-5.607860330670892957e-01
-4.563533531979975244e-01
-7.149215964724289218e-01
2.799855855640889235e-01
3.410654928630423299e-01
3.048502340569236857e-02
-1.525957178670288572e-01
-2.722308203746708899e-01
-9.812906547740074537e-02
9.426627740304246994e-02
2.073671581172102929e-01
-8.360436532151132027e-01
6.800520409364904095e-01
-9.548134636609171277e-01
-3.417348512870447275e-01
-3.191734264152739087e-01
2.363219101563036884e-01
-3.855069792152767127e-01
-1.382118197045288932e-01
-1.876378755382122065e-01
8.985348323096113976e-01
5.780129186157823007e-02
8.632206485621783942e-01
-2.413953829914821103e-01
-7.307119627137510509e-01
-8.773622772321889585e-01
-6.646412781107280399e-01
