-5.786553731546770774e-01
-2.155428930793948372e-02
2.993985747845988588e-01
7.539249341381205616e-01
-2.563348820805994022e-01
-8.364469824089135752e-01
6.279691385065043763e-01
8.327085050366335173e-01
2.990964630252571088e-02
1.430590752203456939e-01
-2.568222522433264432e-01
-1.134045554614665219e-01
-3.425757047696234014e-01
2.780785183294665064e-01
1.425774116783394829e-01
-8.359458214622327299e-01
2.182777023241212755e-01
-3.484938055006313595e-01
2.912670360369287725e-01
6.911231010440543887e-01
-7.678778230071729993e-01
-8.658219962454821728e-02
-6.440376012637550884e-01
1.911631561983703209e-01
-6.293089236833801503e-02
5.536339050892418179e-01
-4.226912195058721844e-01
-7.209618534273066759e-01
6.513785626877879875e-02
7.441424197419229669e-01
4.228669389380115273e-01
3.381995520735421312e-01
-2.443566487801763776e-01
2.983633448206489680e-01
5.180351074161992919e-02
7.011012049956408809e-01
-5.678088836761339131e-01
-6.506145500880775590e-01
-8.937743017828232439e-01
6.619819297705407113e-01
-5.252727276000014323e-01
1.487049779148427175e-01
-2.998524819269209052e-02
-6.984223276773166011e-01
-2.480034910919064195e-01
8.750573687528850897e-01
6.006486115401212800e-01
-2.138052603650995032e-01
-6.565694800026065092e-01
-4.279824644775210851e-01
7.412778043006721385e-01
3.501200342517094000e-01
1.553072467139586799e-01
5.276945450287692241e-01
2.723131265617287911e-01
9.652493400933236101e-02
3.879018024431674649e-01
-1.349962306866684114e-01
2.003752670314514206e-01
1.958565666240805747e-01
-3.249125033492609171e-01
-7.347660153527563187e-02
5.679187941821463026e-01
9.163291625649432337e-01
7.234431360130570976e-01
8.997138279485157319e-01
-3.540138741544127110e-01
3.846379463623451067e-01
-6.485294205077725138e-01
-2.458461982405569235e-01
8.605127969514991815e-01
-1.367996609289456877e-01
6.301299503122956835e-01
8.487753069937297168e-01
4.879027982799071239e-01
4.615165624102706560e-02
-2.643914954431784148e-01
1.000000000000000000e+00
5.428319927300061520e-01
-7.064285694649425906e-01
1.897792790998790169e-01
-2.533074135666006921e-01
-9.510975339627386616e-01
2.994156757491434062e-01
6.950150627779680956e-01
6.416045607319450506e-01
6.430695852464302087e-01
-4.111891213834223402e-01
1.000000000000000000e+00
1.253679628515465549e-01
5.715974966524636214e-01
-3.154830500243647196e-01
-8.796677569084160320e-01
5.323952865984613592e-01
-9.803570554073899324e-01
4.815519522711095290e-01
-1.920659366387277023e-01
5.606761226508366613e-01
-3.257603985601731367e-01
6.223867730975402024e-01
-4.213492890455556306e-01
-3.187768607256769027e-01
3.348864517686056530e-02
8.886980216824480472e-01
-5.109455996266107913e-01
7.470688324281207215e-01
-5.832492346369944070e-01
-3.286142678193193500e-01
1.097023678765261662e-01
-2.438454867163995232e-01
-5.701017217530948145e-01
8.593182685231813833e-01
-8.042391721588088016e-01
1.083026037549089937e-01
8.490732884842583372e-02
-5.638905635709323683e-01
2.510799652393071457e-01
6.821259828728534202e-01
4.651223722895327928e-01
-1.217972923105750116e-01
5.431727072150487334e-01
9.991587978974171280e-01
-7.447804709856097327e-01
6.361338953489169556e-01
-8.158974895227721902e-01
1.431288357932238020e-01
1.021863459520129247e-01
6.038451278042283876e-01
-1.505704900933943491e-02
-4.571179771598701258e-01
-4.290979890000247154e-01
1.959913226551447674e-01
-2.978875405995893844e-01
-3.953152533701045357e-01
5.034583210178638080e-01
2.675041755635309548e-01
5.582020972020464988e-01
9.451512554443710634e-01
1.195462083604423159e-01
-2.576986843554868734e-01
6.790560014589399618e-01
-9.579699780703605505e-01
-5.049880291866635229e-01
8.456868498806504597e-01
-4.949370207208366179e-01
-6.177597493879449786e-01
-7.741049597038220931e-01
9.921436596983796985e-01
-8.469762729763681275e-01
-1.876509935600056966e-01
8.539825904576981985e-01
-6.222544321905998377e-02
6.072499248509982683e-01
5.884840471775212856e-02
6.891917553983444300e-01
9.436327067459124862e-01
8.261242349711990507e-02
-7.928285104879675416e-01
9.929204289703343900e-01
-2.044503332449785216e-01
2.976550475192373812e-01
6.717043693773278035e-01
8.629215122606487265e-01
6.368356211434516023e-01
-7.016275650322285617e-01
-4.459670231810849983e-01
6.922772102040699593e-01
-2.426045815369752279e-01
3.132022634934605865e-02
-7.755202819924060798e-01
3.151981065930393733e-01
-9.859943757152780375e-01
-5.478994590557805244e-01
4.513051255901998071e-01
5.718169497114757860e-01
6.066095402532705183e-01
9.133828596449994341e-02
-8.503192749066866840e-01
-4.747316772043360666e-01
-2.579134234621393018e-01
-3.632375749214852290e-01
5.188320370514672986e-01
2.401987118631398466e-01
3.980047809146676219e-01
-8.535631386774671370e-01
-2.624474657875786043e-01
-4.740475893250709616e-01
1.673881168001825626e-01
9.931158151756681596e-01
8.524857304539543157e-03
-1.724817287614288375e-01
1.533862802503782596e-01
3.123266532682851260e-01
5.017572162519357004e-01
-4.423385206920530388e-01
6.882314081860313459e-01
8.910464178176987771e-01
4.141117058326981848e-02
4.988669571479792952e-01
9.061419137200937834e-01
7.648656155939898005e-01
9.589348623299849272e-01
-1.000000000000000000e+00
9.262508037107194392e-01
-9.904014787231554262e-01
-5.500459475031123091e-01
-8.830957657331938160e-01
-1.597673800660790178e-01
-1.164033630317212881e-01
-4.405751123633200317e-03
-4.453619238607078312e-01
-8.100296889989394566e-01
-9.815766706686933352e-02
7.619528401573064658e-01
-9.497391325804730444e-01
1.000000000000000000e+00
-4.540260466272275086e-01
2.164220805824519644e-01
-1.000000000000000000e+00
4.710909872725852487e-01
-9.008473140622358377e-01
-2.153627831685421823e-01
-6.198812508039773794e-01
-6.752363082130833360e-01
-1.805667134640820959e-01
2.158066611431033732e-01
-3.736396753121986603e-01
5.338230426968511022e-01
1.870567974723018612e-01
6.516766604752280978e-01
-2.132366304619309760e-01
1.927541953546097475e-01
-5.553782743494476426e-01
8.978522507210220382e-01
8.598556174405130870e-02
3.137753260374817055e-01
-3.915447289587270507e-01
2.928368963118159751e-01
1.277920632888653873e-01
5.437237711854567834e-01
-6.996821325510294010e-02
7.100088762085834393e-01
5.989503565820226694e-01
1.000000000000000000e+00
-6.740657830786289662e-01
6.407742960616193972e-01
1.664395605788376864e-03
7.304406627524070994e-02
3.844246531797563260e-01
-9.082600109549805456e-01
2.483610291069210940e-01
7.128922956396746002e-01
-2.084582894661601848e-01
4.515593493200180664e-01
2.680233147252290005e-01
-9.449025886860400458e-01
-2.412959165286487351e-01
1.586787644187556690e-01
-7.778214681271574671e-01
7.040441433205391064e-02
-5.056129042769903492e-01
1.166567848784477168e-01
9.729688461989989268e-01
-8.037185351467226457e-01
3.002470787207345282e-01
