-8.359313040139185746e-01
-8.030579105285544639e-01
-2.714987022303304576e-01
-6.910424422534512390e-01
4.257589217849005320e-03
-8.695964360791440528e-01
-3.249994644280811973e-01
-8.771997233173931541e-01
-3.672527903973172442e-02
9.648186465382342369e-01
3.134118886422875283e-01
2.627259146121583844e-01
-8.955478351421256589e-01
6.177891330147827764e-01
-6.454477262038021967e-02
1.835925257499324281e-01
-9.613563102291208251e-01
-9.184811974133472168e-01
-2.767555483935690841e-01
9.918766178848174020e-01
7.711065673396697573e-01
9.155968006039399976e-01
9.572372364574290859e-01
-7.711556573534221470e-02
1.302630973522674318e-01
-1.000000000000000000e+00
-6.016340396391193224e-01
8.022419504834132908e-02
-2.809391744096304544e-01
9.431559465638057471e-01
-7.175180773610597695e-01
-2.751480329915411693e-01
5.610956813719250036e-01
-1.000000000000000000e+00
7.512421203713095519e-01
-9.752333444366126924e-01
-8.931353310466096929e-01
7.141098990660903478e-01
9.144372370205965384e-01
3.192458009737237923e-01
7.580460161918663176e-02
7.165303231325382827e-01
-4.752914652921711586e-02
1.000000000000000000e+00
-1.409406923954700797e-01
6.745235368626784078e-01
-7.825456261853620532e-01
-3.383700968021595146e-01
-9.877738979198485980e-02
-2.801766310734296606e-01
8.579164285917255661e-01
1.532216399248778615e-01
-9.864625475883936900e-01
7.610873981814487710e-01
-7.677501329154072796e-01
-6.971431845733225829e-01
7.860308945270624292e-01
-1.000000000000000000e+00
3.279486700232630003e-01
-8.487174171810520917e-01
7.043432045736022218e-01
6.759125860854735546e-01
-4.364558319831211147e-02
-7.570577087719122522e-01
9.941060531670209421e-02
-4.304496059350026299e-02
-9.076080851057006793e-01
-2.371172486108503175e-01
9.547305413435153154e-01
-3.683688332828171097e-01
-5.626351038146280015e-01
-9.638514274330275411e-01
2.598095039343387147e-01
9.951510182261167348e-01
1.032803631434269231e-01
5.982609186504087573e-01
-6.633087936811786767e-01
-9.213651300020019308e-01
-7.734780190102693576e-01
-8.126608186196445649e-01
-5.918634184171892576e-01
-2.749490504664997559e-01
8.822236700957104549e-01
2.339227671489244320e-01
-3.725725460619866425e-01
5.221743358707642280e-01
1.982404856692587536e-01
-8.831275610590360037e-01
1.000000000000000000e+00
7.231533681253301538e-01
-9.852696546217040163e-01
6.637780014620566771e-01
6.160754082199298987e-01
9.736733381111282171e-01
6.520001394376884196e-01
1.000000000000000000e+00
5.575957834167235561e-01
-1.205028894890997487e-01
-9.377541339873625148e-01
-1.000000000000000000e+00
2.717619117712747334e-01
-2.750176342276430264e-01
-7.320411685281263958e-02
1.894613268147737895e-01
1.118534196990411955e-01
1.188210839861463669e-01
-7.453158467150345912e-01
9.177240267275889041e-01
6.010612179714482917e-01
-9.062410494009994766e-01
1.538515804334707193e-01
9.600453661554426699e-01
6.718412621350897673e-01
-3.283393514894007437e-01
2.684702128530336296e-01
-2.581032542105223815e-01
-9.979288712688567653e-01
7.390746589025447566e-01
-2.697023724614726614e-01
6.186842935589496051e-01
-7.949785435054506078e-01
6.418956826894106626e-01
7.992252702562367972e-01
-8.855978041283452118e-01
9.233481570593878029e-02
5.878327521248813414e-02
8.083887163620753213e-01
-9.510860985814518775e-01
-4.077615842925533807e-01
5.793710750816783994e-01
-5.226538254783274356e-02
-2.261581251867000319e-01
8.185664880749313754e-01
4.532768506268375353e-01
-4.574060754440432142e-01
-4.781029333121455949e-01
7.851703203079144489e-01
-8.647776277088901065e-01
9.220159002383819802e-01
-7.905343517008205367e-01
-6.501292334058858535e-02
7.150357591774816335e-01
-6.931535053892987630e-01
6.158579319652102146e-01
-1.000000000000000000e+00
-8.965274628198586226e-01
-6.579411383153627169e-01
6.821578862080533989e-01
-9.164284669014829410e-01
5.502240543584453469e-01
-9.092589353273234920e-01
-9.275193735660873517e-02
6.810831857952306390e-01
9.817639111058144019e-01
1.413268866082560138e-01
1.000000000000000000e+00
-4.494726802114174524e-01
-9.222646087046162400e-01
5.793812087660741295e-01
7.525508483862238807e-01
6.399957063451923167e-01
-9.007466470831323457e-01
-9.849017386696199416e-01
-4.442040509002750936e-01
-4.239544420600546148e-01
-3.726176600285022733e-01
1.911243806964318254e-02
9.542373349283602701e-01
4.209908364312898721e-01
4.659164346377425714e-01
6.583228310918688431e-01
9.717394651389982263e-01
1.000000000000000000e+00
9.956504468992949386e-01
-2.408878017893649748e-01
-3.165534068496261844e-01
-8.459557613624092420e-01
-2.661835202516289467e-01
1.576787052158598046e-01
8.551863239332158084e-01
-8.267952603818290447e-01
-4.052955048094458168e-01
-1.177152299783625344e-01
8.276488092619660453e-01
-9.592121206402228761e-01
6.425362777300516193e-01
2.492430716922081901e-01
9.987304377749491868e-01
-7.993123569733696643e-01
-5.236351088959099176e-01
-6.145043433188869531e-02
9.450800039373932204e-01
6.653448034582016835e-01
-8.149657834725503314e-01
-1.000000000000000000e+00
-9.443583005190565594e-01
6.294316147792072824e-01
4.982417513584933011e-01
1.722583681770447628e-01
-8.288016274009336604e-01
-5.987740170131699013e-01
-2.754751208496750703e-01
2.981677945978947197e-01
3.108199909969423524e-01
-3.222833551785817159e-03
3.071889982210769254e-01
1.555939048433195582e-01
1.771458760544767363e-01
9.229552002611429717e-01
1.089117707515224742e-01
9.394793971462745974e-01
-8.591614275644701149e-01
-9.891277285275481557e-01
-3.395890227893661462e-01
-4.521954413886803970e-01
6.101910282185000201e-01
-8.141173880669153595e-01
6.742248656433660337e-01
3.295647051055506371e-01
-9.141782811962985145e-01
-9.360478516723560460e-01
-2.208618165996475702e-01
8.696768535865760930e-01
3.506699633481944467e-01
-8.510506757072909823e-01
-6.286807925605731873e-01
7.952865482009112696e-01
-1.923310464142925225e-01
6.864210500723832986e-01
9.358722617591940240e-01
-3.504810065899845450e-01
2.456246081069581866e-01
8.089445407596531634e-01
7.640156617018637464e-01
-9.072420271709672468e-01
-1.116831387340274928e-01
-6.720617527720554873e-01
-5.776128799497094457e-01
-7.722842928378380600e-01
3.088340767720916258e-01
-8.948565379732659197e-01
-4.719364095373084211e-01
9.946588415218143853e-01
-4.338548260877588270e-01
4.743461967570299365e-01
-6.129886311068576399e-01
8.192221105047847729e-02
3.412411771400573612e-01
-7.386703947938194625e-01
-9.321526482453225126e-01
1.000000000000000000e+00
4.855337601122666213e-01
-6.434448636763339113e-01
4.213140996304679670e-02
-2.645963658421225939e-01
4.928150632978980927e-01
3.130553301883990946e-01
-5.879470362224622493e-01
4.650012772638022207e-02
6.250730326338458376e-01
-6.201407001266934227e-01
3.924522847974598050e-01
-9.966135230672126810e-02
6.576469242795930648e-02
-9.285263644474336386e-01
