3.963438141201336418e-01
4.677320329097476304e-01
-5.979908415156534041e-01
1.785750947588533588e-01
-8.256595940345532458e-01
-4.625566338189841531e-01
1.044055573085653776e-01
8.176774812506255596e-01
-1.330388989706645653e-01
-5.369930835571778971e-02
-4.337493822141331723e-01
-3.195757068566438264e-01
6.559514638059216196e-02
-6.321970009463055984e-01
9.536065944194049848e-02
-8.089894345989399049e-01
-5.958789972449145544e-01
8.626620722190687651e-01
-5.814209333165656357e-01
4.575215552317195566e-01
-6.443277115387942011e-01
-3.966755259830185842e-01
7.091689470957314168e-01
-6.361792580591048019e-01
-1.322112059202407153e-03
-7.997270693660443186e-01
2.632658804214698112e-01
-8.055947651256183395e-01
-5.658526299302326645e-01
-4.555803646965304043e-01
-6.778616135829449441e-01
-5.691239499067446417e-02
1.792807064615751234e-01
3.365266742072772210e-01
-3.325226749352683253e-01
9.768801470253760666e-01
-9.791764272368923550e-01
3.400605625963126766e-01
7.394799696838896264e-01
8.236244888748522897e-03
-7.131906632562801107e-03
5.678565893695859401e-01
-8.521638344290836109e-01
6.153732615318840971e-01
-4.227579330373649746e-01
-5.294290070257789971e-02
-4.468213446711855052e-01
9.780541224955621171e-01
7.197343829531461790e-01
9.351396920923968903e-01
7.425402915866587961e-01
-6.226162661235035145e-01
-7.678248614672038563e-01
7.074715637982151861e-01
7.183215701297667177e-01
-1.807212376789577579e-01
1.904946525991788597e-01
3.343080493207164494e-01
-1.629771089003133611e-01
-7.176652921737800561e-01
-9.534475677173728236e-01
-5.176278162380092418e-01
-6.866321588934083398e-01
2.770948831382036293e-01
-6.394557610175244378e-01
-4.193305090789380962e-01
-2.570559199792736838e-01
4.550004204949440467e-01
8.060283826104004401e-01
-6.673535575063767045e-01
-2.284381097270111738e-01
-4.343073425408898736e-01
2.303110877780678578e-02
-8.855882576234903603e-01
-9.645698829763063031e-01
7.026443975139584630e-01
-9.482936389845457725e-01
-5.982570552461474733e-02
-4.275957261260789899e-01
-3.478410624714445287e-01
-8.489944230474029130e-01
9.999492665535807401e-01
-6.063246364278129796e-01
8.075580789807617066e-01
9.561809290133476136e-01
-2.135242885156629633e-01
-4.728631904630797855e-01
-5.872550086604366726e-02
-7.836403668212699181e-02
1.124455455446422558e-01
6.138104438036835475e-01
2.707380258127776163e-01
-4.069065768040449615e-01
-4.696807888698566469e-01
-3.090785690124415730e-01
4.928205007490096268e-01
-7.416037956082124349e-01
-5.743799554385653483e-01
1.248451175711948746e-01
3.280821938090066059e-01
3.970201145386620389e-01
6.896794514160824452e-01
-9.377733698873875756e-01
-6.141806540699734640e-01
-1.481898067523768070e-02
9.491506340511361994e-01
1.586056989328361588e-01
5.806682518631094414e-01
-4.131798205976233707e-01
9.237254295227053102e-01
8.293388036456517121e-01
-2.609817772933498148e-02
3.570799034743883382e-01
8.726196890984763144e-01
-4.660091342661145664e-01
-6.247692483050391044e-01
2.104113171753803080e-01
-3.526046190831273464e-01
9.276744116297244158e-01
-9.412505735885006164e-01
2.151287803152350797e-01
-6.023951903928543850e-01
7.127230708184828512e-01
7.953629930287819949e-01
8.927884858340395802e-01
-6.924536813532631285e-01
8.403536829133031461e-01
1.666315376331883868e-01
-5.564034070632060125e-01
8.150079540735100103e-02
9.211283581606188875e-01
2.563012468770995422e-01
5.315766557608183618e-01
-6.165975851405802732e-01
-3.235992587845826218e-01
-4.809977150681550295e-01
-2.884790800805765443e-01
8.530619374319778903e-01
-1.219883927863298911e-01
-3.156541964977652714e-01
9.255575692268296351e-01
-3.193858938666938041e-01
4.850429295233640303e-01
4.487055800043149301e-01
1.182076544382715255e-02
-3.293830663378323198e-01
4.767909169414039638e-01
-4.595865515964043801e-01
6.191366427551574514e-01
-1.873836624396920669e-01
5.596154737657621503e-02
-6.881955229112446393e-01
2.662977236194068453e-01
2.344029306077559660e-01
6.684456966490270879e-01
7.438318121692863993e-01
-6.975392855148894178e-01
5.385109236925340603e-01
3.164222415317763382e-01
-7.055781630267674576e-01
9.161489977577530475e-02
6.066128778057593429e-01
4.154539543742994390e-01
9.780437343387404781e-03
-1.757676687902911539e-01
9.125206826054219622e-01
3.875789202640871345e-01
4.226204271799756107e-01
9.468510318439382623e-01
6.110303861784416313e-01
-9.953463307445378216e-01
7.165711061048338770e-01
6.454207649066079355e-02
-7.622869066689030859e-02
2.118352506073299946e-01
5.538010056351581056e-01
8.275148872362885211e-01
-8.040836139888847267e-01
8.751272569094927789e-01
-5.501437821916652648e-01
8.709694953039524012e-01
-9.878768252691072504e-01
4.861795751707798097e-02
-3.402117643477620135e-01
-9.512983719580809794e-01
-8.008082295617835467e-01
6.385439821175611375e-01
5.545793509968341972e-01
-6.181697524761056162e-01
-7.633632476590981319e-01
-8.501008622197196996e-01
2.667823436873952847e-01
-9.231014934999715038e-01
5.465027523414447419e-01
3.870668485588428798e-01
2.451288907224791203e-03
2.563192890437184790e-01
1.046952294992353760e-01
-9.156101825720133203e-01
7.758033255292069441e-01
7.032065245479082183e-01
-3.157011040538311164e-01
5.771808529749897776e-01
5.327337482323859508e-01
4.320490384088764291e-01
9.041037028211438287e-01
-4.394689799325905977e-01
5.249508162397606981e-01
-1.057932133748518133e-01
2.390233767582059521e-01
-6.597347915512328242e-01
-7.037416313784750077e-01
-6.164283466595239513e-01
-4.528039965429704328e-01
6.014362967255904024e-02
2.351289642849228034e-01
-3.143131596958859131e-01
6.770236191758236544e-01
-4.941580023960134849e-01
-6.330500556317923966e-01
-3.679954202860071799e-01
5.762707421804282859e-01
-5.793932137767343615e-01
4.233426944320886065e-01
6.424619021606992053e-01
-8.708240742598754025e-01
-1.274520413265596286e-01
-3.657065786122799533e-01
-8.773538102701290420e-01
-8.100372789336691692e-01
9.829002803452724368e-01
-2.097614735287205434e-01
6.496767530062090845e-01
2.627209558312306736e-01
4.523876691845891695e-01
1.042916911001661173e-01
-3.805010574471303642e-01
7.457091457229327869e-01
6.253599175555148992e-01
-7.175057604000052436e-01
-4.258455267701664049e-01
4.616820612132046531e-01
-8.948905147611605493e-01
6.651886261852235638e-01
-8.555917283580940502e-01
9.378054311127894671e-01
3.876994801146989023e-01
-7.451889703475258475e-01
6.012851156799463581e-01
3.888223189337376429e-01
-4.544341281066912597e-01
4.025062290234611151e-01
-4.988180546983311814e-02
2.287648565502731213e-01
4.670336631823037710e-01
-5.163109898251239116e-01
4.255428567955641395e-01
-6.942903025317284094e-01
-5.514795581325850904e-01
-6.530123308771706991e-01
-6.837143934989471372e-01
-6.457652639826272356e-01
1.806149784761834631e-02
5.887792766528627819e-01
-9.445934138365363886e-01
