-8.339527899535850164e-01
-8.222568777760194125e-01
-2.606957686836408050e-01
-6.978739088283103520e-01
-6.576716592434177916e-03
-8.818657268396495885e-01
-3.734823418966495279e-01
-8.806557317152722275e-01
-3.030421388663655929e-02
9.925483072033965959e-01
3.249920796662277289e-01
2.627259146121583844e-01
-9.182418847711704135e-01
5.631625641899292711e-01
-1.005374192354536039e-01
1.924634333903924299e-01
-9.514013917469230641e-01
-9.322876128426829112e-01
-2.441002554109869271e-01
1.000000000000000000e+00
7.147467867494593508e-01
9.151313865835400962e-01
9.504391963206155758e-01
-7.570958688790990765e-02
1.218621280115623068e-01
-9.804152145649660532e-01
-6.128197504493937409e-01
8.613672719097476005e-02
-2.844231515619500272e-01
9.437494937831656383e-01
-7.221003616605896624e-01
-2.763453651360673335e-01
5.645275363492177068e-01
-9.965752418594479023e-01
7.566157873685809276e-01
-9.700589856636292474e-01
-8.931353310466096929e-01
7.138103832611480959e-01
8.640303391730906890e-01
2.824388934462953582e-01
5.889473454878848407e-02
7.015029500275536956e-01
-8.113037494560684793e-02
1.000000000000000000e+00
-1.330764627561009383e-01
7.024693026887353087e-01
-7.602791787403869739e-01
-3.591596138208182354e-01
-6.607245998260760644e-02
-3.082798402598612153e-01
8.624250524019809738e-01
1.383825182446843660e-01
-9.596595207625223667e-01
7.523205433764735828e-01
-7.536017057176003231e-01
-7.273930500801146781e-01
7.720876928941660111e-01
-1.000000000000000000e+00
3.148614161895156305e-01
-8.834652879244162538e-01
7.798450499773585953e-01
6.575041358250056645e-01
-3.776403057741253844e-02
-7.589915383142566974e-01
4.930412581517943510e-02
-4.295321963362680462e-02
-9.075897412491108485e-01
-2.420222129860251647e-01
9.530153322611197853e-01
-3.443248920538313218e-01
-5.321452431486324297e-01
-9.498749574541306417e-01
2.605373602014857681e-01
9.961595276803494325e-01
1.055940340594903604e-01
5.803072503050771269e-01
-6.735806322172688265e-01
-9.227437709643278030e-01
-8.253974119947519172e-01
-8.582530039174788294e-01
-5.918634184171892576e-01
-2.855896285167127124e-01
8.860026378659169310e-01
2.349556728831418417e-01
-3.473661925088145086e-01
5.335770413363490894e-01
1.546967896364005168e-01
-8.990690294853777020e-01
9.927613396184353789e-01
6.944522251490891085e-01
-9.965268755018925617e-01
6.479515130693620506e-01
6.354284278591225688e-01
9.797985756582604511e-01
6.363628142616279959e-01
1.000000000000000000e+00
5.531205116477071471e-01
-1.205028894890997487e-01
-9.531116882122522282e-01
-1.000000000000000000e+00
2.744348892619923874e-01
-2.961068006762888061e-01
-5.687778830777288214e-02
2.132636345304451120e-01
1.285408372428198109e-01
8.478742240330260083e-02
-7.457430963529084744e-01
9.177240267275889041e-01
5.805845278327679271e-01
-8.817151156868728856e-01
1.587532690654208101e-01
9.849558596868648319e-01
6.690203950395400279e-01
-3.541540957494305752e-01
2.564272187417196980e-01
-2.771226305769022846e-01
-9.818987361265912872e-01
6.739799032548395852e-01
-3.155848504705282553e-01
5.357695241281240639e-01
-7.927153300143601200e-01
6.381662959799242474e-01
7.975205845908515112e-01
-8.625705019943155083e-01
3.970879050773030994e-02
2.507256694864709590e-02
8.083887163620753213e-01
-9.399860276384092161e-01
-4.253588703579873620e-01
6.082265656533256681e-01
-7.403711351694389209e-02
-1.576370027043252908e-01
7.621793429633921813e-01
4.575843326974602387e-01
-5.100226162233959526e-01
-4.815091550991080216e-01
8.127463353080327524e-01
-8.480044052524777776e-01
8.920085869696967595e-01
-8.041992609439044815e-01
-9.089605392184360588e-02
7.561355403423520860e-01
-7.366997715008167802e-01
6.075440396242811625e-01
-1.000000000000000000e+00
-8.826797331774308697e-01
-6.635598437245017189e-01
6.558550769584577944e-01
-9.045684210732871655e-01
5.164042930311919521e-01
-9.249769270994476766e-01
-9.480844058972517918e-02
7.145666856356500674e-01
9.968103883994645642e-01
1.413268866082560138e-01
1.000000000000000000e+00
-4.507793484204050682e-01
-9.798756543492431748e-01
5.802558944916230699e-01
7.432086084524734959e-01
6.468327459651880273e-01
-8.962352425164372693e-01
-9.894623054514689597e-01
-4.132056802491080871e-01
-4.363216247260020553e-01
-4.119583958339931296e-01
-2.556235793104163351e-02
9.893715775092360998e-01
4.578583115648870994e-01
4.659164346377425714e-01
6.711618498031749480e-01
9.633749752773160813e-01
9.710070588017024606e-01
9.939198252497123409e-01
-2.425557894776441126e-01
-2.859219873940249679e-01
-8.633188719431090785e-01
-2.885857670559641708e-01
1.694671074997318172e-01
8.672171331023472707e-01
-8.171230923220900166e-01
-3.450405879511835305e-01
-1.302559850250707418e-01
7.962341408490798411e-01
-9.475443543261249379e-01
6.416536004910686763e-01
2.498094080053449295e-01
9.987304377749491868e-01
-7.897779601106620362e-01
-5.961501354427038990e-01
-6.243337303448845410e-02
9.433257655586296808e-01
6.443099565931345030e-01
-8.161370761003937657e-01
-9.988645690471968930e-01
-9.616663490078267706e-01
6.272381371247778281e-01
4.953438336559291000e-01
1.715092454999118943e-01
-7.714823846408788155e-01
-6.063657211656779955e-01
-2.714439384154098689e-01
3.158226755376165040e-01
2.680618698106862485e-01
-5.422792653510439403e-03
3.072658794569876339e-01
2.007058344218818902e-01
1.755419683221028093e-01
9.130669633749871617e-01
1.070144299123377413e-01
9.351192853657130932e-01
-8.689086180199450116e-01
-9.836739076797299530e-01
-2.898872799185105986e-01
-4.131505397338914309e-01
6.274320831010129496e-01
-8.349803373005292295e-01
6.787585884271892800e-01
3.207812545465439369e-01
-9.016773779857746307e-01
-9.425522559404071465e-01
-2.157318721514645821e-01
8.339514106065994969e-01
3.506699633481944467e-01
-8.586953840961157880e-01
-6.283635173707321497e-01
7.698042091604521131e-01
-1.650797863834545520e-01
6.931207200540341340e-01
9.270255963247567843e-01
-3.414687502414487930e-01
2.225677915435595178e-01
8.208913111107745131e-01
7.366426898377662624e-01
-9.071892855555035995e-01
-1.278849610973487316e-01
-6.577763932058131591e-01
-5.736944315656701265e-01
-7.714220998560761267e-01
2.897098950191903111e-01
-9.034201256917614442e-01
-5.031235026983836844e-01
9.756040929626065283e-01
-4.629130173156805195e-01
4.557196176025133938e-01
-6.129886311068576399e-01
5.397404646928814775e-02
3.480180325932475394e-01
-7.279296981259543164e-01
-9.199598688541603675e-01
1.000000000000000000e+00
4.863082196399196588e-01
-5.927476856941730210e-01
3.203526611183533934e-02
-2.773380648567264628e-01
4.950786082623419015e-01
3.847347825360167284e-01
-5.919241646117838762e-01
1.237619562712906178e-02
6.425058148473775654e-01
-6.156781888195742569e-01
3.919098096478089710e-01
-1.292787923103537739e-01
9.725563254675847688e-03
-9.415783889329594203e-01
