-9.182716735959096654e-01
-5.666183653277944154e-01
-4.268196931903877056e-01
-6.650746258204067729e-01
2.914191251258756443e-01
-7.578453182006889000e-01
-6.490706071867017313e-01
-9.365421144718413249e-01
2.348071890549533469e-01
9.559475376989750028e-01
4.137181914826579820e-01
-9.887255452369625441e-04
-1.000000000000000000e+00
2.845557163804388057e-01
4.216131626238363295e-02
1.899516473569005104e-01
-1.000000000000000000e+00
-9.030665843477634347e-01
-1.277545783144839187e-01
8.422041849299233274e-01
8.907149307983163178e-01
7.351073982638319793e-01
1.000000000000000000e+00
7.648273030746985390e-02
3.363778159130190182e-01
-9.219184682290672006e-01
-5.805806591768192249e-01
-6.531533963829626310e-02
-3.294597065783190226e-01
9.708779277298155153e-01
-8.890796814672584647e-01
-1.643753767328141324e-01
8.677154250631342602e-01
-9.549381057576499243e-01
6.670406707049475470e-01
-1.000000000000000000e+00
-9.526597437725986550e-01
6.749594977246788918e-01
1.000000000000000000e+00
1.643900890291290218e-01
8.262067147962505465e-02
7.703079344291176023e-01
3.314914780757804991e-02
9.679438854959427907e-01
-2.765480014479197446e-01
7.663501441499214195e-01
-7.975705545321842838e-01
-2.325542126921296693e-01
1.031629586737444482e-01
-2.153348014344932670e-01
9.531914317606816622e-01
2.984948978632042671e-01
-8.519245778242920952e-01
8.193009428640386504e-01
-8.909837422038545673e-01
-9.006161325273867035e-01
9.335498434454980732e-01
-1.000000000000000000e+00
2.960842878612783835e-01
-2.665744838126796745e-01
9.030469600688526555e-01
6.142202247431941542e-01
-6.759465947475325198e-02
-6.198706004814705794e-01
1.298706590446451203e-01
-1.137287075334665887e-01
-9.652461032691117548e-01
-3.989646614096596933e-01
9.690418421049749043e-01
-4.258139498871590933e-02
-5.089579776463284411e-01
-7.078493334071573884e-01
4.367133947299342012e-01
8.875352464000778596e-01
2.668662627990302516e-01
4.446197612188203530e-01
-5.547842682628257860e-01
-9.743882785020145931e-01
-8.421664836987723390e-01
-5.537822814468412735e-01
-5.577692116375281284e-01
-1.740322390981077216e-01
1.000000000000000000e+00
2.945794521877740935e-01
-2.574192235448519162e-01
-1.891669369591865088e-02
1.507892173533840474e-01
-1.000000000000000000e+00
9.556951838174587710e-01
1.000377906792065397e-01
-9.533452314005864681e-01
6.881854696067601918e-01
7.532153754104983223e-01
1.000000000000000000e+00
7.902187369384326976e-01
8.758366807608032323e-01
5.027221110723720798e-01
-1.772250122533314542e-01
-7.978476875079508757e-01
-9.978140585789464501e-01
5.164957692329273931e-01
-3.836623155113338957e-01
-3.032285590112621110e-01
1.860387314066166975e-01
1.304845032604855515e-01
2.236056736761932173e-01
-9.868097039095699019e-01
1.000000000000000000e+00
7.455598704761320361e-01
-8.442569857626550656e-01
2.408743679545314875e-01
8.142437885442355139e-01
1.000000000000000000e+00
-5.463274366137025329e-01
1.675920200924828352e-01
-3.749816018681677576e-01
-6.944070918564773098e-01
7.498506630447543397e-01
-2.063653827454531575e-01
4.363340951552383551e-01
-9.758585820441921799e-01
2.946545547904918516e-01
3.852215040206474206e-01
-7.805297266187526395e-01
-3.400613573753083485e-01
7.444831416579743288e-02
6.684520078292496281e-01
-9.840264694453368932e-01
-3.227254209259913242e-01
4.883495172148340502e-01
1.066679232973585627e-02
-3.300593202452063446e-01
6.464243643278158036e-01
3.566298388539714259e-01
-2.729251736856002086e-01
-2.837782801588453196e-01
9.991988811440232210e-01
-9.262685302525482944e-01
9.791338186280064138e-01
-7.687238290041196187e-01
-6.112574653720591333e-02
9.074344251325100474e-01
-7.430071779683898869e-01
6.733922311905977676e-01
-8.641578639114813054e-01
-6.874600148537787225e-01
-6.112556726374001048e-01
6.388594918676439027e-01
-1.000000000000000000e+00
1.716795386987927385e-01
-6.909390042003104027e-01
-6.334113160595464254e-02
6.912727474797030203e-01
6.897036736486710229e-01
-5.305775776553393885e-02
8.039191115600897719e-01
-5.729971956103180331e-01
-8.038379938002930825e-01
3.255452895155606097e-01
7.020698980909065856e-01
5.691092168598116396e-01
-8.039731945594190687e-01
-1.000000000000000000e+00
-3.566712078036428091e-01
-4.723195731679690201e-01
-4.732954605518302493e-01
-1.738990476767079407e-01
8.980511580814729555e-01
5.792639056861755842e-01
8.085566034203151009e-01
7.051842410518898152e-01
9.266518777514487493e-01
8.153782790902774913e-01
1.000000000000000000e+00
-3.961804314516866321e-01
-3.176246565250417930e-01
-9.683678218732800769e-01
-1.542878184460591828e-01
9.230632918696071165e-01
8.266682653621383325e-01
-6.075895335172083467e-01
-5.087463474181840306e-01
-7.652657159639706386e-01
6.777701828610798174e-01
-1.000000000000000000e+00
6.111686761977125348e-01
5.212569954558652352e-01
1.000000000000000000e+00
-7.326161044821790647e-01
-6.257020291286334857e-01
-5.300641189888644078e-02
9.039023570073200231e-01
6.922436975005884507e-01
-9.651394409905539318e-01
-8.892655599770508124e-01
-1.000000000000000000e+00
5.764487166653593508e-01
3.426424877473236985e-01
5.770358254527179626e-02
-6.107240814008851881e-01
-4.187268918663737405e-01
-1.985310056229192266e-01
5.066800670165848564e-01
-7.897035528907883628e-02
-4.427818430958318369e-02
-2.896578984884841390e-02
1.740771779636247352e-01
4.504466338846193074e-01
7.832298329830587047e-01
5.338584760860890510e-01
8.812824469113551551e-01
-8.865669418223051101e-01
-9.241527736700752005e-01
-1.183624360588867441e-01
-6.457930310934747453e-01
6.461059233578833050e-01
-6.988140740948831642e-01
7.004523086302291146e-01
2.659871325930374120e-01
-8.124685936426968569e-01
-7.136520809307023150e-01
-3.411187415799917799e-01
5.719458214365665816e-01
4.301195389585121265e-01
-9.522789396900384062e-01
-5.327729638613432073e-01
1.000000000000000000e+00
-2.511646049475017572e-01
9.393443391667278819e-01
6.036229630452601969e-01
-3.080032518790117857e-01
3.488506893306531076e-01
7.312057416180188785e-01
6.550976184478856101e-01
-9.029040170956188494e-01
-2.348428778175578047e-01
-5.432320950340026045e-01
-6.878047368053528121e-01
-8.385358352499743262e-01
2.386144304695855811e-02
-8.152439323343604327e-01
-7.349573585129159925e-01
9.222361282148265893e-01
-5.098948443549662368e-01
1.263856737736326619e-01
-6.170607614393968099e-01
3.021662034641541261e-01
2.790775142074461423e-01
-9.422634780390881648e-01
-9.338523952996521382e-01
9.701463541029422544e-01
1.820666544799483810e-01
-4.449184963185334185e-01
2.280279837516285130e-03
3.056036674404009890e-02
4.452765486958103480e-01
3.075900228260926572e-01
-4.585008380665085426e-01
2.908110027928387242e-03
6.635904881786723886e-01
-9.664313477968585753e-01
-3.077837479421918765e-03
-2.617987953321945227e-01
-8.704063144605173052e-05
-1.000000000000000000e+00
