-8.339527899535850164e-01
-8.089837592058862770e-01
-2.606957686836408050e-01
-7.102801131085568764e-01
-3.536164237212225184e-03
-8.818657268396495885e-01
-3.520878768415067195e-01
-8.830411054143600946e-01
-2.727562056623769951e-02
9.866362934548372765e-01
3.287116911629042182e-01
2.648860572723404361e-01
-9.327770921860276676e-01
5.631625641899292711e-01
-8.860521534663635956e-02
1.549671217461428552e-01
-9.601289104860143420e-01
-8.930424287124791860e-01
-2.722166919234397242e-01
1.000000000000000000e+00
7.386202676657349642e-01
9.153730716933200506e-01
9.755763474273588809e-01
-8.737392743395497319e-02
1.078480849128783670e-01
-9.665541827148449450e-01
-5.792802046361166246e-01
9.119661888237998171e-02
-2.844231515619500272e-01
9.970609903171262500e-01
-7.087606973293530954e-01
-2.679218149759070022e-01
5.213696239343442729e-01
-9.942185005252963670e-01
7.491492117948060914e-01
-9.700589856636292474e-01
-8.931353310466096929e-01
7.138103832611480959e-01
8.894137933541749197e-01
2.804113495474440665e-01
1.012487145053553583e-01
7.015029500275536956e-01
-4.378956199853583503e-02
1.000000000000000000e+00
-1.388480842652544400e-01
7.169113121837114022e-01
-7.478580957214879810e-01
-3.754087051953036158e-01
-1.103988004218841718e-01
-3.179451642268030231e-01
8.434395373960918985e-01
1.498438920488155135e-01
-9.757736552367610727e-01
7.627976739463583344e-01
-7.536017057176003231e-01
-7.273930500801146781e-01
7.644452674212219856e-01
-1.000000000000000000e+00
3.148614161895156305e-01
-8.487174171810520917e-01
7.243209153048841831e-01
6.813153355207134387e-01
-1.491324280437388017e-02
-7.498204934663398324e-01
8.124860460387267613e-02
-1.424459901351457849e-02
-9.467196405163477158e-01
-2.378654043270152507e-01
9.530153322611197853e-01
-3.591352203105275809e-01
-5.637418650039613954e-01
-9.490806885450238095e-01
2.563580165764102192e-01
1.000000000000000000e+00
7.743833920427532769e-02
5.977725918344580780e-01
-6.569068130472631717e-01
-9.227437709643278030e-01
-8.154169961069154260e-01
-8.582530039174788294e-01
-6.205348761723578077e-01
-2.975881808141385698e-01
8.637297756592523523e-01
2.308895161903057325e-01
-3.412699563264250391e-01
5.249313828025776729e-01
1.845562920175816413e-01
-8.840253954976923234e-01
1.000000000000000000e+00
6.962392950014678616e-01
-9.965268755018925617e-01
6.637780014620566771e-01
6.267826277553428804e-01
9.736733381111282171e-01
6.162523949600419160e-01
9.956435089859296816e-01
5.727481089822055171e-01
-1.205028894890997487e-01
-9.306956438659910180e-01
-9.779886315477808179e-01
2.793577851701484205e-01
-3.062462319969791458e-01
-2.686808316535652108e-02
2.011759176445927777e-01
1.054371888864818474e-01
8.277607905263031918e-02
-7.775674322058622190e-01
9.177240267275889041e-01
5.806519966002761102e-01
-9.248399300415613977e-01
1.812217886245977017e-01
9.816256513323765587e-01
6.776560639761614047e-01
-3.541540957494305752e-01
2.564272187417196980e-01
-2.679784641684677671e-01
-9.818987361265912872e-01
7.419377202732690968e-01
-2.892500828252526079e-01
5.316710740624674969e-01
-7.927153300143601200e-01
6.457401283297929950e-01
7.992252702562367972e-01
-8.540842206922337754e-01
7.239553919569736984e-02
5.878327521248813414e-02
7.845284961467245965e-01
-9.510860985814518775e-01
-4.213902089082560143e-01
6.201037108947111687e-01
-6.699774271304342887e-02
-1.871215191076057160e-01
7.872972967387771304e-01
4.575843326974602387e-01
-5.100226162233959526e-01
-4.778968648619264514e-01
8.634359277326801863e-01
-8.693058955942422061e-01
9.074410582648382295e-01
-7.931732835587957942e-01
-7.117224572206949651e-02
7.431477696430834889e-01
-7.366997715008167802e-01
6.268939877943948691e-01
-9.740478919333763752e-01
-9.149380673121011442e-01
-6.749074848721984266e-01
6.462063878046212517e-01
-9.260292077269337563e-01
5.043264941902725340e-01
-9.130873572243177749e-01
-8.941310421976607359e-02
7.145666856356500674e-01
9.854751972831393703e-01
1.221118988586733095e-01
9.525658856484168213e-01
-4.802853554713460427e-01
-9.182683220688956371e-01
5.878296986359586862e-01
7.432086084524734959e-01
6.400598590561472623e-01
-8.921658211283214346e-01
-9.849017386696199416e-01
-4.330729336125671014e-01
-4.363216247260020553e-01
-4.134128030286187139e-01
3.673459128453405304e-02
1.000000000000000000e+00
4.559881345271011854e-01
4.576905419708614531e-01
6.524538915283728535e-01
9.217303647062792260e-01
1.000000000000000000e+00
1.000000000000000000e+00
-2.445004981977063896e-01
-3.044305066437494878e-01
-8.620397201997056502e-01
-3.339039897960083270e-01
1.694671074997318172e-01
8.763001218190061836e-01
-8.297921787879909417e-01
-4.052955048094458168e-01
-1.223205888119186235e-01
7.805526314957657030e-01
-9.229046807370974159e-01
6.515878534012072842e-01
2.643621591314799235e-01
1.000000000000000000e+00
-8.041524180657672050e-01
-6.196642160028875690e-01
-6.299472704989970973e-02
9.479793690845040866e-01
6.867954295981461010e-01
-8.261935063152964220e-01
-1.000000000000000000e+00
-9.335668658976316037e-01
5.625749974627222150e-01
5.089835210346279615e-01
1.722583681770447628e-01
-7.961885005260617154e-01
-5.836022465633470269e-01
-2.754751208496750703e-01
3.158226755376165040e-01
2.766656904259093830e-01
1.102482530711000261e-02
2.887268458766233392e-01
2.102688347175097339e-01
1.998547114159252847e-01
8.947588654367842897e-01
1.415818440266197187e-01
9.706223887540051942e-01
-8.591614275644701149e-01
-9.836739076797299530e-01
-2.881002428936474402e-01
-4.367925280619906481e-01
5.883381753058805064e-01
-8.440734128480794629e-01
6.997045902489441582e-01
3.174523407280896437e-01
-8.765077255760361785e-01
-9.842122979648245673e-01
-2.157318721514645821e-01
8.665040660757724611e-01
3.499175633082427517e-01
-8.565064873299388370e-01
-6.322829517710396585e-01
7.730653017533197779e-01
-2.246038361161518671e-01
6.817303847328344268e-01
9.358722617591940240e-01
-3.386299997947083695e-01
2.053183408752204953e-01
8.277109117656415993e-01
7.384801677131651587e-01
-9.052409623530350835e-01
-1.286001323946582564e-01
-6.419797693201920730e-01
-5.915530141245313178e-01
-7.714220998560761267e-01
2.884600996188487199e-01
-8.948565379732659197e-01
-5.028648271289363203e-01
9.876070207082116026e-01
-4.627933391646954497e-01
4.634974769657613791e-01
-6.118005963542045844e-01
4.344027297507874197e-02
3.425060842148528462e-01
-7.386703947938194625e-01
-9.041841350320821702e-01
1.000000000000000000e+00
4.649708690543654099e-01
-6.014941453330062693e-01
2.508573580388777369e-02
-2.941085154443137117e-01
4.950786082623419015e-01
3.688703140974650685e-01
-5.956479229250108975e-01
4.709856886184630304e-02
6.323579827137539855e-01
-6.221917883929520832e-01
4.132285078886775431e-01
-8.373515201781484008e-02
7.141815210396093572e-02
-9.288985799676536814e-01
