-8.207388985719850094e-01
-8.089837592058862770e-01
-2.750416548407115247e-01
-7.102801131085568764e-01
-3.536164237212225184e-03
-8.750011751400031956e-01
-3.520878768415067195e-01
-8.638368104224072308e-01
-8.367557888041419339e-03
9.885515846984075372e-01
3.287116911629042182e-01
2.657684187422249544e-01
-9.595131302198912637e-01
5.631625641899292711e-01
-8.246462918555254318e-02
2.086509237350174795e-01
-9.114811342361608393e-01
-8.930424287124791860e-01
-2.581787054011254190e-01
1.000000000000000000e+00
7.276718978621504741e-01
9.153730716933200506e-01
9.755763474273588809e-01
-8.544103199058446230e-02
1.078480849128783670e-01
-9.742480201016038288e-01
-5.792802046361166246e-01
1.036728342483519139e-01
-2.913670600650665188e-01
9.970609903171262500e-01
-7.022833817093463438e-01
-2.622194116671063835e-01
5.212133882102689686e-01
-9.932428905931138807e-01
7.561446378979301830e-01
-9.881003152668058620e-01
-8.878348306748552465e-01
7.138103832611480959e-01
8.894137933541749197e-01
2.944384140316157472e-01
1.049578620051222488e-01
6.830512379325385242e-01
-4.378956199853583503e-02
9.931987525628104274e-01
-1.388480842652544400e-01
7.216851642042141357e-01
-7.721176425369835616e-01
-3.407299020202413931e-01
-1.063624709536185042e-01
-3.324185567427494492e-01
8.158336488961850375e-01
1.347318110953081849e-01
-9.757736552367610727e-01
7.627976739463583344e-01
-7.477330526847578707e-01
-7.273930500801146781e-01
7.602204119277419236e-01
-9.999061344925972428e-01
3.148614161895156305e-01
-8.912691278631073022e-01
7.243209153048841831e-01
6.813153355207134387e-01
-1.491324280437388017e-02
-7.498204934663398324e-01
6.827285394276511044e-02
-6.889845565702969188e-03
-9.467196405163477158e-01
-2.378654043270152507e-01
9.797619907409779172e-01
-3.591352203105275809e-01
-5.637418650039613954e-01
-9.227242319127455517e-01
2.880393037162276570e-01
9.952523849428489555e-01
7.743833920427532769e-02
6.082149285664502081e-01
-6.569029778197500447e-01
-9.227437709643278030e-01
-8.154169961069154260e-01
-8.546362898399355590e-01
-6.219952598984099801e-01
-2.786933588184572486e-01
8.637297756592523523e-01
2.118047425816087237e-01
-3.385098130444138542e-01
5.249313828025776729e-01
1.880626278816334707e-01
-8.840253954976923234e-01
1.000000000000000000e+00
6.962392950014678616e-01
-1.000000000000000000e+00
6.637780014620566771e-01
6.291683952816463643e-01
9.736733381111282171e-01
6.162523949600419160e-01
9.956435089859296816e-01
5.727481089822055171e-01
-1.198870867985813854e-01
-9.650057123469955034e-01
-9.779886315477808179e-01
2.689468080725441745e-01
-3.156878690915599917e-01
-4.816386799386849354e-02
2.031373998671442416e-01
1.062024340634273034e-01
9.283427508248581761e-02
-7.699345088780822355e-01
9.553457056064723618e-01
5.806519966002761102e-01
-9.449336498550827690e-01
1.812217886245977017e-01
9.707907532670650985e-01
6.776560639761614047e-01
-3.541540957494305752e-01
2.548812188258625655e-01
-2.679784641684677671e-01
-9.818987361265912872e-01
7.419377202732690968e-01
-2.888468336615875875e-01
5.316710740624674969e-01
-7.936227435161549160e-01
6.457401283297929950e-01
8.164456487000294471e-01
-8.750761913680007442e-01
7.239553919569736984e-02
6.220029946748160954e-02
7.948222095630356199e-01
-8.924259863399259807e-01
-4.274432746881847711e-01
6.201037108947111687e-01
-6.699774271304342887e-02
-1.743895625080008616e-01
8.033617538676828262e-01
4.575843326974602387e-01
-5.168322550538548832e-01
-4.505331000256782570e-01
8.617993114642181762e-01
-8.680565818162376823e-01
9.367029690235535444e-01
-7.890685304391000798e-01
-9.309260386293487233e-02
7.357781664836166025e-01
-7.302853224529477494e-01
6.019050816047986086e-01
-9.740478919333763752e-01
-9.160807452077284196e-01
-6.749074848721984266e-01
6.476756435225925479e-01
-9.260292077269337563e-01
5.053407354802772478e-01
-9.199063938597967782e-01
-8.956970706695084605e-02
7.447708322502198941e-01
9.586079611359213937e-01
1.221118988586733095e-01
9.418834717808931556e-01
-4.802853554713460427e-01
-9.250940512151442086e-01
5.996663981721218617e-01
7.432086084524734959e-01
6.559289586295914409e-01
-9.304680216394529690e-01
-1.000000000000000000e+00
-4.330729336125671014e-01
-4.363216247260020553e-01
-4.136512661365777110e-01
3.673459128453405304e-02
1.000000000000000000e+00
4.713903587863505495e-01
4.528135498623311328e-01
6.584933074505578965e-01
9.214686883041760534e-01
1.000000000000000000e+00
1.000000000000000000e+00
-2.404840120513394575e-01
-3.044305066437494878e-01
-8.552685394344635705e-01
-3.400544872109543815e-01
1.525351620395382080e-01
8.775649144824612113e-01
-8.297921787879909417e-01
-4.166438309508601612e-01
-1.261985850517521324e-01
7.713204511860510815e-01
-9.393750478171661866e-01
6.471658832425957186e-01
2.578959893592063235e-01
9.755418999938854085e-01
-8.221025298162767392e-01
-6.111378959367874675e-01
-6.627727614789294397e-02
9.479793690845040866e-01
6.867954295981461010e-01
-8.666036559499618042e-01
-9.958465063991809307e-01
-9.468835640500543605e-01
5.672199696873178043e-01
5.134353642536896301e-01
1.751486276149959442e-01
-7.961885005260617154e-01
-5.865127706951309694e-01
-2.754751208496750703e-01
3.216934844743765121e-01
2.766656904259093830e-01
5.368429187842594860e-03
3.147958386996160818e-01
2.011604661607417077e-01
2.123836133694031181e-01
8.947588654367842897e-01
1.293643827015485692e-01
9.706223887540051942e-01
-8.591614275644701149e-01
-9.836739076797299530e-01
-2.800861797466681069e-01
-4.342752601833667070e-01
5.310567912185105710e-01
-8.440734128480794629e-01
6.997045902489441582e-01
3.174523407280896437e-01
-8.765077255760361785e-01
-9.965479720693662946e-01
-2.223849010819903271e-01
8.725391952425113340e-01
3.499175633082427517e-01
-8.563429541341364137e-01
-6.322829517710396585e-01
7.730653017533197779e-01
-2.324051937278107938e-01
6.817303847328344268e-01
9.335801428947246849e-01
-3.689152335215591383e-01
1.619474450222072592e-01
8.395917596254022230e-01
7.466166071211290944e-01
-9.123149639404707356e-01
-1.241088810526725372e-01
-6.419797693201920730e-01
-5.915530141245313178e-01
-7.714220998560761267e-01
2.768892946207909822e-01
-9.015395698561470272e-01
-5.326574315046715968e-01
9.876070207082116026e-01
-5.008064458757414128e-01
4.608972231649348661e-01
-5.524999997639254978e-01
4.344027297507874197e-02
3.260618757774980114e-01
-7.465279069524598521e-01
-8.930017903622343711e-01
1.000000000000000000e+00
4.717470620769459444e-01
-6.294366745012152098e-01
2.508573580388777369e-02
-2.941085154443137117e-01
4.719578446299621532e-01
3.688703140974650685e-01
-6.185539924539126266e-01
3.951589516481428255e-02
6.323579827137539855e-01
-6.221917883929520832e-01
4.132285078886775431e-01
-6.813480327447263285e-02
3.856788417265155644e-02
-9.281145102223730126e-01
