-9.970797038869484707e-02
2.470096792585843581e-01
4.600212877103440623e-02
-1.000000000000000000e+00
3.044532211417338985e-02
5.701985168115484282e-01
-3.512632816568236338e-01
-4.494874447209254442e-01
6.107375059475343981e-01
9.647976152398873850e-01
-3.096638467447194176e-01
-3.874169676412824170e-01
-8.939695296657698131e-01
5.152014780375920033e-02
-2.802698664730329803e-02
7.667220095328601825e-01
4.952462994027559406e-02
6.099031777172879698e-01
7.934561598932295956e-01
3.498788409148238521e-01
6.719957627108731346e-01
1.000000000000000000e+00
1.259044011073558456e-01
-1.923584168738562417e-02
5.228506887216710641e-01
4.146889979279763105e-01
-1.946810744972852225e-01
6.519995263734847946e-01
7.132276444935076176e-01
5.685801513580114319e-01
-7.425111148407884665e-01
9.179656437885193032e-01
6.638257506818050491e-01
8.390250548162635491e-01
4.319169037556009894e-01
-3.326355673444436611e-01
6.552321220807365565e-01
6.821226221809071344e-01
1.000000000000000000e+00
-1.448217610123391647e-02
-9.409255434205862079e-01
-1.652712746116558051e-01
7.770238920401577598e-01
3.976286581529074327e-01
8.232365608928935430e-01
3.590381719447299225e-01
8.646958378749610707e-01
-2.782115557009106066e-01
-4.438526387159150155e-02
4.330850446252824670e-01
-2.238062196385266489e-01
-2.092212050553597380e-01
6.369884255236778481e-01
-1.220916177343331077e-01
6.446575658418315369e-01
7.747321963618889473e-01
-6.878797671137552028e-01
3.115027927509299022e-01
-4.581512202683893920e-01
3.592917060203637547e-01
6.384863849811852621e-01
9.148761839668422269e-01
-2.122454185703280816e-01
7.340166517003414715e-01
-8.251721107507226094e-02
-6.253574662437935139e-01
-7.647443201139280111e-01
5.724279684690763981e-01
1.677484009430773582e-01
-1.000000000000000000e+00
5.056477075327078241e-01
-1.567630088016043199e-01
-4.561687565666018851e-01
5.397236636441413854e-02
-2.497252649495331767e-01
4.606686000622245425e-01
-7.154607816692817313e-01
8.809843499585336968e-01
1.384512802509743068e-01
6.448054019005750037e-03
1.917185515452384803e-01
3.017128160101603118e-01
8.820404082233959109e-01
-7.157571513993555845e-01
3.105152041143703912e-01
-5.735542249612469723e-01
8.786630649176572216e-01
-9.433274587949602719e-01
2.178572134314039899e-01
-9.595183051993019241e-01
-9.452432910859331905e-01
5.284966316328857383e-01
3.206372962193379528e-03
1.000000000000000000e+00
1.000000000000000000e+00
-3.213388651486259739e-01
-8.786733437915106304e-01
-1.590185235003450381e-01
-8.644357659784235315e-01
-2.635876346618642452e-01
7.342108385393880665e-01
-4.018271109197537466e-02
3.172201252192066168e-01
6.054924957012427500e-01
1.995033880541058624e-01
-3.738285647328182248e-01
9.418778049963913990e-01
-5.843695926868295309e-01
-7.033534692643288455e-01
3.241688637643995174e-01
7.085446772104740942e-01
-1.889703006531925078e-01
-1.000000000000000000e+00
-1.401184753322819998e-01
1.000000000000000000e+00
1.000000000000000000e+00
-2.238725274803915755e-01
8.654886714263376746e-01
-8.718784074462684330e-01
-4.004097135886027781e-01
-2.191360508638918320e-02
5.718348235865706730e-01
-1.006552826286349622e-01
-9.692521403237436273e-01
5.709514044031664959e-01
4.625843713564396775e-02
1.146303588380452737e-01
6.012959696576670732e-01
-6.176422768291549570e-01
4.779507934151952520e-01
2.620554583955536643e-02
-4.722400642068289023e-01
-3.874372340055643460e-01
1.625147179796218033e-01
8.186337609573202112e-01
-1.000000000000000000e+00
8.101828199067131475e-01
8.735411108702850758e-01
5.721146736200642957e-01
3.405458320100708258e-01
-4.527254226195848719e-01
-6.018821673188406995e-02
5.808823123578590319e-01
1.000000000000000000e+00
-5.454520366132044051e-01
6.073964758276297893e-01
-8.264344912054955028e-01
4.697922125054102005e-01
1.827626129221060491e-01
9.783392205866538183e-02
3.700344822360710634e-02
1.304312902953330133e-01
-1.171066003483302587e-01
9.597146545757565539e-01
-5.569924562048583772e-01
4.847972339162428534e-01
3.256598352120289586e-01
8.949924679455745213e-02
-8.490374779581710829e-01
-6.217217190958435058e-01
-5.343704135296168944e-01
4.963105192493607598e-01
2.105042170471286000e-01
1.683613951505539830e-01
1.935124555103793220e-01
-8.852436688731882275e-02
6.785309256034407488e-01
-3.647782029092945244e-01
-2.833823066645254629e-01
-7.424473780309708282e-01
9.597308273790248201e-01
-7.470799836617711964e-01
6.058466834410822788e-01
-8.004493972582285011e-01
-1.326644246506594738e-03
6.847336070942786623e-01
5.757471228246753281e-01
-5.959048894617212655e-01
-3.158457732820821873e-01
-6.287580406542703226e-02
4.403751681264255757e-01
4.384285724196231304e-01
6.143241451412326803e-01
4.003137414657778059e-01
9.400088146545638734e-01
-5.611937748739457277e-01
5.016634395759994591e-01
5.386414874145407650e-01
-9.909268926070691208e-03
2.692560086744382741e-01
-2.380625053409269332e-01
-9.951690420801528880e-01
8.447021296567599480e-01
-8.523142647134492877e-01
5.577170824581713093e-01
-2.902686229994357880e-01
-7.148370907097959526e-01
-8.685667662694578073e-02
-2.514790047878081580e-01
-7.604854088686243685e-01
9.033091951690622734e-01
-6.280981161417651393e-01
-5.022719271302082955e-01
5.294899520537657001e-01
-8.914095987533151577e-01
-3.263863275504608197e-02
-3.613548716893789231e-02
-4.717172391120272312e-01
6.537143980398220089e-01
9.924148664973064804e-01
-3.837764201099550521e-01
-3.925515711499704130e-01
-6.985479539851799924e-01
-9.608016567470110958e-02
5.217841877778228721e-01
-2.558488402742107315e-01
7.825534313381320439e-01
6.886127168176219282e-01
7.269026529065284459e-01
-9.113167656936624894e-01
-5.199730879272498330e-01
1.365295807208626311e-01
2.240306356804794841e-01
-2.992695636830976502e-01
-1.320956548653781093e-01
9.342539670049005984e-01
-3.247017262414172434e-01
-2.502698194866445069e-01
9.727327975210513511e-01
9.096075265494840689e-01
9.024530208236590800e-01
8.528496143081893965e-01
-9.006016564457404450e-02
-1.965352565106514571e-01
-9.541901608522423972e-01
4.521486190037659614e-01
-6.571162634835369110e-01
6.166467286569050632e-01
-5.559985312842923300e-01
-8.591864203775837483e-01
-8.360552243013297247e-01
-2.041723690847206396e-01
-4.961182407847494757e-01
4.261456962700986839e-01
6.329789626745859765e-01
4.754781536693126198e-01
8.592110479501572362e-01
8.997269863833162740e-01
6.338621466470194532e-01
-1.000000000000000000e+00
-5.837709053243149704e-01
-6.638738573345963623e-01
-6.750066243942355326e-01
-8.051103892006612472e-01
-1.593276861112693787e-01
-7.467382827746726903e-01
1.978796988433180748e-01
5.428535929912197133e-01
-2.825592425340776037e-01
-5.913239272284139814e-01
-2.388028032676642043e-01
-6.271268752694321158e-01
5.444060831736785566e-01
5.744080845810572988e-01
3.851897946315769317e-01
