4.572674987966909299e-01
-5.868228118064696686e-01
-4.411005480949522495e-01
7.819227415340628262e-01
-8.594800638103207158e-01
9.271966938029692074e-01
4.687541409133278436e-01
2.609293835920866722e-01
9.127338493816963272e-01
3.220504200179211129e-02
1.000000000000000000e+00
5.802832785897703571e-01
-2.615418626588190687e-01
6.410771723975114966e-01
-1.262245453701303921e-01
6.496140090546557166e-01
-6.109445725469204724e-01
-4.679429457573305862e-01
-1.098073788076077834e-01
-7.231449935379932192e-01
-1.802737046544928279e-01
3.483047656606208520e-01
3.531149567104963083e-01
-9.150060674870799104e-01
5.544041277885933816e-01
8.198097909980591735e-01
8.543488810709544135e-01
-9.387329572686828882e-01
1.512705007025905157e-02
-6.849281112345213529e-01
-9.241455527447111074e-01
-1.845924450939910866e-01
-3.831354932228715482e-01
9.653455540234086030e-01
-2.035660713536091571e-02
-1.647697194349175831e-01
-8.406994325403275292e-01
7.409527878782734556e-01
-1.852686583616702520e-01
-6.905052563186502290e-01
-8.941010048666723220e-01
7.909302201149973621e-01
1.635108247858287345e-01
-5.047828954736298668e-01
4.838325856138065983e-01
2.054498733618093098e-02
7.201541513107412307e-01
4.732615091893261905e-01
9.564090341629218894e-01
6.161368059347228643e-01
-8.301288633168111275e-01
3.516329420840398901e-01
3.832481807129484164e-01
-7.032989811020263771e-01
-7.150764964043063721e-01
2.532759794897091465e-01
-3.294828893644300982e-01
9.610715160282652381e-01
2.262468672133239322e-01
2.122213074935315746e-01
2.925044186023018078e-01
-8.457687694076325702e-01
2.085077712861010957e-01
-5.829069188460269668e-01
-2.003102523957300818e-01
4.126321712640290684e-01
-8.150351660427627154e-01
-3.346050390974997235e-01
-1.482355286929301907e-01
-2.819675280242517346e-01
-6.291608043893316404e-01
1.598735466121903315e-01
-4.744610975253709118e-01
9.836653830718108948e-02
-4.486285990454905725e-01
-7.600658842404476312e-01
4.769860165567336163e-01
3.183947945945935221e-01
-4.950090325296110372e-01
2.429717973617785964e-01
2.020764529716184976e-01
5.521289128911204269e-01
-1.195447926124127147e-01
9.806359690234129900e-01
-1.112467657524868203e-01
-4.870582693871690627e-01
6.743634610152045017e-01
3.332058269849487719e-01
-5.592299198741531585e-01
-1.204793021392427943e-02
-6.739256894468277359e-01
-4.552380491709113741e-01
2.739150761523947430e-01
-5.856052188894924626e-01
4.649762412536784240e-01
3.771093037467710962e-01
8.283456987775714708e-01
-6.774702244229535708e-01
-7.868317497263987992e-02
7.612590685871086782e-01
-4.734629661788742477e-02
6.541696953608632237e-01
-4.644798666091562445e-01
8.216815557690876348e-01
-8.177140432009464277e-01
-6.463811875859557521e-01
-6.607987660159311272e-01
9.208634369659836061e-01
7.081022105418333101e-01
2.000119102315680575e-01
-4.452441277737908543e-01
4.000788348730541788e-01
4.648469521510824598e-01
6.881994515543888857e-01
-7.132739621353305637e-01
8.058332445873386263e-01
1.101703401373901325e-01
-1.000000000000000000e+00
7.805221191460819385e-01
-6.484912692404876111e-01
-9.125024772447701826e-01
-7.395057648077211221e-01
-5.478417828034651826e-01
-2.267864829939046645e-02
8.513398951791057989e-01
2.843140906601852036e-01
4.602726381067970968e-02
-9.201929701878535095e-01
-9.860207676279247879e-01
-5.981336053841187494e-01
-1.000000000000000000e+00
-4.539297544499214521e-01
2.810799538817713161e-01
-5.961170907726809354e-02
-7.339457162337583718e-01
7.700587762801893721e-01
-3.916674931397005205e-02
5.275612648402463467e-01
3.571770019663498275e-01
6.427774739990279596e-01
-1.000000000000000000e+00
-1.643216168369448504e-01
2.791806864448093672e-01
-1.737400542535511017e-01
-8.647486203572209984e-01
5.416198439404058540e-01
2.122122111614401785e-01
-1.369390868776578785e-01
8.366879830009484043e-02
3.932139127538090140e-01
9.531693192964837413e-01
-1.586341618633813066e-01
-7.992048047592711368e-01
6.066063934711495298e-01
-5.552569083360365809e-01
-8.847423733253749756e-01
2.913394309389990000e-01
6.967156284494997465e-01
-9.664715257633718082e-01
-6.253093737792201345e-01
5.468150633727619780e-01
-6.274000111468989171e-01
-5.553901637306801753e-01
1.000000000000000000e+00
8.641959855323640971e-01
-8.465388212707338766e-01
5.941841485929447719e-01
-2.978977160446171224e-01
9.839999000016509401e-01
-1.100104478976426658e-01
1.749404426595779771e-01
-2.402633986847469427e-01
-5.421105645556556496e-01
1.000000000000000000e+00
-9.083877653807371777e-01
-2.475074535581884838e-01
-1.474280290896545775e-01
6.865803804535347554e-01
-2.157089177216473530e-01
-6.587540017165360862e-01
2.586851456435492747e-01
7.033126057447187662e-01
-4.516961371718504203e-01
-2.610881709263996875e-01
-4.477861940588485079e-01
-9.314868764188879435e-01
-8.055576251439052760e-01
6.733156371213264157e-02
-3.094792482273128753e-01
4.629727771324738117e-01
-4.542128648383455536e-01
-8.143405963183386609e-03
3.533655098434383968e-01
-9.633267614167992932e-01
-3.967449000373982626e-01
5.998296217747242642e-02
-7.507742386218972941e-01
4.197813470244739498e-01
-2.158353098540941595e-01
-1.000000000000000000e+00
7.443097855127362994e-01
-4.016368338028074580e-01
2.045913420597871013e-01
1.975632873213399865e-01
-4.591628511607871999e-01
8.852644593818674856e-01
1.041461829525123645e-01
-8.751671962928533333e-01
-9.532810410574140692e-01
-5.949604108905387490e-01
-8.267609222392201529e-01
-7.613306312901957362e-02
1.000000000000000000e+00
6.825726491261951967e-01
5.513559069087972109e-01
-7.114331703405880891e-02
-3.586682995161810106e-01
6.113764252055068349e-01
-5.566833331167646559e-01
-4.839268618144778600e-01
-8.388015626125698843e-01
-4.202511512434242702e-01
9.124667047621733973e-01
9.835915530259129458e-01
8.121578262198144715e-01
-1.851552819801838279e-01
-5.467017960073785598e-01
-3.904037739731349710e-01
-4.158924643364636520e-01
4.878339505037128099e-01
-7.157015162966890998e-01
-7.147397896388050231e-01
-5.152211481465047704e-01
-3.617329646736556215e-01
-9.673118597669179142e-01
-6.454450824607878001e-01
9.051279659314479531e-01
1.766973252468270195e-01
-1.542219931035203329e-02
8.940826688089330565e-01
7.738807237313264364e-01
2.638048250342819312e-01
6.089428948834396671e-01
7.498168626370097511e-01
-2.880546146313280875e-01
1.446728050789034825e-01
9.712556051812010205e-01
3.470690330068142981e-01
-4.431793978068287454e-01
-3.799439268059558450e-01
-1.125670953458050294e-01
4.179771234262315005e-01
9.566749175621039880e-01
6.754394195754093166e-01
1.350788871081551878e-01
-3.874896390972220050e-01
-4.871633339002290342e-01
6.170255598364142724e-01
5.960896242613283880e-01
1.939100825945539730e-01
-5.004159007805697446e-01
-7.254868979447237631e-01
5.070275287516845530e-01
-9.883564589992084315e-01
1.963737722686702547e-01
