1.984430044061666343e-01
-3.519598428946117963e-01
-4.879172322240032944e-01
5.238807158171648881e-02
-9.802649876173490373e-01
-9.890341524839898479e-01
-5.607586420074170963e-01
5.475901544124817111e-01
3.432371375940946878e-01
-9.485531224442249609e-01
3.624210799657462956e-01
3.281166035998554081e-02
4.036291070910724699e-01
-1.099178979125812056e-01
-4.220711626195569610e-02
8.441373538625400463e-02
-1.654592797155209905e-01
4.533037367627084091e-01
6.800344905065338619e-01
6.833375988014775415e-02
6.511052519891367130e-01
6.019244594835447826e-01
2.911498031812538301e-01
8.114040135717928148e-01
8.482328712563605988e-01
1.157455589174434946e-01
3.944671843046843596e-01
-2.945109817368872784e-01
6.967836354076493155e-01
4.919658955688337443e-01
-1.000000000000000000e+00
-1.000000000000000000e+00
-2.293154199970786900e-01
-8.804959580786664297e-01
-7.840291619844650395e-01
9.251937185330783020e-01
-2.120223052068765379e-01
2.400757319401104484e-01
5.399473096208959877e-01
-2.827633678588472588e-01
-9.769525617294479991e-01
3.578246882284000785e-01
-3.897079513711695364e-01
-2.082013680304130310e-02
-6.130891944057141885e-01
7.407089763731071752e-01
3.348374049683480735e-01
8.621937774424939249e-01
-5.095433057141611766e-01
-4.981272875838059500e-02
-5.549657949080017971e-01
-6.643399458771852562e-01
-7.081402381480826902e-01
2.705702343874475946e-01
-6.299869189448357165e-01
2.823081638074232957e-01
6.567465388181711883e-02
-9.920067222956577835e-01
6.104339710285470177e-01
-6.077358149947247046e-02
-1.000000000000000000e+00
5.297392310418965744e-01
-9.065402820305997755e-01
-4.220634516683738902e-01
1.625949649508808825e-01
8.296666241018938459e-01
3.127180257552997222e-01
-1.844104422453229919e-01
-8.996283135569795864e-01
6.163441865958574351e-01
-3.708797050364187609e-02
3.734594435995766126e-01
-7.569562473042569239e-01
-3.119333240404453811e-01
7.105924035068993394e-01
-6.100481921547727948e-01
2.857772535483661946e-01
5.618056145831109571e-01
-2.508762562819206177e-01
9.365649399856836865e-01
-6.084782372861965993e-02
-3.460402153208086418e-01
-3.628632451032192119e-01
-2.763866772690999896e-01
-3.664735232339131898e-01
-8.996053720283749833e-01
5.739289966679587129e-01
-4.854670326130092195e-02
-5.464405080598715436e-01
9.193081127768825134e-01
8.096090385800963629e-01
1.008672829769417939e-01
-8.064827797339411131e-01
4.908985587967492070e-01
-8.316259127320986266e-01
-5.607311147330825696e-01
-2.146534839496452296e-01
-2.336342319872269646e-01
-4.614930856852919039e-01
-6.006613900250258320e-01
5.325738676497846491e-01
-4.529663089029906109e-01
-1.160055241228323264e-01
-4.373343917697122829e-01
9.004549238082882878e-01
5.892837793270254698e-01
-8.482612744516959680e-02
-6.655954348364396811e-01
-1.004577309423294595e-01
3.680572310872587405e-01
6.295034274439488264e-01
-2.618261607988692230e-01
2.991737060897008416e-01
-2.415940191339922549e-01
-9.650985169096702732e-02
8.927975195836308497e-01
5.746993870728571707e-01
-4.295020429959384711e-01
-7.012079022609889467e-01
2.123997527935273244e-01
-3.139333428177291663e-01
-2.578543777951455840e-01
6.935662885874102068e-01
-5.959739959636067841e-01
1.093450207088269843e-01
9.449357355110190593e-01
5.348192044104099763e-01
-9.047964593716230075e-01
-5.954707528940520467e-01
2.886694857771421319e-02
6.013597706916465890e-01
4.556061264060323746e-01
5.725162948562211029e-02
-4.646459892006981618e-01
6.700173097663147948e-01
9.234689028626431595e-01
-5.554609830967907058e-01
9.004329329425835304e-01
-6.928598980785913852e-01
-7.410086871208868553e-01
9.345726551557427264e-01
-6.727666068578079805e-01
-7.661693001809084524e-01
8.129802865859987460e-01
-8.399195908501009278e-01
1.459689291210224393e-01
-7.599535074602248308e-01
5.013131885055710502e-01
-1.562272092639400423e-01
-9.910659909683068314e-01
6.205463279132447108e-01
4.011216771063255693e-01
-2.472726014704824116e-01
-4.709771629225450451e-01
8.401961544730857101e-01
-6.954493875321763330e-01
6.242531911990141236e-01
4.450233311423981153e-01
-8.537572650438689514e-01
5.681659596440394866e-01
6.120196879859386013e-02
1.900579372090233088e-01
-6.411235860535267062e-01
-8.523121403274115382e-01
-7.958977915302095640e-01
4.385642111816024924e-01
-7.794774730916511629e-01
-6.823722980611657274e-01
-1.000000000000000000e+00
6.687715379225425139e-01
-2.843780517031606059e-01
-4.707708823687112298e-01
-7.438486753610472624e-01
2.570893990900524617e-01
2.587839116870403744e-03
1.000000000000000000e+00
-3.385116514303346813e-01
-5.590425932375455709e-01
-1.680481174666368094e-01
3.520869427558529496e-01
-7.822131654427758041e-02
9.474655106530713855e-01
4.784023615805400170e-02
7.523974793611727663e-02
-1.101293905811173007e-02
7.033320123935794532e-01
1.286605404175817924e-01
-3.037937614817088350e-01
4.094903936392455535e-01
3.821402931580971662e-01
-2.719837397707763893e-02
8.928070577249822559e-01
4.745235959800915282e-01
-7.035488489929100364e-01
9.787430734641566765e-02
-3.421043794266088178e-01
6.158514041708511577e-01
5.990696048972481424e-01
8.551383444003687329e-01
9.820638320313332947e-01
8.419165597109657950e-01
4.128000562915803973e-01
8.340191899450283275e-01
-4.482869566731206845e-01
1.000000000000000000e+00
7.620299809910252575e-01
9.273992886190873808e-01
-9.429824866458803578e-01
1.000000000000000000e+00
7.529289516490924594e-01
-1.536498364524278848e-02
-9.584399773530694056e-01
-5.121934724176526732e-01
7.726423673699718275e-01
4.779101557612209783e-01
-8.948897217614422139e-01
-1.302086920163333938e-01
1.000000000000000000e+00
-7.659158132091187232e-01
-1.000000000000000000e+00
7.557194855324093907e-02
-9.530335441046393630e-01
8.554216599594868242e-01
-3.172320299286135459e-02
2.582037965133553992e-01
-3.221374260767679854e-01
-1.768001919903664509e-01
4.007831220159903118e-01
9.851449043447905174e-01
-9.804048947980833484e-01
2.184648319343012179e-01
-2.542270244766461351e-01
-2.341497414463725515e-02
1.613904856415450118e-01
-6.711624253512901150e-01
-1.226091698692160920e-01
-6.173544352702422522e-01
8.962608510087763936e-01
-8.383875181294251355e-01
1.937900149865783295e-01
-8.590142790184604471e-02
4.738764698001365350e-01
5.165076997799376013e-01
9.564807081992000581e-01
-2.783980327868205706e-01
-4.293509768930630077e-01
5.803078668090823067e-01
5.590325739251413850e-01
-3.956662080071534637e-01
3.203383120890513913e-01
-5.609817160404091396e-01
5.992130409799729662e-01
6.664825353256578211e-01
1.481865849349609521e-01
-9.685703254618051039e-01
1.000000000000000000e+00
-4.976414421914434616e-01
-1.103580450474421493e-01
5.177005054712684462e-01
-5.951951961210376618e-01
2.812730798918918751e-01
-6.456998708278298693e-01
-5.969481217934496931e-01
-4.004522493640527148e-01
4.754745037719608769e-01
