8.059400029669926413e-01
-9.986154527443598106e-01
-7.062861174103377548e-01
7.624429201039129023e-01
2.424575457885576046e-01
-5.157851598111007352e-01
-5.849011272980388920e-01
-3.880760763735602303e-01
3.014948280462826924e-01
7.249375789522556346e-01
-1.561370392793093309e-01
5.053536378224906533e-01
-1.734461700734460932e-01
-7.848746146939502566e-01
-5.054596343176371853e-01
-8.627546324704724601e-01
1.000000000000000000e+00
4.602420943065655967e-01
-3.976008212937061637e-01
-2.913155782768141466e-01
-4.158451651886558298e-01
-2.141406416601296936e-01
-8.572289080941670747e-01
-6.403228816074579832e-01
-9.095079927597051750e-01
1.809810634416720854e-01
-7.433830684835582847e-01
-4.858653667432086820e-01
-2.673849512064287171e-02
-8.223216709635788879e-01
-8.059457136849454972e-01
8.349125898862606032e-01
1.000000000000000000e+00
-7.484694818520492010e-01
6.893076716927927228e-01
9.043452990093356902e-01
1.000000000000000000e+00
9.371444919546578767e-01
-5.264814023158170819e-01
-7.432598183090095567e-01
-7.018639323236253169e-01
-8.319843727618396745e-01
1.131843641957579472e-01
8.855264225817925938e-01
-3.420693100672937415e-01
7.866599021218335652e-01
-7.423679733154597837e-01
-1.526751067774387849e-01
-6.577484588815871169e-02
8.197256632730794967e-01
3.868139497880177524e-01
2.149295625846963931e-01
-8.119355686112758042e-01
7.416933323073691131e-01
8.801828973486360841e-01
6.498633745443438414e-01
-6.224351483990088196e-01
-1.000000000000000000e+00
-4.354572351539736652e-01
-1.283993880864506831e-01
7.148337480825468493e-01
6.613391643990077506e-01
4.925665251544983358e-01
-1.464507633002143372e-01
4.800016424983755137e-01
1.439921895374616234e-01
-3.157353659620608655e-01
-9.255060973757833764e-02
-6.545535836424350995e-01
8.267785823676383483e-01
-7.124452035708216391e-01
-1.055361325215882773e-01
8.212595091191520202e-01
4.628899892581060938e-01
9.365740329875181791e-01
3.692991043120791295e-01
-7.427315994215250017e-01
2.431899775446697554e-01
9.174716489344825199e-02
-7.052589604925412203e-01
8.207093353054584206e-01
6.619137927299152402e-01
-2.402576964011310379e-02
-2.130475466447590005e-01
-3.995577854848328392e-01
4.911705458197968555e-01
-2.165330418310010274e-01
9.210711317745725601e-01
6.057896373308513382e-01
-9.058129708063209495e-01
-6.295338659394802416e-01
-7.984942492078720422e-01
4.384789484179631991e-01
-4.515622573801871820e-01
2.344683241755050884e-02
2.202785395288886228e-01
3.363600435809369626e-01
5.089537626038345142e-01
7.031820872213104812e-01
-2.760843765843679076e-01
2.077025653635067859e-01
9.690015648533315540e-01
6.969467017447172896e-01
-5.446142394742713444e-01
5.889468465755842708e-02
7.158955743951633810e-01
6.819644000526065009e-02
-1.488884345746088744e-01
5.704831796057161508e-01
-5.853180140571293544e-01
-1.496344151460621275e-01
1.989117826338704376e-01
1.199355817813227559e-01
-9.100329733922827291e-01
5.245049170178914810e-01
-1.000000000000000000e+00
-9.611645864562605723e-01
2.483022535392882535e-01
6.132146017764014689e-02
6.279775207771478573e-01
3.469480005774246978e-01
7.128732205513754749e-02
-1.119512609286604787e-01
6.301214989448704340e-02
5.917988406868416318e-01
-4.017742735178007063e-01
-8.085171887132857060e-01
9.020681033070121480e-01
-1.000000000000000000e+00
-1.000000000000000000e+00
8.688609583323835261e-01
2.502956494897744522e-01
-3.186539706172508007e-02
-1.102787065514255517e-02
4.526653645733039744e-01
-3.271650044116460876e-01
-1.000000000000000000e+00
-3.351768978462181803e-01
-5.637343985344861474e-01
7.120705359665610024e-01
9.144336932701256915e-01
-1.000000000000000000e+00
2.559795916501170221e-02
9.590253987531880409e-01
8.966110618418106082e-01
-3.162822818140850201e-01
-3.292206907506438074e-01
-3.263217462139866853e-02
2.798916952515169143e-01
-5.210442065498446240e-01
-2.216850971184884944e-01
-6.804569864902705323e-01
-3.461387082413382443e-01
-1.000000000000000000e+00
-5.866704010784788981e-01
-7.479552547648906646e-01
5.925229064627027808e-01
1.000000000000000000e+00
1.857426038114438072e-01
1.578531802504831716e-01
7.628892623663052763e-01
6.455248714524737252e-01
-5.913228845178342130e-01
-5.418865908572830792e-01
1.596072141683947954e-01
-3.742061402543123139e-01
-6.893103838626344348e-01
3.595586379057756632e-02
-3.823851799244331051e-01
1.357589174390155251e-01
-8.385055245421946246e-01
4.160754453032451394e-01
-5.880597956857556152e-01
-4.373179157064737144e-01
-1.711713826474120514e-02
-6.906440404750897599e-01
7.553334755667362455e-01
-2.757883292939080633e-01
-3.760040357929539390e-01
4.666742869555337014e-01
-1.000000000000000000e+00
-4.209546744499018667e-01
-3.960568710902900857e-01
3.825390343972052687e-01
-2.223509491732003282e-02
4.442863264424556924e-02
-9.610347639959677668e-01
1.105504300870211593e-01
-3.019321930582671287e-01
-8.585404062773742684e-01
5.965911102774980046e-01
-2.286443927027208556e-01
-2.702125657832145089e-01
4.673052170681879502e-02
-1.914352322934052275e-01
-8.758512093079784400e-01
-7.514581176537865614e-01
-9.738573771167731152e-01
-9.597660760292011650e-01
1.708747643019910278e-01
1.886110674814276966e-01
4.496438750691651998e-01
-1.963298179909383490e-01
9.569415621340227052e-02
-7.369914150281742238e-01
-6.319146947882789966e-01
-4.774112232262189282e-01
3.172804178363222150e-01
8.424372037314449280e-01
4.134525694039575261e-01
-9.484118058519018790e-01
-4.655459006259987098e-01
9.065830834413920458e-01
-3.293916633956305295e-01
-1.000000000000000000e+00
4.390574092641099657e-01
8.972110285305965327e-01
-1.753339444140556425e-01
-1.638868681685831385e-01
2.717645810719153676e-01
2.117319690121068909e-01
-3.636187353583559823e-01
2.285671849686012613e-01
5.618689549926849658e-01
5.440878994182600792e-01
-3.953343242712683558e-01
-6.708896523323698569e-01
7.363418776777072017e-01
-5.338073204274385031e-01
6.429607604960635436e-01
-6.003504201928309275e-02
-9.912993935503444654e-01
9.117107843229887987e-01
3.409568747504807540e-01
5.321302714793466615e-01
-5.532536642570508034e-01
2.202356617984597142e-01
-4.526081931077022835e-01
9.055569568551722348e-01
-9.720599411225050446e-03
-9.383410645138495765e-01
-2.386493724861906973e-01
-8.478486938514422366e-01
3.568439391506754710e-01
-4.508474955754894764e-01
-5.850063817523655230e-01
-3.447733424529927926e-01
-9.589192425356489746e-01
4.363682473986670307e-01
7.322820101451161801e-01
-7.782045475088450459e-02
2.586073598199573609e-01
-1.000000000000000000e+00
8.903915927801118180e-01
5.005405519869933206e-01
-5.129037742090578611e-01
-5.226921757894504861e-01
4.168668108114438886e-01
-3.918037006281789858e-01
4.923523341163811295e-01
-1.013875603966576389e-01
4.892404258655192462e-01
9.080162726636489268e-01
5.210824709892848405e-01
-4.570866900958572288e-01
