1.617815188886473354e-02
-6.135033051939134396e-02
-4.752414538568863756e-02
-3.123371172326774858e-02
1.353699557435297240e-01
-9.085328441103912578e-02
4.813983134263394303e-02
-2.226515356582585980e-01
3.481291197721085307e-01
6.880081815434021530e-01
-2.144749603940316329e-01
-4.892101913978931238e-01
5.118591302716501978e-01
1.341252973839044405e-01
9.281819280332954669e-01
2.276783579328911511e-01
-1.649290644965765718e-01
-3.732450333149560651e-01
-4.838305631192286738e-01
-3.938650183803596994e-01
2.912990692299346485e-01
-8.570975747049784932e-01
7.878829861403433554e-01
1.464050373128591431e-01
-5.618626479056106904e-01
3.300069362300546150e-01
-9.176445924246163788e-01
3.261196237095482231e-01
-2.386491416494472828e-01
2.716377957071327565e-01
-1.600688020104359954e-01
5.701634306629226323e-01
5.609053292548202840e-01
-1.637821201739119992e-01
-3.522703316044878408e-02
-9.678447034270826199e-02
-1.039827556740914594e-01
1.279820832186230328e-01
2.970349651377303113e-01
-5.765311922238602893e-01
-6.166693520937309714e-01
-1.338090466065894601e-01
-1.621609059407670417e-01
4.887651619561620420e-01
-5.689016279708818125e-02
-3.525853046812463809e-01
-4.707031193423349968e-01
7.695632588214404990e-01
8.027718630290636703e-02
-4.384289887591228396e-01
3.052939437166393710e-02
8.224608855830911613e-02
5.437699955212824676e-01
-3.246619099662434449e-02
4.286113076600356897e-01
2.593136994571677151e-02
-7.706750699486639711e-01
-4.073318829880425151e-01
1.960699553123262384e-01
1.292826133424186952e-01
9.040192700661151548e-01
-1.416788434332051372e-01
-6.489425148001343180e-02
4.635426667142523716e-01
4.443803507859570012e-02
-5.513972957622255144e-01
7.286814739468866486e-02
-2.968439735869821128e-02
-6.467896094295701170e-02
-3.380982837267348939e-01
4.241147554669819630e-01
-4.710428176506702425e-01
-2.815757936320038013e-01
6.573984536341552776e-01
-5.765312379654775610e-01
-2.664582585100860879e-01
-8.553683757623860018e-01
3.106093987286917546e-01
-2.500012226907493695e-01
-6.606250887834610452e-01
1.953396421183396792e-02
-4.619260136815204199e-01
-3.482692981717410152e-01
-7.404800538597637871e-01
-6.083769221653769765e-01
-9.661404513764260127e-02
-1.988853629492615127e-02
-5.637120317621769905e-01
7.479973247784459378e-01
2.623264628147508049e-01
2.871446388429473306e-01
4.239824713166581716e-01
-1.468788398696764808e-01
5.564313892480067247e-01
5.095500809872683945e-01
-7.556640633835604026e-02
-1.858274781634863260e-01
-1.618739199471076473e-01
-1.337074792727223627e-01
-5.259084435103382749e-01
8.975960319666054232e-02
-3.783567073027886418e-01
8.817183035860243212e-02
-1.623464593093013608e-01
-2.714618080115772658e-01
1.365858309738807175e-01
-3.110549329737911650e-01
-4.019479444433127213e-01
4.169782571974264829e-01
-1.269742878955677501e-01
1.142273558100692366e-01
-4.899514110494054830e-01
-8.784427631491014132e-01
2.190225584875868936e-01
-6.396054047190784519e-01
2.117263082743312541e-01
1.664301939742527381e-01
-4.154654675365320182e-01
8.259263821280976581e-02
4.312471143854833544e-01
6.251152428739723543e-01
6.397713758785145144e-02
-8.963280017993513482e-03
4.803406759123775988e-02
1.858968687070353676e-01
-3.592550396568406357e-01
7.763776937427728508e-02
8.981016394087498744e-02
1.556448421612286470e-01
-1.313567024545927997e-01
2.648225654126420969e-02
-3.599681433612270109e-01
-4.589788747848689843e-01
-1.802161255930992412e-01
-1.201620680501280791e-02
-5.333868199507268981e-02
-4.089208502301099335e-01
5.116293703966843243e-01
6.901440492039923047e-01
2.309460942938915684e-01
9.502612291498013786e-03
8.406264972178156825e-02
-6.615832372333159406e-02
7.902866714811266347e-01
-2.509567753029168791e-01
1.957418773707642057e-02
9.095462447497754122e-02
4.188490141972053271e-01
9.377780639589410328e-01
2.816059762245052833e-01
-5.673208168258429829e-02
5.532855126012653502e-02
-4.148037984367565212e-01
-4.546662014999471313e-01
4.423333361759276272e-01
5.108678522327795291e-01
3.801879470845545561e-01
-2.548197408049091561e-01
-5.145099088775704210e-01
-4.847961627123400508e-01
-2.717848073266290743e-01
-4.027666934977723323e-01
-9.963110166591500061e-01
5.492790566337231173e-01
2.451816950585835320e-01
4.553359679055127840e-01
-4.314538615507834685e-01
1.619822702644696522e-01
-5.887656792780412429e-01
5.084053661617707331e-02
2.799176283603422855e-01
-3.796117240712766350e-01
-9.774196630366978056e-01
5.962117683771404053e-01
-3.785656107134519610e-01
5.909984667728011842e-02
6.694970283482971629e-01
2.878537833753615494e-01
-2.816819668152356071e-01
9.950970580358708961e-01
-4.536857388730879959e-01
-4.291424042518598436e-01
-2.498897368426315768e-01
-3.256363847714874860e-01
-7.843007542841881063e-01
5.436572407919221250e-01
4.022408952125550163e-01
3.649656965975978107e-01
-4.404482600020880323e-01
-3.402823828107524040e-01
2.928074862099236952e-01
1.116913315018012165e-01
-3.547397850169353717e-02
2.856824573933202105e-01
4.011196177239439442e-01
-3.209865471544821602e-01
2.076666191136395390e-01
-3.127773357938244958e-01
-4.661502228221423572e-01
-6.712205811368405772e-01
-6.226574307857082324e-01
5.022835962147269573e-01
7.378827549959700027e-01
1.794947743069994495e-01
2.610392066011997803e-01
-6.682314609677886263e-01
-3.496016584903880453e-01
-4.220282711956946375e-01
-3.947143470716880098e-01
-3.915077280166998075e-02
-9.167351925462058349e-01
-2.487834144231386713e-01
8.513580894598954396e-01
-2.617698985970802195e-01
-6.127281676366977958e-01
-8.370052328135015873e-01
-2.456493665792500170e-01
-5.855668422167554787e-01
6.273770795442459858e-02
5.612644758912352927e-01
-6.742454600733134296e-01
3.644408412100053063e-01
2.432305712431408473e-01
5.931096930008505907e-01
1.378766779537188986e-02
-5.329405766959116608e-03
2.601754342119098062e-01
-8.579091360697743696e-02
-7.242077694222318063e-03
-8.831949927298973768e-02
-1.717814792876625196e-01
-2.534939375986238197e-01
1.490849854690917686e-02
4.637079902771387707e-01
-5.097731328349708324e-01
-5.586665316922946600e-02
-3.897494196778017450e-01
-2.083567274474340536e-02
1.763415272213764151e-01
5.030112999144683572e-01
4.044134593165760183e-02
-5.539842837708262024e-01
6.464833442288862031e-01
-6.229942860356084688e-01
2.634864763461058912e-01
-8.387418190720710709e-02
-2.784242444289337648e-01
-2.712601609702186556e-03
-3.669373239642054196e-01
-1.910976164252163878e-01
-2.268761313136659075e-01
-2.092657905774024663e-01
-3.864969814809150472e-01
-4.605058888347387525e-01
-1.422713037067105390e-01
4.468043074316080387e-02
-5.065853726026783299e-01
3.626823600242153889e-01
7.147072787129959970e-01
2.100545341301586211e-01
-4.545965063650592164e-01
-8.116645131907405109e-01
-7.812940120405585942e-01
-8.058293189657486089e-01
5.290020232858544391e-02
