1.083390353497570291e-01
8.529413190565546254e-02
5.094715138514796515e-02
-3.263173490308373115e-01
3.328698518573210974e-01
1.946393857169958219e-01
-6.914500155535412418e-01
-4.369136877019784704e-01
1.979176993424786313e-01
1.419020941661668367e-01
5.625202386156498147e-01
4.078224403171052392e-01
-2.409540810542329659e-01
2.700054711841411992e-01
2.776618629628555546e-01
4.559411164420707485e-01
3.098935593934132315e-01
-4.023996194550941152e-01
4.568282663728779336e-01
-3.527590760707089435e-01
-3.064818553521438393e-01
-5.919080486930258234e-01
-1.289984244258979562e-01
4.086465257088600644e-01
-5.635363893347217212e-01
1.176379532057057475e-01
3.844033590010998425e-01
8.984129470020919828e-02
-2.513505376936376323e-01
3.023207526441876736e-01
2.080587531479793917e-01
-3.804483717935343012e-01
-1.562251013557498791e-01
4.356830316039005391e-01
4.055744368243133779e-01
1.774764393109174998e-01
-3.479016278183541533e-02
2.349072315132436639e-01
-2.676153496422628564e-02
-1.011853798882711708e-01
-4.001573424044315708e-01
-2.839265427648401396e-01
4.826997437809396607e-01
-3.043893712666216333e-01
-4.038044264985693466e-01
-4.813821386288242091e-03
-2.462535850397769982e-02
-9.654210490499970376e-03
-4.280456251855072614e-01
-3.023662997472337244e-01
7.419933421260974660e-01
1.898286572395578020e-01
-5.230500769845988218e-01
-3.551237403434901463e-01
5.436898591510835876e-01
-1.923532671822927170e-02
-1.211218341204152310e-01
9.181123609528099583e-02
-2.175246925183917934e-01
1.505568853454206102e-01
2.296840994007975367e-01
-7.278145731019730613e-01
1.567118944839416411e-02
2.380056746229562425e-01
1.957679140771093895e-01
-7.549300817901952176e-02
6.431316031561067348e-01
-4.372684997242357041e-01
-4.310280892384493745e-01
-1.263857410192170405e-01
-2.360896325581548771e-01
3.791438477733185541e-01
-3.253589916097962553e-01
4.303314902454462576e-01
4.208473822156045818e-01
3.407246118621800463e-02
1.452433471321418479e-01
1.587187881088729935e-01
2.576953441556086299e-01
-1.007208307156482185e-01
3.772173088420585629e-01
-3.186934861067888813e-01
8.879772987445776200e-02
-2.519580324402477811e-01
3.180396121559729283e-01
-1.868617887624298979e-01
-1.388887350381738661e-01
4.101731202525371045e-01
-2.721489509512612370e-01
-1.600364813680651976e-01
-2.468921195800017621e-01
-3.009905525533335124e-01
3.309310504467870007e-01
3.276660388716140515e-01
-5.459964695435284288e-01
-1.893286566012361560e-01
-6.189691691584431332e-01
-2.463726728079577710e-01
-4.677422841198260461e-01
5.875225789762829054e-01
-4.069948166650115828e-01
-1.940408970286589541e-01
-5.998452736744736002e-01
1.560121934970515878e-01
2.046261451265876941e-01
-4.793662145301096356e-01
4.866973531030449607e-01
-1.148988945461674321e-01
2.990076812414869112e-01
1.379306262975944497e-01
-3.738441452940371446e-01
-1.808005770289342062e-01
2.299613457319999998e-01
3.996978665061352021e-01
-6.500568515441734752e-01
-2.711976947354718948e-01
4.745807394277032354e-02
1.670222992397399076e-01
3.498138161829066339e-01
6.370475071730231642e-01
-1.062999291747743075e-01
-2.122326781316306171e-02
9.383925226075147397e-02
4.103751136743660766e-01
-1.794863864494901651e-01
5.500539666572661357e-01
-5.966274315243864923e-02
-2.365845731153525255e-01
4.705298286468713176e-01
-2.843072347197437288e-01
-5.393613268880842471e-01
3.094247305849052998e-02
-2.824845869215680261e-01
-4.782590141021329511e-01
-3.941912517597328525e-01
3.836414216104840902e-01
-1.035737402612365715e-01
-3.540619790244355358e-01
-1.115384040183574343e-02
-4.691346873827283159e-02
1.554467140407410630e-01
-3.958283340469878064e-01
-5.788954021778117687e-01
5.397603403014110401e-02
-5.778948364685005945e-01
3.990597914346550867e-01
2.431506093939824198e-01
3.540670337655849598e-01
2.721655801229347915e-01
-2.137772707827954866e-02
-5.235244448671321632e-02
3.955088136168443125e-01
1.115397721678719478e-01
-2.964025889783115653e-01
2.619164630240484737e-01
-3.145497260803347683e-01
-1.846105299322442217e-01
3.412821159301785423e-01
-7.422778655569939321e-02
2.479229117820066497e-01
-4.788239555030374128e-02
3.144687962556981242e-01
2.523866600388705722e-02
3.611268865532787364e-01
-3.856370952235685379e-01
-1.347441984986702534e-01
-3.200574873681890087e-01
-3.391121034123632527e-01
3.762843785830192189e-01
-6.011387151014451202e-01
3.676924473756710415e-02
2.696606610102769697e-01
6.417353870647888314e-01
4.424693524535123768e-01
-3.743394757526976035e-01
-5.401169057961502373e-01
9.257576279153134635e-02
-1.086294218386861660e-01
3.662967841352633980e-01
-2.298522226223134457e-01
3.227172150135661499e-01
-8.555872056617859489e-02
2.299464407384630704e-01
-2.750923291969580298e-01
-7.152962157787866593e-01
4.865326953611315286e-01
-3.859942820676689479e-01
1.509940854351120021e-01
-8.370080053446903312e-01
-3.354437097218386232e-01
-4.811580921334298599e-01
1.842628937012554327e-02
2.908485874591642539e-01
-9.195894139456969874e-02
4.236434909650447223e-01
4.814874661107031439e-01
2.175451393967770264e-01
-1.377060979394202911e-01
3.583661184870343130e-01
-4.267351740408066585e-02
-4.036187278551606888e-02
6.507262624349069435e-01
-5.553085995645602457e-01
-4.515499578529859614e-01
-5.684221391809699542e-01
-3.298409726768399830e-01
5.236406004864816444e-01
-6.241802160546313649e-01
3.768382295531329529e-01
3.132869033999142738e-01
-6.008353263068264560e-01
-1.573211672251519089e-01
2.224771085594813569e-02
5.050292167178483949e-01
6.952149870352760663e-01
2.362961823247037296e-01
-2.250858835207968367e-01
2.626257081923433212e-01
3.261811870075047581e-01
-1.896156232146746778e-01
-3.019351444765275838e-01
-2.243354678971853922e-03
6.373377814239862549e-02
-1.310681683499645769e-02
-6.180381740964608905e-01
-5.484413477151688365e-01
1.776593560494065804e-01
-1.885383120808600543e-01
6.864388956462414981e-01
9.690792320049972097e-02
4.179561887986156243e-01
4.668519287197153145e-01
7.142820949481068493e-02
-1.798003837318374598e-01
-2.526375170909683221e-01
-5.030539107124750720e-01
3.472620265766692138e-01
-2.125078824109602471e-03
7.348744171420162896e-01
4.096993950217477920e-01
1.012739114674971186e-01
-1.863549368883399837e-01
3.572171928672980556e-02
-4.206549633412371980e-01
-1.582114575957729585e-01
-4.076881354860743545e-01
-1.330553363249366849e-01
1.134440684979064057e-01
3.310318248582808098e-01
-4.832779788833103940e-02
-7.281407456968712610e-01
4.485236478204679411e-01
-7.261678549963546114e-02
1.019343300720359086e-01
5.343864697688880394e-01
-3.595406284254567542e-01
-2.068232209123318233e-01
5.239479993678871628e-01
-5.582764805926256901e-01
-3.460908756472520498e-01
3.675297970151831795e-01
-1.800843552892756119e-02
-2.438170593307973089e-01
4.078504717058131224e-01
2.929660669370546811e-01
