6.209399536685691334e-01
2.549678326106449289e-01
-3.409377280166310253e-01
4.388430761571492367e-01
-3.095486840882044621e-01
-6.208434805260918399e-01
1.997893283407239928e-01
-3.899301200730027617e-01
5.367878580833267410e-01
-2.204558904049728763e-01
-8.288466495139115153e-01
-1.600175484863187447e-01
2.649405850697940101e-01
7.639301331337791101e-01
5.173128515294402874e-01
-7.060498555362648698e-01
-1.478483040303545104e-01
-7.309076703698702548e-01
-4.484531886445790594e-01
9.292660633936725145e-02
3.577168379367355600e-02
8.710200988081777673e-01
1.094538705316944194e-01
5.432400526960261267e-02
-2.500661116550282476e-02
3.674065164254570748e-01
9.374854006492350234e-02
6.902442291150197029e-01
-7.693745684984290012e-01
-3.787558922929061267e-01
9.503707030545813783e-01
-4.706939556924709389e-02
-4.026151239068345711e-02
5.053035732852584339e-02
-1.556581267514741129e-01
-3.167665701060116135e-01
-6.857595865677126867e-02
-8.450704261776973425e-01
-5.743893239775149651e-01
7.430314348772564248e-01
-7.011824267579593872e-01
-2.500546601843540717e-01
4.972164203689487527e-01
-8.279477387711464687e-01
7.886677313156436053e-01
3.928625072925036044e-01
-8.358229185809751272e-01
-5.709498922052923531e-01
3.771835010706198199e-01
4.900017342696081912e-01
-1.280362100601639685e-01
-7.914588973808502903e-01
4.730483474024567148e-01
4.188423391842523991e-01
-2.651665718352497203e-01
7.066520918231542492e-01
4.052933726034490536e-01
-5.761265534708580327e-02
5.731488833989599740e-01
-6.598971373008202246e-01
-9.511393353654193916e-01
-2.312125797031547025e-01
8.486085297696195351e-01
9.389681752404615001e-01
-5.943572993795953607e-02
5.994630157114024804e-01
5.242907142267709819e-01
-5.017682931422242643e-01
-5.997027127274641156e-01
-2.055550804927674599e-03
-6.068500960726455062e-01
-1.533181825109594110e-01
-4.914518461130430449e-01
-9.776557137990485313e-02
5.326282348629821639e-01
5.423200989057417321e-01
5.305323060731817475e-02
-2.174752967030219031e-01
-1.202057941740513614e-01
9.568416257503237210e-03
8.155057114948760510e-02
-7.766364643130974077e-01
5.127051860604022737e-01
-2.050802751977049976e-01
-3.490757174418874231e-01
7.147513963089529021e-01
-4.449242857410745100e-01
1.635037005030403334e-01
-1.038736800371778679e-01
-9.166496665225478679e-01
1.000000000000000000e+00
-1.185145089031520993e-01
6.240417135303685248e-01
7.739822369227717935e-01
-6.470256725835519251e-01
6.732201324966842204e-01
6.600279953023571178e-01
5.504401527273695693e-01
-8.834977665031448213e-01
5.245475266998147479e-01
5.815528799696013662e-01
1.649716857591868313e-01
6.094962890877124728e-01
-5.296543942787534931e-01
3.731794235499242829e-01
-3.518503777725168202e-01
-6.724782715588640825e-01
2.003786890751402261e-02
-7.034776217209379734e-01
6.435827720234060800e-01
-5.229360343812572420e-01
7.092188224424691434e-01
8.825922971317066157e-01
-9.026442932184425283e-01
1.686590127564545627e-01
6.361072320360482146e-02
4.465738774311988069e-01
-1.434697028481789483e-01
-7.628126013857583487e-01
8.330020622600000646e-01
-5.796658952772887341e-02
7.221589949837325939e-01
7.319604068667080465e-01
-5.385016383643946858e-01
7.230947839480610373e-01
2.152045386488701251e-01
9.915680958900261466e-01
1.487660525135211242e-01
-5.999929917544545577e-02
-8.284827355987921527e-01
-5.954667988348837371e-01
3.595747133258666572e-01
-3.444013845699698262e-01
7.639185997114172899e-01
4.353391375787401540e-01
8.411798143530657690e-01
1.816332225321931268e-02
-1.399000015832596033e-01
-6.511823164853509649e-01
-6.179292821669659652e-01
-6.275122744830927690e-01
-7.674423663970131315e-02
1.107723072112281049e-01
-4.280718690297753426e-01
7.483836897132543076e-01
-8.616598258765902907e-01
-3.420798950570657082e-01
1.918258836715849291e-01
1.766308423206230938e-01
-9.108444062738181302e-01
-2.524581697785832635e-02
5.451422641166339123e-01
-7.055667104478698937e-01
3.924386309401850514e-01
7.097263491938229363e-01
-5.228036911762220518e-01
8.583798209366073628e-01
-7.622284616629230181e-01
-1.647041717639952940e-01
4.023996797249636548e-01
1.000000000000000000e+00
-8.778261911264290118e-01
-7.218362462646910060e-01
7.723023104954410689e-01
1.131003706339415160e-01
-2.817001924928617118e-01
7.898970427127516292e-01
-7.304160553790250976e-02
-5.019662305244060319e-01
5.877866105133129349e-01
-9.509211744290365642e-01
6.803001843829782347e-01
-3.297421113529476200e-01
2.148876329133380669e-01
8.501570793114626712e-01
-7.764506478209891593e-01
2.014469106182960600e-01
-4.468796528996908934e-01
2.373296004892675448e-01
6.425467781307823145e-01
-5.143644722895870380e-01
5.136714762358107755e-01
-7.472097488455174963e-01
-9.438415708443868013e-01
-3.247357880335428604e-01
1.316692427764533657e-01
8.887178396968156147e-01
-3.812224709373979170e-02
-7.224135604593089344e-01
1.000000000000000000e+00
5.599147697473783047e-01
3.871227187309274065e-01
1.679441394018988676e-01
6.328230703764222698e-01
-8.410197227242267870e-02
-8.911919872112228358e-01
-4.874841385931935056e-01
-5.040230765166375804e-01
-1.436042647428937280e-01
1.000000000000000000e+00
6.404860151155917780e-01
-1.367569540701218944e-01
9.655359019422697919e-01
9.534359806656198533e-01
-9.719192058946912738e-01
-8.011890508703828351e-02
-1.000000000000000000e+00
-1.000000000000000000e+00
-5.402727028546208121e-01
9.683307758710267832e-01
-9.493568881280867178e-01
1.774489370557628398e-01
-7.872055641759361233e-01
-5.233657949710840418e-01
-6.294008084925835078e-01
-6.925532538837879670e-01
-8.536948822757824962e-01
4.772169974788842417e-01
6.627649255574611376e-01
2.090579671064336509e-01
4.084860402129886214e-01
4.626197402631062605e-01
-4.726707733036206172e-01
7.352685196435976289e-01
-9.015019151683372201e-01
-1.000000000000000000e+00
7.335593172007501828e-01
-2.445878052761189247e-01
4.288752608615655770e-01
8.730375157947634079e-01
7.451272825708591396e-01
8.624635050259730207e-01
-9.573532567446527697e-01
2.500443055424161898e-01
-8.312649090106152272e-01
4.608489828288864776e-01
6.686727917318091574e-01
8.149642907499465849e-01
-7.466882382154464981e-01
-3.349364780377998008e-01
8.628492467005818289e-01
-4.426097510260027512e-01
-4.709191663849534026e-01
-1.106456782054489746e-01
9.069640660061435433e-01
-1.421548855020631219e-01
-9.946406749448443163e-01
5.496740336075212063e-01
-4.755232910503800481e-01
-8.183447733432088755e-01
6.511066240250519277e-01
7.043701179287071845e-01
-2.451131197231900816e-01
-3.481201812355173564e-01
5.922630166718528821e-01
4.668589592026328727e-01
-2.215122072265303665e-01
7.359386648767261008e-01
1.203879182635440581e-01
-1.000000000000000000e+00
4.042162096991086528e-02
-6.937382477826270488e-01
1.614841588959243235e-01
8.310146974736892789e-01
-7.887158605182974513e-01
