7.291858386568479400e-01
-5.502163114188059895e-02
6.512401898876827300e-01
-7.955153150730789324e-01
9.982005539506633163e-01
8.540752870075916103e-01
-1.190042230824548408e-01
6.140213750416337324e-02
-7.374658806756926310e-01
3.728519474979913317e-02
6.826875329434294315e-01
-4.880199662047797204e-01
-5.661326991706757683e-01
-2.264047486081390836e-01
5.042328118708234302e-02
6.933200468180684972e-02
2.366748555446344937e-01
-8.115977575155792767e-01
8.859581768103652610e-01
2.570910149435690073e-02
9.673439441175805120e-01
-8.860993118555716697e-01
3.210314686657179672e-01
-8.854505222623563210e-01
-4.173264748662479651e-01
-5.233966788169343021e-01
-7.411127152620052005e-02
-1.000000000000000000e+00
-4.068422781589314807e-01
5.105854774682015984e-01
9.395178225995978183e-01
-8.869036836408019653e-01
-2.270772922458472731e-01
-4.966531113806559872e-01
-8.630540197009698433e-01
-6.550329142429198725e-01
-5.857802708674729464e-02
-6.715491088409226705e-01
-8.052983242600062486e-01
8.335293961132093088e-01
7.558041865369131695e-01
5.230484401681005924e-01
3.385423505754160400e-01
-9.201223309380252013e-01
-3.248715606284521829e-01
5.115324209664291466e-01
-7.264421463024516301e-01
-2.961689163025925109e-01
3.811532997216132146e-01
6.096012147079737931e-02
5.034549744151427531e-01
1.000000000000000000e+00
-3.962002386558072797e-01
-8.271081439098992849e-01
-4.430409120617405383e-02
-6.871831774790300162e-01
-8.704118844426985691e-01
-5.587853547497610013e-02
2.468150050781806049e-01
-2.669713373499781328e-01
-1.028760582341605168e-01
3.889556165910804664e-01
2.429749113667886706e-02
2.841288507922939965e-01
8.201989665427421583e-01
5.630922775414501924e-01
5.672386717006817625e-01
-3.456853723154083569e-01
5.902220567939604479e-01
-5.588088661570973503e-01
4.627954051115679146e-01
3.868952303754791266e-01
2.160842085137134605e-01
8.399468286712379328e-01
1.000000000000000000e+00
-4.257703971543272958e-01
-7.997215503810179982e-01
8.288042864875077020e-01
-7.976101904001076104e-01
6.035112374592540574e-01
-4.481327655720751535e-01
-3.793352129293758868e-01
4.574631951795019580e-01
3.286252760444879351e-01
8.281742125058029202e-01
-8.165936457845517360e-01
-6.833473936218547040e-01
-6.900845181894214031e-01
-3.061314495161397420e-01
-5.693120297520760653e-01
1.566423101785722194e-01
-6.236720696369449923e-01
6.338466999436250804e-01
2.436678507237795555e-01
-7.002030652748822970e-01
9.571412014751783381e-01
-7.219971433023781859e-01
8.672699349809726010e-01
-7.354504767759219019e-01
-4.256764781365467987e-01
-2.012882040593003130e-01
8.535848310315172771e-01
-5.590799913349840666e-02
3.459333187996300740e-01
5.371932725396091346e-01
7.097401658862282359e-01
3.937752155274870658e-01
5.881836793876309422e-01
-3.132054195302305111e-01
-5.749482524793443350e-01
4.035367885367058816e-01
-5.363327202772796287e-01
-6.048611297504340456e-01
8.169131984681198277e-01
-7.963985741867638524e-01
-6.759503956354488974e-01
3.819129180136641155e-01
-8.652172084347996561e-01
3.024045766182765771e-01
-9.015472045558702296e-01
7.823973713708489569e-03
-5.470555878369961489e-01
-2.890553851083059733e-01
-3.956019934441777908e-01
-9.295747411817973926e-01
4.858873587834028895e-01
-9.224652500292906954e-01
-1.076969378995903948e-02
-3.856968585426290286e-01
1.153661542096793696e-01
-6.466252714552418457e-01
1.173248148590397277e-02
8.815604719664169586e-01
-8.867424054582284665e-02
-1.861885542138931593e-01
2.744192857285594478e-01
9.945360662156350617e-01
4.714788483218874671e-01
-8.130491935504894352e-01
-2.100886191826728533e-01
8.713152373148901342e-01
6.850238455333399479e-01
7.048523045114379881e-01
-8.328985619929634154e-01
-8.826311394725979698e-01
-9.870281217065880464e-01
8.433321077873181526e-01
-5.176954995202164012e-02
3.274020099499127534e-01
6.796978935162767410e-01
1.405581491044778086e-01
5.320469078768421678e-01
2.362476527696326378e-01
8.752177139287520280e-01
7.578645554229940240e-01
-5.096209446724997427e-01
-3.869329108054961330e-01
7.770831106344086026e-01
-7.406958523645261749e-01
-5.033636058578042638e-01
1.000000000000000000e+00
2.302153587303763238e-01
-4.508428865658142271e-01
-4.127348911929772934e-01
5.278972902351269925e-01
-3.622161075826573762e-01
-9.000238891720742096e-01
6.903122905280913990e-01
-1.000000000000000000e+00
3.987655336196812561e-01
-5.859105268623618912e-01
-3.918177139968665457e-01
4.029148473631885552e-01
6.472834373952400799e-01
-1.000000000000000000e+00
-2.280540660105132567e-01
-3.818684152072783500e-02
-6.173520706868508290e-01
2.646706692916483972e-02
9.303245096471111086e-01
3.878473785776674898e-01
-7.940470955498681871e-01
7.865075039299402881e-01
-2.935688357293238515e-01
8.399694613227828288e-01
4.301480573620521941e-01
-9.341916045802671764e-01
-7.279482845579139383e-01
-4.692075636139904637e-01
4.698674069294085931e-01
-5.527779735472680978e-01
4.554699742563572684e-02
4.319376717618764738e-01
-8.415550832588971630e-01
-2.753581418501811484e-01
7.732805240853402040e-01
7.079141704863740614e-01
2.326025782768330330e-02
-6.188517855700967907e-01
2.262163629108544516e-01
3.976118706556510118e-01
6.524039499724163527e-01
-7.566994214453057754e-01
6.114232504563062998e-01
-6.051360022292167073e-01
-4.171317803525584900e-01
3.479905499229731247e-01
1.777016405884464523e-01
8.203330464522982091e-01
1.725217798126433832e-01
-9.197721239255813863e-01
-1.217517035432552769e-01
-1.037559815824477955e-01
-6.799876228570468362e-01
-5.009991074278262735e-01
6.670814638777273764e-01
5.852573879734788154e-01
-2.172851057412537035e-01
4.218823359382402605e-01
9.163893216457351665e-01
-8.824666034028316730e-01
7.302960445085252550e-01
2.949375995078621360e-01
3.783978910507920235e-01
-2.024908779803409331e-01
5.173240406760042376e-01
1.453222817215922280e-01
1.000000000000000000e+00
-7.170373587484850375e-02
-8.992203792556998643e-01
2.286000328356664890e-01
-6.349587071224120916e-01
2.936513283157944354e-01
8.717739289141188674e-01
-8.201304211643706266e-02
5.268883514412138203e-01
-8.216851074384008413e-01
-7.136465157280332816e-01
-9.644434724820505345e-02
-4.006530213216016323e-01
-1.485507474676156514e-01
-6.760143105969942390e-01
-6.807349037991248242e-01
1.122717297363094863e-01
8.558443732629464340e-02
-7.572113147295016500e-01
-6.038239236448479375e-01
-7.660412872947073293e-01
-5.368120976961279212e-01
-9.880851968761986681e-01
3.767908680924527132e-01
4.170050414698928121e-01
7.397622905622720513e-01
-2.692214976290611128e-01
6.418378630714645094e-01
-2.158985121476724445e-01
-7.346686454670319222e-01
8.532011536281099984e-01
8.261714277153862085e-01
-8.069696266580393962e-01
-1.826699993888074303e-02
-7.945021441563994147e-01
-2.459930119087973266e-02
8.930759029459534037e-01
6.580378370768745766e-01
