-6.726225826094391902e-01
-5.482697009849952785e-01
-2.262678685588341843e-01
5.607888361925588150e-01
9.737104936804970023e-01
-9.896261057391386728e-03
-6.395010033310373210e-01
8.252279564632318820e-01
-5.798989329410775273e-02
-4.580392331973146547e-01
3.245212649720938813e-01
6.382766902101024709e-01
5.351048389101775715e-01
5.315435703230876330e-01
5.004014087974605340e-01
4.214005013284172207e-02
-3.100432392014678129e-01
3.140652657250302404e-01
5.185388738563538880e-01
-3.192639163572374983e-03
8.672409801931932893e-01
-7.016652340356301920e-01
-1.703880884513357952e-01
-4.091515635645419646e-01
-9.091141986344553061e-02
7.706120876093065508e-01
-9.475017740280449186e-01
4.528510564402727923e-01
3.851302397327931448e-01
7.490894015931770511e-02
3.923957085161760561e-01
-2.793164914375889651e-02
3.280766534751540231e-01
-5.772325720348159273e-01
8.851519614379088630e-02
-9.823547615769467889e-01
2.042143432058187713e-01
7.396806329430030136e-01
-2.884980625222000050e-01
-2.937286281612021543e-01
9.308040430441617552e-01
1.870257042142046133e-01
-2.780553818773294772e-01
-5.417968064865930078e-01
-5.324607753624688300e-01
-2.815975190730912736e-01
9.156792444705776912e-01
3.986031072982707535e-01
-5.603684230472365524e-01
9.227223973814131508e-01
-5.456681005817733965e-01
-9.591128240616035860e-01
-1.228690260212184082e-01
-4.240325827042887852e-01
5.672102811149770663e-01
-9.443215785971912357e-01
6.203166575493345158e-01
-3.997878314778955389e-01
9.011794373185584295e-01
9.127548385984785018e-01
1.002803451424809644e-01
5.038511432975210091e-01
5.769259432278324162e-01
-1.499532666429583827e-01
-8.296600067720993898e-01
-4.086599597385278670e-01
3.077661875448955975e-01
4.743877385837262928e-01
-6.796998456073695127e-01
9.926700418232050627e-01
1.302396820351754414e-01
8.368815343932805018e-01
-9.107463258962456010e-01
-8.071055705551444248e-01
-6.003706196559457364e-01
4.813488098466454090e-01
5.913392115207407596e-01
-3.289145909644914934e-01
2.439004557040540533e-01
5.008380446093875227e-01
8.595910756379923079e-01
3.618720452976644797e-01
2.745873166482084571e-01
1.128458610140081753e-02
-5.158627394201968919e-01
2.551773241588712882e-01
5.362114525038945700e-01
4.811052646542706146e-01
8.865299434521300981e-03
-7.992171213612451197e-01
8.829149010067474102e-01
-7.923325789065032154e-01
-1.119404768594531585e-01
-3.104752063150655328e-01
-6.049663048561018108e-01
-1.444066258596763408e-01
-3.867478737916989484e-01
9.242600797604600960e-01
-3.779620814113692773e-01
-2.003380857231542578e-01
6.865352895105689690e-01
-4.627100231269443142e-03
-9.306330494043686397e-01
9.321608698831926887e-01
-6.040420153780590162e-02
-5.463294583640845303e-01
2.575748272962201102e-01
-9.761072506533017279e-01
7.022457128500956269e-01
3.241733575444045723e-01
-9.197433270754518109e-01
8.790684770667561709e-02
8.062693481975105048e-01
3.715522277842664423e-01
-2.125006435175973429e-01
6.680713551491288538e-01
4.330734910632794143e-01
-7.929515541824490032e-01
-8.100090458838113960e-01
3.658479350872814173e-01
-7.052279177843434610e-01
-5.383247699667799147e-01
-8.002480698448845020e-01
6.738836257797105045e-01
2.747862915439671649e-01
-2.587052872367330281e-01
-8.601587157635650627e-01
-3.029385879418693417e-01
-1.426870291700044202e-01
2.897410418771702023e-01
8.043511580076567746e-02
-8.018408079236738484e-01
4.226928251341124376e-01
1.136494282663569333e-01
-2.393371831412993700e-01
-1.378485879181288176e-01
-2.884454755754344291e-01
-8.552388705845941352e-01
4.086347969912136335e-01
3.999834644048876342e-01
2.234290378420000778e-01
6.269734915562947819e-01
8.224719821807702225e-01
1.213608135956497636e-01
2.538466495036366677e-01
7.263622754626979372e-01
-5.135625580175173788e-02
1.218520862271494920e-01
2.763171456989066410e-01
-1.254513543964861366e-01
-3.809072305921867851e-03
9.725643716828940022e-01
-9.514672210979897571e-01
-8.837754281144138968e-01
-7.516706070127781025e-01
2.978061739546293829e-01
-8.729827292283784956e-01
8.267245653902248748e-01
8.638666226397528902e-01
8.908942033567421870e-01
-6.314301438008373957e-01
-2.078193136586665712e-01
2.343361488049044983e-01
-6.612665375996946704e-01
5.606383926841191911e-01
2.480480110814984318e-01
8.528972718584724166e-01
-6.006251992078783797e-01
-2.308381875625522550e-01
7.700934240005619102e-03
1.201410774734593956e-01
-4.964403561345922533e-01
4.474744817365050586e-02
-1.974531936108663288e-01
-3.107103308999705216e-01
-7.597041856726176601e-01
7.765780991264117361e-01
-8.509665029431402461e-01
-2.645335780453779151e-01
6.437105424044957669e-01
-7.797976995788467036e-01
-2.339809909509018571e-01
2.122953357022618892e-01
-3.645731723567628979e-01
7.902840561060420210e-01
-6.603306992101887207e-01
-7.083940939783457402e-01
9.540263228060867906e-01
9.919992133181714244e-01
-1.400883070756948623e-01
-7.487256794294114837e-01
2.859322696605248737e-01
-2.275915364732097323e-01
-1.640177912956948258e-01
1.543340940408458595e-01
8.917177883789406678e-02
3.544813101884187745e-01
-3.668977078466175712e-01
6.061395133797911061e-01
-2.342965361360106746e-01
-5.585562652619666668e-01
-6.139739431692627925e-01
-5.862026372097490778e-01
9.883037247110957324e-01
-6.553003730451749664e-01
2.406685322545327743e-01
7.665410750076232516e-01
7.926600758747013309e-01
-6.016996551671853766e-01
2.700337834882360344e-01
-4.222479469749034209e-01
1.078940272684805191e-01
3.701774961605532877e-01
7.902350456622924124e-01
6.368828208973278393e-01
-7.498168145451868938e-01
-2.223902824294670122e-01
7.465104495752730163e-01
4.212334522278824434e-01
-7.564161786843435209e-01
8.226577969214772246e-01
3.724220894897081191e-01
-9.944073015578769326e-01
2.093463970296425836e-01
6.970162022000585544e-01
-4.246379294620732381e-01
-3.273781925437149187e-01
-6.282631774871920705e-01
2.781719977824912426e-01
-6.281738770064897448e-01
-4.310803690230398111e-01
-4.883660829217013610e-01
8.038436981403322967e-01
3.350160705723514987e-01
5.504168504117070704e-01
6.895900690700162983e-01
-5.076637030820301266e-01
2.709044954618700096e-01
6.191249115211892029e-01
-6.759963399633723835e-01
7.120575960337742760e-01
8.316056990340169319e-01
-7.953106162460255035e-03
9.455158530030063346e-01
4.400137217833570702e-01
-4.292048352469377548e-01
6.664491635841049977e-01
-1.369624901302393116e-01
6.832785080721464066e-01
5.062846930668079004e-01
2.215730312303629823e-01
5.903074368697760477e-01
-8.439658123200874940e-01
6.002175219810492734e-01
-2.355618384000759402e-01
-4.156363339250748190e-01
8.389701232223303329e-01
7.523091149012931522e-01
8.697057896237090358e-01
4.426943385055213120e-01
6.218435040454910467e-01
-7.753931672338087999e-01
-1.593210422570017215e-01
-6.054731769637959893e-01
-6.231177548955548762e-01
