-8.045655352257790049e-01
8.916577326303955220e-02
2.422161806278326224e-01
-1.274064352991505222e-02
-6.096654094880459285e-01
-3.435407100720017648e-01
-9.454322713645046949e-03
1.430875035252427430e-01
-3.300311701270099152e-02
-2.157482326102561077e-02
6.263593135881838359e-02
-1.913909571515066965e-01
-3.443950453653134014e-01
-6.013234998499306094e-02
5.039045688331110773e-01
-4.808706885393277397e-01
-2.901255488804478644e-02
3.770999035449801862e-01
3.598341327647255894e-01
4.426988085976093501e-01
3.302471965183646080e-02
2.411388680422142938e-01
-5.499690316841214510e-03
-3.934111267526319011e-02
-1.939172229151089610e-01
7.504267976526559636e-01
-4.952924932840647165e-01
-2.502897242852591408e-01
2.653367653591877096e-01
-3.262545599695607090e-02
-3.626583873157489257e-02
-2.313583963198779028e-02
-2.923817811416767887e-01
3.268070693530067405e-01
-4.602976462407884495e-02
-1.637959757270971428e-01
-8.917812038191225144e-04
2.988070709176379736e-01
5.068919551978348093e-01
-3.665625809410432145e-01
1.251730073014275385e-02
4.081933854412340135e-01
2.791759709462474648e-01
-4.690782914736367770e-01
4.443575792510859324e-02
1.026893324718057970e-01
2.509758811180861082e-01
-2.788473004957271739e-02
-3.140021992823636698e-01
3.615393564332947118e-01
2.252342098425668127e-01
1.706548853854879810e-01
1.825161431052185756e-01
2.026676514324351197e-01
4.851810922581983876e-01
-3.872408863328585249e-01
6.886486283360462313e-01
5.773052777757634590e-01
-4.081756441787967038e-01
6.484897294050995242e-03
4.558551502439742720e-01
-2.362032055552588938e-01
3.685670744894999906e-01
-6.657444682286350890e-03
8.576094819452903528e-02
1.503890460923624495e-01
-2.174482269602082962e-01
-3.505167418034306204e-01
2.081034229996934215e-01
6.255445985744578080e-04
-2.588691945279956164e-01
-5.285626629981311497e-01
-5.892275257497043839e-01
-3.508471109213173039e-02
-3.214589064341658031e-02
-1.785933101248145805e-01
-1.731832967898271902e-01
4.832437044525761394e-01
-4.883231961389379316e-01
-5.059634126409573440e-01
1.114500124221616123e-01
-5.232092136251162984e-01
-4.137971902144491065e-02
-1.708016997323102415e-01
-1.014967175959412410e-01
-5.001210925930932305e-02
-4.627801764421213271e-02
4.821894130677537027e-02
-1.051454112915067157e-01
6.362891321655181898e-01
2.442193709704019999e-01
3.208852071717603893e-01
1.479471710659453765e-01
8.589519592681637006e-01
-1.790780062585796695e-01
-1.745362046200001904e-01
-1.254836929361851650e-01
-1.713933440950582421e-02
-1.440665164458540815e-01
1.106821236324155577e-01
-3.564523062226100381e-01
-1.345606278337843631e-02
2.920660871012363269e-01
-3.109623313582363102e-02
2.393836344708568653e-01
6.123460958449449265e-01
-3.138809005648293127e-01
-1.880014913555903000e-01
2.623694805219330961e-01
1.832917996119618753e-01
4.817972312451252459e-01
-2.631029753017088968e-01
-5.823432432444299867e-01
7.519562728099928040e-02
-3.177534644637729500e-01
-1.981379551894039137e-01
-2.140066658792418863e-01
-1.018256191889418960e-01
-2.161239199140370937e-01
1.691577896150630034e-01
-7.466162853993503212e-01
-2.929921747459857118e-01
3.568441739828935311e-01
-3.753571806718257464e-02
8.053509734149669197e-02
-1.820661181434365394e-01
3.205632211133887521e-01
1.914026973377208618e-02
7.070546274235925410e-02
-3.599573441141445951e-02
1.366103244754349744e-01
4.624969290425945401e-01
8.461721369546004734e-01
3.590803750724903542e-01
2.493923959104401566e-01
4.002599225800667071e-01
1.346583832525919955e-01
4.122457729099425761e-01
1.145730733819552427e-01
5.080995890455913822e-02
1.971038726297562604e-01
5.183947117787064407e-01
-1.230189698670298148e-01
4.962754833918031627e-01
-8.490288344599236647e-03
1.469342430583585046e-01
-7.783517825512473176e-02
-5.310536344749743343e-01
-1.295887861622520287e-02
-9.186873523675692654e-02
-6.486565953049324706e-01
-2.068227428742513974e-02
-2.754714449197009918e-01
5.368241741784560705e-01
-2.862022359806463134e-01
-4.476440588749187044e-01
-1.194635683654925729e-01
3.565898875607520502e-01
-3.310117494473926447e-01
1.589509810224640773e-01
1.939568482588355236e-01
-9.457308216625831543e-02
1.990929637512681705e-01
-4.177226174106853374e-01
-1.802064052756882362e-01
-3.177233393072086409e-01
-4.039090236718111404e-01
1.113511599475495717e-01
-1.246060673145810149e-01
1.727151078198231327e-01
3.037020061853211716e-01
5.047826122649767822e-01
1.038830235651846540e-01
-2.715474209915436643e-01
2.658190787873055405e-01
5.510612988016541647e-02
-4.689813207742350720e-02
-1.220853634700801993e-01
1.231972867377992553e-01
-2.490035158208238064e-01
-2.438825647406930031e-01
4.535965559456712204e-01
4.240575527816602408e-01
4.096444137474188341e-01
-2.047568396709945060e-02
3.503903076895792945e-01
-1.880269930221264291e-02
-1.587939196006300790e-02
1.438658394559416687e-02
-1.491295411311149843e-02
4.351889526938426123e-01
1.299697012181963707e-01
2.064225869948372039e-01
1.728430358105516873e-01
4.969298788121959132e-02
2.907308404293669213e-01
-2.568599664604283017e-01
-2.468533370615513256e-01
3.438691297574431593e-01
-1.016104529716661403e-01
4.020873215223753627e-01
4.088115168651855758e-01
4.699518996737702681e-01
-1.495016119437669044e-01
3.981428871954134641e-02
-3.631319501964974106e-01
2.815585244826881439e-01
2.551779390194797714e-01
-4.666567256653736395e-01
7.466322987872023309e-02
2.081787569666852522e-01
-2.179729483050891758e-01
1.676174662349175781e-01
7.371188828451163966e-02
4.808239159112877581e-01
5.010225936939548541e-01
3.903410543611991468e-01
1.881915273710446646e-02
2.683811455221990494e-01
-4.559216897244364186e-02
8.146360159675020141e-02
3.899297202603282941e-01
5.459227610673973441e-01
1.800673499068418670e-01
-6.427529477091796783e-01
-3.472983454977502382e-01
1.058153742894573923e-01
6.946510023853571525e-01
-1.348709415032905978e-01
3.980296268579789354e-01
3.495837556528001988e-01
-3.908639287630399917e-02
-2.876231843794959664e-01
2.964681031455322913e-01
3.659388156365867006e-01
4.464041815416476267e-01
-4.070629867715204464e-02
-1.849418675413692648e-01
-3.697652519191914622e-01
-3.138690500938848271e-01
-2.705612755887264465e-01
1.069520643268119103e-01
-1.193117943941544579e-01
3.467895118445624703e-01
6.262626280365501952e-03
-1.198775443062492368e-01
5.056141045713460347e-01
-2.499731607995156757e-01
-4.052403077035195145e-02
1.526515532350558590e-03
-3.771333943051858872e-01
-4.262524761210555180e-02
2.711808513324616698e-01
-1.141685596633606192e-01
6.243380883340700349e-02
-2.443614389894157579e-01
-8.716446646202700987e-02
-1.200400226516141755e-01
-5.766360272962599565e-01
8.117316080604077833e-01
-3.212187392829528032e-01
1.023739492943433471e-01
8.557799317626932356e-02
1.128016078060366245e-02
-3.217816070289842290e-01
