8.422917522362766141e-02
2.660925277165135938e-01
4.706981780380372071e-01
8.842163739055051153e-01
-4.718482801971219387e-01
2.196685054097226308e-02
7.242867634205718552e-01
-3.741705055987102346e-01
9.813695021240438354e-01
8.174840247241474955e-01
-6.314260473603642287e-01
5.549464782560760145e-01
-4.495869651783758192e-01
6.293284958863369916e-01
-5.367969497564535342e-01
-2.245554845757510298e-01
-7.817328102024537761e-01
7.894841668012493319e-01
-1.949267559386397286e-01
-4.157564238976741433e-01
-1.350025213431038651e-01
2.933496714897443347e-01
-5.829275230516564599e-02
-5.675923776323070769e-01
-4.183776231045227001e-01
4.143789359295301233e-01
8.317520939271952907e-01
-4.627627454594900880e-01
-5.115721033227409870e-02
-9.825489683854322642e-01
6.720342131200279789e-01
-1.000000000000000000e+00
3.495792977504784682e-01
2.548596684519863764e-01
4.091880355553343951e-01
-9.825035138950841684e-01
4.748194769447314223e-01
-4.422418771399323489e-01
1.000000000000000000e+00
-4.247751756256368805e-01
-8.923289202710995571e-01
9.835875177270857472e-01
8.653233592058275914e-01
3.482815443915407427e-01
8.195101352193593369e-01
-8.666743239623245776e-01
-4.084667451757813539e-01
-1.823111104899433066e-02
1.605008877933080114e-01
7.574985023502226467e-01
-4.538513454433719119e-01
1.365992187779208056e-01
-7.144686045401327235e-02
8.288524573387251460e-01
-4.701668376339901978e-01
-8.607037521981951711e-01
-1.667478627733823271e-04
5.241859456519233351e-01
-3.873547933416019440e-01
-2.992888196105585319e-01
-3.081286847502858195e-01
-3.962826008154442248e-02
-7.653291855412870381e-01
-1.066568902005784469e-01
3.074790687873003581e-01
8.307089516117774908e-01
-5.272786054221415553e-01
-2.685733968297001617e-01
3.833412259359172958e-01
-1.964718269072425472e-01
-1.026868928807974923e-01
4.139388711729703463e-01
8.970584980536188136e-01
-5.287326912452919858e-01
7.384678703978525549e-01
-3.370491423068532333e-01
5.558942186370030569e-02
-2.232051943232194469e-01
2.419809656043841462e-01
-6.236082512828605706e-01
-5.754478792596534609e-01
-3.419079657320585608e-01
-3.762889180197896699e-03
-5.762184869641646667e-01
2.227985455400111614e-01
3.211412075534823551e-01
-4.772493911726333193e-02
-6.159804972565403602e-01
8.781741063504768796e-01
4.924605577823785163e-01
-8.367988944026828468e-01
-7.330595968342501489e-01
-1.135004033160535997e-02
1.000000000000000000e+00
-7.008589755883942729e-01
-2.133323411582844775e-01
-1.000000000000000000e+00
-1.627433332045354897e-01
-7.110949930557308729e-01
1.184223764811018209e-02
-1.484496761754474092e-01
-3.840788405968632580e-01
5.907568015821694773e-01
-5.478074375650477945e-01
4.771272735687832889e-02
-3.302083657466171607e-01
-6.122185496023894169e-01
3.070681946540215201e-01
-2.086711530898264777e-01
-1.709661041534835113e-01
6.309753093286866177e-01
7.141017940941091213e-01
3.646220833513151849e-01
5.198471443122749669e-01
-4.758745058497957925e-01
1.147443586097545848e-01
-9.542977735852427035e-01
9.285973074305145514e-02
2.677029822275773796e-01
-3.720842665314922915e-01
5.723625607179134711e-01
-6.554770469717116077e-01
4.694880300252521899e-01
5.207099746225120063e-01
-5.381738772680675353e-01
-9.768076371430489679e-02
-6.221730209453388838e-01
6.484066644911925525e-01
-3.563665975218476833e-01
4.997329116444349517e-01
-5.859335036806589958e-01
4.252711810756861777e-01
4.509809583313536541e-01
-6.593311410896460223e-02
-1.661291950477528645e-01
-6.790069852910769477e-01
9.179299530548319652e-02
2.937653211122996377e-01
8.670677202309909903e-01
8.409167199324791842e-01
9.638247959775994023e-01
-8.791943436849887217e-01
3.341133446908527427e-01
-7.691812868655134583e-01
-8.694989830319909130e-01
-9.349435866474640200e-01
-2.608072425612482093e-01
-6.824334357247845428e-01
8.005650465532817561e-01
4.789354606188636065e-01
-3.615274222405910898e-01
-4.683292792180573372e-01
-8.513707095479049469e-01
3.209039212074066838e-01
-9.479052422172851156e-01
6.098020121586689157e-01
-9.297169369630311486e-01
-4.276917466746092966e-01
6.020641370474509868e-01
2.260689603428569783e-01
-4.969346421724526452e-01
-6.934223544889303037e-01
-5.851882624033001301e-01
-7.577401417710726284e-01
6.505899623230932960e-01
-8.060304921840143466e-01
-2.716729591945488687e-01
-4.109006697076952874e-01
-8.184389233882167769e-01
-4.974560487577338597e-01
-2.963023356501723327e-02
6.524297836895363023e-01
1.000000000000000000e+00
-4.972512629394954531e-01
-4.090582788007894877e-01
-2.026835693907348135e-01
-4.717532971178616807e-01
-7.389507931943584129e-01
6.075912058978276686e-01
-1.729781692075205157e-02
-9.952665005517008501e-01
-1.395215584572184198e-01
1.924671724060278422e-01
4.009100879883755741e-01
6.383983000407180697e-01
8.958888892966601070e-01
5.218984106308184323e-01
-7.508671143346543619e-01
6.748192861507784635e-01
-7.748020442469476521e-01
5.719122181036939701e-01
5.023112096201577392e-01
-1.423558107619091739e-01
2.811696350420709312e-01
7.791911910326004831e-01
-2.316452350367877444e-01
-1.819815413860055575e-01
-6.142018743605192066e-01
-7.118916244693762607e-01
2.242387246815203128e-01
3.383555457630433305e-01
1.000000000000000000e+00
2.712963183720484839e-02
4.436779126267934026e-02
-7.504028604062196184e-02
7.801675891699956233e-01
2.844532512449098882e-01
9.060755715428150392e-01
7.125294750961359558e-01
2.372350086277049130e-01
5.885468713782097128e-01
-4.143610359807585741e-01
-1.479997003573066960e-01
7.609098237799361009e-01
6.265503767101048282e-01
7.824945667558375062e-01
9.959511345962749340e-01
-2.586097131257880655e-02
8.466419486494125568e-01
4.755588279823311226e-01
5.087773494496453663e-01
8.204399392360998133e-01
-1.220627838581113955e-01
-8.630073798166768562e-01
4.964869836242964962e-01
-7.689011154857026131e-01
-7.360916835310232775e-01
6.621068571581534279e-02
-8.141021447452594373e-01
-8.311532372493889431e-01
3.912635110030913133e-01
6.063703650268462697e-01
7.143448928361759709e-01
9.162567316041161369e-01
-4.920939420217891880e-01
-1.028062545077553479e-02
9.057333002108963749e-01
6.779494365063496453e-01
9.113970500911289241e-02
7.780500741649188923e-01
4.171132778300289390e-01
-7.696579903436046033e-01
-4.940675633125417021e-01
3.687937944147093861e-01
-4.819041802066779123e-01
-3.235969798342623882e-01
-2.129088735582698733e-01
1.057730452017853345e-01
8.813685403196475088e-02
-7.772148415989631465e-01
6.834361454759809718e-01
-1.395225781159053768e-01
-7.452093170179904247e-01
-1.644172656822290302e-01
-7.603833274783984297e-01
-1.000000000000000000e+00
7.407795071523358699e-01
8.613604801038209358e-01
4.717318577283140524e-01
-2.691362887313125674e-01
7.238547048761844183e-01
-4.291859805432975961e-01
2.460042946235022898e-01
-7.183775814610896537e-01
-9.542073222609619432e-01
