-3.153517049594600219e-01
-3.812138645500922074e-01
-3.766673982387225839e-01
3.503844462216054167e-01
3.264583361400394401e-01
7.947644714286561385e-01
-7.665069151674185344e-01
5.456396103483691640e-01
-4.816835432346355250e-01
2.163057189837175043e-01
6.515086871542826730e-01
-1.723373299172453466e-01
-2.121753783778100033e-01
-6.681040005885493516e-01
7.104579804590189784e-01
-9.226594849438760626e-01
8.922650758189658582e-01
-8.817438419110043002e-01
8.056210714019980124e-01
8.848638559722931118e-01
-7.844495052073318098e-01
4.618280589682658976e-01
-4.297457920056090841e-01
1.000000000000000000e+00
-1.590888725688582861e-01
1.000000000000000000e+00
8.426672274740440449e-02
-6.263845756455446168e-01
-8.465183954338608707e-01
-7.637399468045137363e-01
-8.748530245702292873e-01
-4.939127501078622445e-02
7.732863259644707776e-01
-5.499676213120502366e-01
-9.613218240261466319e-01
7.024471918241699253e-01
-8.709740313753906449e-01
-8.761253960995109002e-01
-6.406057437179761838e-01
-8.433678047528606614e-01
-4.151372035480240807e-01
-2.000411738575091913e-01
2.649627399232281078e-01
-1.046612154128333527e-01
-5.767161299969723043e-01
2.090621618714676444e-01
-2.266256577792345739e-01
1.000000000000000000e+00
-5.259008689771467182e-01
4.695580437841204713e-01
6.220511842400948677e-01
7.471450922160403074e-01
1.419062828626700412e-01
9.782402304980862828e-01
-8.557152959149463833e-02
6.242670745701499602e-01
-8.346035004868837537e-02
-3.019876968620582303e-01
-7.977546021158253564e-02
5.315320108988321746e-01
-1.000000000000000000e+00
4.823622234173049472e-01
-6.466231597435223577e-01
5.674487126026469541e-01
6.186620358013471543e-01
1.342357919226831175e-01
1.397664234606318390e-01
4.673071784470754775e-01
8.870101988248733083e-01
-5.485491005674374421e-01
-5.962688296583891490e-02
8.150517291413365006e-01
-3.222195977261665956e-01
-9.183594554487998218e-01
-4.535512850596609136e-01
-6.525774568079339977e-01
6.666347224123292392e-03
-1.121617258217075946e-01
1.468209540994377393e-01
-6.629774274675164225e-01
6.381684403734739774e-01
7.772012607350013980e-01
-2.078429560603804183e-01
8.532889491845683239e-01
-7.139030528935748077e-01
5.638740353861189103e-01
-4.843394557186820881e-01
1.626037867011879134e-01
-5.294569192229762189e-01
7.105397974269057615e-01
8.637978282488559811e-01
8.868664749114506529e-01
-5.843345159578479109e-01
4.621823269513930521e-02
-9.851408173156419590e-01
4.949515310176577643e-01
7.441827914561491841e-01
8.636231985836996250e-01
-4.366128739354985244e-02
9.699122658360117555e-01
1.564589956603895660e-02
-4.320527538837352632e-01
1.299750823142642453e-01
7.150988986329468444e-01
9.017177356140771982e-01
-5.001232203831859069e-01
3.371883365731580956e-02
2.746882171707391018e-01
-2.094820989068215678e-01
-2.992529189863953332e-01
-6.652533756297923651e-01
3.733024022627672855e-01
-3.362892701016240160e-01
8.065460219528741703e-01
7.388914543833337012e-01
-6.749427781525578762e-01
5.041345775038805765e-01
7.537101527320191341e-01
4.482531090081173786e-01
5.353942840992851337e-01
-8.247608186229513083e-02
8.678461239021156848e-01
4.760723154037316968e-02
5.402783372820514352e-01
7.590925004710756818e-01
3.845316988199011521e-02
-8.361562955013245313e-01
-3.343074443296634168e-01
8.186290096095496516e-01
-8.976088019040077970e-02
9.629899306811823267e-01
7.498680035302373037e-01
-4.527637348638212655e-01
-6.027834746632385610e-01
9.106696451195566144e-01
-8.841746685007819684e-01
7.720905395228789825e-01
-8.092647979848929252e-01
-2.735096503790199751e-01
8.685808591558195069e-01
8.712888029703860227e-01
6.865186828335677616e-01
-4.120382413123681031e-01
-7.493051984236418495e-01
7.066728975086540576e-03
-7.131126615416141235e-01
3.713752268126498390e-01
-6.573316315012084354e-01
9.016996816261965697e-02
4.783127698089789104e-01
-1.467650099776157402e-01
4.524624497854720651e-01
6.545484987319457604e-01
8.228109885321801542e-01
1.592017508500851997e-01
-7.211779402497051628e-01
5.321517447233775622e-01
3.720116478188801312e-01
-1.227040203098122839e-01
-8.035920560847455985e-01
-9.537500575848931739e-01
6.264493598234128768e-01
-4.958412262557732042e-01
8.370815646616404093e-01
-5.683821418571040063e-01
-1.600529221204420038e-01
5.272201866882918475e-01
3.487066703350759078e-01
-2.689008343775942667e-01
-3.484136549011275230e-01
7.460023718429212858e-01
3.158633230070845288e-01
4.720048863441589915e-01
2.501013952011686969e-01
1.851824119516247702e-01
-1.393153074903159538e-01
7.970048384826919907e-01
1.000000000000000000e+00
-7.463743637248383411e-01
1.706566010150424861e-01
-8.518392979621789429e-01
-2.749381993872108132e-01
-7.403846595733712954e-01
-1.278270980766350595e-01
-5.293745658998490200e-02
-9.449662223091737090e-01
-1.934713053809918037e-01
9.428055974301488007e-01
-5.322647158312845406e-01
-2.182686194992714546e-01
-1.660255291000296007e-01
-1.340446105382817610e-01
4.272375968204735752e-01
-2.646145550021535842e-01
-9.945400157754279435e-01
6.549206301544390207e-01
1.000000000000000000e+00
4.436826174698573766e-01
2.282973835565635656e-01
2.923226409665482528e-01
-6.889370028453508654e-01
-6.532144370672882117e-02
8.230176608540314964e-01
-8.298741229782548023e-01
1.821496957986494802e-01
3.275748337468699090e-01
2.653224969308266012e-01
-8.903403456431918661e-01
5.857783467606546557e-01
5.383055079530407738e-02
2.977034045914952465e-01
2.008477331066817889e-02
5.155703122255803628e-01
9.109254186437616418e-01
4.696375067701686890e-01
9.578070469677889553e-01
-8.768011477740327020e-02
-8.503874324861999678e-01
3.034007253994023823e-01
8.867094302472756651e-01
3.053826092183464236e-01
1.092242530765869246e-01
9.319265557888229967e-01
-7.021674974005078784e-01
-9.987008225511107007e-01
-3.976949790341311464e-01
1.334603763823819511e-01
1.947218986255306594e-01
-3.402362953328679218e-01
6.607094331785546837e-01
-2.010740415941037473e-01
6.386922668819206006e-01
-7.839132594316673419e-01
1.269618389882393172e-01
-3.162205565914659178e-01
2.858056219907357809e-01
-8.249253644768042015e-01
7.723969050990951990e-01
6.743594988315351202e-01
3.321425616304094497e-01
-1.594332322580318539e-01
-1.086849714990616687e-02
8.393117902261362229e-01
1.588114801048297053e-01
-1.049094193207145975e-01
-3.465949672194615361e-01
1.176020668189130397e-01
9.458458495510976283e-01
3.777871088880381256e-01
3.221352861321524763e-01
-9.590845410976904795e-01
3.335761418535612699e-02
-4.244195680766325585e-01
1.899531696124721614e-01
7.108409545556197973e-01
4.037155606375746886e-01
-1.662013311105627333e-01
-6.485629039576350507e-01
-7.156121105040198493e-01
3.730700980914247733e-02
-3.289774476171829498e-01
5.653589328842834050e-01
-6.376931804442749208e-01
9.287652279883197581e-02
-5.981156926548966135e-01
