-3.399022698147891042e-01
-3.952755191457203443e-01
-3.766673982387225839e-01
3.752073833255428204e-01
3.595538465301330588e-01
8.297299728433078503e-01
-7.665069151674185344e-01
5.390989833073529525e-01
-4.709246290874497531e-01
2.230526836473930574e-01
6.390955452508138013e-01
-1.723373299172453466e-01
-2.121753783778100033e-01
-6.680774972347427454e-01
7.104579804590189784e-01
-9.226594849438760626e-01
8.922650758189658582e-01
-8.637829250614490473e-01
8.056210714019980124e-01
8.848638559722931118e-01
-7.562085826973998781e-01
4.618280589682658976e-01
-3.996338977745518273e-01
9.995440821085086469e-01
-1.632477369603010375e-01
1.000000000000000000e+00
9.523516414215617287e-02
-6.447374400765772950e-01
-8.202696475318219660e-01
-7.637399468045137363e-01
-8.924227939613412763e-01
-4.790951434795539393e-02
7.732863259644707776e-01
-5.499676213120502366e-01
-9.613218240261466319e-01
7.408261275162573156e-01
-8.333297072855154752e-01
-9.035108815748946753e-01
-6.406057437179761838e-01
-8.433678047528606614e-01
-4.133184300203001649e-01
-2.241758640249917889e-01
2.987909370366412798e-01
-1.540542766741630487e-01
-5.683467418628833645e-01
3.111704216149288604e-01
-2.605733287988399871e-01
1.000000000000000000e+00
-5.259008689771467182e-01
5.036568355335834246e-01
6.256577104596890981e-01
7.471450922160403074e-01
1.679230608440771821e-01
9.749512275735858768e-01
-1.334760557987805241e-01
6.336714285695529414e-01
-8.346035004868837537e-02
-3.186308389455927426e-01
-2.971933203609305324e-02
5.315320108988321746e-01
-1.000000000000000000e+00
4.398337451348395821e-01
-6.601508470024951558e-01
5.167295357697446745e-01
6.239831693375960109e-01
1.139509728245818587e-01
1.397664234606318390e-01
4.881731965554073627e-01
8.870101988248733083e-01
-4.965074241069447059e-01
-7.584553893185295992e-02
8.167679664362399450e-01
-3.222195977261665956e-01
-9.119235220478175696e-01
-4.535512850596609136e-01
-6.525774568079339977e-01
-1.916258739390641619e-02
-1.137303112738860256e-01
1.753433879368826165e-01
-6.629774274675164225e-01
6.381684403734739774e-01
7.480318679743021004e-01
-2.449312624045518194e-01
8.532889491845683239e-01
-7.444249580209940653e-01
5.638740353861189103e-01
-4.842221097763657056e-01
1.470001938238283401e-01
-5.337239694570952153e-01
6.699641238046353253e-01
8.637978282488559811e-01
9.039628321326561577e-01
-6.017141978203265351e-01
3.223053783008054257e-02
-9.758360754346149246e-01
4.872690167236119474e-01
7.441827914561491841e-01
8.769947189036684243e-01
-4.366128739354985244e-02
9.345634178212400833e-01
3.690131194660911662e-02
-4.320527538837352632e-01
1.299750823142642453e-01
7.150988986329468444e-01
9.118609262639160162e-01
-5.047004135096646582e-01
3.371883365731580956e-02
2.743750045127800186e-01
-2.094820989068215678e-01
-2.992529189863953332e-01
-6.652533756297923651e-01
3.878157027639450027e-01
-3.211219071606240538e-01
7.918941486046187084e-01
7.388914543833337012e-01
-7.024557715829381488e-01
5.355076747584877062e-01
7.235480073911337850e-01
4.738985204153778330e-01
5.353942840992851337e-01
-6.570614933295688964e-02
8.963564679980888794e-01
3.123987936668938536e-02
5.760883646987787765e-01
7.156962665994238693e-01
2.854796709386693554e-02
-8.421013883455195081e-01
-3.343074443296634168e-01
8.186290096095496516e-01
-6.659465058412140925e-02
9.664965981464594957e-01
7.498680035302373037e-01
-4.527637348638212655e-01
-6.337735885726107909e-01
9.215646874124669985e-01
-8.701131144834404196e-01
8.050116672502045656e-01
-8.092647979848929252e-01
-2.708741718346178162e-01
8.685808591558195069e-01
8.698800587170177900e-01
6.659543313257374475e-01
-4.307562052974862055e-01
-7.273115367202954706e-01
7.066728975086540576e-03
-7.333304243816227697e-01
3.669535052937669128e-01
-6.234129257325228268e-01
9.016996816261965697e-02
4.783127698089789104e-01
-1.467650099776157402e-01
4.434965002170406789e-01
6.109126074593901334e-01
8.267655836428507987e-01
1.592017508500851997e-01
-7.211779402497051628e-01
5.321517447233775622e-01
3.720116478188801312e-01
-1.271138488487418561e-01
-8.035920560847455985e-01
-9.080270276140168795e-01
5.855400043483605099e-01
-4.787985722126469890e-01
8.370815646616404093e-01
-5.365556390422316912e-01
-1.600529221204420038e-01
5.272201866882918475e-01
3.233849644205798457e-01
-2.689008343775942667e-01
-3.374637555204134109e-01
7.431652277820223196e-01
3.158633230070845288e-01
4.911610368731651466e-01
2.598426549722807621e-01
1.854349245586299211e-01
-1.476062723756786099e-01
8.026766331809362942e-01
1.000000000000000000e+00
-7.463743637248383411e-01
1.706566010150424861e-01
-9.414217836096513414e-01
-2.749381993872108132e-01
-7.403846595733712954e-01
-1.349835448735920707e-01
-6.241228965257741151e-02
-1.000000000000000000e+00
-2.040199033690252017e-01
9.428055974301488007e-01
-5.147041548557113044e-01
-2.290275522693480115e-01
-1.891888128929130330e-01
-1.896485189556944562e-01
4.272375968204735752e-01
-2.446680927260629079e-01
-9.994678648944315125e-01
6.549206301544390207e-01
9.621535387170272458e-01
4.239499775935866022e-01
1.982695803250237587e-01
2.923226409665482528e-01
-6.749938339393088960e-01
-6.532144370672882117e-02
8.679463309014679995e-01
-8.129496042183936844e-01
1.899282265141103154e-01
3.624680489923581272e-01
3.130203146518455992e-01
-8.814917937894517497e-01
5.857783467606546557e-01
5.383055079530407738e-02
3.064705755992868097e-01
1.849925027805494199e-02
5.549187278158744796e-01
9.100572807577343992e-01
4.695630893253744942e-01
9.484447185738296149e-01
-8.768011477740327020e-02
-8.503874324861999678e-01
3.477109484257764338e-01
8.867094302472756651e-01
3.053826092183464236e-01
1.092242530765869246e-01
9.319265557888229967e-01
-6.900016642503657982e-01
-9.987008225511107007e-01
-4.153079510735104840e-01
1.029286722505371593e-01
1.947218986255306594e-01
-2.784459735851994577e-01
6.556298821327407600e-01
-2.010740415941037473e-01
6.439762828263370098e-01
-7.583316529224731761e-01
1.060459730755788366e-01
-3.162205565914659178e-01
2.830289345880623864e-01
-8.306395848663816750e-01
7.979328695255250015e-01
6.743594988315351202e-01
3.321425616304094497e-01
-1.366143039356771671e-01
4.825527034601274218e-02
8.427247500435770533e-01
1.857701697462169621e-01
-1.049094193207145975e-01
-3.213660953533283293e-01
6.948685241642804655e-02
9.758486909704331413e-01
3.777871088880381256e-01
3.221352861321524763e-01
-9.590845410976904795e-01
7.063467767054243396e-02
-4.227272376125295050e-01
2.134188586489453310e-01
7.108409545556197973e-01
3.826320172498685612e-01
-1.662013311105627333e-01
-6.472943491180455089e-01
-7.566562884071774686e-01
3.730700980914247733e-02
-3.812945850696138894e-01
5.653589328842834050e-01
-6.584396131427685539e-01
9.287652279883197581e-02
-6.001244375733560954e-01
