1.486271410468761878e-01
-1.370032175816105480e-01
1.743727708104049201e-01
5.360229174367611149e-01
9.661485457078429206e-01
4.574583110302347100e-01
2.182203868267944269e-01
4.679345601261356014e-02
-6.499029575809960324e-01
5.734013694479938028e-01
-2.584021641110900713e-02
4.241547672350921006e-01
-8.756359357960905587e-01
1.100368472789123586e-01
-5.877688347353531295e-01
-1.866436296391814631e-01
7.862372453287236329e-02
1.000000000000000000e+00
6.666303543106359975e-01
-4.934752604974387280e-01
-1.000000000000000000e+00
-4.234153484471381290e-01
2.384667665858180574e-01
-1.564158783528543650e-01
1.504412953854039614e-01
3.273824401384278771e-01
-9.226540858659733058e-01
-9.860248121154056022e-01
1.143503026949312940e-01
4.973100454086192695e-02
-1.988285194201689920e-01
-3.978563862453362576e-01
-8.422257440392573180e-01
-5.008381316357691793e-01
-6.998026654043264516e-01
-7.381036768450036090e-02
9.385831593711417842e-01
-5.113956465675958407e-01
-6.512131266400331686e-01
1.026186513077601836e-01
6.899683408565193687e-01
9.043648848650834848e-01
8.662754448818554831e-01
-4.152668780916932700e-01
7.839686900674137648e-01
-4.634199242462860857e-02
-4.330017903563695980e-01
1.000000000000000000e+00
4.744033017999666479e-01
-7.234950067176936228e-01
-6.953959173677000116e-01
-9.901680092666856892e-01
2.495277423552584306e-01
-6.192151850544149738e-01
5.956526052573585250e-01
5.083584171657834494e-01
1.305425143151942580e-01
7.513695872191934466e-01
2.992014104571020239e-01
-7.413498151297714944e-04
2.696459280836970285e-01
-4.578099047200873684e-01
9.894226801552434836e-01
-6.270736316148193268e-01
-7.582706165115915553e-01
-6.313470053534048221e-01
2.503706442179030600e-01
6.360610944667159927e-01
-4.010316074141467846e-01
-1.833002116492680744e-01
-1.000000000000000000e+00
-5.148016945990716575e-01
4.768672422011972500e-01
-3.571642387790420758e-01
-4.259479338169631091e-01
4.097199619160866169e-01
-3.916598241354189991e-01
5.511550553925683715e-01
3.996265444969669955e-01
-8.533547186627472581e-01
-2.044888326935569156e-01
-3.204287916511293632e-01
-7.961418903901190669e-01
6.309348825916771819e-03
-2.074509805283353270e-01
-2.729739585277054514e-01
7.933222185909096780e-01
9.598635602014177204e-02
1.196753358400418632e-01
7.966336511173823798e-01
-2.811545329304095397e-01
-4.394362648327821974e-01
3.824740816681280187e-01
7.756350206244255752e-01
-4.913443399273581536e-01
9.082896682045518144e-01
5.195906908339176233e-01
-1.000000000000000000e+00
7.578733232225693950e-01
3.497264823335189954e-01
1.501847663461993165e-01
-1.715353158432731950e-01
-6.461654651070316557e-01
3.520576104639623338e-01
-7.985022515442756763e-01
7.277062215236147491e-01
-7.933715711245098445e-02
-4.337936413471898955e-01
7.066412971249881325e-01
-3.831832964000363440e-01
-4.533611510109746279e-01
7.551887570753531564e-01
-6.214968722846057059e-01
-4.076128929292914815e-01
1.322957669820791216e-01
-1.000000000000000000e+00
-2.313838894927439382e-01
-2.266403757756688120e-02
-9.079595837302256722e-01
-6.651084776319544645e-01
-2.586500951103347656e-01
6.240652055685075306e-01
5.261400536122268212e-02
-4.445105501867774311e-01
1.000000000000000000e+00
2.410056371423853205e-01
-7.932507826001442552e-01
4.686729936579328015e-01
-8.198811676211215094e-01
-7.304306966006799406e-01
-4.870098311654149081e-01
7.290128805711059146e-01
-2.034337713360317157e-01
1.166362323732198503e-01
4.694953287705436740e-01
1.000000000000000000e+00
3.001908627577993816e-01
-4.935190044351704663e-02
-5.451236522667377571e-01
7.135716808895270491e-01
-1.148866402525755698e-01
7.868364575459412258e-01
8.542672700405601338e-01
8.127196251974339036e-01
-5.751621998646716527e-02
2.835950303345778356e-01
-7.743045185018606613e-01
2.778699489643358111e-01
7.302476663210657470e-01
-3.154433704645884240e-01
-6.391756741745119319e-01
-9.711999619930998806e-01
-3.386192686384092987e-01
7.760826217056574494e-01
-1.213805316159217301e-01
1.853074408589150679e-01
-1.115705862334541582e-01
2.914501567617170386e-01
-5.914415043678841188e-01
1.000000000000000000e+00
-4.544620434301623879e-01
-3.102486905491686486e-01
-2.637927972468703253e-01
-7.154898563073139872e-01
4.443769431087818411e-04
-9.076873405595169420e-01
-7.466623136153953677e-01
7.537476653093707624e-01
-6.929911656331612102e-01
-3.400771624358091549e-01
-8.292964990079204624e-01
1.000000000000000000e+00
-3.249988055604620119e-01
-5.485572993270467768e-01
-2.464013761699325178e-01
3.173406125164734970e-02
-3.957241044748098791e-01
6.962602970325514340e-01
1.242174417257479735e-01
-1.000000000000000000e+00
-4.661505534946826235e-02
9.491187943467155330e-01
-9.926529104269105064e-02
-4.364217020277967873e-01
-3.940608974643106110e-01
-2.259073454383518087e-01
4.733131779589700439e-01
4.405824309970174379e-01
-8.018168557420801701e-01
2.285024409687182456e-01
-9.796394037168771884e-01
6.566056635838648514e-01
-2.978226817995259235e-01
8.050334215099994584e-01
1.000000000000000000e+00
-8.537798723480075069e-02
1.000000000000000000e+00
-9.196367804713382332e-01
-3.485007950074994199e-01
-9.065177254938808771e-01
4.068154357746068817e-01
3.166582521364911251e-01
1.000000000000000000e+00
-1.564612757228442952e-01
8.635209792735000223e-01
1.000000000000000000e+00
-5.136077545254669197e-01
-5.105469287762436359e-01
-3.240565547255686019e-01
-3.254622482387827809e-01
-6.204038422004742870e-01
4.582056980587636413e-03
7.745932158199473339e-01
8.272272978758298256e-01
1.476650537106244387e-03
-2.166153111731033976e-01
-7.785919727519202693e-02
-5.833965191494955294e-01
-2.758602010985888309e-01
-7.115292725259161344e-01
7.872203667521754378e-01
-1.000000000000000000e+00
1.893773246488459905e-01
-1.965641399432382364e-01
8.731400316519599691e-01
6.956096769997454077e-01
-5.652515191746443346e-01
1.000000000000000000e+00
-6.677111536684807724e-01
1.648555973383290241e-01
1.557386666460824909e-01
-1.000000000000000000e+00
-2.650334222080045210e-01
-7.144869276865738472e-01
7.099537519371882377e-01
-3.471502640330741407e-01
-1.000000000000000000e+00
-7.128883510447594496e-01
2.613381383468079688e-01
-9.549444571221668010e-01
2.865333319249245281e-01
-4.633441416025237403e-01
2.402651600244636587e-01
-8.073031415259449006e-02
-2.315473796118896199e-01
-5.068539118876772553e-01
-6.482526582908663126e-01
1.271913285226295431e-01
-6.802770498034838020e-01
1.305642261481291255e-01
-7.933163948686787759e-01
2.600702084600500785e-01
8.422132489032529978e-01
9.509702264867954113e-01
-5.472871794264529133e-02
-3.903763917848578346e-01
-3.272845996970458193e-01
-5.498826876494049554e-01
-6.477639655817145625e-01
-1.078808920182372649e-01
-6.837577933219309845e-01
-8.342004528767297256e-01
1.978542742703242041e-01
-6.700668816481835099e-01
4.784095288911857091e-01
