-4.178500335276487121e-01
-7.341200393678989355e-01
4.892462721430187456e-01
8.839574628636898135e-01
8.959817242359063849e-02
3.945476680843369999e-01
-4.199215763907183652e-01
-7.609761093972263746e-01
2.516427617893449153e-01
6.564308005472023755e-01
-1.418481851616180123e-01
-7.934920429900975680e-01
-5.057662431890579402e-01
-7.598741085885281077e-01
1.000000000000000000e+00
2.328565882098985740e-01
9.200337791423534028e-01
2.996576895285878450e-01
-8.983845399046184177e-01
-9.740217878550497810e-01
-9.220503467844749501e-01
4.566107648096375815e-01
-4.886025629414694205e-01
9.284449844225580728e-01
4.943251347298141529e-01
-8.908507657440728478e-01
1.565822899133073598e-02
-1.509075494126014272e-01
8.205161194043606443e-01
-1.000000000000000000e+00
-9.146335800306520936e-01
-7.146272449265157478e-01
6.851231540625526417e-01
-4.723180404734887428e-01
8.331807735200968956e-02
2.508257253610273602e-02
7.822691611057943639e-01
5.019331571324300856e-02
4.990579039013878226e-01
-3.964956034459723999e-01
8.327159869472329223e-01
-2.278404159481325561e-02
2.481609313746822865e-01
3.231546169792823830e-01
7.292538501261065509e-01
7.348708613846359761e-01
-2.892042528001262935e-01
6.661222254103550400e-01
2.590793653277029263e-01
7.598230628489740512e-01
6.801042708146169957e-01
-1.000000000000000000e+00
-9.039693774030839180e-01
-2.366971472394541198e-01
7.143894946938187385e-01
8.363438583159443773e-01
-4.815501866235916140e-02
-7.620766864519225026e-01
1.092499670410103374e-01
9.090206562738694096e-01
-2.602707247565223536e-01
6.198084068628700871e-01
9.386667008529775424e-01
1.000000000000000000e+00
2.067479412698846608e-01
5.433808408127354106e-01
-4.874357360987079946e-01
-1.000000000000000000e+00
-6.307643921687741129e-01
-5.022550792956766985e-01
7.964328503706483708e-01
7.928368362171466233e-01
-1.000000000000000000e+00
8.093916023370260060e-01
2.087634325458026519e-01
5.723246457447228597e-01
-5.637050886105960945e-01
9.110027911134709333e-01
4.275177370644528962e-01
6.387792786397210598e-01
9.407671793644254432e-01
7.194545644395144990e-02
6.693726760775289275e-01
8.860259767480070936e-01
-4.334915458450069176e-02
8.936966660273051866e-02
1.000000000000000000e+00
-6.772600115930822451e-01
-8.799693146946839795e-01
8.001903628826619874e-01
1.000000000000000000e+00
8.144046532740529809e-01
6.090017315909317386e-01
2.108222647638059721e-01
-1.400426936909875131e-01
4.452782832355977050e-01
-2.554879700839803314e-01
-2.633418142498618331e-02
-6.526796580220326494e-01
1.000000000000000000e+00
6.696289444164449378e-02
-8.465089558252822943e-01
6.648725371114482252e-01
-5.165497013710677043e-01
-7.124967004908142609e-01
-5.903137694345159669e-01
-3.946622800520064867e-01
-7.629908142230316104e-01
-1.280944410666796929e-01
-1.876720039318681144e-01
1.257696197557257867e-03
-1.000000000000000000e+00
-9.907938180124159500e-01
-6.301021042355903212e-01
-1.776161160338703138e-01
-4.222263114823906482e-01
-7.285159208725201507e-01
1.000000000000000000e+00
-3.685946508715705061e-01
3.367757789557709186e-02
-1.976155778642753325e-01
6.679995762924517688e-01
5.364924906504289215e-01
-7.224753331660587197e-01
-4.674205206378301281e-01
-3.380828926775711341e-01
-1.000000000000000000e+00
3.649671702394839401e-01
6.228663675991281679e-01
5.665910136972219791e-01
2.629743893061328719e-01
-1.230877069075654168e-01
9.667162864600310490e-01
3.506747794719081712e-01
4.648420321731905336e-03
8.430521290381243205e-01
1.878364306005994022e-01
-7.428151418064672662e-02
-3.558731781305380926e-01
-7.533412390355301302e-02
1.509266851902361373e-01
9.521283053032962851e-01
6.084062483736053795e-02
-2.343050095889915863e-01
5.380795231883446217e-01
6.180855118939442283e-01
-1.000000000000000000e+00
5.927806672612143668e-01
1.643151057836051698e-01
-3.120345585037012093e-01
7.865403411475084816e-01
3.810870098033081743e-01
9.495229690085060792e-01
8.117126155746100524e-01
3.916500198542327005e-01
1.234824104872760814e-01
-9.504867374305023819e-01
1.852220962872476728e-01
6.234644420561186173e-02
-5.289182823107885234e-01
-1.000000000000000000e+00
-2.971412594402239038e-01
-1.232747667518994950e-01
-1.404902353265913284e-01
3.325928761467375483e-01
7.663030806865734901e-01
-4.741464143590582436e-01
-5.014217546509021073e-01
-7.561446143146879351e-01
7.152563177256084925e-01
-2.638390502310029584e-01
4.029898429634708457e-01
-9.664253139047968011e-01
4.904242970634493659e-01
1.000000000000000000e+00
4.472120738357119873e-01
4.689215632114246413e-03
-5.913258708168005473e-01
-9.751800987467846848e-01
1.801623911213856843e-01
6.146013934550794700e-01
-2.434418562481410753e-02
-1.852288166364452482e-01
8.618315374821684527e-01
1.000000000000000000e+00
8.107194688056613696e-01
-7.099674321586560977e-01
-4.930918760123010891e-01
-1.311526270316891729e-01
2.540380574956219162e-01
-7.922675592798029687e-01
4.628742723632249811e-01
6.234253011635562114e-01
3.702479915914607123e-01
-4.298508287660083305e-01
3.300429261934797326e-02
-1.842763311056241915e-01
-6.529416899034251598e-01
-2.560197748850659427e-01
-9.099515829490844032e-01
4.675907528367996280e-01
2.417438746781500891e-01
7.355741182872500561e-01
-5.028624013569631401e-01
1.007000079976651807e-01
2.614344900409841244e-01
6.407388874071606732e-01
4.995896103322305937e-01
7.596447478267347453e-01
6.058713392376732232e-01
6.918455191131121784e-02
-2.896662417314079807e-01
8.315295728529348285e-01
6.771962698372190059e-02
9.919539848544433047e-01
1.839341565445562487e-02
-4.489988978923632468e-01
-6.688971683668989421e-01
1.978524561974364659e-01
1.000000000000000000e+00
-5.597236497794750854e-01
1.312446294707325656e-01
5.409803864275521956e-01
8.101208082550708234e-01
1.182405530560647067e-01
8.919757416016740326e-01
-6.056869285886341547e-01
9.255886532046345705e-01
-2.038522421803275475e-01
-6.684420689974246432e-01
-6.943075005856257365e-01
7.729707379623347308e-01
4.411664616939439121e-01
1.440472200446892559e-01
2.066386173009745197e-01
8.689838729884566959e-01
2.955176465155855969e-01
7.517561684773144126e-01
1.270806408022176481e-01
-5.597535797457100504e-01
-2.390552175718992922e-01
9.204145706141433347e-01
-3.585688998836236707e-01
-2.933932470880343812e-01
6.203017846648695155e-02
-7.313807110376171483e-01
9.198275534792689223e-01
-1.000000000000000000e+00
7.337082287232536970e-01
3.903787428996147169e-01
9.265947329236441377e-01
-9.899468762141334643e-01
-7.180552207975151591e-01
3.945552339461363966e-02
-6.810374712139874998e-01
-7.770126011357380014e-01
3.198785492994643542e-02
5.785241243008313328e-01
-8.234047508208908184e-02
-1.000000000000000000e+00
-5.883844664251089984e-01
6.247141870039027989e-01
-8.677763683546935169e-01
6.017744558670157229e-01
9.556495098162975932e-01
