3.509380477001984855e-01
-8.564513117659040553e-01
7.563008593036018024e-01
-3.922098716992812595e-02
-2.615773336653511305e-01
3.772377107403102614e-01
5.176825105749471856e-01
-3.312528646014823441e-01
-2.157640576515550968e-01
-3.321493339325625599e-02
-9.002526861206422426e-02
-6.587364588476449789e-01
-3.340470780430973008e-01
-9.495159078754904503e-01
-5.992077088784093508e-01
-3.163871554370666916e-01
2.828760639111014830e-01
-9.209517558090750677e-01
1.000000000000000000e+00
-2.440291398218146224e-01
1.076168584618371060e-01
7.787411857603218079e-01
1.402684060694165957e-01
-5.829932280345045958e-01
-5.253545856278944992e-01
2.274506994827130146e-01
6.237583343919964607e-01
-7.472247184295393030e-01
2.987301577071754810e-01
7.227267236772860759e-01
-9.487444389133646849e-01
-8.760876303073199534e-01
7.831572998690460308e-01
-5.192568032725285443e-01
7.434016376121700409e-01
-7.132753139773821971e-01
9.209282952641215658e-01
4.177746408352712160e-01
3.996776316739587553e-01
8.422777691624599994e-01
1.625672864142852503e-01
3.560029538036296737e-01
6.607144222608359874e-01
-3.755454502743998946e-01
-1.000000000000000000e+00
5.784070710152418027e-01
-3.913335718813075736e-01
2.160069233672352595e-01
1.082472881049444113e-01
-8.773899450812686629e-01
-5.345509426924894836e-01
-2.280446314073674430e-01
-4.355202003222069518e-02
-1.938931585699441365e-02
4.537504775521154499e-01
-1.061082184762620340e-01
-9.781342199044531505e-01
-3.554331230775997774e-02
2.562484793169876318e-01
-7.583563398037300729e-01
-2.948988895452362424e-01
-1.000000000000000000e+00
-4.133979523344935569e-01
4.079643534504510116e-01
2.486841810023556754e-01
5.412992567582139980e-01
-5.888689154088633249e-01
-8.874561131415781290e-01
9.969859144011110619e-01
1.718357934215083982e-01
-6.427054382488049944e-01
-2.925252893049377634e-01
6.667850184958201698e-01
-3.123619207236730810e-01
8.617664070329146275e-01
1.000000000000000000e+00
-6.792761096265615972e-01
-3.567337014591056565e-01
5.672107386329593437e-01
-2.096647669182876705e-01
-4.842800163290267301e-01
-5.751665818872038483e-02
-2.091469409331542240e-02
-9.204436209715456396e-01
-6.860217621011540645e-01
8.398744023070676690e-01
-6.396033617242976588e-01
1.031806835920660859e-01
-2.107915918309253289e-01
-9.358962670128918582e-01
8.477199022878008083e-01
4.230531473177995827e-01
7.130534147301444969e-01
-4.804860228239218878e-01
2.329733714894892949e-01
-3.761713510979113329e-01
3.817955809367361564e-01
-3.702339073683253989e-01
-5.041965461277583271e-01
8.141170105249661004e-01
-1.000000000000000000e+00
7.178866414261243500e-01
-1.000000000000000000e+00
-2.026711504517782481e-01
-4.878615611165149080e-01
3.610389222271426779e-01
-9.571667432548467414e-01
3.404368584912841333e-01
-1.000000000000000000e+00
-7.599181490457178612e-01
-7.182029734730276394e-01
-9.138738668612611526e-01
1.859274079913066438e-02
-3.692350879421668619e-01
-1.391607402101633084e-01
4.093883452589582861e-01
3.507924895160803858e-01
-7.578781428031421408e-01
-9.423465143900425778e-01
5.990835611647084002e-01
6.040408993306731755e-01
-6.481365124835856140e-01
6.671580826794690777e-01
6.379432576601191673e-01
-3.299843812943884513e-01
-8.412347325835647371e-01
-6.748849760343054172e-01
-4.222226618636055195e-01
7.735598186447244576e-03
-5.039425506998699289e-01
-6.121093248810037801e-01
-7.738129009904818334e-01
5.036670934085768492e-01
-5.264471790398520534e-01
-7.553919806575182250e-01
-8.490394639190366188e-01
7.086211423607795545e-01
-4.138613910547904173e-01
-8.893566542689316234e-01
-9.119441340585476841e-01
-4.692538028633243541e-01
8.263942966014409253e-01
-1.719329823223815501e-01
-1.293481504358723888e-01
1.729753802060075840e-01
1.473485271271580688e-01
1.393137434190521440e-01
-9.888235649730323651e-01
-3.281322879485670807e-01
-8.513965278132313852e-01
-8.121263275932971704e-01
-3.201367042448031303e-02
3.205280811548995579e-01
2.321922757377161139e-01
-2.028345611167840790e-01
8.203678767408359995e-01
-7.259997846863313065e-01
-1.979067072151185491e-01
1.000000000000000000e+00
-5.882240773255265065e-01
-6.764964186398276791e-01
-8.038628091160345823e-01
-3.137881637015770275e-01
-5.314166705873846208e-01
8.453612307678702864e-01
-3.463015562178660134e-01
3.631152127367638927e-01
-9.702734423159170563e-01
-1.404420933139458594e-01
-5.428556886794437819e-01
-1.517011561155315325e-01
5.796926557575436956e-01
4.213352018702987145e-01
6.987667364644658541e-01
1.600937564163165960e-01
-3.546434393042531275e-01
9.873999791618791599e-01
9.117275309282744100e-01
2.914447391453379721e-01
-1.399885542633890201e-01
-2.821120489075486515e-01
-4.042430244246338344e-01
-1.016776692369466550e-01
-1.000000000000000000e+00
-1.160152961984246833e-01
-5.198019961133875100e-01
-5.796737942910685365e-02
-6.617898674722211272e-01
-1.605413101862217806e-01
-9.206639865867298766e-01
-4.378971702872528349e-01
-1.193927028248187028e-01
-7.038702344237730557e-01
2.964528873732119041e-01
7.426635678758708448e-01
3.455393094920798935e-01
9.094684004151319945e-01
-6.259078266905616639e-01
3.367387886495092353e-01
-2.209864609928075679e-02
-3.802639275982109268e-01
-4.368001589065875767e-01
-8.225137944652637367e-01
-6.845573845671401036e-01
-8.455536758869180991e-01
2.793727197125254677e-02
8.245747040856941101e-01
-2.502591518573692997e-01
5.236854152537600005e-01
4.034444877816333319e-01
8.202810562294240437e-01
9.705908870618704665e-01
8.361052081156574722e-01
5.365491167526329486e-01
6.796603738269153538e-01
7.990449407258712888e-01
-8.043446419978228512e-01
4.208935971545582633e-01
-7.504861964155008502e-01
-3.480962406742746929e-01
3.331393317807826993e-01
8.013891324464940125e-01
9.472959527208273389e-01
6.050830121165701181e-01
4.774568823927562988e-01
-9.980731344510824776e-01
-1.901883702769411461e-02
6.545265085333409338e-01
5.223572432069009119e-01
1.327462921584813271e-01
-5.901715425374410851e-01
6.052927226445515840e-01
-6.430071592095518707e-01
8.192805428588245675e-02
5.473608566297213374e-01
6.319571725983946786e-01
-3.718929636185101528e-01
9.837017078593429664e-01
-7.081426351537783992e-01
8.415606485440885187e-01
-6.065010637193273269e-01
-3.175428009980351685e-01
6.114513499411612374e-01
3.064907406314160143e-01
-4.146993362571935182e-01
-1.000000000000000000e+00
-9.955365932795016137e-01
-4.954723684357016378e-01
-6.383846583239010108e-01
7.387169321400491873e-01
7.551269628877436135e-01
-4.184036094078409374e-01
-9.848858969094465010e-02
-8.694859796188207923e-01
-3.008387465172772668e-01
2.146576400031215137e-01
3.528152866337254112e-01
6.031423823179483668e-01
1.915524931433427724e-01
5.176545650753812122e-01
2.000761858705688845e-01
1.488386116498210954e-02
-9.479394046892706260e-01
-9.732955842146300274e-01
9.997781272649859385e-01
