5.421420683390565376e-01
-6.721285617376557830e-01
2.245419053931350106e-01
-3.811821430633470786e-01
6.340639014633737691e-01
4.193647079715439041e-01
-2.384657464406421123e-01
4.874085696743974960e-01
3.669351088427650343e-01
2.253019735656387468e-01
-8.049656975535284253e-01
-5.001413354990131843e-01
-2.393441265251964323e-01
1.651799198842729410e-03
-1.571188394289768642e-01
-1.462552578298234596e-01
-1.059022613915091698e-01
4.722983546471442029e-01
6.207821212035780079e-02
9.478399405386288556e-01
-6.471309942272875926e-01
4.498281520216966811e-01
-5.996008969040874659e-01
8.897952793931669380e-01
-1.000000000000000000e+00
-9.272697413478988571e-01
-9.502018956708543351e-01
6.995703480558371767e-01
-1.000000000000000000e+00
4.086158082966089289e-01
2.427034700423762459e-01
2.063781754528237755e-02
5.442485832246477667e-02
2.702650367308783164e-01
2.494899499942038190e-01
-6.702515990938551216e-01
3.455505908119671510e-01
4.847486390877251416e-01
-9.820676360454383413e-01
1.000000000000000000e+00
-3.978705820037227170e-01
-6.765687735385557122e-01
6.507880915612442863e-01
4.508388230313563616e-01
-5.028790722147213899e-01
2.881481257658797812e-01
9.924406680250257295e-01
-4.564257674042534463e-01
8.883354252570965226e-01
-4.915195130643787436e-02
-3.546295492261961613e-01
-1.616940570502620744e-01
-4.029100775052731898e-01
-2.955871812619442762e-01
-1.000000000000000000e+00
2.793702771980772770e-01
-4.500000276878992622e-01
-7.916943955823215751e-01
3.061156638808859576e-02
4.945314994078979787e-01
7.731071515015117135e-02
6.936578536330622047e-01
-3.812010333562898534e-01
-1.185226817283751011e-01
-6.732012990754495663e-01
-1.000000000000000000e+00
8.620947184105435257e-01
-1.216381532460787812e-01
4.404964351301958736e-01
-6.064057379362328692e-01
-9.450001079329828357e-01
1.000000000000000000e+00
-4.165335311420215181e-01
5.922113262504329345e-01
3.910990469107724632e-01
4.964968022455916730e-01
-9.256841998632020507e-01
-7.459605639309758729e-01
1.000000000000000000e+00
-5.145725955093061188e-01
5.786339153564667992e-01
-2.417802212364641434e-01
-9.548276558636599187e-01
-9.241179851668518408e-01
-6.847169913824930898e-01
6.077058611240885311e-01
6.996217329462928181e-01
4.822120571199012273e-01
-5.601976043523894111e-01
1.000000000000000000e+00
1.000000000000000000e+00
2.613312461301363632e-01
1.000000000000000000e+00
-7.755935874360456728e-01
7.488257892418719308e-01
-1.000000000000000000e+00
3.263337548768595608e-01
4.800096799633855188e-02
3.178208093869885342e-01
9.787181562896030140e-01
-3.346043785320551578e-01
6.688687157270091499e-02
-9.559720750274129930e-01
6.417708758398718016e-01
5.144991655579210788e-01
6.462106917372594239e-01
3.243964236708654081e-01
-8.673291546743880920e-01
-1.957207442978006751e-01
3.472626205939666200e-01
1.000000000000000000e+00
-5.665422528865480256e-01
8.776378761741820966e-02
3.118865057212625302e-01
-8.975122212666382104e-01
-7.153727044607296470e-01
-3.693959970278097860e-01
6.646741822038482184e-02
3.378620777590335966e-01
-1.292793219872245825e-01
1.000000000000000000e+00
6.663465593103667928e-02
-5.347031533888386701e-01
-7.675775943251982314e-01
-8.513199988668673779e-01
-1.000000000000000000e+00
7.843992554485910151e-01
3.264947104948505707e-01
8.585185153176742023e-01
7.840390299818800202e-02
-4.126638481086053467e-01
-9.804413521718444713e-01
-4.973150998175155379e-01
1.000000000000000000e+00
5.427511365928483489e-01
5.675890826837846070e-01
2.447929127861740994e-01
-3.932533302634257932e-01
1.000000000000000000e+00
-3.828272264635238509e-01
3.499357172233112934e-01
-3.932659973626331240e-01
6.964306052816334747e-01
8.870955714904947831e-01
1.000000000000000000e+00
2.148782912097613185e-02
-9.796386446511287094e-01
-9.819851999412645416e-01
-4.793320440283787565e-01
-2.708659777709825356e-01
-3.265425473172827164e-01
9.182943498507505353e-01
6.817727876140438070e-01
-9.611162067482714733e-02
8.469432909836298595e-01
-1.000000000000000000e+00
-3.659260810502718009e-01
-9.757996728427231758e-01
-8.019832245356173228e-01
1.000000000000000000e+00
5.277795015498616404e-01
-8.064162384047384169e-01
-7.265125903329985313e-01
-2.627209537518302995e-01
-6.334083579194171865e-01
-4.517340657438725926e-01
3.549689191009901545e-01
-2.661048806870931482e-01
-1.000000000000000000e+00
1.000000000000000000e+00
-8.301642119786729612e-01
-1.000000000000000000e+00
3.129238992834777466e-01
-1.745476648407311149e-01
-9.066389114068313937e-01
-3.406466537930359362e-01
-1.077450140725411121e-01
1.000000000000000000e+00
1.000000000000000000e+00
-3.536790926429571602e-01
-2.585795635609893228e-01
-9.583912636106620697e-01
-5.312356266256432757e-01
-4.250786037090195091e-01
-1.891592746070538400e-01
1.000000000000000000e+00
7.398807153691160376e-01
3.909776171266503564e-01
2.326353015584687878e-01
-5.045791919699470496e-01
1.882480324251416537e-01
1.984791710522058328e-01
7.133042285932889026e-01
6.385150754982116261e-01
4.844654255153406086e-01
-8.692994002043690216e-01
3.667548707631784755e-01
-1.000000000000000000e+00
6.786491669540593019e-01
4.397570366477267234e-02
-2.667159014571439113e-01
-4.840820654292106173e-01
5.709424240220014601e-01
-6.285684280806497215e-01
6.889094107648352505e-02
4.918009034034363514e-01
-8.919987316281563494e-01
-2.410113861911738695e-02
9.942102962467582739e-01
-1.292132677445021194e-01
-3.789595694563016037e-01
-5.994157881816570832e-01
1.769816215318544272e-01
-1.517980505994076523e-01
5.901328810516679457e-01
5.894822985897840706e-01
-9.289961298279113544e-01
-8.328582674830786736e-02
-5.315869994789008679e-01
5.531658488095723136e-01
-3.137424264717311173e-01
-3.009407643041713265e-01
1.450580269696735147e-01
4.601443051858304933e-01
-7.863661639369730061e-01
-5.181972526326972250e-01
8.926117860176985275e-01
-7.755929813088959790e-01
-3.196616852622393701e-01
9.104340657763736466e-01
-9.624809386775419195e-01
8.099354903131991135e-01
9.269488847055418201e-01
-1.235717120283715970e-01
-1.973020709485138469e-01
-2.457926026064115865e-01
2.396160645331717465e-01
-7.685218047983064515e-01
-7.060824434207496614e-02
3.976605129506663450e-01
-2.670517443463157337e-01
-8.197182977627968103e-01
5.467621696018027944e-01
-6.245873423001817581e-01
-1.726533343163931256e-01
-9.751896497155644328e-01
9.133204114535878881e-01
3.901527221350016283e-01
-2.526285667559342585e-01
-8.346612253393437264e-01
1.946021842416403302e-01
4.410762378250400462e-02
-2.753721082914390994e-01
3.373325521761822987e-01
-7.671128412417171916e-02
-6.613648334558410724e-01
9.572985194216676597e-02
8.335597918235351234e-01
5.257009816930560131e-01
2.459055713978702123e-02
-6.769610610961780406e-01
-5.666099353034972363e-01
-1.000000000000000000e+00
8.242616165244749382e-01
-5.242681753804570022e-01
