-7.619392762299065369e-01
7.064684806225095537e-01
5.189291732374324839e-01
8.336479305936038697e-01
-5.693973537040947219e-01
-7.194810992542415296e-01
-6.285844357495380397e-01
-1.249991449451420544e-01
-7.363919899123213542e-01
4.869216588626921194e-01
9.822570881661399911e-01
-8.608815944995127367e-01
-1.323241047837551143e-01
-2.478069202972486285e-01
-5.376413597255098875e-02
6.252167736750871563e-02
-2.250391636165492704e-01
3.422334975423523273e-01
1.406135163118865938e-01
8.420259188570865527e-01
-8.726989768845118123e-01
-8.744981125004079869e-01
2.198273451135656850e-02
-1.132529521681087531e-01
2.970212610504900930e-01
4.143745157476137475e-01
-9.489814298609657861e-01
-6.808636387734294804e-01
6.707619042798349529e-01
5.116455996418857177e-01
-2.317371385831460406e-01
-6.280233946331503780e-01
7.118535899058927585e-01
1.284338539967871951e-01
-1.722148193385350801e-01
-7.503537759863179168e-01
-2.139091295416635508e-01
-2.965329411992309594e-01
9.784690548772007057e-01
-5.184633194145727986e-01
-3.182514653028902796e-01
-9.570553447323548735e-01
2.283105458072631766e-02
-8.135276793531093231e-01
3.337871937454480187e-01
7.078647439557261833e-01
8.345048068408946751e-01
8.638063593085710812e-01
3.522239274605410975e-01
-7.728315722319432091e-01
-8.634839325047237724e-01
-7.360878676694653233e-01
8.641189608028417846e-01
4.895611230290219940e-01
3.344108545796630194e-01
4.636224796328639042e-01
6.414096810542178062e-01
-8.522084327979677632e-01
-9.743825822882004051e-01
7.480286492309704549e-01
7.330683272155317232e-01
4.274435175824339295e-01
-3.995883086843632914e-01
4.121932187326523001e-01
-4.299264798424144718e-02
-3.960988444103226702e-01
5.511973640206959679e-01
6.940827861244764918e-01
9.332243309105481277e-02
9.259317609294899221e-01
8.374377999201857437e-01
-2.613198861506824677e-01
-9.994555977490798826e-01
-5.498783409067786732e-01
-4.518266921410041825e-01
8.628410529380235727e-02
8.740727216782299136e-01
2.050255109036955570e-01
9.516888840853546805e-01
-6.566893105630498828e-02
-5.915248538127916289e-01
-7.135456383979816852e-01
-6.530073568644957360e-01
5.959449438265294052e-01
-8.142712073847362397e-01
-4.188788920146680472e-01
-1.633191282572026837e-01
3.510286821004330315e-01
-9.185661536212290645e-01
1.723475715951403309e-01
6.153756348102223939e-01
-1.932158517264154218e-01
-4.573455811926310788e-02
-1.579267788701482211e-01
9.461865494711122482e-01
1.568340901053793535e-01
2.315603375666684671e-01
2.250159068225111303e-01
-2.346058764206337133e-01
9.028804266859796757e-01
-9.629192881671027049e-01
-5.681391995750720847e-01
1.899916427288806386e-01
-5.708294457914883102e-01
8.343055968298644653e-02
-2.222780277658471249e-01
2.559927039690607642e-01
5.683527284217487763e-01
-1.000000000000000000e+00
9.956089223456275894e-01
1.616737094565628627e-02
3.630128788780245808e-01
4.915805774545317086e-01
7.167631811693104815e-01
6.025186596191977051e-01
3.492682416773301712e-01
-1.113661349784165477e-01
-3.771995148293327271e-01
-6.796494815628494335e-01
9.501844273834750831e-01
4.428194017293802798e-01
6.380341902061275050e-01
7.598120630823465005e-01
-9.250203655869198016e-01
5.440295165159403368e-01
3.708216169699969644e-02
-7.919618144918677549e-01
-5.886919387231726031e-01
4.325031339219101434e-02
8.223370597871229593e-02
-7.081463870969941787e-01
-4.952662167374990987e-02
-5.704841405532958820e-01
6.376564172508990547e-01
9.549912373030208235e-01
5.454880564521316089e-01
-1.089620690428143857e-01
-2.772367621248226222e-01
9.919438496653972814e-01
2.581281976573314152e-01
-8.664138331434890761e-01
-3.352197235465071423e-01
5.543115746025182450e-02
8.804075898645906673e-01
-1.000000000000000000e+00
9.348150678186686324e-01
8.363094194242541857e-01
9.418232437173665872e-01
9.304190179620631662e-01
-9.334267388716102065e-01
2.248332915039440716e-01
1.954791422786059107e-01
5.160245081032743819e-01
2.617254808950802980e-01
2.533156258972161234e-01
-6.349783168873696093e-01
-6.925420291535894224e-01
8.643476185677759771e-01
1.897908058323810876e-01
3.589622892241621788e-01
9.160815536532027625e-01
-5.855631182768729348e-02
-9.868219072828439131e-01
-6.394500776500370298e-01
1.455824928387550177e-01
-8.820072280819726274e-01
-4.025054577608696005e-01
-8.198531702889714223e-01
-6.989725455129123244e-01
5.040720967743602676e-01
2.269919541361465898e-01
3.872877013718995509e-01
5.839108109527120227e-01
-2.904167412249682445e-01
6.478929298356855826e-01
5.089333609293121841e-01
-9.325736891536957618e-01
3.702555597376782082e-01
4.249312169293860686e-01
2.075793436199108860e-02
-3.816866703072627209e-01
-1.578627028293799195e-01
2.098143828450493853e-01
4.078257576075341451e-01
-1.000000000000000000e+00
9.690822115701128725e-01
-4.474687614195325680e-01
-6.708600991616985310e-01
-3.352145729770991678e-01
3.229776479793449728e-01
-1.015238543044829356e-01
6.116389603465612890e-01
-1.730704972665274843e-01
8.876798031885094198e-02
1.017861337185536619e-01
4.295268501097848080e-01
8.448431481107522290e-01
4.939908279867495366e-01
-1.959485914572548226e-01
5.495846439958073093e-01
3.390110320842812386e-01
-9.289300028414058108e-01
-5.212054843871771759e-01
3.285784271922930211e-01
8.470303099411409242e-01
9.795226321771082212e-01
-7.134647042039027331e-02
2.424002351244931297e-01
1.000000000000000000e+00
-1.000000000000000000e+00
-2.990686574990427671e-01
-7.937846297703723408e-01
3.196167346684891108e-01
5.670276213849824165e-01
-3.228525887489236412e-02
9.359543781514089167e-01
9.332153624366463784e-01
-3.667068330785783759e-01
3.747279056639031269e-01
6.523103676770917181e-01
8.741429887340743665e-01
-1.356389861856327136e-03
9.199861019214883306e-01
1.000000000000000000e+00
-7.117682423765131494e-01
3.413540339750590902e-01
2.939699917742412683e-01
4.184918976505815347e-01
1.935418964552415577e-01
8.579827019976167535e-02
9.639387398711717347e-01
-6.472936290341486654e-01
-7.859263313547397711e-01
-2.728120715852455080e-01
-6.089521281705763123e-01
-6.445329194554332286e-01
2.881647720141226610e-01
1.075865210954668125e-02
-3.855267050673729101e-01
5.099937372497175270e-01
7.423578355049860189e-01
9.399969919365286364e-01
-9.825069528313133960e-01
-6.088047129110459865e-01
-2.739689241826239741e-01
-4.711720384485607593e-01
9.380225480484725153e-01
-2.063292025062983259e-01
6.425946466637713073e-01
8.886283197918777299e-01
-2.104836653518394884e-01
-1.771237745167193178e-01
4.577783422165035976e-01
8.839060717373231624e-01
-5.530293322647614890e-02
-6.762176030447724084e-01
-4.942112067658731567e-01
-1.197287278684573270e-01
5.573906190528923332e-01
7.075778473933913570e-01
-8.383054114166945681e-01
3.774614349714099926e-01
-5.826595070775328900e-01
9.002533595781647691e-01
2.046424313827162889e-01
