4.247861142340645380e-01
-8.902311181642446059e-01
7.979196750521437842e-01
-7.146855859841581837e-02
-3.365791086777580876e-01
4.006579972867657657e-01
4.675063162725213717e-01
-3.237808650883702288e-01
-1.415014361944741672e-01
-5.200042848983787991e-02
-1.160919651358409271e-01
-7.070647406519972034e-01
-2.718301858190155795e-01
-9.132081782501215717e-01
-5.921192474147726204e-01
-4.012648877300604155e-01
2.726850029456939217e-01
-9.489972231854066909e-01
9.920825219960865970e-01
-2.486707040379791123e-01
9.289471423628779811e-02
7.992737281884609857e-01
1.121550985118415361e-01
-6.547032861305074336e-01
-4.681747027019930174e-01
2.353442500920097102e-01
6.443518872263186426e-01
-7.410512759953447048e-01
3.048781379411173997e-01
7.451671094869354306e-01
-9.610736272515604250e-01
-8.844163183995813471e-01
7.982768574518047666e-01
-5.265329495733106491e-01
7.374893679424147086e-01
-6.550676395570290689e-01
9.588113795562870356e-01
4.693693592721236429e-01
4.603229834242371088e-01
8.786057396855300183e-01
1.839687781946694467e-01
4.326282559883055656e-01
6.946271749825784214e-01
-3.503552449117162682e-01
-9.543350191832354890e-01
5.855846049272410703e-01
-3.878044738357409038e-01
2.041275648029436673e-01
6.790760348172351912e-02
-8.055001876000204009e-01
-4.832876664999265492e-01
-2.381610092053678407e-01
1.228669051571436993e-02
-8.099784630184243828e-02
4.090728241504398843e-01
-2.021333528681098779e-01
-1.000000000000000000e+00
-1.009195419996498054e-02
3.140647495262464672e-01
-6.817164615055280041e-01
-3.528708039967713428e-01
-1.000000000000000000e+00
-4.555971069124888362e-01
3.698383254973682255e-01
2.210170206884944644e-01
5.037494097972563534e-01
-6.099717342863079095e-01
-8.849833688143721178e-01
9.793628837487776684e-01
1.838119405550243946e-01
-6.125303865590431274e-01
-3.345182935942500602e-01
6.995557504694530637e-01
-3.957195272567382571e-01
9.561614261580383411e-01
1.000000000000000000e+00
-6.976635555301081704e-01
-2.521777879987196491e-01
5.785963489658758618e-01
-1.746611720097797915e-01
-4.591857373150263766e-01
-7.832975387064292083e-02
-2.400633928426167824e-02
-9.272579382689696281e-01
-6.625044195571965222e-01
8.268823316955656866e-01
-6.390248824578308451e-01
1.157883454947635782e-01
-1.833220661554917086e-01
-9.294100878943913902e-01
8.424203935920919761e-01
3.392115411564183836e-01
6.235119057862451575e-01
-5.348631911446699583e-01
2.946812063355340738e-01
-3.819243100491129250e-01
4.098604689308629201e-01
-3.424224120804232885e-01
-5.432195266609375350e-01
8.546390030474161348e-01
-9.705271894578276770e-01
7.424478761921132763e-01
-9.865653884791555361e-01
-1.524387137696770478e-01
-4.637082347134576232e-01
3.566211667937955743e-01
-9.958389326450849399e-01
3.898179813483996226e-01
-9.812076630613100203e-01
-8.368273001718329329e-01
-7.652965644420323121e-01
-9.074222727550683709e-01
1.331031512524008878e-02
-3.676731872836662141e-01
-1.183764131161416239e-01
3.653396173566140770e-01
3.200198733231421344e-01
-8.077633875032770305e-01
-9.917447201084470532e-01
5.531332050676365242e-01
5.291148503143533466e-01
-6.658550770351950865e-01
6.706577711514570828e-01
5.953407262996845972e-01
-4.904757602362240232e-01
-8.293020267862825090e-01
-6.358087826247789121e-01
-3.853477309403362527e-01
7.047894697611967185e-02
-4.875316747067722778e-01
-5.868477245988621416e-01
-8.694837764502449939e-01
4.558649509734100103e-01
-5.856900889027383261e-01
-6.634338745471684007e-01
-8.279886131161210416e-01
8.535898723093976459e-01
-4.302389352768053454e-01
-8.962717216734314984e-01
-9.346113306076717642e-01
-4.347575982236997483e-01
8.570537432382930865e-01
-1.561303699161972758e-01
-9.414441844335202925e-02
1.850249609735870882e-01
1.980520075830952964e-01
1.880284722488830274e-01
-1.000000000000000000e+00
-2.778122808021962209e-01
-9.343371348245189667e-01
-8.026298739087106560e-01
-1.246368723776297149e-01
3.359556957229715701e-01
2.740210833505942745e-01
-1.640105617187608000e-01
8.316806233804368009e-01
-6.609078011950458853e-01
-2.505493539779468093e-01
9.430030714497128486e-01
-5.838516208378101702e-01
-6.440191367138695666e-01
-6.741362980322361809e-01
-2.202404949800140233e-01
-5.090807531135107533e-01
8.753887418003741816e-01
-3.082702373224529557e-01
3.498175072018566700e-01
-9.850156325733090412e-01
-2.742547089519119519e-01
-5.438843973696982914e-01
-2.154887937454599556e-01
5.863339609239934802e-01
4.446141060373413056e-01
6.960410938203982489e-01
1.930648123021274642e-01
-3.462741376837842888e-01
9.171332872914247369e-01
8.556938284234024694e-01
2.919564294867936227e-01
-1.444123058826269068e-01
-2.613005929985722786e-01
-4.773807469336377451e-01
-1.165725410699322007e-01
-9.953252977302253779e-01
-6.494653498389636737e-02
-5.079924084856992650e-01
-3.884189321952805085e-02
-6.513018405134501920e-01
-1.763329212495726439e-01
-9.325060441954794443e-01
-4.705458666910872778e-01
-1.192534846172075003e-01
-7.356978441147319359e-01
3.503004395423020001e-01
7.532285435370195126e-01
2.988934085333327384e-01
8.760713370429603630e-01
-6.249995616113143138e-01
3.347177138736737168e-01
-6.018230640887290567e-02
-3.399444152339146652e-01
-4.740551660356749908e-01
-8.681929773681787976e-01
-7.278467885624373412e-01
-8.943109656154130116e-01
9.021595383397969237e-02
8.595632974653395486e-01
-2.272108997070018954e-01
5.227840661645276610e-01
3.843779073659404633e-01
7.932093803976789648e-01
9.952697505264325173e-01
7.062412174242073126e-01
5.220303843433462543e-01
7.203829688840807099e-01
7.935378483010713246e-01
-7.549832755638585802e-01
3.981166362869786313e-01
-7.477563934349323871e-01
-3.880827031401671845e-01
3.026392437391478563e-01
8.228310345689431315e-01
9.467736914162910855e-01
6.335741342438995227e-01
4.275561631806296670e-01
-1.000000000000000000e+00
-7.336649259348890229e-02
6.282684182294943076e-01
5.612234273693411657e-01
9.835226087713430654e-02
-5.757842514458078043e-01
5.295868876879812337e-01
-6.746067659138852424e-01
1.273901817531636893e-01
5.009967638163734804e-01
6.101479214111656946e-01
-3.252730893920929844e-01
9.816761345845653741e-01
-7.359418230642130743e-01
8.402720741744527100e-01
-5.769220974814960323e-01
-3.046289020900122546e-01
5.828162331719770606e-01
3.349239310197422714e-01
-4.397999980128433073e-01
-1.000000000000000000e+00
-9.508674627330926388e-01
-6.269818964885101042e-01
-6.213366702793130525e-01
7.134079202391725438e-01
7.399222471953301739e-01
-4.007607594846345211e-01
-2.646277455979120785e-02
-8.430059254027479909e-01
-3.194859912821450543e-01
1.819479765540583938e-01
3.458652754075424163e-01
5.663096664781072098e-01
2.026952875744519877e-01
5.564513719912310696e-01
2.274303346330542042e-01
4.176216039016763734e-03
-9.122201225553496773e-01
-9.870614978226233127e-01
9.276451434127916951e-01
