3.509380477001984855e-01
-8.548783109462113616e-01
7.445947436258930630e-01
-5.133476092228318743e-02
-2.780100450027538361e-01
3.772377107403102614e-01
5.054185170325911081e-01
-3.225970385999804013e-01
-1.757139595922376507e-01
-7.494261446219566136e-02
-9.002526861206422426e-02
-6.892968080127672703e-01
-3.113659372200794362e-01
-9.495159078754904503e-01
-5.992077088784093508e-01
-3.121330705534693384e-01
2.664166374341349619e-01
-9.209517558090750677e-01
1.000000000000000000e+00
-2.345219253534624737e-01
1.076168584618371060e-01
7.787411857603218079e-01
1.402684060694165957e-01
-5.829932280345045958e-01
-5.253545856278944992e-01
2.546332581228675784e-01
6.331575222599016284e-01
-7.472247184295393030e-01
2.988612065825401176e-01
7.232795642991706186e-01
-9.429253870968197226e-01
-8.760876303073199534e-01
7.820734213147305658e-01
-5.508311158976196831e-01
7.434016376121700409e-01
-7.132753139773821971e-01
9.209282952641215658e-01
3.985784737055613758e-01
3.905771554663490241e-01
8.592402771833801411e-01
1.625672864142852503e-01
3.568262382800214683e-01
6.759014748295657515e-01
-3.755454502743998946e-01
-9.540929513948374074e-01
6.070070020638025365e-01
-3.913335718813075736e-01
2.160069233672352595e-01
1.089112271889590977e-01
-8.705281263275088666e-01
-5.296713654527004378e-01
-2.337815883095118730e-01
-4.355202003222069518e-02
-7.562724299488390867e-02
4.537504775521154499e-01
-1.061082184762620340e-01
-1.000000000000000000e+00
9.298687948582642915e-03
2.709818293148993917e-01
-7.583563398037300729e-01
-2.849891744248787551e-01
-1.000000000000000000e+00
-4.058469361652588536e-01
4.079643534504510116e-01
2.562261124244086807e-01
5.318735114264578900e-01
-5.953256733017397995e-01
-8.892129466830348550e-01
9.969859144011110619e-01
1.718357934215083982e-01
-6.297836960586555843e-01
-3.145436479136731744e-01
6.815749667295756264e-01
-3.123619207236730810e-01
9.035743647501948139e-01
1.000000000000000000e+00
-6.792761096265615972e-01
-3.567337014591056565e-01
5.481647699186035227e-01
-2.293502387972250756e-01
-4.842800163290267301e-01
-5.751665818872038483e-02
-2.091469409331542240e-02
-9.204436209715456396e-01
-6.860217621011540645e-01
8.398744023070676690e-01
-6.396033617242976588e-01
1.031806835920660859e-01
-2.335168013973850931e-01
-9.255186507295848353e-01
8.477199022878008083e-01
4.135961151209434083e-01
7.129626536126844050e-01
-4.925880737961920719e-01
2.295217394880465500e-01
-3.761713510979113329e-01
3.770988898792115296e-01
-3.634950167744015470e-01
-5.389772443816633896e-01
8.279532102251271342e-01
-1.000000000000000000e+00
7.178866414261243500e-01
-9.813968539227294618e-01
-2.024171564503897125e-01
-4.878615611165149080e-01
3.679951289260129932e-01
-9.738013376097398588e-01
3.404368584912841333e-01
-1.000000000000000000e+00
-7.599181490457178612e-01
-7.296429634579598700e-01
-9.050329229292843891e-01
9.877636385354635756e-03
-3.716827615791330475e-01
-1.307682595115923496e-01
3.964597703641735138e-01
3.430377170543925103e-01
-7.548849756023007229e-01
-9.423465143900425778e-01
5.701134966444313390e-01
6.091795943706265204e-01
-6.481365124835856140e-01
6.679354129175903987e-01
6.379432576601191673e-01
-3.489151668946529061e-01
-8.412347325835647371e-01
-6.791323976740306634e-01
-3.891847424822687529e-01
7.735598186447244576e-03
-5.039425506998699289e-01
-6.121093248810037801e-01
-7.738129009904818334e-01
5.100456422435449833e-01
-5.264471790398520534e-01
-7.431155708720668107e-01
-8.490394639190366188e-01
7.386175055705668235e-01
-4.272569078939803533e-01
-9.089471019656016892e-01
-9.059418343185160483e-01
-4.561424969284862962e-01
8.370930928542525962e-01
-1.600655120214711513e-01
-1.364604063611986329e-01
1.729753802060075840e-01
1.388286369885531890e-01
1.393137434190521440e-01
-1.000000000000000000e+00
-3.356653515276071253e-01
-8.455247758309419881e-01
-8.121263275932971704e-01
-3.201367042448031303e-02
3.163604615812593557e-01
2.361446788268909969e-01
-2.078164501687752574e-01
8.203678767408359995e-01
-7.255314447334227923e-01
-2.119348045772778133e-01
1.000000000000000000e+00
-5.904637152880490847e-01
-6.374170966855179365e-01
-7.600988093447815785e-01
-2.965556696709961693e-01
-5.478813186013966607e-01
8.453612307678702864e-01
-3.215038396067602111e-01
3.652311212487811543e-01
-9.702734423159170563e-01
-1.404420933139458594e-01
-5.346011161725041649e-01
-1.752582605472441379e-01
5.796926557575436956e-01
4.213352018702987145e-01
6.987667364644658541e-01
1.470910194002768567e-01
-3.546434393042531275e-01
9.873999791618791599e-01
9.110950146304184205e-01
2.914447391453379721e-01
-1.165340438685211755e-01
-2.820508299520134154e-01
-4.412699370241273122e-01
-1.071299527034164090e-01
-1.000000000000000000e+00
-1.032092183016554560e-01
-5.198019961133875100e-01
-5.796737942910685365e-02
-6.091745722406073371e-01
-1.593717015178890695e-01
-9.206639865867298766e-01
-4.301939679136850270e-01
-1.193927028248187028e-01
-6.864390746338827620e-01
3.645563127116457913e-01
7.426635678758708448e-01
3.304925739262907225e-01
9.242977646906846978e-01
-6.259078266905616639e-01
3.367387886495092353e-01
-2.209864609928075679e-02
-3.645961947839709838e-01
-4.368001589065875767e-01
-8.430493292588543408e-01
-6.814929351881285902e-01
-8.824069578198290298e-01
2.325162045419853704e-02
7.831960186981984373e-01
-2.502591518573692997e-01
5.300795651412296694e-01
3.892153814995580885e-01
8.202810562294240437e-01
9.705908870618704665e-01
8.361052081156574722e-01
5.365491167526329486e-01
6.667868180303677672e-01
8.008411298805675482e-01
-8.006463832702386263e-01
4.208935971545582633e-01
-7.504861964155008502e-01
-3.709552269418476822e-01
3.164095342221260321e-01
8.013891324464940125e-01
9.472959527208273389e-01
6.050830121165701181e-01
4.774568823927562988e-01
-9.980731344510824776e-01
-2.908026212467390570e-02
6.545265085333409338e-01
5.368913870915386077e-01
1.473049460794970678e-01
-5.901715425374410851e-01
5.697419777332072277e-01
-6.549129307820201751e-01
8.192805428588245675e-02
5.103871115551158466e-01
6.335032422638526839e-01
-3.718929636185101528e-01
9.837017078593429664e-01
-7.081426351537783992e-01
8.402720741744527100e-01
-6.152624065951122212e-01
-3.175428009980351685e-01
5.768450350839938734e-01
3.224500010909480685e-01
-4.233035768489962769e-01
-9.827471540340604328e-01
-9.955365932795016137e-01
-4.689152718320629409e-01
-6.078697256275744643e-01
7.472551446031159283e-01
7.551269628877436135e-01
-4.157553489019059079e-01
-9.848858969094465010e-02
-8.694859796188207923e-01
-3.008387465172772668e-01
2.207697353730037337e-01
3.506669198759876926e-01
6.026001043466535645e-01
1.934340488368997690e-01
5.125221791400268456e-01
1.790759087088908408e-01
1.488386116498210954e-02
-9.357526422700699342e-01
-9.639804293229388144e-01
9.997781272649859385e-01
