3.509380477001984855e-01
-8.740659396737034958e-01
7.703408300349348092e-01
-6.702824157703987651e-02
-2.704766617409282148e-01
3.514187799593319061e-01
6.179575779743863295e-01
-3.288477574489948041e-01
-2.328021005880108185e-01
-1.605702776024820269e-02
-1.016009432769146709e-01
-6.682000157452215872e-01
-3.198010782103880567e-01
-9.904899466027018429e-01
-5.518925624111439276e-01
-3.311105539722067337e-01
2.548231112886767402e-01
-9.665242719045630260e-01
1.000000000000000000e+00
-1.801952316982863289e-01
1.347874491499908567e-01
7.875018732743988004e-01
1.496811338979660011e-01
-5.836968692689603611e-01
-5.253545856278944992e-01
2.274506994827130146e-01
6.037946270829619433e-01
-7.628947556904587257e-01
2.878480191044384684e-01
7.640739659610604750e-01
-9.597467143307708559e-01
-8.900917290681731320e-01
7.505494226902976740e-01
-5.289424991231896911e-01
7.500282088952995307e-01
-7.051758932491467569e-01
9.490158447870351566e-01
4.050217380987033433e-01
3.506274395687718481e-01
8.784418063560203160e-01
1.479595034931649455e-01
3.560029538036296737e-01
6.069390933338316696e-01
-3.666545173478933939e-01
-1.000000000000000000e+00
5.948079809228772330e-01
-3.750222128224221518e-01
2.160069233672352595e-01
1.227542090276446257e-01
-9.064978050546032007e-01
-5.351679169260317170e-01
-2.398446614247188857e-01
-2.550958315102238444e-02
-4.338522168556479403e-02
4.584476992944802043e-01
-1.112729457389922127e-01
-1.000000000000000000e+00
-3.554331230775997774e-02
2.718979432722641310e-01
-7.583563398037300729e-01
-2.990734841367937435e-01
-1.000000000000000000e+00
-3.919515639684978403e-01
3.762981843298208728e-01
2.486841810023556754e-01
5.109728558098665108e-01
-5.889512995970568321e-01
-9.080734830012937575e-01
9.969859144011110619e-01
1.652368457139062885e-01
-6.598190391459772819e-01
-2.925252893049377634e-01
6.667850184958201698e-01
-3.221444926221624927e-01
8.971668970044928137e-01
9.838594923551278182e-01
-6.792761096265615972e-01
-3.567337014591056565e-01
5.476833013312464304e-01
-2.085843742703486769e-01
-4.792753898291437498e-01
-5.751665818872038483e-02
-2.091469409331542240e-02
-9.193995380284173402e-01
-6.747715818473427607e-01
8.398744023070676690e-01
-6.515702776080065650e-01
1.106962005374995672e-01
-2.350449446165160383e-01
-9.329601059333882951e-01
8.477199022878008083e-01
4.124856461971166399e-01
7.494379198508955842e-01
-5.402352953937639146e-01
2.674889165214519027e-01
-3.610186571200120209e-01
4.127477402025088726e-01
-3.513472397502713229e-01
-4.541592479188627518e-01
8.231872602348347945e-01
-1.000000000000000000e+00
7.275273683143610448e-01
-9.907802909703058436e-01
-1.144153966007085965e-01
-5.265677582864838335e-01
3.693391372537860318e-01
-9.843803846123438950e-01
3.404368584912841333e-01
-9.823729662357814085e-01
-7.596067337569333278e-01
-7.288856061701683986e-01
-9.248051065779301361e-01
1.859274079913066438e-02
-3.720174786823450264e-01
-1.226076484214628781e-01
4.093883452589582861e-01
4.079205439917651943e-01
-7.395246235598664786e-01
-9.889205856129097416e-01
6.406654337070488703e-01
6.225705403899377544e-01
-6.256584833676895885e-01
6.815920626659827120e-01
6.915069291836604126e-01
-3.325959477917823648e-01
-8.412347325835647371e-01
-6.580470948592822555e-01
-3.829038020909439344e-01
2.317857806297651813e-02
-4.636353376657356140e-01
-6.180857036015492412e-01
-7.738129009904818334e-01
5.127815229848071699e-01
-5.055643220406201843e-01
-7.694141831699123912e-01
-8.490394639190366188e-01
7.100461361696739360e-01
-4.238574466499612226e-01
-9.009643142359091694e-01
-9.281557014873995648e-01
-4.757238356134591006e-01
8.384728000448098406e-01
-1.617597943350608802e-01
-1.465514224212726702e-01
1.874458542174693432e-01
1.949291738925512940e-01
1.359386824236654967e-01
-9.503255060448825287e-01
-3.366133055010446240e-01
-8.273316594081310260e-01
-7.787234411986667659e-01
-3.876304471229309601e-02
3.205280811548995579e-01
2.808166153256286823e-01
-1.845058439896336833e-01
8.188081445364151500e-01
-7.255314447334227923e-01
-2.241280596929231539e-01
9.941159596836626200e-01
-5.689922260421816924e-01
-6.824675501727847093e-01
-8.108003002481996013e-01
-2.965556696709961693e-01
-5.890454050195709224e-01
8.402575216030304661e-01
-3.709030523999977125e-01
3.785412891771075539e-01
-9.671451386137890349e-01
-1.765317902807102546e-01
-5.180817267990391883e-01
-1.733249139110366321e-01
5.591800131156412501e-01
4.213352018702987145e-01
6.934458063371419234e-01
1.568078350712884816e-01
-3.194796818136876326e-01
9.877981180329881150e-01
9.117275309282744100e-01
2.444716440796726453e-01
-9.709754325163513777e-02
-3.107400376453812729e-01
-3.872452662261328671e-01
-3.160188682064291044e-02
-9.495588678000855820e-01
-1.160930647342378885e-01
-5.440702074708578806e-01
-9.654193680447524517e-02
-6.815129981269483217e-01
-1.738013846346006808e-01
-9.286183415456934487e-01
-4.329981259232552060e-01
-7.049150129907517937e-02
-7.038702344237730557e-01
2.909262255397084274e-01
7.434662681256156702e-01
3.333600676082654202e-01
8.760930192816492879e-01
-6.328070752208940775e-01
3.329421230531563469e-01
-2.209864609928075679e-02
-3.427663774223126403e-01
-4.152063235188234724e-01
-8.375422516621678914e-01
-7.096074846162462313e-01
-9.383474924287431573e-01
1.915899940497389764e-02
8.440282617790428876e-01
-2.087372904002979812e-01
5.236854152537600005e-01
4.337252662170790196e-01
8.357595534317214803e-01
9.705908870618704665e-01
8.271551663822174216e-01
5.349016983169857520e-01
6.796603738269153538e-01
8.269198663920604986e-01
-8.043446419978228512e-01
4.163879095779845496e-01
-7.053621715860856067e-01
-3.870682668979763541e-01
3.311996887635036968e-01
8.092305443351681671e-01
9.254291062956512270e-01
6.366349047806819650e-01
4.913594766009650172e-01
-9.980731344510824776e-01
-1.077993061837712041e-02
6.402382069253667041e-01
5.275931608898010161e-01
1.477155756699078670e-01
-5.648636997988811803e-01
6.065099980171999583e-01
-6.056364070092188356e-01
8.192805428588245675e-02
5.272952592562384355e-01
6.102414361908071738e-01
-3.718929636185101528e-01
1.000000000000000000e+00
-7.119537646075850823e-01
8.339953950243100822e-01
-6.065010637193273269e-01
-3.151368334043291308e-01
5.696207707828782052e-01
3.254485189075952967e-01
-3.697183476339860331e-01
-1.000000000000000000e+00
-9.955365932795016137e-01
-4.977184460412000799e-01
-6.383846583239010108e-01
6.989529322833669678e-01
7.725989041771506027e-01
-4.184036094078409374e-01
-7.610381473199576141e-02
-8.429421470859779220e-01
-3.074836773239577048e-01
2.339432588133566471e-01
3.752926397616834775e-01
5.919875891579813310e-01
1.915524931433427724e-01
5.176545650753812122e-01
2.000761858705688845e-01
2.326829475002076611e-02
-9.619741556021951245e-01
-9.732955842146300274e-01
9.930836861124084924e-01
