-7.923461208690291135e-01
6.180546876333923301e-01
6.694343101877378022e-01
9.691906138480657074e-01
-5.608068254521845208e-01
-8.274806768204781005e-01
-6.144566321180180424e-01
3.761315121180497378e-02
-6.609655431550759408e-01
3.558417816678045575e-01
1.000000000000000000e+00
-7.898477474935804432e-01
-1.103288141813363599e-01
-2.897385333424638554e-01
-5.376413597255098875e-02
4.051478388268384134e-02
-1.675952770688771687e-01
3.073777997302324927e-01
1.409775176175782629e-01
7.870600885463117091e-01
-8.669264682837771741e-01
-8.572801654986708098e-01
1.182327835087409601e-01
-1.269126860435321191e-01
2.126000848330691917e-01
3.286405152331065560e-01
-9.980261675434884960e-01
-5.367308364077398863e-01
6.113075238542376999e-01
5.779210112055420678e-01
-2.492974172782020936e-01
-6.561905745563650916e-01
8.090467599057082904e-01
9.142934703268379426e-02
-1.858950220868137992e-01
-7.417012139607379595e-01
-8.275459826969583377e-02
-2.421510922174050506e-01
1.000000000000000000e+00
-4.766793295974520728e-01
-2.614803477098661677e-01
-9.955862547729155132e-01
4.439428582930160516e-02
-8.162508448070748823e-01
3.708165451727600814e-01
6.849309995000498752e-01
7.814386525430182528e-01
7.675028644638550723e-01
3.241808544781583645e-01
-8.135135755102425037e-01
-9.305144049357796376e-01
-7.370691866490666211e-01
7.869224099453278054e-01
4.952840924921176891e-01
2.940099112114482605e-01
4.225213625671140338e-01
6.124280363342362588e-01
-8.852985535790850458e-01
-1.000000000000000000e+00
7.011982489684442932e-01
6.737554501553169040e-01
4.274435175824339295e-01
-4.181126057267386398e-01
3.952254213738293775e-01
-1.329697176122220936e-01
-4.138884481735454757e-01
5.610035862403028872e-01
6.209165709825832380e-01
9.796202465132700099e-02
1.000000000000000000e+00
8.437885366275940102e-01
-1.519305769927211947e-01
-9.900796557436497558e-01
-5.171440222027070543e-01
-6.006189624952047446e-01
1.771857896529476506e-01
9.986569485760995457e-01
2.119653920802981872e-01
1.000000000000000000e+00
-1.565871756645590696e-01
-6.147357717260760746e-01
-7.462458924192305609e-01
-4.802920747777636445e-01
5.992036735989814122e-01
-8.853758501638996359e-01
-4.503257099537854580e-01
-1.206048642266626808e-01
2.274052193899073759e-01
-9.938469309733449775e-01
2.405387840164678326e-01
5.884884019936286181e-01
-1.424372920079117200e-01
-2.610957436996774739e-02
-1.674261077659093544e-01
8.984993027451841918e-01
2.693726489626757647e-01
2.437383945242964645e-01
3.779777857821893239e-01
-1.434064139910198321e-01
8.814181134023795217e-01
-1.000000000000000000e+00
-5.476512911890791813e-01
2.700826090524094947e-01
-4.900008480354598461e-01
1.264404549707327519e-01
-1.849401366578961037e-01
2.364702502150102248e-01
4.890531017278283432e-01
-1.000000000000000000e+00
8.898094471164392782e-01
-2.109673378590737336e-02
2.961553365354311906e-01
5.646640026401823498e-01
7.061355144539019912e-01
5.721080277614358778e-01
2.961266539750737059e-01
-2.730272640065989354e-02
-2.776785143629150188e-01
-7.620146081453693654e-01
9.508113614593622920e-01
3.799651060551124671e-01
6.014189994474631318e-01
8.179578066715832430e-01
-9.363477235352148931e-01
5.855339326266050248e-01
5.467321932920733013e-02
-8.139689633276653291e-01
-5.317299847884323638e-01
1.898208098326501642e-02
7.381095118348948714e-02
-5.821130759135325627e-01
1.147746033314971381e-01
-4.823643538517492502e-01
6.629605979089672196e-01
9.301054971431472751e-01
6.036164089759621376e-01
-1.736517575449386674e-01
-2.748074638255980084e-01
1.000000000000000000e+00
1.439333400764645221e-01
-9.505969458176437570e-01
-2.938441201777347023e-01
1.102038345606663750e-01
9.541420507939911699e-01
-9.772462111823609909e-01
9.650547684112112945e-01
7.851132262160753772e-01
9.401844526125351376e-01
8.718600994376880520e-01
-8.932233243491505270e-01
3.193450418966238269e-01
1.254807344663071422e-01
3.773023515947578899e-01
2.867130862073136166e-01
1.087912816358485579e-01
-6.288725911769807997e-01
-6.729566786894897179e-01
8.823162752667411679e-01
2.091416602867330887e-01
3.860956311227495275e-01
1.000000000000000000e+00
-6.853200694709675467e-02
-9.936495927111547166e-01
-6.329694707066313430e-01
1.073765685359617528e-01
-9.564063487061184032e-01
-5.264678725253151281e-01
-8.275639477635652330e-01
-7.665680019448810611e-01
4.665851536260325338e-01
2.818486381762977944e-01
4.512669459097189972e-01
5.097849066223189007e-01
-2.303737231171145705e-01
6.614900296340535668e-01
4.567571930623625098e-01
-8.860416569315348045e-01
3.738463173325046185e-01
3.732508499222564335e-01
-6.655280809157325742e-03
-3.876874203420427323e-01
-1.259510442032826527e-01
2.277141418473305201e-01
3.061397082428654048e-01
-8.859212500956702430e-01
1.000000000000000000e+00
-4.842081694701334538e-01
-7.540849011358957688e-01
-3.528026339628316244e-01
3.754649259411202422e-01
-8.448524513605114306e-02
7.394595256128188021e-01
-1.847560708383932937e-01
1.170634421525941909e-01
8.276610213766248669e-02
4.860995745739493112e-01
8.600980766339203498e-01
5.035292324642699491e-01
-1.706517716918953265e-01
5.339845661124269505e-01
3.760495192062667247e-01
-8.987973629244804252e-01
-5.462279848611526489e-01
5.637458669079251639e-01
8.039735869013819869e-01
1.000000000000000000e+00
-3.014491718198475390e-02
2.379913319509185943e-01
1.000000000000000000e+00
-1.000000000000000000e+00
-3.020772521044459147e-01
-7.562442244314103723e-01
2.486982890962473602e-01
5.492493699231817406e-01
4.554832746663695087e-02
9.196179122288172803e-01
8.444178566580289313e-01
-3.557806255844810916e-01
3.992447982292057773e-01
5.621976219367226246e-01
8.852760056876932682e-01
-5.322765508980437099e-02
1.000000000000000000e+00
1.000000000000000000e+00
-6.763196652606695558e-01
2.908432886992317612e-01
3.629130695521705086e-01
4.789317817190223425e-01
1.568180992057985057e-01
3.339660462709740513e-02
1.000000000000000000e+00
-6.279554716244655221e-01
-7.301462033900498749e-01
-2.737981079852350730e-01
-5.334704417075928351e-01
-5.508975664244942783e-01
3.204343014878695550e-01
1.541965570057327040e-02
-3.240212618008102008e-01
4.410079574647264855e-01
7.219340147907795657e-01
9.763081217205191731e-01
-1.000000000000000000e+00
-6.027247611895381052e-01
-3.085895617190931861e-01
-5.656632865729169790e-01
8.271286026653241752e-01
-1.338663776151951534e-01
5.974989108883204114e-01
8.217872098012338755e-01
-2.057773001438494842e-01
-2.050518724921029934e-01
5.082704138207732036e-01
9.344818408151152056e-01
-3.231572100274082704e-03
-7.175545510642915570e-01
-4.913849405483683430e-01
-1.132581042080129663e-01
5.639553006166116988e-01
7.094325791320340580e-01
-8.593415401956148170e-01
3.730441749819454200e-01
-6.168787581766089767e-01
8.872138822682535952e-01
2.151682561242103109e-01
