-5.227175119177646101e-01
-7.667607330263864762e-01
4.784131747757909281e-01
8.796811706958145294e-01
2.433671703190217750e-01
3.542941958463101115e-01
-3.893412154093878197e-01
-7.481910295506378761e-01
2.521417298245655081e-01
5.853581244146910390e-01
-1.615424658150443615e-01
-8.763876117528508480e-01
-3.967380916072451580e-01
-9.242849164105658710e-01
1.000000000000000000e+00
2.893851375112333479e-01
8.275044447578128182e-01
2.996576895285878450e-01
-9.582124081663758730e-01
-8.677847983582397395e-01
-9.387449577480535545e-01
4.174816546634669834e-01
-4.814925626825271032e-01
9.021356404451275068e-01
4.969947988017999752e-01
-9.509926351431740033e-01
4.756251450837790246e-03
-2.728490762136639991e-01
8.205161194043606443e-01
-1.000000000000000000e+00
-1.000000000000000000e+00
-7.146272449265157478e-01
6.915617003048418754e-01
-5.005528281879746411e-01
8.331807735200968956e-02
3.548039884575642650e-02
7.883320983684808381e-01
5.269430791857732110e-02
4.990579039013878226e-01
-3.973948503459061032e-01
8.327159869472329223e-01
-2.567329684446098548e-02
2.800738945277761460e-01
3.177790380203184273e-01
7.428167044416875697e-01
7.846047199669459182e-01
-3.986927873269009437e-01
6.941969817565215584e-01
2.621631553607889353e-01
8.244413464883521003e-01
6.933174317367007955e-01
-1.000000000000000000e+00
-9.071992900917610347e-01
-2.366971472394541198e-01
7.642375752456960214e-01
8.859583970232824957e-01
2.867231557111432627e-02
-7.048311720135970182e-01
1.812186672956575817e-01
9.150395024962898471e-01
-2.080377176816269047e-01
6.211430914782809509e-01
9.386667008529775424e-01
8.853427502455187836e-01
1.973794165516578603e-01
5.104893182921848016e-01
-4.341048852607435338e-01
-1.000000000000000000e+00
-6.091611833913510576e-01
-4.825307573081601964e-01
8.293992339759603816e-01
8.786218813698016827e-01
-9.464816918088506670e-01
9.967174015637464413e-01
3.414683641619481458e-01
4.999693234723064372e-01
-6.061588805563226101e-01
8.666180916556895930e-01
3.519007529230503417e-01
6.315111105361644883e-01
9.415634237890695424e-01
1.705367516768545588e-01
7.072342961547333218e-01
1.000000000000000000e+00
-9.726435317450442958e-03
8.083548249687790010e-02
1.000000000000000000e+00
-6.156489533224502875e-01
-9.043494077473988035e-01
9.041699966324436843e-01
9.985037834632570775e-01
7.580951328914758980e-01
5.219800738132218676e-01
1.024341568424721877e-01
-1.840979113687705171e-01
1.993024551428944913e-01
-2.969034164936762421e-01
9.830422364825307235e-03
-6.495303029505750114e-01
1.000000000000000000e+00
7.486821667554442727e-02
-8.393462834644195292e-01
7.529402077462675758e-01
-4.541718316556846990e-01
-8.173897269605850946e-01
-6.474572194621516230e-01
-3.954312698675932491e-01
-5.427631397915421152e-01
-7.282011113861534823e-02
7.718144855838877938e-02
-2.496257411920100450e-03
-1.000000000000000000e+00
-9.977843919871001166e-01
-4.799245042250092075e-01
-3.018852226511494208e-01
-4.222263114823906482e-01
-8.087221918949277777e-01
9.638513729464536217e-01
-3.751225657134208413e-01
1.024354752449154263e-02
-2.673910118462405339e-02
6.585805886712842172e-01
5.468616635735806808e-01
-8.438885715018757949e-01
-4.499300774296684513e-01
-1.601827995797764637e-01
-9.688841023180910783e-01
3.649671702394839401e-01
5.784322239863707305e-01
6.336216467207256287e-01
2.640626705694047449e-01
-1.230877069075654168e-01
9.667162864600310490e-01
4.927937237300865636e-01
-6.263954584701081352e-02
7.457779331458885830e-01
2.429010113772938351e-01
-7.562637794153695414e-02
-3.558731781305380926e-01
-1.018401996737066106e-01
1.477352290498056830e-01
9.521283053032962851e-01
1.970371052724137484e-01
-1.504663289384201019e-01
6.000843278955928506e-01
6.508703765130983143e-01
-1.000000000000000000e+00
6.227128781712203409e-01
3.080283317363531892e-01
-1.148261051146963613e-01
8.264348952323565811e-01
5.325620977044829285e-01
9.609224037181954836e-01
8.096578597425980739e-01
4.150257278671362626e-01
1.710901787115136005e-02
-8.790798889173763175e-01
2.830492126125928598e-01
-5.389871575766359835e-02
-5.444363622813133130e-01
-1.000000000000000000e+00
-2.779810801832556244e-01
-2.644523510076318695e-02
-2.911767044807548332e-01
3.637564135768027174e-01
9.776463473948777683e-01
-4.741464143590582436e-01
-5.180876531055954581e-01
-7.779613012469416278e-01
7.221039810139056048e-01
-2.684486311773555123e-01
4.933474184113390004e-01
-9.901657823023273242e-01
3.795116554846031942e-01
1.000000000000000000e+00
5.104152942829858208e-01
2.007581926833549857e-01
-5.152679053451145741e-01
-9.654550351146148346e-01
1.801623911213856843e-01
5.836332432268623860e-01
6.315863067329258174e-02
-2.500531010689125977e-01
9.670587680450959400e-01
1.000000000000000000e+00
9.192702385612963045e-01
-7.123966366574328024e-01
-5.326092320056815543e-01
-1.311526270316891729e-01
1.107775702237236704e-01
-6.951087112634416476e-01
4.554506171477991638e-01
5.428750639101135311e-01
3.157332901199739750e-01
-4.020631167284288154e-01
1.006583286158538315e-01
-1.345044953205934979e-01
-6.356696318343135754e-01
-3.263382854294920032e-01
-9.839994030690711879e-01
4.535943109452316713e-01
4.136593552956265296e-01
7.765409653980074323e-01
-5.028624013569631401e-01
6.620885644316398810e-02
3.400474808838501728e-01
7.722952416317548918e-01
4.995896103322305937e-01
7.360791343949981691e-01
5.844016395841024059e-01
9.106073754842274048e-02
-3.481922021191989902e-01
7.723138051179807562e-01
6.354291354314713092e-02
9.989223851530246723e-01
3.683855282631072481e-02
-4.489988978923632468e-01
-6.035110975664520483e-01
1.613831923394669077e-01
1.000000000000000000e+00
-6.050633944726276914e-01
3.137404352444997380e-01
2.824151132987709478e-01
8.664127822442220239e-01
9.487003948613205451e-02
8.624022219562136327e-01
-6.075060337695369350e-01
8.579084666448708596e-01
-3.819092889063265273e-01
-6.542715793092579446e-01
-6.804778310956011156e-01
8.497010026250039205e-01
4.709367034527541240e-01
1.007959278639518064e-01
9.585124676640521812e-02
8.730494989315602528e-01
3.359626835882310036e-01
7.476452210326606229e-01
1.474841352176362863e-01
-5.335670011350974740e-01
-2.506593150389368474e-01
8.624463053127958689e-01
-3.883468520899335252e-01
-2.615277850413675886e-01
4.899900945694874582e-02
-7.313807110376171483e-01
9.259014896292862007e-01
-9.898327936803761329e-01
6.690574023246687041e-01
3.452578682109401775e-01
1.000000000000000000e+00
-1.000000000000000000e+00
-7.866446378801841277e-01
-1.749896285003955665e-01
-5.408267550228674780e-01
-7.137375492502771035e-01
3.027490340071922401e-02
6.053200193568124554e-01
-8.756023909096094515e-02
-1.000000000000000000e+00
-5.454778594342302167e-01
6.469989694116318191e-01
-8.626314732201660895e-01
6.017744558670157229e-01
9.330089406695172283e-01
