-6.487461922387320890e-01
9.507579930187848305e-02
3.724077043832726974e-01
-3.246670493327014073e-01
5.609059550749685430e-01
7.371017230597824987e-01
-1.134871577953709409e-01
1.000000000000000000e+00
-7.465797540946663702e-01
6.096801118362839000e-01
1.142284571257463632e-01
-1.243657084803937579e-01
-8.865161625119656330e-01
-7.960409820402536418e-01
6.533372611663897933e-01
-5.504891330392971405e-01
-9.344381637082024294e-01
6.319280042117620955e-01
1.233119115230163487e-01
9.274645341275997712e-01
7.467112218433656634e-02
-3.540934918042362156e-01
9.682279707419310100e-01
-4.238395980246000838e-01
-8.699549924348854990e-01
4.055372079628922211e-01
4.915095591043410206e-01
-1.000000000000000000e+00
-6.689361622938650997e-01
6.249860197431483799e-01
-1.118998304116232412e-02
-3.695756810688483052e-02
-7.693617881602224928e-01
-6.412107632875081453e-01
5.330656854817414914e-01
-3.892214191119658384e-01
-1.238697505693221734e-01
-1.802705142777489555e-01
-1.000000000000000000e+00
-6.635104209428340782e-01
-4.176350992988131505e-01
-1.241676419283883337e-01
3.605971766402937817e-02
7.791970240232531930e-02
1.289649333326008673e-01
-1.074958107898977694e-01
8.186165096944079955e-02
-9.263627212783127618e-01
5.536675481181572156e-01
-3.256615063623498063e-01
-9.050903370273918336e-01
-5.936529279390428959e-01
3.392083687912634815e-01
3.462137885316312058e-01
-3.770331212300384593e-02
-8.049031893580081976e-01
7.164039245847391157e-01
3.552567194680441576e-01
4.300163975409870831e-01
-7.188338972355582390e-01
3.912837586719930538e-01
-8.389102826430918647e-01
-3.692147566257981128e-01
-4.398007310181111240e-01
1.663197690471179824e-01
9.214917590567801575e-01
-1.556082162355040821e-02
-9.742704515064296578e-01
7.712443875232430912e-01
8.114508311743537927e-01
-2.686624906596968287e-02
2.356098209562766388e-01
3.724103428818222317e-01
3.892487409098695506e-01
-6.542695767831814280e-01
8.337139406153227794e-01
8.012798694070516481e-01
-6.990984763147785053e-01
-5.167845276472450289e-01
-5.366084534010288065e-01
2.938860712254020013e-01
-4.122545080829329023e-01
-8.728187417843931428e-02
-6.359084524863668486e-01
1.869900094032710403e-01
7.329741327310079074e-03
2.493269815357458119e-01
-9.867364948351164955e-01
-8.865529486530097092e-01
-9.697058538605347611e-01
6.358565004203428073e-01
3.889366995874943278e-01
2.059961574997493106e-01
2.968475103003966331e-01
7.364487688585417136e-01
-5.754515863946454424e-01
-1.892200165250214894e-01
-4.780356695549424773e-01
5.081754304256306254e-01
2.492914922410923162e-01
-5.949232190785995744e-01
-8.053308927213252977e-01
5.995725925215131258e-02
-6.400590237098421342e-01
8.667280575194282743e-01
1.854501353525925544e-01
3.400716604192925430e-01
-7.636514372390894589e-01
9.294003376523402027e-01
8.978734341210820036e-01
8.642296622110482440e-01
6.096507465780689472e-01
7.871853266315071984e-01
6.830222071770741810e-01
-3.100048773297192639e-01
-8.029910115241065682e-01
5.130534891897137184e-02
8.569938994283513578e-01
8.919713797712303105e-02
-2.784070284885545865e-01
-5.765723154212558654e-01
8.795042627941359603e-01
-1.000000000000000000e+00
2.889557359514425272e-01
8.229243295327650642e-01
-5.405733716626337504e-01
8.357875534722638555e-01
-5.151632088041332436e-01
-5.459912713028685083e-01
-1.672230142645276807e-01
6.067003756099303979e-01
-6.640644789209568799e-01
-2.993347232922187115e-02
5.062289689988106467e-01
-3.856325417654465904e-02
-4.276954297902693103e-01
6.018011511925900336e-01
5.244616536334790746e-01
5.693851906907925198e-01
2.441928828657817241e-01
2.750118681608320070e-01
3.735739866429430567e-01
-6.020352523645443321e-02
7.696025857663530978e-01
-4.227976115275804414e-01
1.488672141472076049e-01
5.550764759607282883e-01
9.765111763779630305e-01
1.531427450749124897e-01
-6.187174749286287190e-01
-3.847363831385741673e-01
1.727013842191610915e-01
-6.722672027477116785e-03
-8.434862441533430566e-01
7.508239801963006999e-02
-2.643580273864012398e-01
-5.464936842687034835e-01
-4.658182450654069218e-01
-4.217198188665555181e-01
9.551497439117393462e-01
-1.149285819575514012e-01
4.163929487837338406e-01
-3.575799399353191688e-01
-5.416741994959144435e-01
6.220353460860152950e-01
-9.936699589545023859e-01
-7.630000033716231034e-01
-2.433988720256108351e-02
6.361001193979941570e-01
-8.766162768231506863e-01
4.094337723344276814e-01
5.038973473536707548e-01
-7.875940212246445027e-01
6.298766880427506543e-01
9.566912175974612298e-01
-4.395167463681163289e-01
1.974204544622136515e-01
1.658983475726822643e-01
4.662279206428183720e-01
5.364790573449752520e-01
-2.949852409130574449e-01
2.339945914494874768e-01
4.705045481944241104e-01
-9.142981121272601985e-01
5.673040597468899104e-01
6.799109619520037340e-01
3.960548211280358333e-02
2.126212197628165046e-01
-4.914600438868732546e-01
-2.976333035483206824e-01
7.494385865481776321e-01
8.576124565725139481e-01
2.626222780490548026e-01
-2.790965653109807598e-01
2.274907240719081236e-01
6.742819122046672664e-01
5.199235712254822728e-01
-9.039479240622062539e-01
8.570605344541784021e-01
-6.965410111672935001e-01
4.396363300985843825e-01
-2.561377015573955418e-03
-6.462391279986451353e-01
7.363320372115149670e-01
2.508141177523587340e-01
-5.119058977167563196e-01
-4.021700080797384058e-01
-4.952225933656360102e-01
-4.747482395067115224e-01
8.261104889165756804e-01
-4.314059943836477395e-01
1.209748204232350410e-01
-7.227880523037177873e-02
4.107925073125101578e-02
-8.898497561723002214e-01
-5.962804658328466623e-01
1.000000000000000000e+00
9.860157614514981628e-01
-9.696513460234301718e-02
1.492142984913827353e-01
5.853003954472885129e-01
-8.057970557244228393e-01
7.545536319318977281e-01
8.006711732962759065e-01
8.434909702412576316e-01
-6.526008409989711989e-01
5.007779330276004304e-01
7.690888087135501205e-01
-4.125971801254769977e-02
-3.942232853849961249e-01
-3.400216135514035898e-01
-7.926449005919177226e-01
-9.557951165743538979e-03
6.441152516129490246e-01
6.033005989167986027e-02
1.175915008496069003e-01
2.194484445776090364e-01
8.728468889820673038e-01
-7.787372684363025321e-01
-2.855945350025028695e-01
8.176569783807841052e-01
-3.734035254174155050e-01
2.050291278870431388e-01
8.477572094476666376e-01
-9.006313402862060613e-01
9.283929282321998766e-01
7.580315189602951920e-01
6.260821246303152066e-01
7.665308104233423681e-01
-6.056020319009468578e-01
1.000000000000000000e+00
-1.136332436140130575e-02
4.913135301440225700e-01
-1.423464343008953581e-01
-1.271460417046271774e-01
-9.157782022145513068e-01
5.379718783215016176e-01
-1.000000000000000000e+00
7.602314001873597960e-01
-4.287066161444474943e-03
9.525932520998225961e-02
2.077280379091711593e-01
6.980666639171043686e-01
-2.166038586366536844e-01
4.328675837429700746e-01
