1.507878787915180041e-01
-7.141519428323145346e-02
-1.000000000000000000e+00
3.252318965726338496e-01
2.434180160921064762e-01
6.530756473360097569e-01
1.000000000000000000e+00
3.383584830620872674e-04
4.966962903057435819e-01
9.299844146795962496e-01
1.615021445246921372e-01
-9.119842954786452349e-01
2.175335893347840610e-02
-2.152566430874169878e-01
-8.569518370026409926e-01
-1.275681973790455670e-01
1.174884113597251256e-01
6.599535660243894819e-01
-8.240927050535278298e-01
-4.633813111286458342e-01
-1.000000000000000000e+00
5.393320001163608435e-01
3.505713095288444381e-02
-5.173882952900673571e-01
7.487847965893861257e-01
2.770363251825906925e-01
2.296308748470534677e-01
7.981460460487442565e-04
9.231244060132071105e-01
4.097463171987139052e-01
1.000000000000000000e+00
-8.215573242349796246e-01
3.633252547148670963e-01
3.889383371014011326e-01
-4.427178612009468051e-01
4.537231185399006050e-01
-5.588771947106494498e-01
-9.334895479705842547e-01
6.407667134798460395e-01
5.337532071996757832e-01
-4.470763456002049829e-02
2.173948533625431612e-01
8.968566720704156392e-01
-9.955787752951963387e-01
7.180151911180874258e-01
2.021412756110433917e-01
4.448926925159744084e-01
9.283855552576147918e-01
-4.397088384998707467e-01
4.080579348739759027e-01
1.956037855983476792e-01
6.711795965744257741e-02
3.941534937581748776e-01
2.051514848746655850e-01
-3.404556582091440298e-01
-4.441509240110634305e-01
6.123045920227365713e-01
-6.432226368599476274e-01
-4.488906589310053818e-01
8.487465996593623885e-02
-7.563226815029617800e-01
-7.456405624321431613e-01
-7.231434810154566684e-01
8.551205623842276227e-01
-9.764569183919667994e-01
4.884776074533818679e-01
-4.369824022287399634e-01
9.007857960925655938e-01
-2.722210631910777501e-01
7.102005934469920456e-01
7.483034827787640175e-01
-7.253735867807540316e-01
4.427997017814570557e-01
1.675277062916435966e-02
4.337759741230209354e-01
-3.965890363291624254e-01
4.097124002428521594e-01
-6.732753725292157654e-01
1.640229237274222485e-01
-7.631966836372983121e-01
-3.699445957427978104e-01
1.551808998356829505e-03
-6.635562382940146664e-01
-1.960311864010624294e-01
-9.110139906539126420e-01
-8.692722049034202758e-01
5.008598410785150001e-01
-2.389052613069280462e-01
2.680499241791618470e-01
3.129097671906118094e-01
-1.498032384048569032e-01
8.130364108386217703e-01
-1.923723692535923846e-02
-3.848352803829426794e-01
6.056628667262298205e-01
-5.129867687491389272e-02
6.106335464095062893e-01
-7.937855501919521828e-02
4.733187286740307420e-01
-8.137357001448992655e-01
-5.019426727231220964e-01
-2.853642079638643025e-01
3.176459507813415017e-01
-7.988858813010696336e-01
6.915911347922909513e-01
-1.621402822083387596e-01
-1.000000000000000000e+00
-4.111909977594672139e-01
8.916374441845216214e-01
9.140702575285847287e-01
-9.587227983554833521e-01
2.051212657841998688e-01
4.690334076048772172e-01
3.530139172168868522e-01
1.313802583312682626e-01
-2.880601913505560496e-01
-5.890014788989708094e-01
-2.951373735273625787e-01
1.470630432208663851e-01
-6.666681365803348580e-01
-4.645499760360348451e-02
-7.158777333932857534e-01
-4.213730355135671957e-01
-6.322910536291181938e-01
6.502683189395441765e-02
1.099723326815753577e-01
-8.318596679840456476e-01
4.932547640697063085e-01
-3.715035043403911996e-01
-8.962274387886823845e-01
7.052134397491440776e-01
-1.249384530493304057e-01
1.911402743699676943e-01
8.207760570959863333e-01
-4.558778483293939032e-03
-9.645548912873654068e-02
5.916546555904395044e-01
7.764126582852229896e-01
-3.658349944794911934e-01
9.978991514360122661e-01
-3.963927475319990457e-01
-5.663692606006887065e-01
-7.634299807350715117e-01
-2.831363454488611264e-01
-1.428941916300207893e-01
7.619208461257376275e-01
3.840563624805979903e-01
4.037213930974610232e-01
6.991255517283438969e-01
9.550810013493998829e-01
-8.329473192558511929e-02
-7.637959587129888872e-02
6.642579679039085916e-02
-9.810202048290366239e-01
1.000000000000000000e+00
-8.937048603096865440e-01
1.115975943047639862e-01
-5.157514174186371703e-01
-5.329472923862050848e-01
-6.649716642522323085e-01
9.347559842085904902e-02
2.498476985204090006e-01
4.969155631063770784e-01
5.825137521915141336e-01
-4.248841988819931914e-02
-5.436146005381520263e-02
-4.976233469633062345e-02
3.991478809876408684e-01
5.082059449910457660e-01
-9.675996761947945890e-01
6.540466653846078726e-01
-7.799075138788112982e-01
2.055164339546998731e-01
5.499925028754085732e-01
-1.235700726773820701e-01
-2.118665533871403328e-01
9.393151958730837636e-01
6.872057399087854179e-01
9.280439229290261549e-01
-7.438484887328322692e-02
5.861019409876688790e-02
-7.526624410350004624e-01
-1.316774383337768195e-01
3.860825617253839659e-01
-6.217822196130047274e-01
-8.749304213823468901e-01
4.800981686988095021e-01
-5.606237064227931333e-01
6.915197262835859338e-02
-4.229782448986608712e-01
1.186397908320462879e-01
-8.335957451873213797e-01
-5.044530261997686171e-01
1.000000000000000000e+00
2.835109542858247345e-01
-9.421499323369292300e-01
-7.189572118920195543e-01
9.907499455950737888e-01
-1.166770469150078954e-01
4.932031691588326106e-01
9.367129160142485533e-01
2.746847963648218482e-01
4.437850171226482843e-01
-8.410851218381574235e-01
-8.264509557516985794e-01
6.190929145003722933e-01
-7.040043029309895894e-01
-1.851078536631828309e-03
9.679493605916467125e-01
9.411057166592591283e-01
-3.592306454624156764e-01
-2.819322877133199068e-01
3.751374898130660496e-01
8.736971125071752997e-01
-2.929916575880370799e-01
-3.129279805287529803e-01
-4.359820432180118166e-01
2.839206262754132015e-01
8.143118392747394907e-01
-8.611677430795011690e-01
6.539380356820074791e-01
9.956647861938225930e-01
5.999894399602183626e-01
6.474627887067739840e-01
-9.548443056402203255e-02
-2.549547736662566289e-01
-4.402818758300985902e-01
-1.325568101600309023e-01
-6.377043919338428735e-01
-4.483897918402957039e-02
-2.000047455573532584e-01
3.550000486962855417e-01
4.073623624270383270e-01
2.852289718068592439e-01
-8.575700490834904377e-01
-5.602090821575769208e-01
6.704927768621036233e-01
4.086918956489319354e-01
2.845623106037575845e-02
-9.568518784405697364e-01
4.368356670107695350e-01
4.795545280542564681e-01
-2.979871122458997990e-01
2.326792513060704781e-01
-8.496768255058818609e-01
2.850431402177919793e-01
7.023039962223751598e-01
3.982858562127309376e-01
4.593978377788286022e-02
-5.065624860971419396e-01
2.134536897150904888e-01
7.037321769350581846e-01
-7.250367123012169124e-01
7.799558317435293375e-01
7.126856755772030816e-01
4.816593065608232305e-01
1.844453240816730233e-01
-3.459096647584883333e-01
-8.746104509322549792e-01
-3.071719388208307144e-01
1.360363656372957641e-01
-5.052119904983274346e-01
-2.854004434845445193e-01
-3.937520998636956926e-01
-6.960658737519298533e-01
