-8.774859536966557183e-01
5.226332313308157396e-01
-1.384862194431738525e-01
-5.523379723218538873e-01
2.511835460261604980e-01
-3.653567417422793340e-01
-6.653581071181319251e-01
3.357517604888025087e-01
4.466861621663514859e-02
-5.071406246636868120e-01
4.328081429295889127e-01
-3.425022071222363351e-01
-8.127958875948535500e-01
-4.771580766379469596e-01
3.138153307847858509e-01
-2.117296476493837343e-01
1.000000000000000000e+00
-6.250144022539252386e-01
6.251959483452079747e-01
2.409043372097223745e-01
7.612885638509658826e-01
-6.044342969670709609e-01
-5.511772399766192709e-01
1.333737759916588939e-01
-1.000000000000000000e+00
2.516084675833178408e-01
3.030643325963418011e-01
3.696650789557824890e-01
-5.321028149374360527e-01
7.264062242412653303e-01
-8.612028134172313720e-01
-1.810824005082318777e-01
1.552641301099169091e-01
7.158758044200741466e-01
-6.523819478371017944e-01
-2.228075191354977891e-02
-7.116837142757825863e-01
-3.534429707956765476e-01
-7.888641521201528173e-01
5.303171275902519577e-01
1.799054963118951189e-01
7.516105669645067877e-01
-6.671077614991998139e-01
-7.988436244266077235e-01
7.907836345928995758e-01
-7.935412660691162912e-02
2.157055368120087413e-01
-9.135786425950747081e-01
3.592842150370426646e-01
5.518268559765686643e-01
-7.039795717865099389e-01
5.478010289708155067e-01
-7.497605125102194679e-01
3.453458365204806757e-01
7.196318728367687712e-01
2.493269886472278540e-01
6.481404372955787974e-01
-3.239457317955491966e-01
-6.932140675515544581e-01
6.453282689700778896e-01
-3.905420487979667787e-01
1.158111412820268527e-01
6.343739694234479254e-01
-7.891712423019819900e-01
-4.916371533473956612e-01
5.980215210860824193e-01
-9.094194739551317852e-01
-2.590776579033411409e-01
1.738587263398470029e-01
-1.176522183362066487e-01
-3.794344029432283882e-02
2.094138638436280342e-01
9.458523612809199843e-01
9.858924686112913172e-01
4.026512853759364186e-01
-1.213235982069450353e-01
4.308286804432459594e-01
-2.392362675609037148e-01
2.695565234544480271e-01
-2.915376127920331073e-01
8.606410624399607467e-01
-6.117534002670331761e-01
5.086519274891467823e-01
3.966303465429368846e-01
7.158125131932357998e-01
-3.803834936737022776e-01
2.969735777109110964e-01
-4.605344232141119765e-01
8.953293824370868181e-01
-2.079349667436603266e-01
-2.705292533652715048e-01
-2.913801550691793585e-01
-8.756968056059784011e-01
8.177858465865073256e-01
9.413565787087652126e-01
-7.429846337253221966e-01
-7.907565441898274372e-01
9.582311680104828311e-02
2.838912160274440488e-01
-1.102127789598517094e-01
6.373137939068339586e-01
-9.282210280727574148e-01
-1.659702802546797196e-01
2.977972751623745307e-01
2.928587579431627397e-01
8.037505554250647943e-01
-9.413246553253014071e-01
1.232939706229081445e-01
8.419631307068965453e-01
3.637879502974551427e-01
7.239402203866922569e-01
-3.395227862813912090e-01
7.861430575725769643e-02
9.698964508408509655e-01
-4.758449852673244385e-01
-7.047910979605866988e-01
-2.245945613112107220e-01
-1.884863416713425388e-02
8.347767512813758506e-01
7.584959966318507441e-01
-2.329872103876025613e-01
1.889489797543363048e-01
-3.441207953006360509e-01
8.048606884937499206e-01
4.385662275584892300e-01
-4.442592097297364262e-01
-6.854574144878435860e-01
-8.279451165725101869e-02
-9.117762258293561350e-01
7.170183605127906645e-01
-5.939814149334099458e-01
-6.527806679440465443e-01
4.225146699667268191e-01
-4.363792531528574159e-01
-6.233316399282275988e-01
-8.321742817133016556e-01
-7.417510588144069494e-01
-4.214301706751710785e-01
-9.023551114706808152e-01
6.364912333136856226e-01
-1.036001686007281125e-01
-8.926111521541266747e-01
-1.370496558902160045e-01
3.002526618395917613e-01
3.553467579211221916e-01
6.809900076164070448e-01
6.528514604617937644e-01
-6.693039288389548425e-01
6.098058709979454761e-01
1.061176934582167553e-01
-5.351648936714971105e-01
1.623713874958371828e-01
3.970971900732755966e-01
7.177590896008807508e-01
-7.092615571862147528e-01
-8.426410407416923265e-01
-4.113549328625076829e-01
-1.484569189221884300e-01
9.702937669227728046e-01
1.723461133862407291e-01
5.554932702118449139e-01
7.161146949129823525e-02
4.225625007739972627e-01
-5.712446760817150304e-01
9.225248107642518569e-01
-6.868386728781374906e-01
-2.405977936316154309e-01
-5.391931712617981098e-02
9.889487624031866320e-01
-1.780009782031795607e-01
2.889188910833583313e-01
1.483343041098884041e-01
-5.136930607295810969e-01
-6.831677420386327304e-01
-3.764812743461017908e-01
-6.481120312771488923e-01
8.060838583420606440e-01
-2.090065167675535240e-01
9.029767334570542037e-01
4.767575938673495606e-01
3.577129413574842709e-01
6.975115220102282021e-02
-4.484051948340650462e-01
3.884103097158537743e-01
8.439936227820632464e-01
2.679412295216833106e-01
6.541091211129155258e-01
-4.031300531067399939e-02
-9.546073561556087661e-01
-5.744471574357785659e-01
1.374834767539560576e-01
-6.153803665045567417e-01
3.843628281794697621e-01
-1.886764894134625448e-01
1.070509719652429081e-01
-7.612590523110185359e-01
5.577459596569946942e-01
-1.000000000000000000e+00
9.285026788560309108e-02
6.167863119037715336e-01
7.156356713553656546e-01
2.426328158833735565e-02
7.405651194979184782e-01
1.320222862265166552e-01
-7.719699592608675331e-01
5.330458035201707245e-01
5.998011159140048676e-02
-4.191424152444844786e-01
5.476039847590652432e-01
2.293918866671622592e-01
-7.588532574453239476e-01
-8.548909260537491672e-01
-5.296451708700675720e-01
9.052351005708501042e-01
-1.358957850752779417e-01
-1.807757235422886577e-01
1.159627432081316439e-01
5.562128131848766976e-01
-8.071695180794432600e-01
-3.652619888830720973e-01
-8.290170329269547222e-01
2.867588042366467915e-01
5.644457627206819206e-01
7.377579828489767566e-01
1.980674929244362892e-01
9.509911074540554621e-01
-8.427141265871537223e-01
6.734659642832531157e-01
-1.204208768442902033e-02
-9.959039520332515494e-01
-5.625153253974137790e-01
8.542938603705796385e-01
5.231988220555547908e-01
-4.673596963595032516e-01
8.387196087505133235e-01
7.701464242483849754e-01
7.488158468998852291e-01
7.776288712245238433e-01
-6.039168697381913642e-02
3.732159622648783537e-01
-6.166291592139296895e-01
-5.397602195443820250e-01
2.574038331643921373e-01
6.795734742796508687e-01
2.127603848082374738e-01
1.101195916655529905e-01
1.939217939968905235e-01
7.975160189972358982e-01
5.949804287356090793e-01
-4.485443169554321763e-01
5.504752508661512334e-01
-8.562743841948032841e-01
1.743192951341583363e-01
4.280895823920995991e-01
8.529226756004876231e-01
-6.796850351787832034e-01
3.843006015000156594e-01
1.379489009630313623e-01
-4.414099228091906968e-02
-2.450956215560796680e-01
-6.397831946178953455e-01
-5.040074704914826453e-01
-2.685196821849317184e-01
5.214188872935243690e-01
3.366228566601958683e-01
