3.328714031436433851e-01
-1.888251270511922542e-01
-1.580967153220824706e-02
-6.848811625090754918e-01
7.659115406778993496e-01
-3.043955055431817325e-01
7.273225236211589007e-02
-9.474659494975343765e-01
-8.298008633350776320e-01
-3.341828156311958953e-01
5.615852586413132563e-01
7.729128277110890455e-01
8.509389059147921541e-01
-4.805511717745665212e-01
-5.005936216775308534e-02
2.555555043394397430e-01
-7.853092486311636922e-01
-1.050788664904725722e-01
-4.922260444643562494e-01
2.960736194429853807e-01
-5.615652486709172830e-01
8.894664799741056616e-01
-6.285933697562786637e-01
-5.075965196635567889e-01
2.871049574337720678e-01
-1.493306166824643899e-01
5.844239734532368225e-01
-7.437912779486735015e-01
-5.185765964144621876e-01
6.276847201641886365e-01
1.496322393902473902e-01
-1.584826823722511602e-01
7.922909388368766237e-01
1.883852659932521156e-01
6.830155992685543742e-01
-6.174221892092823794e-02
6.989635431124150422e-01
-4.599117372880918708e-01
-4.577087384509859191e-01
-2.678942071908983064e-02
2.529999111337037920e-01
-7.396647937603388900e-01
5.742412946288890652e-01
-3.532981778091358604e-01
-1.428741284832581171e-01
-3.752228071551682587e-01
-5.703445187717706144e-01
3.270293469355681770e-01
1.941641185292337646e-01
8.789007159149131443e-01
-7.665628324077651268e-01
-8.772217457625246517e-01
-4.401035032494386989e-01
-9.068016495615434103e-01
5.300831545596125238e-01
6.816797424874512235e-01
8.302641887962174394e-01
-1.615710235173924147e-01
9.417685554339716436e-01
-8.189767187329373144e-01
5.394540133861738251e-01
-9.389139394530980898e-01
-6.667427440034490171e-01
7.804239128380393575e-01
-1.077053225001916026e-01
-8.071160533596184461e-01
6.171179459620810270e-01
-4.069483353612843857e-01
-6.553339041844563617e-01
5.640563355098805465e-01
-8.705196008313462741e-01
-4.509919536331594703e-01
-6.992305888108281131e-01
-8.259525643329368449e-01
-2.137395708288415408e-01
-6.022700480174352222e-01
-9.432202702227427960e-01
-6.133785016556585479e-01
7.354560574993755928e-01
-9.772171071205322246e-01
-4.803850133221230223e-01
1.810675295843985622e-01
6.091888671355125684e-01
2.028571672321954344e-01
6.301580213370608918e-01
-7.939108040522162568e-01
-7.182906301059335807e-02
-6.630162188410604340e-01
-1.736739373794529140e-01
2.134925414883082073e-01
-1.061229372986467190e-01
-8.974109107271965868e-01
-2.600202879990333171e-01
5.708960011752834962e-01
-2.182023626700662078e-01
-8.660970507374030625e-01
-5.711253150264763434e-01
3.433251474553178362e-01
1.535098068430593155e-02
-7.993891594755437868e-01
7.906070355866364752e-01
1.833602579196969007e-01
-5.373590946470668817e-01
-8.271104244712985665e-01
-5.896078790019365634e-01
-4.762845097497484526e-01
-3.566582364416484019e-01
3.917960491836267600e-01
-9.599405124429933878e-01
4.729648904175847157e-01
-1.416679910031401202e-01
-1.841981831580046247e-01
3.796684327092315070e-01
-8.650010781608827859e-01
-3.158175832764678059e-01
-1.367104212193628321e-01
6.994513633326057689e-02
6.204932841948078703e-01
6.514661198003783849e-01
5.025704893289530961e-01
-5.773823802977218200e-01
-2.351135449396840604e-01
-6.532436751814350018e-01
-1.269377855661282251e-01
4.341438045801805368e-01
-8.031571036066523783e-01
-3.630521755254960681e-01
-4.097269945743684527e-01
-8.603496271107011761e-01
-5.295383394245598563e-01
3.600681098056557339e-02
1.974037145138193006e-01
6.835120220049095696e-01
4.682668978408657257e-01
7.989399496074240936e-01
2.376856365348218869e-01
-9.147488577740624516e-01
4.799518711902535095e-01
7.727765312570316070e-01
1.363029951713179422e-01
-1.574651152849821933e-01
1.679187185699256013e-02
-3.145668114968123152e-01
9.714281660930306206e-01
-4.034862024097987110e-01
3.078383714538687754e-02
-3.985928728886345418e-02
-2.152002802517773983e-01
-6.799623319713279379e-01
-6.065375403612219829e-01
3.917032173549310770e-01
-2.564392777778718990e-01
3.285777945761474417e-01
2.899618879979632968e-01
5.106249842459003041e-01
-2.342385540130741406e-01
1.849813124542908360e-01
4.520173347031872790e-01
-9.251860648600787052e-01
-6.760472329005202674e-01
1.819214561905911354e-01
-8.511255768779224518e-02
8.940023083845194396e-01
1.495328531404371830e-01
-6.545710636793831139e-01
-3.325763499917033794e-01
-4.362502937468262232e-01
6.499497170804773294e-01
-7.298998162069072482e-01
-6.606978202585025439e-01
6.850109104046995245e-01
-8.975588618896936932e-01
-6.098455631800132615e-01
-7.210237408987635321e-01
-5.473387840830412632e-01
-7.809094482057707953e-01
-8.260808790042962757e-01
-5.264801167724271203e-01
7.699595331558792832e-01
7.026954541459053960e-01
-2.909668391523001496e-01
-2.481081131340858725e-01
-6.423544554249348559e-01
-6.107127084003183271e-01
-4.781038643837669522e-01
-6.519925311891998643e-01
7.339390453459473385e-01
-2.693911187011351904e-01
9.530832537187292619e-01
8.017193852276318644e-01
-2.634490207592714572e-01
-9.371676515822966458e-01
-4.255392487924896106e-01
-1.151166544577433282e-01
-5.558350865822148101e-01
9.112988595138626913e-02
5.628962882989356764e-01
-3.019757574363597930e-01
-1.469287981645910901e-01
-3.396664490073888487e-01
5.477035013786664130e-01
-4.989263310437959120e-01
7.682819972746370851e-01
-8.391160038070295535e-01
-1.632338828011326015e-01
-9.931858285007505449e-01
4.361997118106219484e-01
3.069890533398197952e-02
2.294411744616996485e-01
1.767797851180172852e-01
4.063470927624446283e-01
-5.664265126738010636e-01
1.065833482486868711e-01
2.012621374363062210e-01
5.021823624146359855e-01
9.853288181199770790e-01
-5.436807373814744881e-01
1.891250451464414617e-01
8.894662803165773735e-01
8.778309050236542399e-01
-6.486543021468762493e-01
8.982956273263287272e-03
4.767882029128225341e-01
-5.474194433215111566e-01
8.814143408896715215e-01
-2.849644209315007615e-01
-7.982469161656620127e-01
4.189780081028058323e-01
6.125681076695121963e-01
-7.964849395901290041e-01
-5.955344091147420915e-01
-6.517757602118705584e-01
-1.263279829197043735e-01
-3.496398792697430480e-01
9.124362652314070843e-01
-8.793840281099654099e-01
-2.934017017626702195e-01
-6.329916509014213988e-01
3.238001389786875350e-01
-4.505258892030636342e-01
-9.380102825925730192e-01
-1.865459005174552320e-01
-9.305933101849614419e-02
-1.948990391073917028e-01
6.515496811049593662e-01
-7.098059524714753765e-01
2.178803277910346115e-01
-1.008814689664346398e+00
-4.874748591262983988e-01
6.807228217307367824e-02
6.793255030372248315e-01
-9.618551843431561998e-01
6.896152017083558849e-01
5.260632430873868337e-01
-7.591723653859794307e-01
2.702256531145713070e-01
5.146550923497772434e-01
3.869397468487620895e-01
-1.074876994618925719e-01
8.012857561813957474e-02
-5.641019043531509958e-01
-4.834668521654528206e-02
1.090817694911399904e+00
1.246315848439030621e-01
-9.574608658825916052e-01
