-3.882491914611569950e-01
7.578091450176012156e-01
8.284094881161738755e-01
5.970256717775155320e-01
1.000000000000000000e+00
1.000000000000000000e+00
2.326417775704038016e-01
-6.908357347691485018e-01
-3.618461206571840227e-01
-1.566829028378137201e-01
-9.366395189996579163e-01
7.677590413219460563e-01
-2.284807861253498884e-02
2.336019096568338338e-01
-6.785370834564944387e-01
-6.847884740395702163e-01
-6.060798981948689601e-01
-4.556882537773554454e-02
-7.111611242004357569e-01
-1.000000000000000000e+00
-5.772166537906240347e-01
5.951615542378361212e-01
1.226325161219442572e-01
-2.545837983671921934e-01
-9.428704658623862089e-01
-1.846009284933509131e-01
-3.384499844128470158e-01
-6.619005132000934655e-01
-6.377696079838824916e-01
-8.049958558215377646e-01
8.927333104810523112e-01
9.252014816020045496e-01
1.104018177423237990e-01
8.799391779240648415e-01
-7.709779299015603327e-01
2.908761660688844591e-02
6.987011832473017936e-01
-3.805435038775105694e-01
-1.520250614926367816e-01
-1.066015247440764840e-01
-6.177542587746935876e-01
5.791360329208237179e-01
6.496072257033298492e-01
2.384591810044101035e-01
6.736422832032347152e-01
6.126422453655803180e-01
-4.353507458209183723e-01
5.223501367453808886e-03
3.423206039769464137e-01
-7.912464503997557186e-01
-3.952384710555483238e-01
-7.116107152344411380e-02
-7.102051258317989557e-01
-2.675171368469422828e-01
1.000000000000000000e+00
5.398949687378766793e-01
-4.039138594415526695e-01
1.000000000000000000e+00
-5.870754291750077680e-01
5.863627022733955974e-01
-5.257965310412772153e-01
4.079272405444145377e-01
6.049921363865757851e-01
6.044199344336820962e-02
3.098004940847766675e-01
-2.996111355786914010e-01
1.909926688574165032e-01
9.623925772380867993e-01
6.342087649237103664e-01
8.591267603423313748e-01
-9.252188810213350934e-01
-2.858907821175922237e-01
-8.853050203336215729e-01
-8.865326252742442570e-01
8.278400037974701364e-01
4.427357644592484487e-01
9.263493379641376535e-01
-1.271366280925648740e-01
-8.421652701886626069e-01
3.385668315202221001e-01
1.000000000000000000e+00
3.584019507884483868e-01
-2.183344652489173365e-01
-7.655385499630383839e-01
8.719407102136604859e-01
9.064210720166511193e-01
-6.093528947705193488e-01
-8.234065377639908645e-01
-9.607184915514900558e-02
7.327027432371202575e-01
-1.523011160683051257e-01
-4.233208646140910192e-01
1.319579397877298776e-01
5.047352071596057366e-01
6.081735774917196302e-01
3.373839407924120737e-01
-7.530649324778903031e-01
1.000000000000000000e+00
-3.919710251869647499e-01
-8.121322905221431410e-02
-3.860261026688857067e-01
7.953259997054822339e-01
-6.984690343594107675e-01
1.086557500771035412e-01
-2.099438632931431015e-01
3.697539351620631187e-01
-1.153982576168479518e-01
2.603984040538474543e-01
1.930099713774270365e-01
5.847944528912666362e-01
-6.905519840449843016e-01
-4.045451075279804520e-01
6.827292509311819746e-01
-4.179893355731103544e-01
3.969680561921464790e-01
-2.632056215031643998e-01
-8.721926943131380616e-01
-4.832421755602186453e-01
1.000000000000000000e+00
3.285366292302729363e-01
-9.488650635352881002e-01
-3.611262430313515459e-01
-7.595537268036564038e-01
-2.299316438800422246e-01
5.570963756995152977e-02
-7.942032837677514001e-01
1.032845467378643162e-01
-8.350910166511696930e-01
5.928382282395636693e-01
-1.255886595579019938e-01
6.513629930506692478e-01
-2.637704129251561280e-01
4.363561637167077123e-01
9.458180252043211222e-01
7.340492245329708343e-01
-8.502700614592213491e-01
-5.228044745857447079e-02
-8.892158429874715830e-01
-1.455538479255710504e-01
5.206112109706414470e-01
7.394061895141887941e-01
-1.283397045532678193e-01
7.381607341632723251e-01
-2.646855517555291581e-01
-1.437629182022439334e-01
4.407529071791943531e-01
2.100704334782594607e-01
3.249208335496467370e-02
-5.312614783612915614e-01
4.924159932174390075e-01
3.042922735000216927e-01
-4.355324294109613747e-02
4.148943926492101308e-01
-7.185396724065666874e-01
-1.000000000000000000e+00
2.422954102728030468e-01
-7.364389573275942347e-02
3.162806536670577096e-01
8.644583984817988398e-02
-4.923710212751095661e-01
3.011537916017957284e-01
-2.476694493880278181e-01
-7.396846847807973802e-02
-1.291618882248987688e-01
7.416164105385320005e-01
-1.757273194420558293e-02
1.517282866675523922e-01
-9.462582100163624554e-01
-3.111779399754299735e-01
-7.088781303968971770e-01
-6.683394087666179040e-01
-6.016169521055383385e-01
-2.905479637911720925e-01
2.676426505186471072e-01
-1.634337483191153351e-02
-6.604287931917125487e-01
5.852745540959874981e-01
-1.661008979545401110e-01
-2.627722289208765938e-01
-8.928597312910010464e-01
-8.225524342431936864e-01
-9.045010701313836998e-01
3.920888118746383433e-01
-1.716626406491404966e-01
6.079367658031067378e-01
-4.463076634384933739e-01
-7.339218954502300107e-01
-1.117338748803652360e-01
-8.784369213766353157e-01
-9.012831786615231877e-01
-9.555422599154309582e-01
-5.509089039275314459e-01
6.793062196194047386e-01
-7.018488622208204353e-01
-8.858885525309910525e-02
-8.079489896558060824e-01
7.198735150935713367e-01
-6.411822108239999540e-01
-3.173015325572088319e-01
-2.093264215812155604e-01
-4.212488619312907967e-01
4.740295314903034130e-01
9.987878385913244728e-01
2.906312027949681243e-02
-5.289308950178837065e-01
-9.410604991285573817e-01
-8.128700539679509784e-01
4.676902868611126363e-01
1.974700524214360875e-01
2.513839140368399616e-01
-3.358698378806906915e-01
1.000000000000000000e+00
3.549670656406578861e-01
-4.402329459034395875e-02
7.676908749195902049e-01
-9.060151628055483908e-01
-2.175488297418501360e-01
7.031353563141936602e-01
-7.594315185874230822e-01
4.302102047111759364e-01
-6.124681672172072044e-02
1.000000000000000000e+00
5.793116260987689614e-01
1.000000000000000000e+00
6.875389283045796329e-01
2.344671313592477935e-01
4.222041765045210504e-03
-1.341970343318635295e-03
6.536132031813131071e-01
5.053795172861750284e-01
6.801985461626143259e-01
-6.295774796280015906e-01
-5.597822752729245677e-01
1.225190596791570774e-01
8.631181649547424728e-01
-9.261522016172316074e-02
-9.189599628798872377e-01
6.610838455409993042e-01
7.576279253847957307e-01
5.535248248302566676e-01
-6.360676698979808030e-01
-7.352948214959658113e-01
5.394470527145295291e-01
-1.481201183415593314e-01
-5.088135218945035732e-01
6.467228621551981416e-01
2.641103565332941772e-01
-9.623074973912921770e-01
-5.133368614950706288e-02
4.149161015145916287e-02
4.708848098613823141e-01
9.740435828627966863e-01
-5.092660706517860847e-01
-4.811987148004865933e-01
-7.511212833167513203e-02
-9.080352737152276310e-01
9.229916649266487472e-01
5.055931403146898262e-01
-6.286670759321921764e-02
-2.475153304613891270e-01
5.083413928593916165e-01
9.024897648392253835e-01
2.740337781384018512e-01
5.395401474409318165e-01
1.000000000000000000e+00
