-2.219645051369843747e-01
-4.066329177072006695e-01
6.964792923046907447e-01
-5.596061031953315501e-01
4.065723826629397131e-01
-2.034301235559352050e-01
1.014417616015879375e-01
-2.996373954314723864e-01
8.367422123843488713e-01
9.684537635885918094e-01
-3.206959272748788337e-01
-9.149749352848791650e-01
-4.943490191321966987e-01
9.068298673522555697e-01
8.383602186974207227e-01
-8.451693425072011046e-01
-8.775163842766118272e-01
-4.411169315097884791e-03
-9.849206394197024261e-01
4.643555710428693972e-01
-2.046285971066911513e-01
-5.783969475159604912e-01
9.715493177148786241e-01
-9.333118983339433461e-02
-8.563064405275984114e-01
4.522438894851140700e-01
7.864425654054352233e-01
4.237838630469689671e-01
-5.828356918651478313e-01
4.832180046939602014e-01
-1.005864006837489111e-01
-4.396729659965618042e-01
-2.785220054447309357e-01
1.617969204054316990e-01
5.585942025209817974e-01
3.475728085032159242e-02
-3.968726970222002937e-01
1.674315969277031246e-01
4.797550234081412457e-01
3.504473481074911745e-01
-3.463551607400870425e-01
6.943778470567220085e-01
7.639014746796937150e-01
8.005569141844859349e-01
6.842998692993021992e-01
-3.658768696606604642e-01
-4.009157712005140262e-02
-7.331357825749533763e-01
-7.359969765508002082e-01
-3.406250382446265323e-01
2.492308954551112343e-01
-3.396409535791793943e-01
-1.307557550174949235e-01
2.834595062643630037e-01
5.515553310087581984e-01
-3.838166988110003341e-01
4.456002188564507360e-01
-8.217597497592044054e-02
-5.330038602971488571e-01
-2.371515085614234186e-01
3.951069373818598685e-01
9.609922836176705285e-01
-1.665417425563982812e-01
-1.000000000000000000e+00
1.870562741345380697e-01
5.416814926715447509e-01
2.911775759567846178e-01
9.847869814982887493e-02
6.113729733452963888e-01
7.262991571257311207e-01
1.757491872373356800e-02
-9.287808419640672941e-01
-2.529202921615225641e-02
8.585513198956264969e-01
-7.818340147625548742e-01
2.289808430227808361e-02
-8.324628006312646544e-01
2.145333217870117881e-01
4.389029738658821733e-01
7.183893651655355594e-02
6.823522164663221590e-01
-4.713931916033048397e-02
-7.773498746817231186e-01
-5.529052127979019460e-01
1.000000000000000000e+00
-2.756156645260636751e-01
-6.741617051868489252e-01
6.206788585816459536e-01
-5.021616988740631449e-01
2.143493539960047711e-01
8.606726628992363848e-01
1.000000000000000000e+00
4.677082345060425417e-01
-5.263390070662592457e-01
7.489904720068949473e-01
8.630668932102376623e-01
-3.618404980864950993e-01
1.859316256435398773e-01
3.116551946701974218e-01
-9.656466446537381731e-01
-7.733507789836382429e-01
-8.519506212083963748e-01
2.613992545998912731e-01
-9.045475998096779158e-01
-9.385953805050566423e-01
-1.461646078205771915e-01
4.292738956448144405e-01
-1.049193575134664685e-01
-6.303849951932249951e-02
-4.762604071112963577e-01
5.570797203639110684e-01
1.772144689407020302e-01
-7.533381740185192132e-01
-3.064215123988849321e-01
-8.036916228955958141e-01
7.534586109715493696e-02
7.490288769045909678e-01
-6.925615153373062549e-01
7.593137781214716331e-02
-8.355150692246523514e-01
4.288535819712003261e-01
8.543710836086655380e-01
-7.386214553185036502e-01
-1.359275797306208899e-01
-8.394178310021054301e-01
-3.381509127286937838e-02
2.292456408581388383e-01
-3.877787048097375844e-01
8.333657347370357904e-01
6.268264556408895682e-01
-9.205987720906304572e-01
4.725369790057660779e-01
-2.391839295512712127e-01
-7.107975167643231229e-01
5.347431526486645659e-01
-4.545897839959919806e-02
2.461076100489116847e-01
-2.233940414621339576e-01
-2.214741158407261892e-02
-3.137486158983815998e-01
1.896148392697388219e-01
1.256284537567469162e-01
9.403661563905604814e-02
-7.164381386454543588e-01
-7.825053005024118491e-02
-5.074971670611531094e-01
9.191569964761270306e-02
3.395101711477922501e-01
-6.637444927264042338e-01
5.237239292756381559e-01
-3.940708521721769664e-01
3.732447662279789746e-01
-2.673934528180787473e-01
3.684420117587355881e-01
-3.963514961734841968e-01
-9.783076034941733390e-01
-1.557053666364891231e-01
5.186542735973459495e-01
-3.175828194089185819e-01
-3.757024741675154544e-01
-7.456334563502722279e-01
6.082988949501508813e-01
-5.639190052836288991e-02
1.370095978756002419e-01
7.332892041063174826e-01
-4.076228654374842164e-01
8.285083060784487197e-01
-5.273016203673767111e-01
-7.490821156232926326e-01
-6.940386338411386191e-01
5.148515883718371988e-01
-5.212554290270319246e-01
1.040437485713223698e-01
-2.578218999316086446e-01
4.328505953851935484e-01
9.439196711651709482e-01
-6.647281009867603285e-02
-5.617478784996630115e-01
4.816541325047093980e-01
-2.932555538843074627e-01
-6.050649534254726181e-01
-5.381957664334446889e-01
-9.821797915306346161e-01
-9.791388330753758584e-01
-7.767148960419287818e-01
9.032231668593649898e-01
2.183748173230140310e-01
8.814228073477732295e-01
-3.595091104730214204e-01
-1.654168030600016992e-01
9.235911383425436938e-01
-7.326203400533255472e-01
2.707732621427426656e-01
-6.659063888097287442e-01
2.640669735586394506e-01
9.360091583435663498e-01
2.169156899473685396e-01
1.055103524530975334e-01
-5.795397750579573543e-02
-1.739492958254073574e-01
-2.311680699152378338e-02
9.112463201276932434e-01
-4.339378220483809390e-01
2.544938287707447233e-01
-6.576120914550650509e-01
-8.975532865394043602e-01
-3.711150145957864410e-02
-2.661414668146341311e-01
5.755458663332257974e-01
5.061122047272198499e-01
-8.747490968159158387e-01
-1.000000000000000000e+00
6.140231108471574384e-01
3.698705613396968128e-01
1.496846514854923704e-01
-2.391544355492735141e-01
-4.049656777092002641e-02
4.314262443129895375e-01
2.148127572007730579e-01
3.998319928152260783e-02
-9.414499500428561429e-01
-3.794096077695839897e-01
-5.901919252779861402e-01
-6.120156090501389645e-01
2.955306406871638369e-01
9.803440703962330582e-01
-9.456644448716517992e-01
6.817777606410511115e-01
-8.159704316088618459e-01
-6.498533830602255534e-01
-4.430988853566730779e-01
7.639973866681116776e-01
5.054480228758977400e-01
-2.216676911013251705e-01
-6.976156449682859861e-01
6.735912650503138588e-01
8.624901426001695404e-01
5.921385962722888197e-01
-1.062881620007296857e-01
-8.574083034283461191e-02
-1.579750411058652992e-02
1.533404254073831297e-01
-2.186521112200041916e-01
7.932854457831232109e-01
-1.962868825051052313e-01
-4.413914204106628714e-01
-7.917781043809037911e-01
-6.142246510516020663e-01
2.384736788054573342e-01
7.508963864546345235e-01
5.669467897526953015e-01
4.416320059749589966e-01
8.138268399286817667e-01
5.908385322785699723e-01
5.706686223844237293e-01
-7.103421450934206405e-01
8.697146461993034983e-01
-2.362705156198975365e-01
-1.336422495943301036e-01
7.012453863406842292e-01
-8.029820442560080540e-01
9.738595441323081303e-01
-1.000000000000000000e+00
5.460125130370198088e-01
-9.172033239239580915e-01
