-7.299473847676829497e-01
9.999415553627253317e-01
-6.802458531972060962e-01
7.398132423485752618e-01
-2.940112978210911512e-02
6.455287125101820678e-01
-7.609093177287266085e-01
-1.000000000000000000e+00
1.199800869968739719e-01
6.859328981216074039e-01
3.072416777382110942e-01
2.014340213841178673e-01
1.000000000000000000e+00
-9.487304709681129156e-01
-7.041335617494162147e-01
9.459840810795131505e-01
-4.002101408694629381e-01
8.368320161287272629e-01
-6.257848699288448557e-01
3.004647178593459339e-02
7.003128100936782674e-02
-4.657121417004312369e-01
-3.933887189412277330e-01
3.484112765022682190e-01
-1.000000000000000000e+00
7.437625614482263892e-01
-2.082075570829877154e-01
4.964264903029644294e-02
9.861946179954653724e-01
-7.882512930932918938e-01
-1.199777318556336098e-01
-9.710557803481451034e-02
6.633835836542680831e-01
1.490565011345619528e-02
-8.124468052096144310e-01
1.783110805193276194e-01
2.331799922354356180e-01
8.744340749713137573e-01
-4.254404295089762034e-01
-7.790460380751551561e-01
-5.720551823339831143e-01
-4.947140498029280464e-01
-6.445480978025472374e-02
-9.386155448133975954e-01
-7.821104557830830251e-01
-9.392722569399690469e-02
7.205004274688557864e-01
9.851090969912316142e-01
1.992428132127159815e-02
9.434813642323797156e-01
-2.657900934519695502e-02
9.781702203994548928e-01
-6.983612969211392407e-01
-1.103322517658915369e-02
7.360027225143864760e-01
-7.491902658904922019e-01
8.911441259256103198e-01
-9.061469706543723301e-01
-5.486108965483526001e-01
7.944985110586112453e-01
6.589549651114386952e-01
8.773385499437920121e-01
-4.791087014356408547e-02
-8.161362977208836966e-01
6.239074551611620834e-01
-7.515362233359126898e-02
-4.253481323852883467e-01
5.146185274104659868e-01
-5.261260130032024973e-01
2.833650577611015464e-01
-5.171545109652938566e-01
9.148279540963045672e-03
-1.353348877821174412e-01
-2.351859946986467609e-01
9.533927186593588177e-01
-1.237396923691522072e-01
-7.067363490874803977e-01
-6.441985165400841984e-01
-4.816701629247427396e-01
5.429771018770388480e-01
-1.846097639415270053e-01
6.694048212754299954e-01
-6.868796480882159994e-01
-1.811932732392415313e-01
1.977816994644353982e-02
2.466985560732406491e-01
1.000000000000000000e+00
-6.180212474708763892e-01
-4.227564056521592173e-01
5.638823804827703956e-01
9.748278536151925300e-01
-1.000000000000000000e+00
5.894413111906235958e-01
-6.721429280018195174e-01
-3.661719269824475487e-01
-5.702506358080507987e-01
3.507104824558031353e-02
-2.814695841592736447e-01
-7.802744687795865053e-01
-3.919896133197737775e-01
-5.742387095109542372e-01
2.560313683507983162e-01
-4.823764258673419736e-01
2.730714744350641945e-02
-6.727771629162758726e-01
2.781029427255873321e-01
1.771651500068439078e-01
-5.261102530550290091e-01
1.929864839951959676e-01
4.321812083665776405e-01
-8.213459273596037669e-01
4.151167777571866391e-01
-4.250633769989858868e-01
2.770222239264137354e-01
-8.954282774769760367e-02
8.696644192230581494e-01
-5.916422143975093029e-01
-6.000022844482402196e-01
8.034890052103816904e-01
1.438094662978318117e-01
-5.295006316327409701e-01
3.206996512235559815e-01
4.252165094067313911e-01
-8.232216656435984437e-01
1.760975047709922164e-02
5.647903839682385518e-01
-9.697589029287196905e-01
-1.310628623189333819e-01
-5.137062648208617910e-02
9.691254823921445771e-01
2.966609771038540289e-01
-3.445597419019808538e-01
2.654452144470445529e-01
9.981508261995202247e-01
-8.895711179611316410e-01
7.567964822726785945e-01
1.352037534604330904e-01
4.771327533739440629e-01
-5.275506635979786418e-01
-8.461652579573786248e-01
6.692319331609540844e-01
8.021964798592968737e-01
-1.000000000000000000e+00
3.055054265956033133e-01
8.306599646661489977e-01
-1.000000000000000000e+00
-3.499284733813767256e-01
5.749947390826636306e-01
-1.836418986551040244e-01
5.392907240337244668e-01
-5.210197432064169742e-01
-1.000000000000000000e+00
-1.147158629432673410e-01
7.595467942601613620e-01
-3.122376429676577136e-01
9.322941822634162046e-01
-9.434699132351771489e-01
9.932187609617667556e-01
7.531445031153927161e-01
-1.152759793088661416e-01
6.747216277066847567e-01
2.337945916467458127e-02
-6.498061590230213014e-01
-5.216342055443483616e-01
8.251299453146987428e-01
-2.139726700731809372e-01
9.082461223501562264e-01
-4.587474473733429980e-01
9.562851897844266702e-01
5.022416995148299979e-01
-3.020016593715533215e-01
-5.069170539982770229e-01
-3.040502947176217385e-01
-9.777195353723665550e-01
6.504525192120931276e-01
2.219142463334450310e-01
-5.960554517145384423e-01
-3.693806083815843744e-01
6.166341259889019516e-02
-1.761675990693841939e-03
-2.366120417373668572e-01
1.161430575507743368e-01
-6.158356439906411683e-01
4.543490971050596072e-01
5.569405642089406694e-01
9.431339960146641888e-01
1.475940540724276356e-03
-2.242778834876667515e-01
7.035405612319451940e-01
-4.211615817798081141e-01
-5.230740523189445490e-01
9.985443490215464291e-01
-3.727608861889701863e-01
-2.744682729974146640e-01
-4.183624625553102883e-01
-1.000000000000000000e+00
-5.127223663627438199e-01
9.035817085528867754e-01
9.899475192791850064e-01
-1.151822061537312036e-01
3.208431170659173381e-01
-7.186070989988150304e-01
8.448748636164134240e-03
-2.019412251109286294e-01
-9.829536850989506469e-01
6.302529823854615687e-01
2.121554501007726357e-01
7.970232861448435235e-01
-1.000000000000000000e+00
-4.658714290554164528e-01
1.720693405398389386e-01
8.019743743779383927e-01
-8.978389334414864642e-01
7.887555334618072678e-01
-9.953476042848689032e-01
2.713399295953553558e-01
-4.363711861698649913e-02
-6.601126205489277199e-01
-2.379930737517146067e-01
8.857302025458843042e-01
1.187595901868545717e-01
-1.000000000000000000e+00
-8.849228457122497726e-01
-9.532542640851127125e-01
2.112694235811042043e-01
9.332726311862879487e-02
4.179658848083221412e-01
-7.316147460181521289e-01
-2.551090514733301284e-01
-8.522714173647958358e-01
8.821306669276638424e-01
-2.246936486772290742e-01
-4.323277115423073691e-01
-2.288873699892798319e-01
5.333596227468733186e-01
-6.082154359796023702e-01
-7.618125585409146749e-02
8.050098340214058013e-01
1.000000000000000000e+00
2.109790159208159432e-02
-1.000000000000000000e+00
2.194516562313947317e-01
6.397782804196803230e-01
9.820391470674293410e-01
8.248010791104219974e-01
6.348767897038741503e-02
9.838632230326012085e-01
-1.116555115060984815e-01
7.535792920046434640e-01
-3.710780153751774835e-02
7.817840700814269184e-01
6.209315254268521489e-01
1.255004387738990479e-01
2.378710248255798687e-01
7.987952698173491628e-01
-8.909673547101765179e-01
9.879805884308814345e-01
-3.211328830659006539e-01
7.154732193766435433e-01
6.071953503848939171e-01
5.982596777264622689e-01
-8.372618246359206928e-01
4.374844940933860782e-01
-3.808291963821382464e-01
-1.285366662448859665e-01
