6.544041333253454162e-01
-6.063354306591091092e-01
-8.793983634271076433e-01
3.893201897412408297e-01
-1.992632238650535736e-01
-3.441251861909779830e-01
-7.080618667958997747e-01
9.288826599654522731e-01
5.258511082254895275e-01
1.478228743515903609e-01
4.225279164322532921e-01
7.280952530501974551e-02
-6.084204524834841976e-01
3.368805903854563688e-01
-8.205493731322945905e-01
-9.604998620099844953e-01
-6.490770981558167119e-01
6.932036122847340387e-02
-8.981959035307778283e-01
-7.660346992321029891e-01
-4.508824879054524892e-01
1.415577184212648554e-01
-8.197366549482499876e-01
-4.682282783921745128e-01
1.611272936138130607e-01
8.351326769212112922e-01
9.067620779191144509e-01
-8.700795909372738279e-02
8.020443425423113837e-01
8.014057633461011410e-01
-1.618217761318911929e-01
-5.974855234415741290e-01
-5.585011137100170941e-01
7.240075586872154467e-01
-6.618612508406587214e-01
-9.628242461326217416e-01
-4.818612568238276328e-01
2.625884374537883481e-01
-7.978458428418120363e-01
2.278474963228955819e-01
-9.415535293377197412e-02
4.410151309384913176e-02
-1.705113109451121822e-01
-4.568177565043573529e-01
3.899872216686040005e-01
-5.567269857780372533e-01
-2.664011469009968103e-01
-7.025186222163186667e-01
5.844991291706818082e-01
-3.387579491878395244e-02
3.913463796627927871e-02
-1.831367633705138775e-01
9.719711902428462835e-01
-4.769162844297747395e-01
4.749875623413275516e-01
3.831095177496259829e-01
-3.462090346951480768e-01
8.224605615942675030e-01
-6.162160497095705569e-01
2.045979190233084832e-01
7.140571652217930776e-02
-7.193606467242783520e-01
-8.168733081498504855e-01
9.728113509597700048e-01
3.367321458220234875e-01
-8.160786146254173090e-01
6.149175413533787271e-01
8.981879569246915551e-01
-4.961889955325564650e-01
2.690861601831464611e-01
-7.425603363029849024e-01
6.503926714657504160e-01
7.545614965962688103e-01
-2.633480802854808456e-01
6.010411650560634200e-01
7.167220394074200751e-01
-9.284000558873262143e-01
-2.090124811999370669e-01
1.000000000000000000e+00
-6.849385707679167545e-02
4.816164585094069306e-01
-5.272000214669656515e-01
7.120446130364395110e-01
-1.365764722366198392e-01
-1.118166501300232873e-02
6.898394969113526010e-01
3.654171346406882570e-01
-4.846335352598198920e-01
6.631484230320421336e-01
-4.293475064703216049e-01
-2.682717192977426834e-01
-2.539976055121029308e-01
3.493185137109344751e-01
-4.301650814996942351e-01
-5.611397841912699747e-01
2.611839754173531647e-01
2.919716059906660721e-01
3.536431330810623219e-01
2.890973169469250870e-01
-5.560190883663689299e-01
-7.594111797693749999e-01
-9.150492796792342176e-01
-4.534554095249696548e-01
-5.308909715752287983e-01
3.494851860378573871e-01
4.163037304890389034e-01
9.181115368708665514e-01
-1.039593713599789998e-01
-4.407708426793091050e-01
-3.500497538632310612e-02
3.335921948011264515e-01
-8.533034034152957581e-01
2.754505818947647899e-01
-3.049046163471518245e-01
5.184848984557028917e-01
-7.942143986118455068e-01
9.087054514170449515e-01
1.302487121778450607e-01
1.333366166250158358e-01
7.541249586827625251e-01
-1.097270419006959319e-01
-3.972329574229223059e-01
1.344662815146113743e-03
6.574878690838377171e-01
-2.605531544838184388e-01
6.875320213956048754e-02
-7.266332066959424463e-01
7.684266327612179204e-01
-8.056950318261513200e-01
2.187136717248643336e-01
-2.732341342479069901e-01
6.049845529567070557e-01
-7.860102117668350541e-01
-9.442559218314197089e-01
-2.812617173139935201e-01
-1.537104489360712201e-01
-6.982065913237145427e-01
-8.559272041232643957e-01
3.936974510517523562e-01
-4.462752975652009013e-01
-5.594344069698202748e-01
-5.778360775219848477e-02
-5.264410632428444536e-01
-6.319909766149847119e-01
6.031281717090024586e-01
8.534535564245950834e-01
5.741144275225429361e-02
-1.000000000000000000e+00
7.062643546687539242e-01
2.951041716685829375e-01
6.240834646725720303e-01
4.612889686655099464e-01
4.324434702502411021e-02
7.022498615618510964e-01
3.492839469127024810e-01
-6.956924626454508154e-01
-7.824280718715718175e-01
-5.691726680911153302e-01
-5.552783369392308987e-01
-3.654413988737317126e-02
-3.566874132521646867e-01
-7.560294483860166559e-02
1.656500415207062815e-01
-8.326412908676308344e-01
-8.790095795282562019e-01
9.385642092029371497e-01
-3.698087494230180017e-01
4.957094152999439451e-01
6.591532038765206547e-01
8.682545371732057760e-01
-8.229029189013854495e-01
2.191611299159176851e-01
1.059349619892466787e-01
-9.530673111952896459e-01
9.681097891513603670e-01
9.485363354903113553e-01
8.314377043100547038e-01
8.027523261758195972e-01
-7.502854102080775966e-01
-5.633728413077960795e-01
-2.716100332744362800e-01
7.697497282285801212e-01
1.037698666007229598e-01
-8.897092057874118609e-01
-2.553505655423502496e-01
-6.698170096859235034e-01
8.203494698150568532e-01
2.358323639548078887e-01
-7.888307912965277779e-01
-9.439439911260077976e-01
5.543456620350766251e-01
-2.597765243000957902e-01
5.673348633698476196e-01
4.608188328337519124e-01
-8.770849013875983147e-01
-8.897386703131953123e-01
7.084558369484388329e-01
7.171325444697403961e-01
3.328709792992721184e-01
6.053137454616911439e-01
6.220786746543888190e-01
-6.105547505637700656e-01
8.542866176116075128e-01
-7.679434613190512238e-01
-4.729854687749956987e-02
8.551890384770970410e-01
-3.417401102705220906e-01
-6.463832498756150180e-01
-2.504128815951891518e-01
-4.262300312952109760e-01
-9.481364901324873529e-01
3.561870048662230670e-01
2.474684368168609261e-01
9.909442177968363907e-01
-5.445986817496298871e-01
8.787312468630650297e-01
7.284667755518348109e-01
-2.707123701946705374e-01
-5.701122196203141090e-01
8.897026398658061108e-01
1.559937916275104808e-01
-1.025945249770574552e-01
-7.419084933478092836e-03
-3.509457468815715409e-01
-2.632188308109405517e-01
-1.350319515971023510e-01
-7.350083120846526707e-01
-1.583540046835110182e-01
6.062443616261616874e-01
-6.219308681620462353e-01
7.476821421952677404e-01
-6.426250495545571262e-02
-8.301295395065868554e-01
9.199745866678707973e-01
-8.588140962442878390e-01
2.899139096499006030e-01
9.740529731683185144e-01
-9.357095153834755763e-01
3.199342614298510967e-01
-4.698186797718928442e-01
-1.374653587953167388e-01
-3.866668972891842415e-01
7.652790817914552068e-01
4.924503085224634091e-01
-4.918831768591565012e-01
-5.841277819251378123e-01
1.338424170759993370e-01
5.088457281673426369e-01
-4.653820552036647129e-01
-4.977604163725431463e-01
1.000000000000000000e+00
-3.617006792894894573e-02
-9.691556322554193414e-01
-7.538159897422267441e-01
6.989544321562495277e-01
-5.348193053354943771e-02
5.972783322788415283e-01
-1.067735206352961319e-01
5.706310640023015690e-01
-9.655284998849502642e-01
-6.879253008340446840e-01
-2.357768669993771660e-01
-7.099634137570154380e-01
-8.332915156025635373e-01
-7.987343780128521864e-01
