-3.879479471802025348e-01
7.594383357042192029e-02
2.603759904535722994e-02
-2.791350876201172115e-03
5.245406600759640048e-01
1.000000000000000000e+00
-6.999033150381913648e-01
-1.335730534205009645e-02
-3.912581655215219278e-01
-5.145286200616894234e-02
-6.283084983499411802e-01
6.540911250213465866e-01
1.000000000000000000e+00
2.168463757174690643e-01
-8.459433737927923858e-01
1.347273897572889845e-01
-7.976838708436344572e-01
-8.359710724744048305e-01
-2.607250219489574694e-01
-1.000000000000000000e+00
-7.995467614772074905e-01
-8.966486780920020216e-02
6.100027240056629108e-01
7.482429985323690858e-01
2.283442374867561686e-01
-1.397002966812314895e-02
-8.239127247658803999e-01
8.337108682679268412e-01
-4.719274126437245642e-01
-5.766350097049137424e-02
-3.396443285220481778e-01
5.023203791279775565e-01
1.867553344145292116e-01
9.080608138903025761e-01
9.636784168199725720e-01
6.729097484325849976e-01
6.023129427521325407e-01
-3.527880052630820717e-01
9.656429434370067399e-01
-3.037417443057190414e-01
-2.775396150551919794e-01
5.462758749400511427e-01
3.893546443228210752e-01
5.720785108057842017e-01
-8.066055956947071337e-01
-5.322523239065511946e-01
-9.880973153009589005e-01
-7.783685331838260391e-01
-7.850841252003785131e-01
3.842575853999236624e-01
-1.000000000000000000e+00
-1.130392368557734117e-01
3.968250995146961335e-01
-6.672928998442646531e-01
-9.536968547529230955e-01
-7.977793849733673115e-01
4.234752055125241554e-01
-9.945612655599470608e-01
1.844010590969387131e-01
-9.082250473736674934e-01
-4.093126310765397013e-01
6.253563148059382293e-02
2.253268154509850685e-01
-2.400541944691241547e-01
1.183822031619691517e-01
8.202137906489413988e-01
7.874148720483510333e-01
-3.627157711803216111e-01
7.721619245712774138e-02
8.328577341151246483e-01
4.009278071866846926e-01
6.195403097553161542e-01
-7.714095820954574023e-01
-5.640059333611289194e-01
3.800791276081595671e-02
4.716892710831371849e-01
-8.801601922215687157e-01
-2.595615806359847788e-01
9.443352265638468301e-01
-1.000000000000000000e+00
4.980080389488734105e-01
7.182499705598353046e-01
7.012976696683237421e-02
-7.849150838314853385e-01
2.786357541293298379e-01
1.146769320914870632e-01
3.734413724810302648e-01
-1.487422168726959537e-01
6.794278963455721021e-01
-5.923376957676439181e-02
6.051806297536270751e-01
-5.624688560813967397e-01
1.743925649609392448e-01
-3.653973535918980109e-01
7.928197580360767383e-01
-8.342857518648565396e-01
4.814460200443571036e-01
-2.165726589053740270e-01
-1.794480963676317042e-01
7.525096799397834602e-01
-1.501856046184310289e-01
-4.000135590568170141e-01
-9.755692790263230663e-01
2.593860774843241845e-01
6.429337092146127919e-01
1.838520159732554837e-01
-3.917105186203309608e-01
-8.431532474043809122e-01
-4.975445007529976649e-01
3.461012536679106133e-01
5.824810480413056268e-01
-1.945357067207864887e-01
-8.788207967945491639e-01
5.376654075892935980e-01
-3.868328739802585625e-01
6.354128848948618069e-01
-4.207473974334201283e-02
-2.878140407643065002e-01
2.719086641272736582e-01
5.909979183240399170e-01
-8.164434905843676038e-02
6.075396615058524796e-01
1.418935864493543197e-01
4.042260724523328297e-01
-2.996207251974652430e-01
1.905075055438437970e-01
4.451131167985724613e-01
-1.000000000000000000e+00
-4.734020499580824382e-01
9.874745044172382746e-01
1.000000000000000000e+00
-6.391942075471094276e-01
4.396928932001849533e-01
7.781512282664818647e-01
2.380495099472559883e-01
4.058942571776131825e-01
8.705886659164153718e-01
8.742928997054105755e-02
-9.114729556218750250e-01
-7.916832649740138672e-01
-5.979054071767693213e-01
8.578822690102876347e-01
1.106906027482457144e-01
-5.547900564980121629e-01
2.855749381634931083e-01
7.632382459340761871e-01
5.812383977228255949e-01
-8.567663592709892084e-01
5.244821581538303690e-01
-7.269145552465448024e-01
-8.689211759865480555e-01
7.079995380652577552e-02
-3.762026901728514616e-01
-2.561944510573654910e-01
8.415189652493298977e-01
-1.174281508810900709e-01
-9.654503549521883943e-02
-3.822175894272861196e-01
-4.626675493359877489e-01
-8.238765142102451033e-01
-1.437467318788658854e-01
-4.574385283875637143e-01
-2.761375876250892758e-01
-1.000000000000000000e+00
9.349207339105454206e-01
7.507520956132170131e-02
9.139765757203153207e-01
1.000000000000000000e+00
6.734229378000224919e-01
7.890414277488471129e-01
-9.975544775435191136e-01
4.569999836571549401e-01
4.160300735834064900e-01
6.243917549083568552e-01
1.000000000000000000e+00
-9.442036574776978275e-02
-4.326859589699161290e-01
-3.373552582096163155e-01
-9.040393240151473053e-01
9.590826105101891708e-01
-3.681119796817831635e-01
1.447043033465096884e-01
4.782096840857971154e-01
-3.802611014578901050e-01
9.872891291782052159e-01
4.171744547567831085e-01
9.235981989260078073e-02
1.264440733890677682e-01
-3.654823823856195864e-01
-6.607273725100905049e-01
1.996995368458349684e-01
5.375943606299686817e-01
-2.547534288490314602e-01
7.502146820372137537e-01
5.717529353643137080e-01
8.060205448367263603e-01
-1.000000000000000000e+00
2.367581998815733446e-01
1.479164256737290628e-01
9.007117140937218602e-01
2.441374922714227291e-01
4.244874966937942640e-01
-7.565316511756732254e-01
2.766407703247817373e-01
-3.564765758584206856e-02
9.477815027528639913e-01
-7.869700157489210035e-01
9.826406380449220768e-02
7.109531828704550582e-01
-2.746778056472731766e-02
-2.672449761377789779e-01
9.816822259925193084e-01
-3.844408678885720132e-01
1.322991692370032446e-01
9.675979667478227242e-01
6.412389777799678559e-01
-5.346451375795563399e-01
1.275842757568442787e-01
2.284561515113529839e-01
5.986426041327753689e-01
-2.639591780978918223e-01
9.639202329550378145e-01
-1.000000000000000000e+00
2.927462788233099467e-01
8.766099323257133813e-01
-1.298324754621604793e-01
7.094766684462574524e-01
7.580151647635940959e-01
2.553122824975484484e-02
-6.692361317394921461e-01
-1.784106539431089267e-01
7.605520300527317534e-01
7.062353801885441484e-01
8.323420867318354066e-01
-6.493405929212329314e-03
-6.421644762996592259e-01
3.821409036090059885e-01
2.666282241534274622e-01
-2.699569940996798811e-01
6.900947100636132259e-01
7.503537526343462272e-01
6.388488228256794521e-01
-6.803563119291858308e-02
-3.618398695024960809e-01
4.263729147365968308e-01
6.139480153486077674e-01
-2.339058193387772155e-01
3.401889777703425155e-01
3.434068178710330543e-01
7.178590934713062754e-01
7.820190330087516406e-01
-5.068808786934063670e-01
-6.331742036157602671e-01
3.811176074189707164e-01
-3.966169611094756964e-01
-1.752114672364111364e-02
-1.000000000000000000e+00
-3.704499138395920266e-01
-5.789990659649989491e-01
-6.865366104846581941e-01
-5.882905428426074002e-01
-9.991201593669015724e-01
-5.666177144903712382e-01
3.768560843668491978e-01
1.492885288665046495e-01
