6.544041333253454162e-01
-6.505960904845680126e-01
-8.793983634271076433e-01
3.938212791640119392e-01
-1.992632238650535736e-01
-3.314929538686985366e-01
-8.321818765590467404e-01
9.012925633887065580e-01
4.948750240497416519e-01
1.478228743515903609e-01
4.090194612000751517e-01
-6.291837870036334768e-02
-6.084204524834841976e-01
3.653039062915566793e-01
-8.205493731322945905e-01
-9.811771148725857428e-01
-6.113653848434669191e-01
1.006485234603936157e-01
-9.131566807686317677e-01
-7.857283208896543858e-01
-4.508824879054524892e-01
1.555052069415648885e-01
-7.960297055621999851e-01
-4.681545225742433369e-01
1.733913934822915170e-01
8.475525025537694601e-01
9.147509597881295917e-01
-1.126348306122347126e-01
8.051804849164401201e-01
8.014057633461011410e-01
-1.552218958065264276e-01
-5.689496453684281807e-01
-5.953282233293173409e-01
7.240075586872154467e-01
-6.917425112339845583e-01
-8.943613742117834109e-01
-4.624754982100818257e-01
2.625884374537883481e-01
-8.203436242490662611e-01
2.278474963228955819e-01
-1.035779332180098156e-01
4.410151309384913176e-02
-1.790104984154031187e-01
-5.783595871279347822e-01
4.280518458361386447e-01
-5.215003552333392633e-01
-3.577325044531708409e-01
-7.025186222163186667e-01
5.844991291706818082e-01
2.630443931061086926e-02
4.406822081219212428e-02
-2.093239197852422850e-01
9.721911062460708575e-01
-4.766014813801063843e-01
4.784863770491546986e-01
3.742575102460948822e-01
-3.700788327299668889e-01
8.224605615942675030e-01
-6.162160497095705569e-01
2.047469077079985267e-01
8.456258160546190061e-02
-7.632123867761517744e-01
-8.687512813307077808e-01
9.969471459234968691e-01
3.387810248042115169e-01
-7.962131482449903430e-01
6.149175413533787271e-01
8.439560410563189397e-01
-3.817391143509167861e-01
2.725740740548455721e-01
-7.567631744735040522e-01
6.702588218889956595e-01
7.837492523773866848e-01
-3.375288692520106437e-01
6.620422108607088019e-01
7.324920830032293217e-01
-9.098660658992733241e-01
-1.430850284512330539e-01
9.927646584255019890e-01
4.564782050036163968e-02
5.132875668624403698e-01
-5.188930292095824681e-01
7.120446130364395110e-01
-1.365764722366198392e-01
-1.941271716909032108e-02
6.898394969113526010e-01
3.068743524151228974e-01
-4.846335352598198920e-01
6.142826672824588385e-01
-4.390072245400931106e-01
-2.601720325621472707e-01
-2.758134210458731417e-01
3.791942850421666789e-01
-4.472945480908185889e-01
-5.611397841912699747e-01
2.570836137034244739e-01
2.189832424055432325e-01
3.536431330810623219e-01
2.890973169469250870e-01
-7.052957978320744115e-01
-7.704157352344651599e-01
-8.802399254577555343e-01
-4.344330263565993611e-01
-5.308909715752287983e-01
2.967785515067986046e-01
3.887071715547804618e-01
9.181115368708665514e-01
-2.110878487471667952e-01
-4.105197568577000355e-01
-5.379823491926466472e-02
2.903483567896114614e-01
-8.471945334257183768e-01
2.176790644167364008e-01
-3.012128317218950024e-01
5.329345637505830124e-01
-8.721508445712011781e-01
9.160832264436241656e-01
9.796759291517076473e-02
1.333366166250158358e-01
7.748979714497233884e-01
-1.097270419006959319e-01
-3.972329574229223059e-01
1.344662815146113743e-03
7.144737160168949108e-01
-2.059672491423046037e-01
6.875320213956048754e-02
-7.425982030597106931e-01
6.847639241245156994e-01
-8.092953553974669978e-01
2.187136717248643336e-01
-2.792390948239305004e-01
6.387277590082461876e-01
-8.268389400900494346e-01
-8.946347169789862219e-01
-2.311539277594243658e-01
-3.432329532057064314e-02
-6.978127729334138163e-01
-9.359424622638273794e-01
4.101210253160573749e-01
-4.474210901919336014e-01
-5.594344069698202748e-01
-8.945468495690250821e-02
-4.769498720358907318e-01
-6.500321823777737151e-01
6.050887746699716851e-01
7.821623705895144330e-01
5.480231822005750264e-02
-9.217217762883105348e-01
6.929267644949680394e-01
2.951041716685829375e-01
6.240834646725720303e-01
4.821824094196839328e-01
9.839026136440026660e-03
7.225686750228742516e-01
3.492839469127024810e-01
-7.085965172051760241e-01
-6.873899419488787021e-01
-5.691726680911153302e-01
-5.656016013366257367e-01
-3.654413988737317126e-02
-3.389654794655304615e-01
-8.766696811836241499e-03
1.998094150531147251e-01
-8.249791894452392915e-01
-8.790095795282562019e-01
9.585729325725288463e-01
-3.698087494230180017e-01
5.478241106459530441e-01
6.459505160359468867e-01
8.618922415619875155e-01
-8.811034952509145812e-01
2.283238476076496215e-01
1.038407557688588445e-01
-8.289042521336131841e-01
9.165418783530397961e-01
9.484402733156264143e-01
7.946819148151156309e-01
8.789723825967558080e-01
-6.607305994690230166e-01
-5.598162520131526598e-01
-2.646750370740866831e-01
7.757028708287723173e-01
1.037698666007229598e-01
-9.144546028568402152e-01
-3.113866529967073693e-01
-6.698170096859235034e-01
7.661670800159937622e-01
2.358323639548078887e-01
-7.489452800960161305e-01
-9.443663010581536676e-01
5.032229475467876467e-01
-2.512984522389514197e-01
6.444420366800711619e-01
4.395421190993475946e-01
-9.243842215355482228e-01
-9.402201321140593038e-01
6.173093449274643651e-01
7.361645487522491260e-01
3.184367649828697133e-01
5.873086844231709680e-01
6.220786746543888190e-01
-6.308106249158375034e-01
8.209055600261863095e-01
-7.089158287896321076e-01
-8.058070466632469286e-02
8.586335934568398720e-01
-3.492412640818681746e-01
-6.139868405312275401e-01
-2.422623610660858684e-01
-3.473465040455450681e-01
-9.232224845884401399e-01
3.742636557223058547e-01
2.102966822752667109e-01
9.909442177968363907e-01
-5.445986817496298871e-01
8.787312468630650297e-01
7.038662734958293088e-01
-2.461281040820993415e-01
-5.701122196203141090e-01
8.897026398658061108e-01
1.939518528181889134e-01
-1.170670726224078417e-01
5.083709005615242443e-02
-3.907561102260084795e-01
-2.632188308109405517e-01
-6.100295503117950102e-02
-7.113261656285566614e-01
-1.740837623082064356e-01
5.987163986429543394e-01
-5.864115640406936114e-01
7.730419594718406229e-01
-1.730606559749141848e-01
-7.858643742993034476e-01
9.199745866678707973e-01
-8.588140962442878390e-01
2.570231827048378159e-01
9.497944401787715707e-01
-9.397831330150144824e-01
3.199342614298510967e-01
-4.669806491818611627e-01
-1.374653587953167388e-01
-3.741233506196747216e-01
7.932889202905720749e-01
5.056633292865398976e-01
-4.922084870004191925e-01
-5.422592315245734484e-01
1.338424170759993370e-01
5.144603542383677786e-01
-4.653820552036647129e-01
-5.059547147393089750e-01
9.892818305148068925e-01
-7.940234564445478038e-02
-9.604512431967586750e-01
-7.592092310149307632e-01
7.075604812972844382e-01
-5.348193053354943771e-02
5.972783322788415283e-01
-1.067735206352961319e-01
6.113150700519918157e-01
-9.655284998849502642e-01
-6.879253008340446840e-01
-2.357768669993771660e-01
-6.843297733045141662e-01
-8.293934692886406612e-01
-7.987343780128521864e-01
