-6.219600901026465234e-01
-9.056019839186870701e-01
6.885900453249458320e-01
-2.000828395329592446e-01
5.364050735688266069e-01
-6.737628335550569503e-01
6.944321580441581432e-02
1.755640289666213771e-01
8.049981946057300775e-01
3.598572069900814463e-01
-4.501566860781092139e-01
6.945571748309855575e-01
4.195396609890189588e-01
-3.473432434097780130e-01
1.000000000000000000e+00
1.000000000000000000e+00
1.000000000000000000e+00
9.458600761056512596e-01
6.484855440616850430e-02
-1.000000000000000000e+00
5.776813318103837247e-01
-8.384708237452074275e-01
-7.734537836391854881e-01
-8.545011322067646020e-01
-5.181306557365792376e-01
3.860602820781482425e-01
-4.651528104995896751e-01
1.000000000000000000e+00
-4.625050779031893988e-01
6.236070933751922674e-01
9.411597986290911599e-01
9.040418281647994991e-01
-8.901747632787795350e-01
3.726346164763123525e-01
-1.000000000000000000e+00
-5.394851411117922435e-01
-2.242674346434594401e-01
-3.582114505449198738e-01
-3.397074400477202438e-01
-4.673829331776093721e-01
-4.410752639299323485e-01
3.986519144989020269e-02
5.349935263102074678e-01
9.705011083397276916e-01
1.000000000000000000e+00
6.613533159796134431e-01
-6.418521859332182444e-01
-2.343805398241669558e-01
4.268168859952137240e-02
1.530728606828659633e-01
-5.360256725185053028e-01
-7.656163190485747450e-01
-1.000000000000000000e+00
-6.454763090688750427e-03
5.166060724507535173e-01
-2.437583263514730980e-02
-6.882385146424119249e-01
3.758503414832841116e-01
7.672398875416486241e-01
7.144045970162071768e-01
-2.110950214481133180e-01
1.000000000000000000e+00
9.718165293641606306e-02
-8.400142121313609600e-01
-4.711414454642193217e-01
-9.521710250669497277e-01
-6.709650119886059194e-01
-2.321614593591669884e-01
-5.194918122237445202e-01
-1.000000000000000000e+00
7.315077155035263345e-01
-1.833172002631298092e-01
-1.631919324109132319e-02
-1.000000000000000000e+00
-2.777448163610578558e-01
1.000000000000000000e+00
7.087727634550271549e-01
-3.307772485141195484e-01
-4.443041721921838771e-01
9.372370600508912464e-01
5.051322015042281066e-01
-1.000000000000000000e+00
6.077077706932748624e-01
5.147552047050170110e-01
-4.581155699186079122e-01
-6.795645001953214415e-01
2.786350594403552705e-01
-5.237510240281892937e-01
-2.857505122358937055e-01
-4.535301965018936343e-01
3.524526354111057191e-01
-4.939140051632817663e-01
6.351719100731352263e-01
8.825196287655523442e-01
1.000000000000000000e+00
8.303324894836121572e-01
-1.625885662300350365e-01
-6.211792439417012091e-01
9.756925889571540500e-01
-1.000000000000000000e+00
8.973986700393938865e-01
7.723719103311075251e-01
3.202920157593840411e-01
-9.489963013890767574e-01
-3.547948198518824370e-02
7.331427234412105087e-02
4.336234592173797697e-01
6.495271587028862426e-01
2.239450193128809108e-01
-6.700979319309133819e-01
8.063655105547782309e-01
1.766640040334817030e-01
-8.084140411673512716e-02
5.602714803149422274e-02
-3.897804160562743370e-01
-7.126471948537704826e-02
9.441071917253227030e-02
-4.227235742572499344e-01
2.069244134364895960e-01
1.528361078352962199e-01
7.358967237360345415e-01
-5.577068705161059015e-03
-2.032900346646590028e-01
-5.854110622709078893e-01
-5.694408767485708012e-01
6.773644894625506785e-01
4.365193856745213097e-01
1.000000000000000000e+00
-4.421782764910487940e-01
-3.576735408229088087e-01
5.945269651856170956e-01
8.735626597401482396e-01
4.718604303060489613e-01
1.000000000000000000e+00
-4.317933223367881879e-01
-9.622628003108117944e-01
7.092629229183167183e-01
-9.942611461531503103e-01
-7.225894072710214999e-01
1.000000000000000000e+00
-1.000000000000000000e+00
-1.251660318695451135e-01
-1.498031318418640012e-01
-4.565211212585909561e-01
3.669307771747571945e-01
-4.155208017881912852e-01
-1.594105616516954538e-01
-1.000000000000000000e+00
-2.629510967617604278e-01
2.674270475850322182e-01
-1.363229269968071478e-01
8.467219343775307383e-01
-5.269269610849074414e-01
-5.500735868589348154e-01
2.183980336565165548e-01
1.746064640572246862e-01
-4.065146391891687472e-01
9.104232420425610872e-01
-1.000000000000000000e+00
6.248393697121445989e-01
5.055778716037517828e-01
4.268893085248806063e-01
-5.177411773373654658e-01
-3.001119404682560665e-01
4.523055228299610597e-02
-3.722742670091769845e-01
-4.788707805125207440e-01
9.487241208964556360e-01
-1.182849224563813362e-01
-1.781014630460449055e-01
-4.417094440431701408e-02
4.329438795614493074e-01
-8.573022722336400836e-01
3.449101611647437116e-01
5.968726960924162217e-01
6.243168810348183051e-01
7.530159961950053660e-01
5.993319389503449779e-01
-8.938210025346082777e-01
6.288873313903398099e-02
9.076624158699175826e-01
8.483765672213443576e-01
-1.000000000000000000e+00
-1.000000000000000000e+00
7.869425974274490976e-02
7.180594532970907551e-02
-8.410580069993875973e-01
-4.266475763385590980e-02
2.070217032165979631e-01
3.301846530473848684e-01
5.456958540481628983e-01
-2.333287430968775666e-01
1.000000000000000000e+00
-3.848817128462918014e-01
8.380725029190165820e-01
-2.128589210697544587e-01
9.906629204628325525e-02
2.125054614036834266e-01
1.000000000000000000e+00
-1.518582723619415487e-01
-1.000000000000000000e+00
-5.128337817383288311e-02
-5.029243941231191783e-01
5.052714935419972964e-01
5.305149482268780581e-01
1.000000000000000000e+00
1.843958603135504859e-01
-1.000000000000000000e+00
7.756679989802557351e-01
-8.358001030474768722e-01
-5.590877325156540234e-01
-3.753959171518828075e-01
1.000000000000000000e+00
5.393942998255603083e-01
-6.176982908884776080e-02
-3.836415585272916484e-01
-9.834572659650353543e-02
-7.474831718356242938e-01
9.336370406688383472e-01
9.238024468997383387e-01
-2.540441879712611595e-01
1.000000000000000000e+00
-3.836483873280351897e-01
-2.434997050299603227e-01
1.000000000000000000e+00
-3.300083498152707184e-01
-7.744717672371799200e-01
7.197308635921668696e-01
3.410256512637388493e-01
6.967127292667751881e-02
-7.503135981103595809e-01
-6.470810219687597176e-01
-9.539972558700684502e-01
-7.561367799866467454e-01
5.104302085485172835e-01
-6.913824686282454834e-02
4.017176819409433719e-01
7.654001804160659450e-01
3.207816229346283077e-01
-3.526875341853754620e-01
-4.131866705819347008e-01
-9.443613088503421960e-01
5.967939208065925483e-01
3.614405275295298203e-01
6.819836001370331857e-01
1.711110073982280988e-01
-7.430807082851209611e-01
6.573186119633045443e-02
6.991836332274574684e-01
6.725249641623192165e-01
-6.569329549196860629e-01
-2.262167936335397478e-01
8.888607922306048792e-01
-7.745910281569827749e-01
-6.271962768331220683e-01
-5.592122955956619901e-01
7.481087124692586965e-01
-7.770056686971016369e-02
-1.000000000000000000e+00
-3.549040486615783752e-01
-1.527896375391220030e-01
7.403615762651238885e-01
3.821649743105117736e-01
-2.094347597274495154e-01
-5.075784077530437477e-01
