-7.299473847676829497e-01
9.788592538173482849e-01
-6.802458531972060962e-01
7.630014655145118674e-01
-2.940112978210911512e-02
6.496607159115974639e-01
-7.543634514726276219e-01
-1.000000000000000000e+00
9.972296146917729309e-02
6.859328981216074039e-01
3.162243491038735921e-01
2.014340213841178673e-01
1.000000000000000000e+00
-9.722524053365109165e-01
-7.018097924491307760e-01
9.459840810795131505e-01
-4.017566337864497683e-01
8.368320161287272629e-01
-6.257848699288448557e-01
3.004647178593459339e-02
6.989029695317047763e-02
-4.657121417004312369e-01
-4.073107863292084740e-01
3.588323171861486083e-01
-1.000000000000000000e+00
7.437625614482263892e-01
-2.121454346955762293e-01
4.964264903029644294e-02
9.739804211433126246e-01
-7.781534444421148722e-01
-1.199777318556336098e-01
-8.530647490685483447e-02
6.633835836542680831e-01
1.490565011345619528e-02
-8.311505627764930182e-01
1.783110805193276194e-01
2.331799922354356180e-01
8.744340749713137573e-01
-4.251474526563319145e-01
-7.790460380751551561e-01
-5.720551823339831143e-01
-5.064149582259162008e-01
-6.445480978025472374e-02
-9.388846874696362699e-01
-7.613616777638438915e-01
-7.911064968037781475e-02
7.115513919673148724e-01
9.851090969912316142e-01
1.992428132127159815e-02
9.452605505123284901e-01
-2.657900934519695502e-02
9.789706324817175620e-01
-7.090070538941736222e-01
-6.253530678688937194e-02
7.360027225143864760e-01
-7.491902658904922019e-01
8.880257656645212938e-01
-9.061469706543723301e-01
-5.486108965483526001e-01
7.944985110586112453e-01
6.589549651114386952e-01
8.876087751337375931e-01
-6.283170486480542383e-02
-8.227799198570796557e-01
6.239074551611620834e-01
-5.129030585376943840e-02
-4.253481323852883467e-01
5.146185274104659868e-01
-5.261260130032024973e-01
2.703625045081993750e-01
-4.814709570143546613e-01
9.148279540963045672e-03
-1.131959231529454657e-01
-2.351859946986467609e-01
9.533927186593588177e-01
-1.338102840155599993e-01
-6.872994566743230171e-01
-6.436968643956320069e-01
-4.816701629247427396e-01
5.429771018770388480e-01
-1.846097639415270053e-01
6.758648641381641564e-01
-7.075631118003016251e-01
-1.783296905399125165e-01
1.704597388953602022e-02
2.466985560732406491e-01
1.000000000000000000e+00
-6.370568759145927018e-01
-4.281758909261257906e-01
5.614290850373989672e-01
1.000000000000000000e+00
-1.000000000000000000e+00
5.821445566498076873e-01
-6.810197579874689433e-01
-3.522491865614296724e-01
-5.783361332766217000e-01
3.507104824558031353e-02
-2.814695841592736447e-01
-7.816717807467365997e-01
-3.919896133197737775e-01
-5.742387095109542372e-01
2.560313683507983162e-01
-4.823764258673419736e-01
2.730714744350641945e-02
-6.629584087483858523e-01
2.757977043996100996e-01
1.771651500068439078e-01
-5.261102530550290091e-01
1.929864839951959676e-01
4.202127225670273525e-01
-8.305596072271814734e-01
4.167992207502682067e-01
-4.250633769989858868e-01
2.770222239264137354e-01
-1.030459166696128526e-01
8.696644192230581494e-01
-6.067942856665391460e-01
-5.878772321310387072e-01
8.034890052103816904e-01
1.438094662978318117e-01
-5.295006316327409701e-01
3.249302253642971650e-01
4.252165094067313911e-01
-8.232216656435984437e-01
1.760975047709922164e-02
5.647903839682385518e-01
-9.829323159869840509e-01
-1.378324505361294416e-01
-7.111177323158746066e-02
9.691254823921445771e-01
2.890622475885532006e-01
-3.553444922152463326e-01
2.744960474734919886e-01
9.981508261995202247e-01
-8.787397394350300317e-01
7.738585222241368689e-01
1.388483203547750955e-01
4.908113426057215678e-01
-5.205479421704508614e-01
-8.664726295986387994e-01
6.740567132044368304e-01
8.091183308237560601e-01
-9.945298176841177451e-01
3.055054265956033133e-01
8.306599646661489977e-01
-9.993207585271874915e-01
-3.499284733813767256e-01
5.749947390826636306e-01
-1.522436731781854624e-01
5.296150871265232762e-01
-5.210197432064169742e-01
-1.000000000000000000e+00
-1.147158629432673410e-01
7.398072735513299136e-01
-2.973582502717808107e-01
9.404811780961366274e-01
-9.475032377409912110e-01
1.000000000000000000e+00
7.548309527796407403e-01
-9.845826654027367564e-02
6.889631240981136662e-01
2.337945916467458127e-02
-6.498061590230213014e-01
-5.357845207333850057e-01
8.251299453146987428e-01
-2.139726700731809372e-01
9.082461223501562264e-01
-4.587474473733429980e-01
9.562851897844266702e-01
5.022416995148299979e-01
-3.020016593715533215e-01
-5.069170539982770229e-01
-3.040502947176217385e-01
-1.000000000000000000e+00
6.539462374250311072e-01
2.208416654390477907e-01
-5.960554517145384423e-01
-3.693806083815843744e-01
6.166341259889019516e-02
4.708246371297550997e-05
-2.366120417373668572e-01
1.161430575507743368e-01
-6.158356439906411683e-01
4.465236298249348201e-01
5.582318381659827633e-01
9.431339960146641888e-01
2.919430496846001782e-02
-2.041539858577064992e-01
7.126711947324007035e-01
-4.518275851214249572e-01
-5.317037672309221641e-01
1.000000000000000000e+00
-3.695718120099761306e-01
-2.794080626225710073e-01
-4.026823646211243890e-01
-1.000000000000000000e+00
-5.061102808254478447e-01
9.035817085528867754e-01
9.795100506060782086e-01
-1.110279131192662694e-01
3.161849700383425055e-01
-7.186070989988150304e-01
8.448748636164134240e-03
-2.019412251109286294e-01
-9.612398569444702279e-01
6.446767277945589791e-01
2.172091035510328449e-01
7.974669463894384913e-01
-9.979299072137916005e-01
-4.658714290554164528e-01
1.720693405398389386e-01
8.019743743779383927e-01
-9.071657537738818666e-01
7.887555334618072678e-01
-9.953476042848689032e-01
2.613925688493188293e-01
-6.400270080010490859e-02
-6.531608128663947133e-01
-2.379930737517146067e-01
8.829109682568228035e-01
1.202972069768388774e-01
-1.000000000000000000e+00
-8.849228457122497726e-01
-9.221547425390285158e-01
2.112694235811042043e-01
9.332726311862879487e-02
4.314890219089191348e-01
-7.316147460181521289e-01
-2.435351909474510190e-01
-8.522714173647958358e-01
9.033946928673765031e-01
-1.958723304559018552e-01
-4.114455626359121432e-01
-2.288873699892798319e-01
5.429846851249402473e-01
-6.082154359796023702e-01
-7.618125585409146749e-02
8.241071138801127072e-01
1.000000000000000000e+00
2.109790159208159432e-02
-1.000000000000000000e+00
2.093759534028323543e-01
6.397782804196803230e-01
9.980246262680246838e-01
8.018572991754072676e-01
6.348767897038741503e-02
9.890711100623872376e-01
-1.116555115060984815e-01
7.627010674222540754e-01
-2.629004947676103279e-02
7.817055052869767984e-01
6.158964292748000391e-01
1.244070951598763852e-01
2.378710248255798687e-01
7.887470040650339520e-01
-8.909673547101765179e-01
9.986242494034222039e-01
-3.317097723631659001e-01
7.130663524431155587e-01
6.071953503848939171e-01
5.982596777264622689e-01
-8.372618246359206928e-01
4.515393826332439464e-01
-3.808291963821382464e-01
-1.667066406001940226e-01
