7.142343587706284636e-01
2.844181215485277470e-01
-8.537157771405368134e-01
8.463428478700159019e-01
2.153462798962818003e-01
8.271535545902408693e-01
1.000000000000000000e+00
-6.796552879358632726e-01
-3.570174080806267636e-01
9.526907808511357878e-01
-5.551317793227372732e-03
3.456984155724462937e-01
-9.199670595456135302e-01
4.460874656043389841e-02
-6.603141540489281258e-01
-7.726336665864945719e-01
6.097371113026351930e-01
-2.790455793810437957e-01
7.877915958187185763e-02
4.378799164322477733e-01
-1.000000000000000000e+00
-1.000000000000000000e+00
4.139693319582751219e-01
-1.594001422512285604e-01
-9.686915590305811286e-01
-3.491359665189116557e-01
-1.000000000000000000e+00
-7.594046306479420583e-01
-3.431007248670712162e-01
-3.651758068411941061e-01
1.057523543269045518e-01
4.974376966963227065e-01
1.000000000000000000e+00
3.137793157956149104e-01
1.335895731525140739e-01
-5.499444326919548098e-01
5.059488732337616979e-01
6.065866213864776757e-01
-7.944303964144293628e-01
8.016395544426448971e-01
-6.392521981040242274e-01
3.584945375492971098e-01
1.708853104981696569e-01
-8.664212945459222048e-01
-1.000000000000000000e+00
-4.307191635741771663e-01
1.653525034240592717e-01
-9.960703328347393359e-01
-6.733128818075706512e-02
-1.316056423871046210e-01
-1.366820507880568414e-01
8.368279680779973084e-01
-1.000000000000000000e+00
3.121691240038759751e-01
-8.365868982608037907e-01
-2.172531241642710054e-01
-9.427214213036472223e-02
6.227828964698507441e-01
4.794847465954608090e-01
5.083816544401597026e-01
9.856244581923943038e-01
4.555357196967959599e-01
4.303544883816288191e-01
1.000000000000000000e+00
1.000000000000000000e+00
2.140475984947221022e-01
-6.776515990910609855e-01
1.826359739307054780e-02
1.000000000000000000e+00
2.416501473226269070e-01
2.504784891279032699e-03
4.490247186043982985e-01
2.669780412588893537e-01
4.277893172893785234e-01
-9.211207757456078005e-01
8.018364686985741674e-01
1.709710958688652471e-01
7.791624057411705717e-01
-8.926133991943914214e-01
6.518162201785544507e-01
-3.191620490934075072e-01
4.272389961893547916e-01
7.505107432935426148e-01
-5.695352883304694025e-02
3.254905121175928340e-01
1.000000000000000000e+00
-1.000000000000000000e+00
-2.925391378141797283e-01
-6.840077585790810266e-01
3.686796547225756893e-01
2.203017512912393006e-01
-5.095147936859508730e-01
-9.360487973587022781e-01
-9.913673987970725854e-01
-2.444936872809524431e-01
4.716076046911030772e-01
1.000000000000000000e+00
6.733930795472842235e-02
6.668592069953596102e-01
2.798847989331192387e-01
-5.060496599411647978e-01
1.325517765917548774e-01
-1.905730384779966702e-01
-9.710583628787045063e-01
5.991055465061312368e-01
7.049576792774878697e-01
-7.793948352792607892e-01
6.621331240017959141e-01
8.438430231431512940e-01
7.477569619536220680e-01
-6.220520385993428825e-01
-9.952506618108425407e-02
7.800671069794349322e-01
3.235156512387173944e-01
1.000000000000000000e+00
5.193575970322650281e-01
9.191585106307493813e-01
5.376952833916486263e-01
8.506811871363122446e-01
-5.696087991991920230e-02
-1.668467289255559649e-02
9.683644171060645789e-01
3.746130732714748057e-01
-9.453568820475743983e-01
2.210061157278194188e-01
-8.882576789051139787e-01
9.147616800960700623e-01
4.695042461263921330e-01
-1.000000000000000000e+00
-3.131151871210486881e-01
-5.404548461502460543e-02
7.997539096157413319e-02
6.127613806305823863e-01
5.536591536474588793e-01
8.152993255677352114e-01
-5.173824968614371134e-01
1.641374583444905610e-01
-7.958881637509511719e-01
-6.910834068129350083e-01
8.730656458218510885e-01
7.763986341475500597e-01
-3.740106993447642747e-01
-1.000000000000000000e+00
2.998062732923117424e-01
-1.000000000000000000e+00
-5.292178142166938937e-01
-9.755150865339274890e-01
-6.547583424073343261e-01
2.505261554259250456e-01
1.361642454193772722e-01
7.426547547110903258e-01
3.176744861946226850e-01
-5.712586685956737576e-01
6.423381378138035558e-01
-6.265554599147129533e-01
1.558889259941520500e-02
1.546915245131095240e-01
3.346072951920207039e-01
-4.903527405374878967e-01
-3.531579238913911123e-01
-1.000000000000000000e+00
9.962991878655769185e-01
3.350000793169523039e-01
-2.784114160377202524e-02
1.190852036157736826e-01
-9.165533667094637460e-01
-2.067063037047221774e-01
5.791300317072006071e-02
8.634081325247365823e-01
-2.893228279476077747e-01
-6.039177191737830075e-01
2.131058162616960572e-01
9.440117793786833023e-01
-8.985692381637349069e-01
2.450016846389446723e-01
-5.922324468543363474e-03
-8.965167165591705345e-01
-1.947623405273530839e-01
1.000000000000000000e+00
-5.674545469178648993e-01
-1.183961234762053172e-01
1.005376941166429283e-01
5.535782618850638714e-01
9.492677555208748341e-01
-6.899423072520247668e-01
-5.542311969569470032e-01
3.302993942396287852e-01
3.946207471033080227e-01
8.530935799077916659e-01
-2.117794893142452284e-01
-3.673111436013323239e-01
4.501170671272600177e-02
-9.764310868214474137e-01
-1.000000000000000000e+00
9.806312103350940390e-01
-6.585010707408809338e-01
1.040066659515436753e-01
-2.841139205764400266e-01
1.000000000000000000e+00
4.054856450394498935e-01
-2.905659000754187704e-01
-3.511198395116139626e-01
3.789091481422115493e-01
2.486069063472508278e-01
7.775265485996107895e-01
-5.331247135067198606e-01
-8.073059769031863953e-01
1.702548491028188782e-01
-9.549660378741541278e-01
1.789484673983964547e-01
-2.146338669142271727e-01
-1.000000000000000000e+00
1.357480315665571258e-03
9.184212530178806899e-01
1.145247822356338929e-01
-1.000000000000000000e+00
-5.916966400334127130e-01
-1.000000000000000000e+00
-1.000000000000000000e+00
-7.441189484009352872e-01
-1.000000000000000000e+00
8.637023937854618749e-01
-6.945661280314698871e-01
-1.000000000000000000e+00
2.134176306132009593e-01
6.177431635677583799e-01
8.057213407674820305e-01
2.758039813399271178e-01
-1.288565478093984806e-01
7.301174321192350769e-01
-3.795744856977056325e-01
1.812734133721533025e-01
-1.000000000000000000e+00
1.000000000000000000e+00
1.888105629445153699e-01
1.043284239372505029e-01
1.000000000000000000e+00
2.797215474675009972e-01
6.846697322172777822e-01
6.267723565637199623e-03
-1.000000000000000000e+00
-7.846903779430796089e-01
2.273937395538557782e-01
1.000000000000000000e+00
2.953656795639636456e-03
8.497100596571576236e-01
-1.000000000000000000e+00
9.589128145518776014e-01
1.000000000000000000e+00
-7.832812347720565782e-01
-1.542321279588892979e-01
3.784105172224334623e-01
-8.233291851891901825e-01
5.067253155048550006e-01
-1.000000000000000000e+00
-9.677222217742202925e-01
-1.790422255690010955e-01
-6.120642966728617740e-01
-3.820967154099674801e-01
-3.314671585677124721e-01
-1.000000000000000000e+00
-2.986542182364984033e-01
-1.137965244755290151e-02
1.000000000000000000e+00
7.255866640181150018e-01
