-7.367118765598428265e-01
9.606108156869660464e-01
-6.802458531972060962e-01
7.494726241089206820e-01
-1.196472822247396373e-02
6.061558015956628465e-01
-7.990552315601974209e-01
-9.971822383732521500e-01
9.359085068223732540e-02
6.483535316963757733e-01
3.358046978306648001e-01
2.014340213841178673e-01
1.000000000000000000e+00
-1.000000000000000000e+00
-7.039859128687653289e-01
9.504379329361759554e-01
-4.061328175097732585e-01
7.326795449612262257e-01
-6.257848699288448557e-01
2.198954532877349377e-02
9.272768069186865247e-02
-5.826840649162959851e-01
-4.034494653293186905e-01
3.588323171861486083e-01
-1.000000000000000000e+00
8.453638929957615344e-01
-2.121454346955762293e-01
6.995665710516807412e-02
1.000000000000000000e+00
-7.781534444421148722e-01
-1.310870860651302816e-01
-8.530647490685483447e-02
6.749473161719596881e-01
-7.085137340134928241e-02
-8.173868772372006042e-01
1.812227538721193076e-01
2.331799922354356180e-01
8.744340749713137573e-01
-4.293135812640826443e-01
-7.802362541772744908e-01
-5.979581717160835641e-01
-4.894748953229042243e-01
-6.445480978025472374e-02
-9.953342196340956294e-01
-7.763576644766272405e-01
-4.104261774053281214e-02
7.581054811574911012e-01
1.000000000000000000e+00
4.225281640232153579e-02
9.452605505123284901e-01
-5.104179145473691781e-02
1.000000000000000000e+00
-7.144045089417814243e-01
-7.725643492093553499e-02
7.811408133108685981e-01
-7.452544336774364897e-01
9.042255959423513012e-01
-9.061469706543723301e-01
-5.595935474808517718e-01
7.293290975561760314e-01
8.251878627054469728e-01
8.963633728759764496e-01
-6.754881250584643393e-02
-9.221601994098702626e-01
5.849804027205667278e-01
-5.129030585376943840e-02
-3.459475663823397551e-01
4.837335223959509101e-01
-5.290549676116145239e-01
2.438151632642774069e-01
-4.768823363329510179e-01
-1.645250442242227051e-02
-1.131959231529454657e-01
-2.351859946986467609e-01
1.000000000000000000e+00
-1.338102840155599993e-01
-7.010220153436643731e-01
-6.436968643956320069e-01
-4.578000004351083785e-01
5.306535094339193126e-01
-2.066651522326874990e-01
6.865758468282725513e-01
-7.669712375946585725e-01
-1.783296905399125165e-01
7.479870031910562655e-02
1.525266324443835531e-01
1.000000000000000000e+00
-6.581995089553067668e-01
-4.395824793376627571e-01
5.888467567477793096e-01
1.000000000000000000e+00
-9.884447647789528224e-01
6.928912494958077151e-01
-6.337344865459216825e-01
-3.382531397986444643e-01
-5.599363707067497309e-01
3.754406070802195072e-02
-2.532367208379005530e-01
-8.334581627633905754e-01
-4.210934151463815445e-01
-5.582813804478405917e-01
2.509813645461754228e-01
-4.088274616456955002e-01
6.841429044670227499e-02
-6.667343654767325933e-01
2.757977043996100996e-01
1.685868211398970362e-01
-6.104683250552264129e-01
1.929864839951959676e-01
3.965838273061846331e-01
-8.506245098204633370e-01
4.696683021772076749e-01
-4.726629251995321246e-01
2.968484366956860576e-01
-1.030280281079478666e-01
9.152362474746325027e-01
-7.144898241825655694e-01
-5.770443633690012231e-01
7.689184898736758367e-01
1.357484081593537395e-01
-4.469397426361744197e-01
3.149248479368096376e-01
4.630083501827535475e-01
-8.232216656435984437e-01
8.656318383701210040e-02
5.997067335699157731e-01
-1.000000000000000000e+00
-1.423466016293461478e-01
-9.517593706302029943e-02
9.349518789573336708e-01
3.111852988105199280e-01
-3.175089097906090285e-01
4.759405025098482067e-01
9.719181024079888154e-01
-8.533196260113474763e-01
8.367347860427001294e-01
1.662451225114282005e-01
4.787966947760322611e-01
-6.009938607474681893e-01
-8.103267828798571548e-01
7.493457826839313718e-01
8.153956521381658940e-01
-1.000000000000000000e+00
3.055054265956033133e-01
7.671722302682389971e-01
-9.746788418253320430e-01
-3.692145213917255031e-01
5.718084505638111326e-01
-1.341833720089276039e-01
5.345883230413924769e-01
-4.670913181422590710e-01
-1.000000000000000000e+00
-1.086175135058324581e-01
7.296304740191021931e-01
-2.034589406360859665e-01
9.255633689216117288e-01
-9.656529799412684190e-01
9.685996329344402911e-01
7.628225857233816853e-01
-9.845826654027367564e-02
6.695916898901237424e-01
2.451157059619532910e-02
-6.382280571623650811e-01
-5.357845207333850057e-01
8.425892446750221643e-01
-2.272054762485673507e-01
9.082461223501562264e-01
-4.448451135752213847e-01
9.898314435841192305e-01
5.061091645670928729e-01
-2.719483190656311056e-01
-4.729971631711507030e-01
-2.649939925923879835e-01
-1.000000000000000000e+00
8.483792447507573220e-01
2.344244456237150609e-01
-5.875294119255504155e-01
-3.566358128063059629e-01
7.473509889545530693e-02
1.840821949920443124e-02
-2.381997390801260384e-01
1.015990323929190087e-01
-6.171353015982290469e-01
5.037668441792036989e-01
5.663436602253724139e-01
9.857923738075438091e-01
1.202383444642833032e-01
-2.681698922147352504e-01
7.906513050433749967e-01
-4.518275851214249572e-01
-5.933831663977991999e-01
1.000000000000000000e+00
-3.517949939443981155e-01
-2.794080626225710073e-01
-5.021277968794615187e-01
-9.898940451770449345e-01
-4.969422843629881514e-01
8.553448674081193248e-01
9.795100506060782086e-01
-1.110279131192662694e-01
3.412967763166008806e-01
-7.107154924312024669e-01
-3.156262905584667627e-02
-2.097824912253724861e-01
-9.612579988446753321e-01
6.716156131088530934e-01
2.014643233300265623e-01
8.010934904464239725e-01
-1.000000000000000000e+00
-4.658714290554164528e-01
1.720693405398389386e-01
8.031173668010718192e-01
-1.000000000000000000e+00
7.801449516741056911e-01
-1.000000000000000000e+00
3.030329710776575869e-01
-5.522493987722628533e-02
-6.347940105770066843e-01
-2.379930737517146067e-01
9.197915818986078795e-01
1.257016320843820922e-01
-1.000000000000000000e+00
-8.368708090017697998e-01
-9.678591684142894280e-01
2.297008120263092645e-01
4.784712206246922311e-02
4.314890219089191348e-01
-7.229050040968355573e-01
-2.435351909474510190e-01
-8.462333060859387190e-01
9.138086115679113774e-01
-1.889174037059369593e-01
-4.205914464165882993e-01
-2.144688318134126137e-01
5.539664422577231795e-01
-5.571307829713521009e-01
-1.313116468533473691e-01
8.087547102437708801e-01
1.000000000000000000e+00
2.109790159208159432e-02
-1.000000000000000000e+00
1.883680063591801068e-01
6.278334220034704760e-01
1.000000000000000000e+00
7.607536733981787869e-01
1.438201722471249555e-02
9.567446728914289489e-01
-1.601477918512672904e-01
7.596366668426948188e-01
-2.333128213914145710e-02
7.214158403247041829e-01
5.993524724468118903e-01
1.049812300873964599e-01
1.937037749758277749e-01
7.887470040650339520e-01
-8.509158216781906869e-01
9.956015213904537697e-01
-3.271664671263101454e-01
8.406103674951166393e-01
6.050368564938354288e-01
5.857851113936329845e-01
-8.866590177350021085e-01
4.724674263862193579e-01
-3.667213610798056300e-01
-1.769414162992940520e-01
