-4.155894544570136739e-01
7.698934773444094937e-01
7.324022097101410278e-01
9.831748264694146755e-01
-1.953190189833181600e-01
-2.857586772433502453e-01
-8.967382011512866624e-01
-9.554632266330440604e-01
-7.941611977623539431e-01
7.332190915411440635e-01
-1.737071707291237832e-01
6.019513523864847837e-01
-1.000000000000000000e+00
7.963851055648038524e-02
3.142751824476480715e-02
-7.069084027143636151e-01
3.836896274247645344e-01
2.996928203914878686e-01
-1.087395381760816182e-01
-3.665877287486380975e-01
4.809531771164277658e-01
-1.000000000000000000e+00
3.202237067031110662e-02
-1.722238548512248224e-01
-3.833072966513965674e-01
2.683031133348525721e-01
-7.264812968763458834e-01
5.348086571052145244e-01
1.641941919584344323e-01
2.251377990016416586e-01
3.387314993201693269e-01
7.074056670205342012e-01
-9.382290475904788707e-01
1.187999980638022451e-01
-7.332502229358308643e-01
6.353272913521085252e-01
9.810322399785278424e-01
1.860496049272379882e-01
-5.344200547477639951e-02
-3.624054747023914835e-01
3.105835241999912455e-01
9.775001157628714077e-02
-1.588395896718319822e-01
3.888460217073374525e-01
7.506290368485906139e-01
6.671211416178763898e-01
-8.481664908627719601e-01
8.045863884611955674e-01
-7.071382695431631393e-02
3.755822507717717085e-01
-6.344333541346923733e-01
-4.280704168050704084e-01
-2.974464529843358629e-01
-4.011138768109667740e-02
-3.519562794663257943e-01
3.521092755041024813e-01
-4.059751194354567772e-01
-5.971619499214022575e-01
6.725334085214595969e-01
-6.263882366773653176e-01
8.402202659310288313e-01
9.440876660132723197e-01
9.901630146987385750e-01
-7.817881860389355175e-01
-1.707321211117631132e-01
2.638595491305301133e-01
7.341027323109337033e-01
-8.835766775098889969e-01
9.157396436125200267e-01
-1.709943959511630029e-01
-9.753298979180202721e-03
1.674286122925480180e-01
6.813328469234024576e-01
-3.108967076793028861e-01
-2.646867337375218704e-03
-8.565518428155312058e-01
6.568214497695956666e-01
1.000000000000000000e+00
-3.007259183332355312e-01
-7.757449232459827648e-01
-8.245314996066148705e-01
-8.257658772536562442e-01
5.410398038482743255e-01
2.212230899888061320e-01
-3.087896852605043208e-02
9.170379203248220090e-01
5.391570387253656893e-01
-4.948283114576815245e-01
5.337359020420850975e-01
-9.806458970580098633e-01
-4.361198470338589206e-01
6.249681531508182175e-01
-5.499238396519137151e-01
3.579168836302493162e-02
-1.644684817636763441e-01
8.771529605216357162e-01
-2.516877388198340837e-01
-1.000000000000000000e+00
-4.273312801534229766e-01
8.660225155770318040e-01
-5.428820510948791922e-01
-1.000000000000000000e+00
6.798902944205051924e-01
2.385963930046201553e-01
1.068418438501814727e-01
2.211018747237578630e-01
2.615190813772835798e-02
-2.156175733574610121e-01
7.279185230595200951e-01
1.645055569087184588e-01
6.532449788618630571e-01
-5.713077869807947629e-02
-6.931433229801831075e-01
-5.088007163647668279e-02
-3.275490719197034495e-01
2.883985231627594903e-01
-5.106832183182166141e-01
1.015408178763052560e-01
-7.094745718998909378e-01
8.712552226742928951e-01
4.438395131304151420e-01
4.794329362820823892e-01
-7.228369772416971539e-01
8.804247348699170139e-01
-7.921535273248008213e-01
8.920750453324518547e-01
1.509841040083832464e-01
-1.000000000000000000e+00
5.172384266656391283e-01
4.723646925911341166e-01
5.912063734862305076e-01
3.737623045791388376e-01
-7.091804118970599369e-01
6.750297008272083676e-01
5.895091896560722411e-02
-4.869197841346914468e-01
8.035071719969746340e-01
-2.028859447736386379e-02
-6.251727195995107067e-01
-1.176263831622273992e-01
6.665960681064475590e-01
-2.862475686479142301e-01
-4.683944622061502749e-01
-5.806099810353062551e-01
-6.176711091215885130e-01
-3.463189356741454006e-01
7.050837648587333639e-01
5.265644354398726357e-01
1.394650803519456583e-01
7.794422305220400915e-01
8.199837056850201034e-01
2.940005077285310353e-01
6.086985182028017416e-01
-3.093122835986443497e-02
-3.906416847988255503e-01
-8.700864507699148653e-01
5.500219183760106656e-01
-5.711549671655373750e-01
-7.683216706029689647e-01
4.557877633666804207e-01
-9.718539313444359840e-01
1.323255001546548293e-01
6.829425731928835397e-01
-9.965562585298614051e-01
2.950498466637692108e-01
2.018241830786731417e-01
-9.511312375531569829e-01
8.884012591892176403e-01
7.623590125635972825e-01
2.360981532721926901e-01
-1.086005535077861073e-01
-8.454511310423113990e-01
3.911734226210379362e-01
-6.153881537493438580e-01
1.876419650803050621e-01
4.795895837808802353e-01
-3.955070931848090332e-01
-9.445296722158866842e-01
-9.196938087593256039e-01
-1.600588415432901979e-01
3.353176376071940190e-01
-9.583771578272352876e-02
-4.235831386654315689e-01
2.687652997500928898e-01
7.226490037001390698e-01
9.510663897950886181e-01
7.459329666537825032e-01
1.170106076669359813e-01
5.474099958859055537e-01
-8.288752312040834624e-01
-9.691459335064411817e-01
-1.166249688833332354e-01
-8.323036587349772475e-01
-7.572866271204259370e-01
-6.354695249379089805e-01
3.966253010598741469e-02
-8.881724494167781980e-01
3.643780035526529848e-01
-1.487511766533253788e-01
8.281648402707760814e-01
6.574253925019772626e-02
4.115063487564774025e-01
-1.000000000000000000e+00
-6.898445892450518757e-01
-4.277906413575233713e-01
-1.855285387258238661e-01
-4.739488868017871503e-01
6.947773631434809305e-01
5.303889374904197096e-01
7.940590408004815082e-01
-4.509798876238514387e-01
4.650630122359451502e-01
8.690771513602020271e-01
-6.098673210470453299e-01
6.106159738328857944e-01
-8.844496132990997683e-01
-6.046023315736852588e-01
-1.458111399780618045e-01
5.811262208523613193e-01
-6.615727638358173124e-01
-3.992926440437543079e-01
-5.920096421101685991e-01
-5.405344636749350729e-01
8.567409347780186035e-01
8.068742564827773300e-01
7.265004395580618723e-01
-8.564432053832883307e-01
-5.760056433015674493e-01
-6.120153431300567881e-01
6.185232944900742602e-02
-2.652671983256669197e-01
8.568783339183964065e-01
-1.002994514335291965e-01
-9.018881605822440806e-01
-5.907596275804547492e-01
1.502680744798274293e-01
-3.096877181869551188e-01
4.571942563000829240e-01
9.323407032827388807e-01
-3.462949526877374673e-01
-8.827663623031641871e-01
-5.017911653794282500e-01
3.099705978832731912e-01
-1.978478484950363381e-01
-4.025366959125072364e-01
5.020562850914875863e-01
6.053287269505311929e-01
3.403601839609365909e-02
2.062022563204861658e-01
-7.252346036179085909e-01
-9.409680394976821516e-01
5.433943099093130336e-01
6.799331966459631893e-01
7.180492873141429699e-01
-4.350658858452505218e-01
6.844961221092300541e-01
-7.129623259593268481e-01
8.873135769503336101e-02
1.486616776623618796e-01
-6.498429390197816291e-01
-1.240078214823332053e-01
-5.641513138464238075e-02
7.744445494172311761e-01
-5.870894676495125308e-02
6.495784256379657506e-01
