-2.981003366574614399e-01
-5.651596865612997789e-01
-1.231289296305600744e-01
-3.638271662883023061e-01
-2.639854358113121746e-01
1.429293302187714665e-01
3.468780307496241999e-01
4.151512335979506418e-01
-6.225343945843545695e-02
3.140091126205682981e-01
-1.084252293630678515e-01
9.082535407377819725e-01
-8.306220087269826635e-01
9.832597942400791435e-01
5.231614193797708978e-01
1.678081269347504456e-01
2.730388189293193602e-01
7.749255535217417501e-01
-7.224201483236419863e-01
-7.251964751468229498e-01
-6.732862086579222138e-01
-1.729758459256895697e-01
7.319312037615702815e-01
-7.354495264200759941e-01
-2.804171194076252593e-01
-6.566981509626480529e-01
-4.206975384681647945e-02
-4.365988254932608864e-02
-1.650164181892717075e-01
4.061184758166319075e-01
9.985459590305167943e-01
3.087044335851951704e-01
-4.377866556957981103e-01
-3.756555888312734792e-01
-3.699952944727985527e-01
-6.975932676834186719e-01
5.053093386145190991e-01
-9.381969717150981380e-03
7.947152511328567925e-01
5.941929699349939309e-01
-2.378541224642126140e-01
7.064640446914050020e-01
3.633726892878255121e-01
9.129923162740267994e-02
-4.259619467041442231e-01
-5.545434756930801568e-01
7.716119136675034240e-02
-2.034852151294214845e-02
-1.000000000000000000e+00
7.400015877869240422e-01
-1.360484274804937832e-01
2.608794796417972517e-01
-8.505859887073006220e-01
8.795523445334488821e-01
5.131604142804485624e-01
7.770452031787655756e-01
1.575710922726755725e-02
-9.001990629957086210e-01
1.696887139499171637e-01
-1.242328185787903022e-01
-1.000000000000000000e+00
9.128743585772287616e-01
-7.334572489062205491e-01
5.644061318074454769e-01
7.349631525275748256e-01
1.364450157369315186e-01
1.440830933991349982e-01
-5.098511654635238255e-01
4.655519112543810567e-01
2.789033740429123776e-01
-7.651977638669427151e-01
9.637438760530510073e-01
1.000000000000000000e+00
-4.627195741926857231e-01
4.716743617367756825e-01
1.212555169347409451e-01
-7.005817550192579013e-01
-6.332501081957933042e-01
-1.000000000000000000e+00
1.343709939105899864e-01
8.558431406751352277e-01
1.990236928690394258e-01
9.478234557725348508e-02
-1.528848647454805754e-01
7.366714507597867945e-01
5.581706259744743104e-01
-5.118500227532143398e-01
3.066218328626106882e-01
-4.984318911459681978e-01
-9.848570416536515937e-02
-9.606616387729023376e-01
5.109201435683836667e-01
1.000000000000000000e+00
3.495224037161361874e-01
-2.896373161960719145e-02
7.419162303872437469e-01
-6.888500235898726842e-01
-1.000000000000000000e+00
6.134299984313402732e-01
-5.322323417978764848e-01
-2.391726794214532603e-01
-7.848864933822248258e-01
7.595931391249292064e-01
-9.928025266015823025e-01
4.192701530609064808e-01
-6.309603779267614065e-01
1.204525840233894030e-01
-6.135486721348929473e-01
1.480774820656209634e-01
-5.148536811269477376e-01
-5.011890290550953253e-01
1.040890945893382796e-01
8.369822473462281698e-01
1.000000000000000000e+00
7.494063938453360274e-01
-3.003169787391500312e-01
5.075927425866225695e-01
6.582850035311220704e-01
-8.218106349410212452e-01
2.463026921198362418e-01
-7.236493431496137108e-01
6.830524020375194905e-01
-3.660820642990247897e-01
4.476739065989716881e-02
1.909027889213369966e-01
5.027089359787502154e-01
-3.255752056972549546e-01
6.915621237355519257e-01
5.826960866336020756e-02
2.124098640829870099e-01
-3.527286643071883554e-01
-8.202402279687903697e-01
-6.678711058212924989e-01
4.089388966580705387e-01
5.014322159687407687e-01
-1.674615295160425954e-01
-5.004740271438841148e-01
-7.227777875735660329e-01
-5.542173484205592526e-01
1.815374066442499434e-01
-4.203293021722069311e-01
-8.859432340810708961e-01
-3.299658482415512295e-01
-9.978838238666863925e-01
-1.292748645117519912e-01
-9.329922641130041772e-01
-6.390608068431080646e-01
2.717041392460806115e-01
-3.680842221276316995e-01
6.691095185225596209e-01
-3.814460848432194018e-01
1.943618923379663299e-01
-7.124113303623537119e-01
9.622008744660819346e-01
-6.120887045424032724e-01
-6.906120614775025646e-02
-2.408822100743790717e-01
4.931637885127753557e-02
-2.039655003668709443e-01
-2.976894259889075744e-01
-6.772731440729979902e-01
-2.621107548426862000e-01
4.887347340908326787e-01
8.203446602335270343e-01
-3.129663995643607727e-02
5.895454045733521387e-01
-7.857905303114143258e-02
8.513334787287277772e-01
-2.777883049303606633e-01
-9.320403561408832083e-01
1.568110979154954121e-01
7.517359601570119398e-01
-8.457344484494400128e-01
-2.273061713780760718e-01
-1.648139578484295736e-02
-3.887860204167508105e-01
-1.752848535130704377e-01
2.275384878320221571e-01
3.862853662715773906e-01
2.734716706637029815e-01
-6.503908789476218200e-01
1.494684496345727864e-01
-9.032700740884597179e-01
-2.987246893168242767e-01
-9.437228164063402591e-01
-1.600135578174188833e-01
-3.043406583650559716e-01
6.521251748414613747e-03
-7.697554806991567800e-01
-3.093476080304621290e-01
8.294766431498682424e-01
1.756154299492837523e-01
6.394490490739812572e-01
-8.072387968906185041e-01
-4.755791680495361495e-01
-4.991689466242462125e-01
-1.337880144247298730e-01
1.000000000000000000e+00
4.749845394127834020e-01
-1.007231413565623651e-01
-5.203582542309369563e-01
-5.424309965302474001e-01
5.850882115074588219e-01
-4.139678764759966434e-01
1.000000000000000000e+00
4.990217735284283029e-02
6.550088230848685189e-01
4.769713213997957002e-01
-1.525707283841428730e-01
2.669494465403711159e-01
-4.221775091799351842e-01
1.222500232148631127e-01
5.805309364086355672e-02
-4.573567704365557041e-01
8.542679186713222350e-01
6.611309075313724914e-01
-5.233020029387827621e-02
-8.121205199857252366e-02
-2.174112311032858069e-01
-6.755583797521458322e-01
1.964573734954947193e-01
-7.915535223274920984e-01
-6.002352393593902713e-01
3.928759876494912207e-01
3.423779376313395018e-01
-4.405144284323618264e-01
-5.951668166922938763e-01
9.577318974718540545e-01
7.912169441323306796e-01
-2.586785427830091688e-01
-3.377107728414900922e-01
-3.747802878720621345e-01
2.914467681966206869e-01
8.575991853403824861e-03
-2.385367972586620033e-01
1.589285184522204741e-01
-1.569813244056871004e-01
6.023772598960859259e-01
-8.105242530653364863e-01
-5.246927246912629350e-01
-2.993289846508427887e-01
-9.524127571038409901e-01
-7.523776881209386369e-01
6.381982574232614169e-02
-3.501747656928738683e-01
-6.078571927134146513e-01
3.096668929502648382e-01
1.000000000000000000e+00
7.907332898884935624e-01
4.759052386476139151e-01
7.053358528752229351e-01
-6.122964416386033060e-01
4.225129094606085434e-01
-1.059016078768023755e-01
-7.683445761127394302e-01
-5.700012377165479815e-01
9.484178579367712469e-01
-5.380720629886897033e-01
-3.795988887099666642e-01
9.055791357830913491e-01
8.076510527304983644e-02
8.151261508457652294e-01
-4.822975542778658031e-01
4.992876165702576086e-01
-1.000000000000000000e+00
