-4.593261157196134037e-01
-6.260338043638620231e-01
8.915859135599812912e-02
4.374519355097004070e-01
2.978484083993079290e-01
-3.192756974104992151e-01
9.930334004406921045e-02
9.118028925006826935e-02
-2.489358922339643398e-01
3.761795582067412047e-01
4.205314889571119541e-01
5.245483409567877064e-01
1.541766413455351592e-01
-6.230114494011813608e-01
-7.932105639968891619e-01
2.387555294334213485e-01
3.024912122104674861e-01
4.143944984075194626e-01
2.926481863798002792e-01
4.416783749364150413e-01
2.006645881248620422e-01
1.263974292623816775e-01
-4.817174574493948702e-01
9.013133300316694685e-02
-1.192489527207326871e-01
-7.882284302924211228e-02
-4.569788823214238072e-01
1.071545673382369168e-01
-2.866270313042896256e-01
-2.381933447001310378e-01
-2.552500175602289700e-01
-2.639083105055465284e-01
8.979580932840334206e-01
2.129045462704301783e-01
9.173488106558122523e-02
-4.584092642054149458e-01
-2.377809411565398046e-01
-1.343356392718302039e-01
2.785351747908008102e-01
4.924024810049759671e-02
-1.189706510052273569e-01
-4.207110657390402686e-01
2.907915338851873033e-01
-4.920788868381680836e-01
-5.296279046741927399e-01
8.695151874718192175e-01
2.645573840750496397e-01
-2.684589461156680623e-01
7.586811361998443970e-02
8.213220893237815901e-01
3.762317029751528485e-01
-4.183703961238293134e-01
5.014751060977867825e-01
-3.819056511411206278e-02
6.098239735914994242e-01
1.610261069640023801e-01
2.250227190528124310e-01
3.410577751747235764e-01
-4.912900590692726999e-01
-2.004677676024529953e-01
3.184605186231785900e-01
-4.243600231274283208e-01
-4.396196176906820852e-01
3.148122503140031170e-01
2.676475024152759064e-01
-8.024385115106051902e-01
-3.373907582350221812e-01
-8.229940395056334346e-02
-1.558474211903679296e-01
-3.313779610037763113e-01
-8.368460590786606090e-01
4.073237729641870919e-01
2.103082036016937217e-01
6.205480309998392396e-01
8.388379605926541416e-01
-8.250600501769536077e-01
2.106585664722723239e-01
5.563413454934003077e-01
-3.418514466760015913e-01
-3.265646035337512187e-01
4.195773420122327346e-01
-2.920867632728207930e-02
-4.213825358538667576e-01
-4.063732345124484446e-01
-3.261350074714228775e-01
5.699881467070409824e-02
-8.521081114182771366e-02
-4.715453040045521904e-01
-6.243972602202806366e-01
-7.052386243735131455e-02
-4.932706374095039981e-01
4.330454985152416003e-01
-5.823295903882268476e-01
1.277780022661205994e-01
4.411702224523037508e-01
-1.924445016961154331e-01
3.808192103947405371e-01
7.968649763030893896e-02
1.473867530524294867e-01
2.160957484235469517e-01
-3.903390409663547445e-01
1.385544443172850304e-01
-2.420936626926476487e-01
5.448706945281035496e-01
7.192177146882836603e-01
-5.506734871615059923e-02
2.115716650201250326e-01
3.318211324173701571e-01
-7.886379177450661415e-02
9.030040706068789280e-01
-2.321061230993153035e-01
5.630000166088164892e-01
-3.310998008601998555e-01
-6.360220129703392233e-02
2.911318228047807821e-01
-1.701308359376539625e-01
3.145488313145430315e-01
-1.916939135666491101e-01
1.397236651967400101e-01
1.052609322567518157e-01
-9.559034949179789908e-02
-3.475182496439894186e-01
-2.183095827749655937e-01
6.381159407729464217e-02
6.134456960731715647e-02
2.907050911763919832e-02
-6.808446604840336924e-01
3.259369393545410998e-02
1.286344224619648258e-01
-2.053703949828661057e-01
4.058429950622786109e-01
4.375132600725604726e-01
-7.894133796161169059e-01
2.301352234339014979e-01
-8.833259116160354640e-01
1.841764186994797325e-02
4.281493212959084915e-01
8.783829342748170621e-01
2.445467074323974255e-01
2.356341393927326444e-01
4.753152011072214744e-02
4.218880355446971153e-01
-3.813521040591539291e-01
-9.582531862376270082e-02
-8.982591124786238890e-01
2.965668806328353169e-02
-1.308780515415419177e-01
9.337395946489140952e-02
-9.361333233638691187e-02
-5.931110111335144430e-02
-2.810608669575588303e-01
-5.379522110783776512e-01
-7.216857272368413234e-01
4.539080596821594427e-02
-1.304235733727442392e-01
-8.524130650677174126e-01
5.706705185298592831e-01
-5.255054520216484448e-01
-6.570570725625285435e-02
-2.366558842234478544e-02
-4.033462671334490102e-01
1.733827860449144720e-01
-6.889967499139744156e-01
-3.736604637631026904e-01
1.442705096064544057e-01
-2.264363597588893440e-01
2.137454918102837942e-01
6.220769410954626322e-01
-4.444915362815717863e-01
-2.608135014527166451e-01
2.460898004043297616e-01
3.392484334102285892e-02
-9.664221181552723472e-01
-8.835407279915852286e-01
2.780599742448187084e-01
-1.547180667143636112e-01
-7.309126912405725651e-01
4.088606363416826817e-01
8.136585690941663396e-01
-7.202386638294124843e-01
4.838007114461666258e-02
2.533985038206787443e-01
3.471557725248952675e-02
2.296994022609132324e-01
7.820691385752084335e-01
-5.640755008946315430e-01
9.022680980393954497e-02
8.033154010843819304e-01
-5.384135655344318705e-01
-1.660180393454557812e-01
-3.427716264640764954e-01
7.036293409251510589e-01
9.774383981673853694e-02
-5.892708922192667342e-02
1.275081815447940969e-01
3.359171465116059241e-01
-4.438017129329532851e-01
3.898037004856563792e-02
-3.822662878511428608e-01
-3.883630452518537224e-01
-4.645891955331044043e-01
-3.702000391003543167e-01
4.055844574375877531e-01
-7.809401461333314032e-01
-6.625744957403972846e-01
3.399028209997098093e-01
-5.051585380507267464e-02
5.003528088809661156e-03
-2.145832720806609972e-01
-6.074507069529562209e-01
-3.192801999233381149e-01
-3.336502298265857647e-01
-7.023490467252535563e-02
5.205022805516206219e-01
2.116505093647218505e-01
-9.044858921401663920e-01
-5.447925950656226091e-01
-2.457668617441934045e-03
-1.820767030443121159e-01
5.599994119947804272e-01
1.335029047362512600e-01
7.695278852198056407e-02
-1.793767339447910614e-01
7.675982027995571499e-01
-9.518170558170330198e-02
8.947449245250743699e-02
-2.445488797625960387e-01
3.460103677577005543e-01
-1.364652293658922266e-01
2.745085072728570275e-01
-2.498975198759978422e-02
-5.976684605578819198e-02
5.706869794838883569e-01
-1.646942511523290242e-01
4.706505260361570908e-01
-3.558897517971192359e-01
-6.431319773987409505e-02
6.407271791446578213e-02
5.027521297998267524e-01
-5.041268643445939723e-01
-1.769321762870633141e-01
-7.906358319950828051e-01
-5.283438621555089920e-01
-1.433771705274272668e-02
-4.981792043465493869e-03
-3.256648941555807530e-01
-2.873158949806132179e-01
2.057254972051655861e-01
4.994934183947473683e-01
-3.810559197047347357e-02
3.609758128788886911e-01
2.786362097831276419e-01
4.906037005317015476e-02
4.202093612390445099e-01
1.916614614831498031e-01
-9.763473726829530186e-02
3.332120516421320788e-01
6.342758121787231973e-01
1.630302994648984427e-01
7.283784951504701510e-02
-1.055381989927155484e-01
-7.879598411148514003e-01
-3.210420093501897831e-01
1.415209598112768252e-01
-8.179701450729059964e-01
