6.322894179485566424e-01
6.847334856756288612e-01
1.650443932931381918e-01
9.482860290845758211e-01
6.004809619511266572e-01
2.218041475992308387e-01
6.466792817109886515e-01
-8.552262979329520176e-01
1.000000000000000000e+00
9.390388779486669169e-01
-3.175315931258665958e-01
7.678297546487018455e-01
4.629706212113035013e-01
-4.960783208218984552e-01
-4.679142632622131925e-01
6.227595823544151976e-02
-9.541113952612667592e-02
-1.800397893142972050e-01
2.563339331979060109e-02
-2.942547945421660205e-01
7.413888699599204823e-01
-3.304542497949986002e-01
8.468416797806055385e-01
6.842736331733769717e-01
-7.898944414686413784e-02
-6.810562224608931459e-01
8.332699081555779985e-01
-5.460375972320741234e-01
-1.000000000000000000e+00
4.627386131905233402e-01
9.994739071899337857e-01
-4.943929347259560791e-01
-9.657465390779533532e-02
-1.853532419117648600e-01
-3.871924277967786487e-01
4.100090999451589946e-01
5.686476855311652923e-01
-8.251867349886679026e-01
-3.687527018281397950e-01
-3.475908287598343249e-01
7.918810895601019473e-01
3.773740299576198165e-01
-9.303403516582875454e-01
-6.146784162671414808e-01
-2.843402587745018639e-01
8.451742213121286040e-01
4.073068260472166580e-02
7.704525005078965982e-01
1.473421452916005570e-01
8.631200741166729085e-01
-5.468002862281493570e-01
1.000000000000000000e+00
-4.039907456529493457e-01
-1.580668943237237833e-01
1.050486765880640494e-01
-6.015759570874064099e-01
-8.734203099405187798e-01
5.034955671437817415e-01
2.477111424833671194e-01
3.685986323816010934e-02
-1.051436149557119087e-01
9.823557807158391775e-01
-3.057956236531969019e-01
-9.743136184025257274e-01
8.553422503534575672e-01
7.804120294386508450e-01
1.455160664036696527e-01
-8.430817280049528462e-01
5.094100858306244151e-01
7.516657479726844560e-02
-5.400199323838571486e-01
8.164666720203728190e-01
-1.065669628620706799e-01
-4.317579533800359193e-01
-7.046857396614318869e-01
4.556168766924259539e-02
-7.527992403294576640e-01
1.408217822181586643e-01
-5.468643662975858355e-01
-6.859037100335207970e-01
6.726003988673269207e-01
-4.914354922510802415e-01
-2.822536112985187806e-01
1.682892501276634645e-01
9.824935934779169822e-01
3.303484077044296363e-01
-5.282450539664201861e-02
-7.616904071211084704e-01
5.092476466621662645e-01
-4.915028561491289194e-01
4.283560460120490743e-01
-1.846590978909189162e-02
7.627220757081162317e-01
6.834650994969607707e-01
-7.471663156981533938e-01
-9.337446916997149682e-01
3.607350783038711373e-01
-6.594181900124844731e-01
4.656386976515726195e-01
-7.256431485814518467e-02
9.108100283256138630e-01
-8.920873199474790294e-01
8.231073083884075936e-02
-7.939349013634514618e-01
-3.065806294274585064e-01
7.594685723298415514e-01
-8.020038931116798553e-01
-5.692798116436156297e-01
3.973755764860866235e-01
-1.154378290223797565e-01
-8.405818394819019046e-01
-3.046548682524735652e-01
7.732044449933674901e-01
-4.707889624507489712e-01
1.697018987609909269e-02
-2.192541124916316808e-02
9.180791184748621214e-02
5.326726008401173607e-01
4.209253391454105264e-01
2.709758744308631284e-01
3.548244445121517820e-01
-1.434844700763077407e-01
-8.810259277645895448e-01
-3.507941775806394102e-01
-5.442905200412248012e-01
-2.659730061311239013e-01
-8.288660491451053103e-01
-8.449140419485446918e-01
6.959241672110367816e-01
9.310774281771438954e-01
7.366422029698267426e-01
1.139654122100964007e-01
-4.100449086246802377e-01
5.954412963160200106e-02
9.021553845353240675e-01
2.457090003702831482e-01
-6.062061558899346503e-01
1.476619843452416370e-01
5.186362779950689506e-01
1.547350115388280711e-01
3.228391072725542710e-01
4.492831574261879624e-01
6.646501280633985154e-01
3.584552161377673185e-01
-2.873674523759623400e-01
6.693694119255385599e-01
-1.771659983290194695e-01
-5.911805316364919516e-02
1.460927944601323192e-01
-9.150758719938962837e-01
-9.245690793087646409e-01
-5.249557901734956955e-01
-1.034553294841025206e-01
-6.753908884184384176e-01
-4.732110507206205297e-02
-8.421892343352681554e-01
1.000000000000000000e+00
-1.603745781610245447e-01
9.487090732015789341e-01
-4.081511181572231028e-02
1.000000000000000000e+00
-7.000391004988718580e-01
-6.497423783053908608e-02
5.166186450336018865e-01
9.270749982935545530e-01
3.989894979205582670e-01
-2.450769670683070056e-01
2.324506729263559335e-01
-3.488596014936298229e-01
1.086426181645330780e-02
9.819527122690605569e-01
-7.939091476478172815e-01
-9.454989654718498615e-02
-7.147987680344038974e-01
9.796119756218898411e-01
-7.213450385373716411e-01
-6.847715078409202238e-01
1.534816739484110015e-01
-3.064974389691443868e-01
5.069123912023298928e-01
6.583159941105194424e-01
8.956204508445371193e-01
8.910786678772897318e-01
-2.690749407691628292e-01
9.058598070586418860e-01
-4.794200707631063318e-03
6.641291155793682677e-01
1.476739047405456473e-01
-5.782361411162738607e-01
-9.627561166106900492e-01
-4.850451144336310749e-01
-1.436890715149894970e-01
3.407902520945986780e-01
-5.218557195536710491e-01
-8.865061726433139944e-01
4.251326858535805497e-01
5.911623359616966500e-01
8.202767051360229100e-01
-5.243639848918799640e-01
-1.009318142961515841e-01
-1.548644488267694186e-01
-9.029236100865204451e-01
4.908976385722366165e-01
-7.851687426028057804e-01
3.997972386902405861e-01
-6.811948780522552038e-01
6.272363187623217762e-01
5.389103248236519761e-01
6.729950170377776431e-01
3.107951922409933898e-01
5.558251265668207042e-01
-4.672799724240496166e-01
8.022175885597463418e-01
8.041111063727143238e-01
9.175178904098576504e-01
3.885481224225604824e-01
-2.846030730357307359e-01
-8.893110579905134649e-01
-3.824525966209047501e-01
-7.953839630582488773e-01
-4.343834988810770653e-02
7.603640475514593655e-01
-5.758553752376302515e-02
-3.701835230882082883e-01
-3.428527089884344514e-01
7.365115182430711505e-01
6.011699493022278906e-01
-5.934805509432941051e-01
9.523377435916826617e-01
9.288683641896378074e-01
7.254855364788739269e-01
-3.810308912356438205e-01
-5.787090673877296476e-01
-2.645738205221256356e-01
7.744557380013447068e-01
-8.674089319581624880e-01
6.591271187024478895e-01
-5.758326618455584800e-01
9.815113743106396171e-01
-1.004347187392493901e-01
-8.841296371335222171e-01
8.323923312636382077e-01
-2.667373282208213570e-01
-8.599726134926236609e-01
-8.398799840772774861e-01
-4.686641863255993634e-01
9.907587382320810487e-01
-3.487267099636970347e-02
8.554662296438961810e-01
-6.834819644831726659e-01
5.474281695156300032e-01
-8.793512882001845998e-01
1.000000000000000000e+00
-8.569995553669154109e-01
2.260818707294776908e-01
-4.671422585657539761e-01
2.303451064129004577e-01
3.300379980501739752e-01
-3.982497470445882093e-01
4.559601553138329932e-01
-2.891738223117085171e-01
-2.877750552730923839e-01
-1.000000000000000000e+00
6.477717603252658440e-02
2.345311950220470565e-01
