-2.196212101910344217e-02
-8.163825176053376431e-01
-2.805215436991870259e-01
-4.995370192428807421e-01
-8.932978052090165821e-01
-5.653409727283704722e-01
3.396728306856968693e-01
7.816501407952971547e-01
1.543277819220583158e-01
-6.105541878467251049e-01
-8.157472583084890427e-01
-8.606058280869899324e-01
9.028224805417457421e-01
3.669202611418163062e-01
8.264157317307061490e-01
7.282483820096472549e-01
-2.422000143344191780e-01
1.539750243838153843e-01
8.339487949446531267e-01
3.673446743586574748e-01
9.541553552366757174e-01
-2.273224373026283551e-01
4.532183430213501119e-01
-3.510161506373326024e-01
-9.646635892859412031e-01
2.419520857543897563e-01
1.460240176707587878e-01
-5.394549730786566411e-01
1.718426617035959669e-01
-7.246583394190195815e-01
4.710932894924635406e-01
-5.618393103831171853e-01
-5.444673253401286495e-01
4.661264317841227189e-01
7.011919234840642279e-01
2.925676774611600806e-01
9.347320018258817864e-01
-1.239255438526558617e-01
-9.315362269464748657e-01
-9.681297751939972329e-01
9.761538023663849373e-01
5.021179726061242299e-02
7.641933186822253976e-01
-5.127150192106011417e-02
-4.646771964512490527e-01
-1.292926536444667374e-01
4.069456235914195030e-01
-3.016052136364990588e-01
7.326111878574612657e-01
1.317328958482744117e-01
-5.127135613398419167e-01
-5.808719928902859042e-01
1.900357165853667762e-01
-8.921494152713593806e-01
5.964316519970607189e-01
-5.313390630551884097e-01
-2.729454866510219180e-01
-4.250801797029226670e-01
-4.809111724368131391e-01
-5.299022170351763705e-02
-6.689600293943400722e-01
-6.892977556001684825e-01
9.809752677289216294e-01
-4.694573172353635471e-01
2.881861027000955922e-01
-6.380400881646013378e-01
-6.827776642533622820e-01
5.126637856240754409e-01
4.458563071634489283e-01
-4.371670126212081620e-01
-3.941680344114519841e-01
-4.156566156333310058e-01
-2.465970743322767333e-01
-4.783476955971996958e-01
8.775212393827966917e-01
-1.308779078838351317e-01
6.603969088612260396e-01
-6.046488240447183138e-01
1.221745090388663968e-01
3.096386986757284632e-01
6.980801197561725679e-02
-9.646760652129260372e-01
5.961319102235367318e-01
5.927996847740761854e-01
-3.436512689710367052e-01
5.889930980695543550e-01
1.526228083854770379e-01
8.494395181990577193e-01
-9.483702019845399178e-01
-1.627277262109905198e-01
-1.152668221288244421e-01
-8.207986155731190614e-01
-2.273207213839305574e-01
2.857010730096096740e-01
3.528521282112162538e-02
-7.241760871036786451e-01
8.398989429852645738e-01
1.464796062780093777e-01
-4.744557314750248445e-01
-1.961330500023352741e-01
4.461816126879327715e-01
7.659603478422203349e-01
7.085674652966411635e-01
-7.965266257887986256e-01
2.478334140133480190e-01
1.562664615410520597e-01
-5.918740880054027542e-01
-7.486877834698237866e-01
1.779340663119550747e-01
-8.536227160786258317e-01
-8.990672488946898078e-01
8.053625172557066225e-01
-6.640042359363409474e-01
-2.905519376099492401e-01
-7.337851505826353815e-01
-5.965155689409513684e-01
4.299357127304619386e-01
-8.607059557460283727e-01
-5.937442884152934752e-01
-8.202869749649679409e-01
-4.641481151162700769e-01
-7.324871028686130714e-02
-9.172007712890437592e-01
-6.250683342049145885e-01
-8.883280221608620408e-01
2.980028261857503580e-02
1.120480737762246104e-01
6.269537759909682428e-01
2.075259182767559274e-01
3.850601927081618303e-01
-4.567436978637853251e-01
5.280167659238497180e-01
8.239702226055027889e-01
-3.662438209983236437e-01
-1.966975692966732581e-01
1.714964286316313924e-01
9.878845381394247838e-01
7.453218981481983807e-01
6.797726616694694801e-01
-5.166515576938894849e-01
5.124106247221322796e-01
-1.921132929322062477e-01
-5.825799085980278846e-01
8.468731168500773787e-01
1.127193445661878179e-01
9.570057481234606200e-01
8.472164186891946169e-01
2.262500825816189387e-01
-7.971335402236467971e-01
3.482633971386204230e-01
6.417105082565019991e-01
-1.899824070799533970e-01
9.304933293520676330e-01
4.505732732168246102e-01
6.248411151443509226e-01
-1.262394630515730753e-01
4.952761927185627133e-01
-2.953425350717251430e-01
-9.624122664660794690e-02
-9.240288051491551968e-01
7.374743254226998612e-01
-2.268793796037316124e-01
-7.222143731946610856e-01
-3.111960620374354392e-01
1.169250251527484963e-01
5.356360662820631724e-01
-9.469658625301207167e-01
-2.051737553931400893e-01
-9.960257612367020563e-01
3.468502169972820237e-01
7.192152931658335469e-02
6.104368105366126951e-01
-2.002021783350926842e-01
3.237856787740476250e-01
-8.779687384978873688e-01
-9.111499284712241131e-01
4.450406690864014969e-01
4.380165342058810474e-01
3.985402126592416661e-01
2.908681266968329293e-01
-6.471471694489789872e-01
-8.278534854251193842e-01
6.624723706444051174e-01
-7.868676155136689054e-01
6.745057410359145411e-01
-5.939165768230021403e-01
-3.586205212282680410e-01
-9.954588413611238362e-01
-6.216355954643666415e-01
-2.695865515021105274e-01
4.811773781003063633e-01
-8.957491674837212425e-01
-2.898194545647856391e-01
-5.988733625751836431e-01
-2.236933058950754116e-01
-9.275979440771056073e-01
6.967471773756188647e-01
2.951860512666744096e-01
4.298809718179958939e-01
-7.455167391980748182e-01
3.321918892827500081e-01
9.884962649939623702e-01
7.353085917917083769e-01
8.458889546890133726e-01
-1.670816957641001466e-01
-9.744961611617126707e-01
-4.674063577415881188e-01
-2.074245768862155170e-01
-5.238495726210801173e-02
8.326148465463307780e-01
-2.834142748956109958e-01
-5.052749765463941944e-01
6.439696883555776630e-01
8.232245183852393566e-02
-9.429511170472399950e-01
-4.670312151784741239e-01
6.796674798658681738e-01
3.526680037578908689e-01
6.058462428231639052e-01
-6.507248877419613553e-01
-9.965441183679839554e-01
-7.071304250412304704e-01
-6.242093628692657603e-03
6.966470178232606614e-01
3.456764184121068340e-01
7.097964581425841857e-02
9.577669316528512056e-01
8.602214250536110995e-02
6.652124567203161476e-01
-2.965009243547385154e-01
6.721766217514406616e-01
-1.982169358296048678e-02
-7.708210770914587506e-01
9.583195328581606276e-01
-2.906646935290015943e-01
1.899062801769546560e-02
-4.139893888567447444e-01
9.241597187972421246e-01
6.330983817816877579e-01
2.374216323029674225e-01
-7.069411367026801063e-01
2.046533827914196468e-01
-9.006749048353233089e-01
-8.051394195944703291e-01
1.963511919993665700e-03
2.485925089816760636e-01
7.752886433996610815e-01
9.479467475370966234e-01
-6.053382893332326375e-01
9.552799623170515897e-01
-2.366917408294200165e-01
-6.252704177511874128e-01
-9.161757787551412235e-01
-3.684345285089860589e-01
7.196406749279027348e-01
-3.960490774422855687e-01
-4.554697246277850109e-01
-5.501677570516243510e-01
5.516713786707365674e-01
1.068143265997394398e-01
7.808296090436501746e-01
-2.977333552730418997e-01
8.535808151307617830e-01
-8.356707655689188385e-02
9.367956132611856557e-01
