2.499964355877931643e-03
-1.531990980701854188e-01
-4.584164478297120260e-01
-7.820708978747430429e-01
-3.636790903751374038e-01
5.547031337968931775e-01
6.652171026182389646e-01
5.026886839662569884e-01
-7.111190082458588302e-01
-8.182223913068142895e-01
-4.212024029237814160e-01
-6.883642804174476826e-01
3.838148000181051400e-01
4.520392325908838271e-02
-8.821245055812901859e-01
-1.127595620192015646e-01
9.416648908968885401e-01
7.019011392686902440e-01
4.683081756110527571e-01
6.679416961868214209e-01
-2.367411230521402898e-01
2.199009681915026215e-03
-6.308525734987997513e-01
-7.635949460445202730e-01
-6.982388938455025285e-01
6.550940768364410527e-01
4.355059546608016502e-02
-8.795908130255116752e-01
9.563505871633753985e-01
3.668698591112516949e-01
9.703423016720771344e-01
-3.376590491424669160e-01
5.564107182921886885e-01
1.032326112245298688e-01
-9.878367616557379716e-01
8.805008470450740310e-01
-5.131887242650298719e-02
-7.501982579288722919e-01
1.349286341442716697e-01
-3.495775877766171824e-03
8.483208991633579554e-01
-5.424432879461715817e-02
9.668245961997228022e-02
-2.030952131814767747e-01
7.516092445403372846e-01
1.000000000000000000e+00
6.401530911499628829e-01
8.557563643919734175e-02
-3.199073741066657539e-02
-6.055874063778463601e-01
2.707675384990745338e-01
2.989906294381676766e-01
1.406926086466799841e-01
8.125930810088833889e-01
2.460680778908928279e-01
-5.973426536866820458e-01
-1.000000000000000000e+00
-7.708510253773325216e-01
-6.409880686296076657e-02
-1.000000000000000000e+00
-5.458362462806002346e-01
-3.202375790156649638e-01
-4.310016245429078019e-01
2.904057705738667949e-01
-7.658548848029523848e-01
-5.345057868704282678e-01
-5.441678125512595943e-02
1.268088626026050991e-01
4.872992584433761820e-01
5.921984855647542956e-01
5.636771395745290847e-02
-6.690739015258575506e-01
5.633244397591115060e-01
-4.402316024298303376e-01
-8.644795354505808715e-01
5.734779711374872191e-01
-5.711522783153969440e-01
-5.458229653915404045e-01
-7.749202997253613612e-01
-9.926615123080374525e-01
7.178409983483944323e-01
1.000000000000000000e+00
9.026416629349144349e-01
1.000000000000000000e+00
-3.465938896621141851e-01
-8.494348009159283786e-01
5.944229709661161820e-01
-8.732479302795256304e-01
-2.178053896631171327e-01
8.681947191335209757e-01
-1.000000000000000000e+00
2.211302425462839949e-01
1.125409761279613230e-01
6.807335329979002925e-01
1.000000000000000000e+00
-6.177587961193456989e-01
7.891727031715588536e-01
-1.000000000000000000e+00
5.914000078626805434e-01
-2.657761237488911465e-01
-3.675339830095891713e-01
-3.191524620347446217e-01
-5.065867693994006160e-01
-6.762358265476193786e-01
7.050403246951009173e-02
4.929939336306121689e-01
4.572196716414849149e-01
-8.642461412272348653e-01
-6.406815363146037834e-01
6.437285493897428879e-01
9.547607125807777706e-02
9.998801665501344527e-02
9.604768208075624425e-02
4.609215629370163464e-03
2.048582267784468391e-01
-6.622651435076866433e-02
-9.256716240332735213e-01
4.741990398895801206e-01
-3.814770908941872429e-01
2.070569485898779427e-01
7.497589324815389089e-01
1.451388285611702744e-01
4.105071282459760162e-01
-7.183805993049383609e-01
1.351957675511883950e-01
-5.125186893632869278e-01
5.245760144548750753e-02
7.731438796287426474e-01
3.932076242800681687e-01
-6.666371104066555198e-01
-2.539727417721954206e-01
-6.245677169835843756e-01
-8.833899007795994462e-01
-8.655020666268445906e-01
6.651364417752987368e-01
-5.495401292933566051e-01
3.254340795120444496e-01
-7.877332551083551238e-01
-7.480051354261125773e-01
-9.714136162995248291e-01
-6.282977454321803101e-01
8.989527867759466995e-02
2.281661406176699880e-01
5.655126756720382231e-01
2.157414829290802971e-01
-4.961865108278010750e-01
1.810028738982898677e-01
4.047555969627183448e-01
1.000000000000000000e+00
3.956150838226736854e-01
5.765554095204177276e-01
-8.913474793456213074e-01
3.025836457048093620e-02
8.312475715500651230e-01
-3.166591497441406111e-01
5.701932982684548845e-01
9.132912289050332255e-01
-8.156884281057106278e-01
-3.243927817774492350e-01
2.597341952644780516e-01
8.778504664819836156e-01
9.309902198970589904e-01
-5.260065403217601965e-01
-8.135387244748215618e-01
-1.000000000000000000e+00
1.297814575836855333e-01
4.308864796553599913e-02
9.912634748925377437e-01
-7.414395574584625725e-01
7.401671071303860261e-01
-1.000000000000000000e+00
8.279879957616836927e-01
-7.866190998060816897e-01
-4.929155293349480327e-01
2.148015253961511328e-01
8.655067477802057541e-01
-8.603802329873195820e-01
4.496424348195192655e-01
1.000000000000000000e+00
-2.452628966743398142e-01
5.322765516517363737e-01
-8.599677424618251687e-01
3.574408959339515635e-01
-6.943706987612622283e-01
-5.571229545835572061e-01
-8.311954560321763719e-01
-1.262137368491927925e-01
1.000000000000000000e+00
-2.743532881830548220e-01
-3.048482581067129549e-01
5.024649586200947704e-01
-2.870038524971096905e-02
-1.000000000000000000e+00
5.723156931620093646e-01
9.044492444403815501e-01
2.492917472782854305e-01
9.260088809241489027e-01
1.834088989159954330e-01
3.289495896844006340e-01
4.962633355308337935e-01
-7.590777454648376388e-01
-7.655858423004554547e-01
9.884466447337655337e-01
6.886446542888361444e-01
-7.702999310312421688e-01
8.368021745425180402e-01
-9.297482110984134351e-01
-2.480258027406170851e-01
3.733285011314305679e-01
1.000000000000000000e+00
-5.424177737022897183e-01
-1.000000000000000000e+00
7.301311268738669424e-01
3.902514178499796871e-02
-1.192989161103469309e-03
-5.327052561872096526e-01
9.147767861418885094e-01
1.000000000000000000e+00
-4.169715632148721651e-01
-6.591322565569815994e-01
-2.658485714264856026e-01
1.827333741150884150e-03
-9.483055912768895146e-01
4.833448674742394369e-01
9.549048021594148672e-01
7.761178276136290188e-01
-5.265488431340601405e-01
8.676892421696678070e-01
1.588477294367544868e-01
6.304088545282976463e-01
1.389555286003787415e-01
-7.027129199643225022e-01
1.333202098759899701e-01
1.000000000000000000e+00
-5.026991583432354194e-01
4.553425938666841311e-01
4.488082572131653070e-01
-7.362940388693853810e-01
2.773251498323677788e-01
-9.023459603360606263e-01
-2.708430209372049702e-01
7.919804459954618014e-01
-2.666134467321327195e-01
4.957905359229786146e-02
7.165861036673883966e-01
9.639311764542963790e-01
5.847811411465925202e-03
6.887985779072700598e-01
-1.836396780824041952e-01
-6.760759894394308134e-01
2.794905403153985501e-02
-9.741093504100430123e-02
9.493307213530361999e-01
1.960681540487281271e-01
-2.579625793925495736e-01
-1.420750398811614912e-01
-3.644157307683671965e-01
1.383507177668127919e-01
6.707630593473914438e-01
1.000000000000000000e+00
6.059396741374414863e-02
1.000000000000000000e+00
3.753647318182027348e-01
-2.604525656437938763e-01
-3.462905706224154168e-01
