2.053865162253658561e-01
-2.323960945999377636e-01
1.338014024106555788e-01
-5.316224400691362817e-01
2.672269953686871591e-01
-6.699196078420819322e-01
-5.247149890434259500e-01
-9.669178213717440906e-01
-2.751976278435222523e-01
8.263493962462962195e-01
6.258923832011086263e-01
-6.446827132128436499e-01
6.055467046525817576e-01
7.930588232941714055e-02
-1.107417946581148449e-01
-2.842244079964404424e-01
-4.242541692396248898e-01
1.561824384323715065e-02
7.922669794414813893e-01
7.755306235047907393e-01
-6.620486939093805923e-02
-1.769724697980685768e-01
8.288429862395820802e-01
-2.964601858014668245e-01
-6.183156269526777216e-01
1.539531977731962709e-01
-7.888998401601046151e-01
3.967066161990527307e-01
6.950949100728158747e-01
2.728961528774564993e-01
6.222957633797521204e-02
4.434444830340085741e-01
6.548354377455589681e-01
4.197980829598768615e-01
7.580572344720402089e-01
-6.901412080553650519e-01
8.785427055124354068e-01
7.159276889843488867e-01
2.053803498468344535e-01
9.073998219947817523e-01
9.674579596289156758e-01
8.904268857703752094e-01
2.649143217137846507e-01
9.408241193911457412e-01
2.638057483687881732e-01
1.042367374206011998e+00
-6.108920968924479444e-01
6.692309355390739789e-01
6.489606209067939613e-01
-1.869364761597484270e-01
-9.727800911074206969e-01
9.408823558956895816e-01
-7.636410053742699322e-01
8.155321421457327746e-01
1.874441157767838817e-01
1.054680187686716786e-01
6.175260054430060652e-01
4.540599900969810587e-01
-6.513387756425932373e-01
8.776768864764942224e-01
-5.043480732551349766e-01
-3.273672243296915640e-03
-9.499561165864475187e-01
1.066309702406421644e+00
-2.035135274467226307e-01
-5.077820444587097803e-01
-9.316290236917095235e-01
9.483825450724621131e-01
2.787653547953801159e-01
-5.637689117282713713e-01
-6.579975904135517695e-01
6.225067493740679136e-01
1.411075898120495165e-01
-3.828986176414022058e-01
-1.983270241449711091e-01
5.831223352078662714e-01
7.846128117953905523e-01
2.933206367152091376e-01
-8.058939853403399578e-01
2.753180035133127035e-01
8.740755397267530036e-01
4.189749294782402211e-01
9.557271363059632874e-01
3.838176557538510725e-01
7.999881826790518069e-01
-8.746555656169237025e-01
-8.918333752790231772e-01
-2.431734997731298531e-01
-7.967967732810492532e-01
1.128379807035979343e-01
-3.391307032239901931e-01
9.032990471775257380e-01
2.775235524727188152e-01
-8.601153189756407524e-01
-4.836989239279345654e-01
-4.860926479625600760e-01
-8.595941169627068223e-01
1.433454924701222655e-01
-7.984979552776443334e-01
-6.523070368934602570e-01
2.669390457131010086e-01
8.040972068492580060e-02
4.759711000329208685e-01
-5.781785772593874828e-01
7.971000317316220829e-02
2.126965164124508256e-01
5.357513474149021571e-01
8.692753747754634608e-01
7.512698642759468859e-01
5.886661938090858026e-01
3.890189793610556723e-01
-1.048228298116704371e+00
-9.945882347024104231e-01
1.805173120477411297e-01
1.787751464387428157e-01
-1.810800407261394657e-02
-6.199182342325032513e-01
-6.520186588639411696e-01
-5.031284301718931262e-01
6.169983763180488801e-01
-1.189508429573895576e-01
-6.084604845637486825e-02
-2.203144996091102037e-01
3.904060068587289489e-01
-8.767494041716759057e-01
5.089582139008657080e-01
-7.216495778159094376e-01
5.754100169888605176e-01
4.285171186862661297e-01
-9.575306970851127364e-01
-5.188473821475152459e-01
-2.730816353072504921e-01
-8.261264625833988351e-01
-4.381128916098349091e-01
9.143321149790215596e-01
-3.861305279181249661e-01
-1.594268343528765786e-01
-5.656859358798158599e-01
7.887368299916319714e-01
8.986041979792687151e-01
5.081278347727467004e-01
-9.147309630936331093e-01
-5.846613503947697410e-01
4.761777650894620240e-01
2.940860622012362868e-01
1.861124622765957248e-01
1.374672909478091842e-02
-1.631137035969680293e-01
4.261959234006781894e-01
8.833378524182574631e-01
-4.562378245884780581e-01
-6.419861893140780262e-01
-4.772452553722528190e-01
-1.398534757592642119e-01
-9.370222085782339283e-01
-8.614592254507711377e-01
9.532392497752857352e-01
6.413870949162790991e-01
-6.637233050874269402e-01
9.371099364584954960e-01
-1.058380629239996429e+00
2.986811441485612839e-01
-1.062494356355535352e+00
3.373686210448710865e-01
-5.262497963621243224e-01
9.637029737707583088e-01
8.171503924329609481e-01
7.478893188493531685e-01
-3.193770991679385496e-01
3.057939210891508219e-01
-3.185635100108339390e-01
-4.172896528244974812e-01
8.391556611098582863e-02
-4.203475300955511473e-01
1.020015363178647050e+00
-6.525861146883042974e-01
7.267156839418840164e-01
-9.954731821586364493e-01
-7.851451245727368855e-01
6.935201987939010326e-01
-5.832985740001219721e-01
1.193365502871887585e-01
1.807162089736244481e-01
2.079281246670541816e-01
5.858081115890010349e-01
-8.476830391772244289e-01
-4.594925148271204463e-01
-8.604624432579095483e-01
-3.699165218901947494e-01
6.075578787874122977e-01
-2.158641060950735602e-01
8.905071690855910216e-01
-8.039014033727363007e-01
1.539511635653556532e-01
1.010106069444335564e+00
5.911023665121888371e-01
-6.320193131070250825e-01
-6.589856422493987065e-01
-1.010896652329491108e+00
7.576824808465244532e-01
-5.342926397594728316e-01
-8.266542549667510453e-01
9.250647345664675392e-01
8.848339398595058691e-01
1.485777896810186460e-02
-2.732873263110708884e-01
-4.203863671517689138e-01
-7.027339807173311748e-01
-1.056280441946295223e+00
-8.396267546469978749e-01
4.116643724474129407e-01
1.785672527863781944e-01
-1.429021815664797135e-01
-9.574498987132349370e-01
3.062072177279246965e-01
-4.207770300808936770e-01
7.432517867854119276e-01
4.615129462260182946e-01
5.597298110950390537e-01
-1.492205435660282631e-01
-4.770745287117309497e-01
-8.652517722610142403e-02
9.682693821758133756e-01
-7.420829573117938560e-01
-3.884397232638348019e-01
-1.559105039482633348e-01
5.578911963350103864e-01
-3.766586835822138823e-02
5.496548458879004784e-01
5.485100750653710833e-01
-5.134076714585100731e-01
-8.029928129350796251e-01
9.593311151989729613e-01
6.932746594271680385e-01
6.573672835229221745e-01
9.571893849745262417e-02
-4.013650741444554915e-02
-7.030512081368890387e-01
-1.735694972700965732e-01
-4.605525989833114675e-01
6.812152811478562331e-01
-6.743627236252782708e-01
-7.627286392306706908e-01
4.453679339994298658e-02
9.582492599623536333e-02
-6.930386240884441884e-01
-7.642389318861307901e-01
-9.197399607068150740e-01
8.104536863146565295e-01
-8.110970642135415520e-01
-9.322585325411836266e-02
4.672207487587749508e-01
4.776852768879038535e-01
-2.175030512940432093e-01
-2.190870456946083511e-01
3.525576345718219873e-01
9.259447482833574883e-01
-6.050259922149360536e-02
1.200771192429856971e+00
3.654967670935236890e-01
-2.686300782185280234e-01
-6.585240253805801913e-03
9.010617453357470108e-01
1.067695750234933572e+00
-4.236321716308974472e-02
