-7.391360154673024541e-01
-5.420375649006584640e-01
-5.650840385663297161e-01
-7.055611552969305311e-01
3.336895951029544838e-02
6.706908211369781991e-01
6.605729309917922620e-01
-3.043100485972260461e-01
-4.886211930113200097e-01
-3.400761527120713668e-01
-4.776060973479686056e-01
-6.005513564492894751e-01
7.285065086819086932e-01
1.687698327947456112e-01
7.700617325980811945e-01
-1.865073247259609879e-01
-1.744664311288813829e-01
8.314823497120024109e-01
-2.424863705350210619e-01
4.402631906343302814e-01
1.229938298300514155e-01
9.516075219324725276e-02
-5.023767807135530727e-01
-1.313537937688263324e-01
-3.926572040671530428e-01
1.080999513883782459e-01
7.221320156622070829e-01
2.132522043325060235e-01
-8.877995123854978132e-01
5.332421389650042753e-01
-2.072710032919470313e-01
-8.625379044183684174e-01
-5.276141005822339025e-01
-7.660592092041433876e-01
-9.605019032108035315e-01
1.870999661500951650e-01
4.815805901458536376e-01
1.405673796460677749e-01
-1.000000000000000000e+00
-3.503583664586504831e-01
7.002954979377761235e-01
9.265761822986721130e-01
8.297508307268307570e-01
-1.033775380378388065e-01
5.233222551205902739e-01
2.476013862706422375e-01
-9.374150289095151134e-01
-2.855763615150902490e-01
5.318123418915795542e-01
-3.055169207705975554e-01
4.351556865111926853e-01
-5.084436890511502272e-01
-3.089915890201845317e-01
3.111605156318854037e-01
4.178887783228908415e-01
3.172849752546483271e-02
-1.000000000000000000e+00
-6.139486119700675593e-01
-1.000000000000000000e+00
5.971275806298600997e-02
3.268558975533570887e-01
-4.038228385309341473e-01
9.169148614561382915e-02
4.879682204753392760e-01
5.051619413611805331e-01
-4.167215787743209221e-01
-2.296034256607515367e-01
9.062527502990581629e-01
-8.497580922166190209e-01
5.848544964508151089e-01
-7.529171946609116706e-01
-8.735769276644429482e-01
-6.982430069912740622e-01
7.949719423030654486e-01
-2.197806343942031726e-01
-7.246617338275617159e-01
-4.890430486591201831e-02
-7.471026400560717429e-01
-6.590118573696606141e-01
6.010612503268188966e-01
-6.904053038051921609e-01
-5.844608852581414382e-01
4.942273856718519820e-01
8.402482492401173175e-01
3.390331572412780270e-01
-2.703369839481652992e-01
-7.954191416960536554e-01
-4.832387959118207843e-01
9.843956563408543525e-01
-7.651443548346144041e-01
-4.192377955791701249e-02
2.335819713437547462e-01
8.567697695151296200e-01
-5.396520291160212812e-01
-7.136721191910787576e-01
9.352106545640548330e-02
8.802473180191587865e-01
7.993144972775144685e-01
-1.735336537096124621e-01
1.658007961321980028e-01
3.106468989862508634e-01
7.828887307817020691e-01
-9.244276572649774426e-01
1.473012065606892906e-01
7.213221861314954575e-01
6.536823888166147789e-01
8.809222107671469404e-01
-2.825135449572779289e-01
-8.754583902846306831e-01
-1.742140889945570925e-01
-1.408125753408098757e-01
-6.926831599991755128e-01
-5.781531701843707349e-01
-4.500773769447843353e-01
-9.986159586480304329e-01
-1.345335968004087168e-01
-4.496331073155901414e-01
6.013839765250421632e-01
7.066184730063655994e-01
3.109346270980565818e-01
7.970105607744025766e-01
6.234781899443181397e-01
8.200977110729170683e-01
-8.011734361226506840e-01
-1.773338214214486841e-01
3.263870249820016722e-01
-7.475121034822886923e-01
2.111511004731806418e-01
-4.570711651524701491e-01
3.789670603168521223e-01
8.012468698930497180e-01
2.594210044623354028e-01
-4.817978516290020163e-01
1.984788101332568555e-01
-9.844668320543061846e-01
-3.533980987195452506e-01
1.000000000000000000e+00
5.846829424031327882e-01
4.776461196410478061e-01
-8.627142356542618629e-01
6.649767776925843421e-01
-1.000000000000000000e+00
-7.820577329294532698e-02
-4.960130689802417225e-01
1.885526642897403238e-01
-4.036680129428311670e-01
3.167267905172629905e-01
-4.165151484487952804e-01
6.489403649299857468e-01
8.926850578237567335e-01
5.715347811800954858e-01
1.000000000000000000e+00
6.552318194010728902e-01
2.228085815380655421e-01
-6.962469857686143238e-01
4.724665414637952976e-01
3.921035526125733472e-01
4.982065298576859869e-01
-7.562351438865584363e-01
-4.532750964549722150e-01
-6.532678175765866957e-01
3.120840260173084468e-01
3.872994979410997463e-01
-6.116472873331210147e-01
-3.013296674860053148e-01
-4.082467554537024812e-01
-1.956615417291478753e-01
3.514688664718894628e-01
-5.665747023615279598e-01
-5.071467730250178718e-02
2.948234728981563579e-01
8.104244310364541182e-01
-4.651856533188821752e-01
7.591636449463625702e-01
9.856459339571492784e-01
-3.548994394402262831e-01
8.317638812502143875e-01
-9.132173877950339191e-02
5.938437447936094626e-01
-4.275874382413055730e-01
-4.553964814243673387e-01
1.000000000000000000e+00
-1.657531386426484288e-01
-8.556145453902067599e-01
7.643744620217924890e-01
7.027103881700338395e-01
7.094295665364902526e-01
-3.246680198946644280e-01
3.610258064365385877e-01
-8.967777345934406785e-01
8.082107573839799608e-01
1.000000000000000000e+00
6.745420579449327159e-01
2.877284740482237146e-01
-8.506193887526329878e-01
7.897053239175966244e-02
1.584175658872045978e-02
-7.501799276572871378e-01
8.105950565231920812e-01
-3.892242788194984482e-01
-8.485601525406113455e-01
-8.637259115839954760e-01
5.755894971538455529e-01
-5.283683767858605995e-02
-7.816133818967378744e-02
8.393204555227661290e-01
-6.554788824462293162e-02
-1.430127915895873791e-01
9.700402129985083999e-01
-8.544748832323248999e-01
4.982741025893855924e-01
7.085489005533556206e-01
1.514783030580348910e-01
-1.700362275792759448e-01
-8.483493871671449194e-01
4.103200475247524848e-01
-5.573342259263266429e-01
5.042031077831851116e-01
8.484027727512412076e-01
5.368239555081133485e-01
-3.600777790484230856e-01
-4.441963835705261543e-01
-6.556443915719153415e-01
3.926246629744005179e-01
5.625565595048824807e-01
-7.453418029169199821e-01
-8.647395463454434772e-01
5.747410382135766937e-01
2.475419826572915483e-01
-7.829683515240155600e-01
-1.000000000000000000e+00
-5.536293861357498569e-01
-1.902019275237437912e-01
-1.000000000000000000e+00
-1.176146921541290913e-01
7.386919168127754620e-01
-4.164995684125396558e-01
3.678893694960635452e-01
-1.804828769051760595e-01
-2.813646484686617155e-01
-8.873275045090461832e-01
-1.888338472795316747e-01
-1.011205289609562463e-01
3.216178699384421025e-01
-5.802718113398949717e-02
-2.102975055357918510e-01
3.263817189304877298e-01
-2.162871139843602353e-01
5.665010163563425349e-01
-8.812913430883657639e-01
-5.993403195412493056e-02
8.367182765204734807e-01
-2.707183582472307837e-01
-5.611818755324745611e-01
-6.396415285783257909e-01
-3.760518208706130072e-01
-5.191024725818517149e-01
-4.349863920821688268e-01
7.379265773473129286e-01
-6.751702566848881704e-01
7.249141328713657462e-01
9.877012908795931301e-01
6.823570175879796196e-01
-5.429659686706186927e-02
-9.232944715466477603e-02
