-3.861684045848777502e-02
-7.984738931893917702e-01
-9.915227555312111640e-01
6.483079899733348306e-01
-6.416525193995092913e-02
-3.482979337642091444e-01
2.148542403414819280e-01
-9.948915300409411078e-01
9.126687219314717492e-01
-3.200120043471099684e-01
3.504333359553601923e-01
-5.123437911038789538e-01
-6.194246531111238241e-01
8.835105923240216264e-03
-5.740822885921259555e-01
-5.645790197567288615e-01
4.561516163823391423e-01
6.990919148006340400e-01
-4.490310482424475502e-01
3.438490761911920934e-01
5.152314283557253294e-01
4.935119440762736343e-01
4.860875976692689004e-01
7.471745380439407391e-01
1.930722612855868547e-01
-6.370279034496822979e-01
9.246725966174593747e-01
5.485588952205091573e-01
7.746650622340309766e-01
1.586246296662743305e-01
-2.299922541554257904e-01
3.125479841434808947e-01
-4.662108485441383010e-01
5.198613188741332269e-01
2.073829586806709147e-01
3.053109328262637590e-01
-1.960992300620700846e-01
-5.255593695072182658e-01
6.475163965318644355e-01
-5.671708897154448259e-01
-1.641808883689858112e-01
6.187787775964193049e-01
4.519009972283494214e-01
-4.949422378244811571e-01
-9.747057058273533858e-01
-7.139445766486780531e-01
-2.278639140361335969e-01
1.588182402639829460e-01
-2.537293446428394716e-01
-8.127195260058193149e-01
-4.388014711420477609e-01
6.713517195408092997e-01
2.825182904056635635e-01
6.248976306282834070e-01
-2.883490712985325999e-01
-8.399424968007498382e-01
-9.912402268504347802e-01
6.518881239457054999e-01
3.362227671105446625e-01
-4.132137957116716054e-01
8.372750037387642896e-01
9.465770107426991764e-01
-3.423886188050930812e-01
-7.355547822004142589e-01
-1.565555099459383648e-01
-3.622947606786030561e-01
6.021357782246432588e-01
-8.254216683552093037e-02
-9.707940546258337911e-01
1.000000000000000000e+00
9.081217109668990872e-01
1.889167358446941503e-01
4.914092079123561496e-01
6.516185069051104728e-01
-7.244161700293036965e-01
-7.774646782821514890e-01
-1.319746563014885243e-01
2.354717732994322521e-01
-6.923430709800051375e-01
8.125788795744077753e-01
-2.813990288820000796e-01
6.871628212331553076e-01
2.138356055117318633e-01
-8.378910386129767573e-02
-3.722084424005414061e-01
8.950932831898281705e-01
-7.404348363212083228e-01
-7.252187588580452093e-01
4.465872352847284343e-01
-1.054048335063589026e-01
-1.353102084400514826e-01
9.524137339320457585e-01
-3.132717419397663128e-01
2.003853319331418970e-01
8.765128153334520444e-01
6.012683816558551664e-01
-5.625175654259854108e-01
7.679265015938454564e-01
4.749526530979135686e-01
-9.634203509789754927e-01
-1.888945239653674335e-01
-5.139302587885728052e-02
-9.729174468990109403e-02
-6.225204749868804566e-01
-5.646288375741326249e-01
-3.439783863700318634e-01
-7.285897374495285961e-01
9.417783098147983756e-01
6.365036622371755826e-02
2.955202418549092158e-01
7.378318945424753306e-01
-5.767963208091070326e-01
-9.540846457022966742e-01
7.406379830230385153e-01
6.999895341638376900e-01
2.817604591719558016e-01
9.121976255998869298e-01
-5.861294603671334258e-01
8.470065724212660907e-01
2.101514478320689605e-01
3.132726544981163652e-01
-4.649386685827923138e-01
5.197225121015147664e-02
3.668065309849785627e-01
-5.404814533698014678e-01
-9.219751034236296494e-01
5.371899669052633275e-01
-8.052769172717523238e-01
-1.700281635168994498e-02
-9.488505037566596911e-02
4.678232828144268662e-01
-2.324972572607102161e-01
8.449837980249814695e-01
-7.708185583272088026e-01
-6.544689949750235325e-01
2.115218885551617412e-01
-6.030686984565440667e-02
9.161486686668832702e-01
1.845457578285134570e-01
4.715268903231220055e-01
2.956802624687914216e-01
-5.904640835955439204e-01
-8.196570090957073784e-01
-8.626898450352569192e-01
5.604347604394613880e-01
5.935142924755161253e-01
6.716913531713437635e-01
-3.743809888760907256e-02
-9.583864984890522187e-01
-8.820606833545499015e-01
-4.721468517132931808e-02
-7.439491415792756079e-01
2.870676427694267563e-01
4.712998027136845458e-01
-8.706314225315865407e-01
-2.409699224088927491e-02
6.308052491735662848e-01
-6.933989910115114785e-01
4.150965840236464643e-02
2.911326244476424296e-01
-2.981685513850784730e-02
-2.745174947505454321e-01
1.532680670641750620e-01
-4.446952941407378290e-02
6.222507665861913839e-01
8.719316921129165454e-01
-4.260030891265786934e-01
7.125264476310786410e-01
3.284860508595910389e-01
-3.503032371373631104e-01
-2.664817435278876712e-01
2.516797054056326144e-01
-7.508023438420485807e-01
1.190665958644954170e-01
-6.967917577412890973e-01
-6.394787777952923857e-01
1.652999997324087200e-01
-8.582041857049740319e-01
3.672667854160369671e-01
9.922721783155921127e-01
7.796748084700306780e-01
-5.871305788868597109e-01
1.965680116650561082e-01
-8.286094913606900647e-02
-4.507856953626769858e-01
-4.504273182261731012e-01
-5.382761622794030032e-02
-5.521439571413954139e-01
4.794110808227793896e-01
1.845472269497118178e-01
6.978730462265869683e-01
5.493525643089960386e-01
-2.437864898785198076e-01
-5.436983987679440133e-01
-5.583046835171168176e-02
6.915850167932844350e-01
8.505184637098657241e-01
1.217452717055069050e-01
-1.386050610761180579e-01
2.964504256006250671e-02
1.215207771334281261e-02
-9.221374812107376862e-01
-4.715240699086331588e-02
-1.485009057894195461e-01
4.849114962891959424e-01
-5.030234421836330405e-01
-2.287632599372233511e-01
-7.842074272645078725e-01
-5.661821083832192514e-01
8.460526929742790969e-01
-6.072771376937278198e-01
2.839586066306296619e-01
-7.717799099385899142e-01
-3.868101761608394584e-01
-1.267366093170871899e-01
-8.651128714705906830e-01
-4.392151370605514860e-01
-7.772575992470885931e-01
6.096238783564693620e-01
-8.328648316830618015e-01
-4.518171190750737767e-03
7.400670106350140109e-01
7.540802206450401002e-01
-5.675639842524675682e-01
5.947955242007325616e-01
-9.768262080912359924e-01
1.710664132408059590e-01
5.572468402774863883e-01
-1.199071489266139157e-01
5.822445951742530879e-01
6.958509859729853364e-01
-6.490597389728081090e-01
7.046484123133276434e-01
7.157048012879700938e-01
-6.471171504452102319e-01
-7.793041209669591129e-01
1.958769009151437590e-01
6.790110857192994676e-01
-6.670334246232205722e-01
8.520201941166591908e-01
-7.425235103923255586e-02
-5.417447583432772884e-01
2.515016695185325890e-01
-5.672725980560429093e-01
2.065573148004867521e-01
-5.209236132338922465e-01
7.016815201678070490e-01
1.319127305460290334e-01
6.547396098967483979e-01
-7.123942527167350658e-01
6.980895681495999927e-01
-9.498800894097327863e-01
8.335668952811459143e-02
-4.439648354709373468e-01
9.288064306031179607e-01
5.945330355346192253e-01
-8.321175250420398406e-01
3.806362271498680006e-01
-7.032319601179468638e-01
-3.693749146100976377e-01
-2.758344108462607025e-01
-8.588438044801200988e-01
-6.363514131336511781e-03
6.846685143440061072e-01
-5.957674825741143820e-01
