-5.598721142583635846e-01
-8.066371269622585327e-01
8.752894163984727971e-01
-9.761856296291864243e-01
7.996231684785289062e-02
-2.562643394498769212e-01
-4.363374175068011618e-01
6.412143088112823852e-01
-8.149004889940740792e-01
-9.283832486919335603e-01
-8.208194277042237808e-01
2.075962621686306964e-01
-6.676000248549659455e-01
2.376383285282384072e-01
-1.944734700725432308e-01
-2.075688348847786191e-01
3.839047536060574140e-01
-4.575047991043215134e-01
9.681639092198963681e-01
1.000000000000000000e+00
-7.595292212445386992e-01
4.363742831833952174e-01
-7.929312598249815824e-02
-9.571947203165401818e-01
-6.392406484174117942e-01
2.820825634105246227e-01
-7.199549921914090156e-01
-5.329994867580494233e-01
6.271885205451056822e-02
-4.739875089644258743e-01
-8.182115182611462423e-01
-8.092008926047732364e-01
-8.612824129243337734e-02
5.247702976228176830e-01
-2.940969052218347368e-01
-1.000000000000000000e+00
5.606139139166240737e-01
1.703181435437672864e-01
3.142192716053803792e-01
-5.104182903473906130e-01
3.991671300768528940e-01
8.088336196505426789e-01
-7.540015897076648432e-01
2.742103999309622453e-01
1.347551544892361397e-01
-7.932929117786315931e-01
5.359461675318704099e-01
-2.731045684711296828e-01
-9.570812322608697187e-01
4.727462307595203250e-01
-9.237762223808604345e-02
-3.154857517699954927e-01
8.096332245468214062e-01
7.226304815025583750e-01
-2.119982808422085085e-01
-7.030903426631169850e-01
-4.940227453324725904e-01
-1.000000000000000000e+00
4.040408317954594791e-02
7.993233999713583726e-01
6.108434747970248324e-02
7.395121108741120608e-01
-5.799414090530961019e-01
-1.484047724273336311e-01
9.134950487728220603e-01
8.946750400282077464e-02
-2.926807650142052575e-01
6.396297815264324615e-01
-1.681865676781824637e-01
4.266354344573571045e-02
5.246149501187162834e-01
-5.671544753963665420e-01
5.694074005454090592e-01
6.910059695359505039e-01
6.338025439866957766e-01
2.013886749720476821e-01
-6.806598214162625782e-01
1.000000000000000000e+00
-8.191587712223620255e-01
-2.482786427411530494e-03
-5.899118487111771891e-01
7.686325137407878927e-01
-9.583621084392435208e-01
1.188615178155382757e-01
-3.937152318546779384e-01
2.269822357937526236e-01
-8.224104359656148056e-01
-8.709154086844210774e-01
2.420558639195640183e-01
-7.666304768543046322e-01
6.027201717358201538e-01
-2.345179120723779320e-01
-3.791430865123519567e-01
-2.821527389148383858e-01
7.157355857866143367e-03
-4.055916516621604906e-01
1.122015185559932515e-01
-6.527159576475904945e-01
2.126249451988561079e-01
8.627488451435334493e-01
-4.067562750554636064e-02
-4.224760092782084975e-01
-7.839771082801354485e-01
6.655746804103901404e-01
8.883045103842627244e-01
7.905398176249491815e-01
-6.280041878636297703e-01
6.027760984810683759e-02
8.595130680949303326e-01
-7.237212357646757299e-01
-2.827745976837794384e-01
-3.693009359846751716e-01
5.337409426325413486e-01
-8.262184402425289953e-01
3.811668959298988857e-01
8.372898939546141728e-02
7.812885572109673493e-01
2.451289545141837056e-01
8.216539615015935327e-01
-6.184058898045519115e-01
9.313087908019881400e-01
2.630041849931512576e-01
5.394301878937382000e-01
9.240092891584912316e-01
3.323985891590216513e-01
6.824552608092537831e-01
-7.120233602019191421e-01
-5.677425553143961023e-03
7.681759619127866978e-01
3.015522550502660604e-01
-1.000000000000000000e+00
-9.860076535422876987e-01
-1.719548171065939657e-01
-5.865593790466820945e-01
-7.850662572991853327e-01
-9.903188581883239916e-01
6.777847393372584683e-01
-1.000000000000000000e+00
9.903942152640765606e-02
-5.881910175044928746e-01
4.095778881865563825e-01
-1.478473997420541863e-01
-3.388734460851521857e-01
4.493461206840221878e-01
1.079458795247377756e-01
3.616924978198893248e-01
2.298337526906249484e-01
-2.631300538339071959e-01
-9.340073544055638166e-01
-8.471546208445179804e-01
-4.824975842729860298e-02
2.065295183975863202e-01
8.594852090462345995e-02
-5.008212458213234797e-01
-8.812386303518662256e-01
-1.000000000000000000e+00
-3.747880167669372931e-01
5.758475847766661992e-01
-4.908355537373947364e-01
-3.229172883021633883e-02
-9.136687940143691788e-01
-9.132120932571977656e-01
-2.570209065948033667e-01
1.000000000000000000e+00
5.715427120539854355e-01
-7.211209198823429478e-01
-1.478633943618936353e-01
-5.401975000727275988e-01
-7.423806669775894207e-01
1.132895330598744227e-01
5.430035510635111695e-01
9.580352665060799522e-01
3.126563980265060216e-01
-8.795109651513464133e-01
-3.062103946951804656e-01
8.944625340113062650e-01
2.118259723780653303e-01
7.791384924320874372e-01
2.793775241428002598e-01
-1.096238904960305516e-01
-4.721959720359250046e-01
9.069165166675403622e-01
-1.950537662463625033e-01
-8.177817505342421800e-01
7.965673825340915948e-02
-7.803820739450558763e-01
6.711645599206457202e-01
9.787571289223122584e-01
-5.765572896668378355e-01
3.910423017948266855e-01
-3.265740259252243316e-01
-3.778438499422716035e-01
1.790343619644583772e-01
-5.377870449999152536e-01
9.855737898140048969e-01
-8.744948065820687955e-01
4.332927291563886119e-01
-2.613635699599790585e-01
-5.946275266259516412e-01
-5.283336573237449318e-01
-1.932908402089379973e-01
-6.714236997307481136e-01
1.192087685202961600e-01
5.190681971057440336e-01
-1.224893202995830516e-01
-4.223377474683618349e-01
-6.871189588954216276e-01
6.893652410011928966e-01
-5.229211738927860287e-01
-6.746686300728031993e-01
-1.798333053163281292e-01
5.520233697339900214e-01
6.610881053334562996e-01
-2.910397857491502371e-01
-1.653419650627187820e-01
8.939307389278210447e-01
9.631295940691213531e-01
-1.357568778587423530e-01
-8.574170053022143190e-01
-7.479183020127118109e-01
7.273765399186671310e-01
2.188471691135016606e-01
8.933605657956043000e-01
9.028930385411336745e-01
2.195648432203464451e-01
5.306427767389918504e-01
6.215573559517282298e-01
-2.861995070551252573e-01
8.443637962404251240e-01
1.063470427975240912e-01
-4.632698026135844693e-01
-3.693959368011263678e-01
3.705813549251804062e-01
6.076094090373824752e-01
6.139270137387430326e-01
-8.561949905963375240e-01
-3.322160493363122691e-01
-5.608688330517639375e-01
3.762005447089241117e-01
8.070531888027505651e-01
7.797796109573514878e-01
9.481544188778767701e-01
-6.173218997473259861e-01
6.622222808597368893e-01
-1.415193990016800629e-01
2.113544410351919645e-02
7.733439815288996044e-01
-2.922755645506827094e-01
5.599017076856460662e-01
4.719008510451220273e-01
6.471239656881686564e-01
8.677886403391910086e-01
4.499283709742248338e-01
-8.060320495922151940e-01
8.553927195654178472e-01
2.212658872480404160e-01
7.309036127414247908e-02
6.427464223573253754e-02
-4.497771326216919441e-01
-1.027930917017063628e-01
-4.008834906107200946e-01
-4.668623380317523108e-01
-6.294581752049338563e-01
-3.039339456408616247e-01
4.991280592828739593e-02
