-7.625812192662294597e-01
9.342917737585934024e-01
2.320846771472982462e-01
7.172024966960841574e-01
-7.354517291606749163e-01
-6.730498127995053759e-01
-7.544588038275332753e-01
-4.305360252740424998e-01
-1.190257141957327125e-01
-8.457756863367560385e-02
7.763185679251785043e-01
3.546599066083726548e-01
-2.532055097144789713e-01
-2.127097514714275661e-01
2.154830001619527924e-01
8.152439005204246969e-02
9.353071711090739093e-01
4.629507210990091992e-01
3.993729934468610576e-01
1.083784567056463033e-01
-9.719127293094020903e-01
-4.804856966757859449e-01
-2.069896237503549008e-01
1.702012575121842342e-01
-2.854430630064012098e-01
-7.018382370276942117e-01
-4.148804430281118061e-02
-1.451717172836508585e-01
4.293688427389145690e-01
2.275006272847004407e-01
-5.898304998455266013e-01
8.293574252660216306e-01
4.320952765451465671e-01
-2.399006972495167922e-01
-3.566266145799118492e-01
2.912033705934263805e-01
-8.608124106594787772e-01
2.075821268516663265e-01
7.873144003414517256e-04
8.170459336303818043e-01
-7.103481374672611093e-01
7.476682143158857041e-01
-5.142138807313112459e-01
1.364609486719775555e-02
-4.658944337090684118e-01
2.562859335254777937e-01
5.345954526967033882e-01
-2.004558087477540385e-01
-1.659782448052165016e-01
6.988483517804261469e-01
8.231041161750898838e-02
8.128271398054219832e-01
2.058623638678291901e-01
-3.811704606514425553e-01
9.683482002328126503e-01
3.214295909428989129e-01
1.000000000000000000e+00
1.697895513850063431e-01
-9.081200823432251656e-01
-5.879557115312773752e-02
-3.585873009284462620e-01
7.708354468962973494e-01
1.000000000000000000e+00
-1.304541158847464244e-01
1.468134691512546219e-01
7.614464045702074024e-01
-8.098268906591461480e-01
-2.754389143094427839e-01
-7.759932618228601586e-02
1.524999414924252950e-01
-3.291463984054341374e-01
-9.493027815760615162e-01
3.438154533514155009e-01
-1.739339210206929387e-01
3.049752985657317450e-01
7.435530879127270065e-01
8.711489863076465889e-01
-3.939673020728731712e-01
-8.571999386944104682e-01
4.321462251714782155e-01
1.628305174230827435e-01
-2.233488245832848662e-02
-3.058709713080672854e-01
-7.191166878597556877e-01
6.903886438870656672e-01
2.836132405907975107e-01
1.000000000000000000e+00
-7.700376240554070995e-01
-7.848911739952024735e-01
-1.874797095585553630e-01
6.181793809786552130e-01
5.822571452791056590e-01
3.947772743579500143e-01
8.127804712968278444e-01
5.800601947192787211e-01
8.651225368527176718e-01
2.124845359999181713e-02
-3.602611102359207784e-01
8.394816703605427755e-01
1.325329804795775945e-01
-6.216695003840990719e-01
9.314135191259731439e-02
-2.667483494722876491e-01
-3.465309374518369401e-01
-7.415192023763513829e-01
2.754942279286377582e-01
1.658415409555904496e-01
-3.719609747440367209e-01
9.343853516012127214e-01
-5.242222685049551245e-01
2.923603667365653469e-01
9.081598141025873927e-01
2.234061785831588931e-01
-1.540359125983233879e-01
-6.892110845058727620e-01
-5.480362301265906400e-01
9.278252744248827177e-02
7.357693040115134142e-01
8.209467934059746508e-01
2.701435099828194408e-01
-8.101860644451575055e-01
-5.069976054595923820e-01
-1.244594288577123287e-01
2.807537042858365695e-02
5.348685644885277091e-01
4.837703698936213770e-01
-5.805011356045794990e-01
-7.597881528805707774e-01
-1.496968535317382276e-01
8.450310864025534219e-01
-4.813013482803237264e-01
4.690005288284153639e-01
-2.475622131295640849e-01
-2.612207299675585737e-01
-1.929636041514148914e-01
-5.317381913450027753e-01
4.430313465495100411e-01
-2.069665427832607651e-01
7.704555999029565339e-01
5.122970764873480132e-01
1.222061837777326243e-01
6.577818675955668937e-01
9.529460335684363237e-01
3.088496240381364277e-01
8.758666376407830967e-01
-9.227822166545527338e-01
-6.167012166085844571e-01
5.172644892741928846e-01
8.772940159692629303e-01
-1.000000000000000000e+00
-4.917612938679991053e-01
2.647676549472832708e-01
-2.438408460393574062e-01
7.492252388933748897e-01
-8.669016924984144223e-01
-2.999521658119453926e-01
9.089180373022942572e-01
7.061692682640043073e-02
1.354822004409435565e-01
-1.000000000000000000e+00
8.565960228550153488e-01
-2.504796696207853834e-01
8.456286711929226207e-01
-4.204884455270839760e-01
8.269174404315379201e-01
6.615266707253890655e-01
-7.434260886559775905e-01
4.757282847288734073e-01
-1.090895688413986431e-01
8.510921923189184168e-01
2.090673423268414322e-01
2.650303599288927892e-01
2.428021899705012920e-01
-7.912440874493286147e-01
9.424608583348548230e-02
2.855368911492919826e-02
-4.248378942483038156e-01
-8.726446844037978323e-01
-4.169120776943225914e-01
4.952644984555699681e-01
-9.401123217648750252e-01
-4.490681516717240016e-03
9.036054916322178165e-01
-2.202009307215926359e-01
3.248288534114140980e-01
-1.302758776439820743e-01
1.147465905368926509e-01
-7.240076736049454453e-01
-6.308991876660521858e-02
-9.447613904011235852e-02
7.894138501370400185e-01
-6.409838542204043810e-01
-5.432543501346792647e-01
4.340334442538492654e-01
-2.034425979385113270e-01
-6.620585084685770560e-01
-8.355533341577683348e-01
-6.593564487368548388e-01
-3.346279897736332831e-01
-3.752787174592240316e-01
-5.841650155949691392e-01
-4.714352770472401977e-02
1.300218546074438930e-01
9.726799866739978262e-02
-1.000000000000000000e+00
2.977554853323149398e-01
-4.564139906877783259e-01
-2.536293668749079466e-01
3.326032119252091412e-01
2.441725688195595656e-01
-5.933691911793839147e-01
9.307893144131118568e-01
-9.863328445355744323e-02
-4.604474758629117925e-02
9.383051003374718313e-01
2.444991985697404502e-01
-8.702657883573552966e-02
-1.091633534722450533e-01
2.533591584431586496e-01
6.816312893818050611e-01
-5.786816545028150571e-01
-1.197048094402051177e-01
7.031200593359042683e-01
1.194449390131447630e-01
4.509560372340139511e-01
-6.387405488720688806e-01
-8.587027947339144207e-01
7.927443136972427418e-01
-7.793053191453229722e-01
-7.807034015457933185e-01
1.030598886788458290e-01
7.884960082506151102e-03
2.985818855383084447e-01
-3.432956456817246038e-02
-1.000000000000000000e+00
-1.291121815248248428e-01
5.933979032467698866e-01
7.149938840869238810e-01
8.668144821269468947e-01
-9.991124228339249846e-01
-8.055600522364321225e-01
-7.259892943482151306e-01
-9.599740421509797561e-02
-6.681333751828377743e-01
6.625601605982016640e-01
1.225657419563219580e-01
9.673423792914556119e-01
9.738764088256678386e-01
6.762640987688657290e-01
5.935712895466348504e-01
-1.959245804596615459e-02
1.049107033593894567e-01
2.104863352044036851e-01
2.617331530031656861e-01
4.762095752195505405e-01
2.634758462219553010e-01
-3.194087963181593270e-01
3.103982421493347577e-01
5.179703594208353579e-01
1.006467922729846337e-01
-9.252409465678306244e-01
-7.339646179821260885e-01
-8.230925085756043424e-01
6.616955966678993439e-01
-4.519837019613919815e-01
