8.005820270189832888e-01
6.666553017719170082e-01
2.149129778642498434e-01
-4.682336987419373209e-01
1.979474098247794300e-01
-2.662565988993363941e-01
1.000000000000000000e+00
2.196249849710338320e-02
-1.000000000000000000e+00
-5.191852127618509227e-01
2.097259102879714399e-01
1.389862094710365703e-01
5.230822572867762643e-01
4.398905233202368703e-01
-2.003739534643496703e-02
9.957163832469142495e-01
-7.858326091683993653e-01
-5.369342829471335232e-01
-8.459082046900430196e-01
1.000000000000000000e+00
-8.695505762202383471e-01
-2.445204109956562177e-01
1.102437551213455991e-01
5.470292751863373715e-01
-6.179498860526612125e-01
-4.447813504936672380e-01
-1.000000000000000000e+00
-8.274675229619516958e-01
4.275521661616762392e-01
6.385618251867657413e-01
3.293273752796411352e-02
5.534710856869079487e-02
-6.927389860563782920e-01
-4.137479401218523423e-01
1.800848914711405957e-01
-5.406480869952570156e-01
-4.254449688150748199e-01
5.746098121492548838e-01
-3.110078786044826460e-01
6.850340870339283184e-01
-1.115261814214471986e-01
-6.808479966492428925e-01
-1.708502282980402520e-01
-9.278214790854973915e-01
-5.671639275241725509e-01
1.000000000000000000e+00
2.362460628598051782e-01
-3.341250451921748410e-01
-1.000000000000000000e+00
-2.683243736725658968e-01
4.067900008560907943e-01
5.438304369543510708e-01
2.462677367501336367e-01
-6.536940179128609696e-01
-2.702550515841602441e-01
-2.528672996640884407e-01
-7.277378689855516780e-02
4.220733693527108921e-01
7.490664308762720047e-01
-6.713342947571999675e-01
-3.436013962131146959e-01
-3.385274857918540992e-01
-8.867266175968705477e-01
-6.628614810227319021e-01
2.806199956181768540e-01
9.960711619804002437e-01
6.191389733577221666e-01
-7.080974268630432222e-01
-6.171035189780665897e-02
-1.931528172972976076e-01
1.474670498382993633e-01
1.000000000000000000e+00
-1.869329348781132577e-02
6.129507065779321584e-01
-9.258527716248368122e-01
-4.047507341113615320e-03
-9.770227481862117092e-01
-6.733895048960383267e-01
6.695911373196582472e-01
-5.898805134849333109e-01
-5.861754231123181280e-02
-8.828565546695412714e-01
7.683832125199127061e-01
-1.000000000000000000e+00
-2.755019567980738215e-01
2.840183706460817081e-01
-1.662624933590233223e-01
-5.966053621270640539e-01
1.965310282777436579e-01
-5.527487031966870495e-02
-8.938735020098822481e-01
-7.578669659604729825e-01
6.209227008728993580e-01
-4.786133711289627390e-01
-6.119582399055468747e-01
-2.508135976763744557e-01
7.786449936407394690e-01
-7.202017680926372512e-01
-6.566353901536541304e-01
1.000000000000000000e+00
-5.635452351159992990e-01
-6.569760834166620267e-01
9.129383942061185531e-01
1.000000000000000000e+00
-1.243112388461829754e-01
-8.857413872787217590e-01
9.990117829251057291e-01
2.780484498859713827e-01
4.441522459386745281e-01
-9.860589108793073043e-01
6.398165239348609923e-01
-1.744948684956272866e-01
8.879732940625387760e-01
-3.661027141262953588e-01
3.014327504662513979e-01
4.031104689468900659e-01
4.128525729891445728e-01
6.834397275598644850e-01
5.751778817354755713e-01
6.395426589208904611e-01
-9.784562052752142636e-01
3.620310539821923190e-01
7.298976615162318105e-01
-5.558357826754294351e-01
-5.940370462266504614e-02
2.645498225630940059e-01
-1.023534791856245407e-02
3.508210124400666929e-01
3.449235789848204004e-01
9.536038052395934272e-01
-8.531582263887336204e-01
-7.289434576101186392e-02
8.990463837334350394e-01
3.317798002360754506e-01
-4.578173060739382239e-01
-1.436592307505246968e-01
2.041812143770529442e-01
-5.233683001745559338e-01
9.600982260737741525e-01
-4.032149087194744075e-01
-7.383429326597494846e-01
6.457869996794975975e-01
-3.004457512499891791e-01
7.858693640259277746e-01
-8.524968056976762742e-01
-4.718488012432259238e-02
3.969019850670393312e-01
2.955818136303108856e-01
2.822304790998493296e-01
-7.463268016230113489e-01
-8.519060575695239779e-01
8.192476012093636850e-01
7.354757791485907470e-01
-6.282660027678148573e-01
-3.575236194950182078e-01
1.536078243845269420e-01
4.219473724786307889e-01
3.434854565360779266e-01
-2.761033694948219486e-01
-1.141794713575713938e-01
2.066410186179070685e-01
4.483425742616853338e-02
2.792914454446988048e-01
7.808221135315690509e-01
9.047426154048243685e-01
-5.949259384241478710e-01
-7.507547786897855735e-01
-3.660238702664143640e-01
3.389445190869072588e-01
-2.277129094500565665e-01
-1.573252529382641873e-01
-7.367456513147606634e-01
-1.369065234344787607e-01
-4.520121521644960283e-01
2.895443898175049657e-01
-3.496825844698908115e-01
3.339080364237437815e-01
9.151848590997740951e-01
5.747914401410674223e-01
5.824023157233949588e-01
-7.168802412192210038e-01
-1.412681242715305152e-01
-8.710949528438836076e-01
-9.536851368029918286e-01
7.245632874752392372e-01
2.836750489440115763e-01
2.853977700611173285e-01
1.888517129047642962e-01
-6.312613134512939927e-01
-2.505370174471281963e-01
-2.807612268753887919e-01
1.956607377880163201e-01
-4.598941216850618158e-02
-8.776728089607447325e-01
4.889814432884965201e-01
4.969025532628751352e-02
7.298350299795625107e-01
8.253554426672236044e-01
1.000000000000000000e+00
6.640900779647340713e-01
4.205073100078162707e-01
3.473203506558077414e-01
-7.507864727528353876e-01
2.274663402432814951e-01
-1.710831320821697143e-02
-8.398324211206952272e-01
-9.404269355258754182e-01
4.890388563698635505e-01
-2.218682596845261146e-01
8.662703519440513589e-02
5.081503531260357365e-01
6.240917740509134282e-01
6.640867130240667437e-01
8.327201521066736056e-01
8.486260827873685075e-01
4.827743816347641603e-01
-6.968986554500010699e-01
5.218269517664689827e-01
3.216377012356329557e-01
2.266413055529677700e-01
-5.467604164749086948e-01
3.253498327815842472e-01
3.452776300525121078e-01
9.212389793213249245e-01
5.767280699537462585e-01
-7.716654346377301854e-01
2.094508738366479550e-01
-3.020499709443859593e-01
7.911964782371150307e-02
-2.992041742604035770e-01
-4.950353137738354725e-01
-2.636081735698951323e-01
-9.275412188971936533e-01
8.932280822964637768e-01
5.225996851534677745e-01
8.824519603951170854e-01
4.710089173513578031e-01
-2.847885757356939385e-01
-2.601597625319667650e-01
-3.892490563232429146e-01
2.858576705144946217e-01
4.898867137703080132e-01
5.036941952662555844e-01
-8.382067704763814797e-01
1.095904123312729239e-01
6.140556508223604659e-01
-3.220310249141005166e-01
7.835602411518403088e-01
9.041072786658888027e-01
-1.311161735962637631e-01
9.585995502008827218e-01
5.561432692282526624e-02
9.295876786497833666e-02
7.586312386456670609e-01
6.558980137031568125e-01
-8.405625232049155349e-01
-8.019328105830753062e-01
1.862646254234243126e-02
2.291212697022168010e-01
-1.884195620279138783e-02
-3.285867469361298809e-01
9.274575970092465704e-01
-1.653572202926290591e-01
-3.853605699709028998e-01
2.635894457008300940e-01
