-8.976354637325434371e-02
-4.511844537156977641e-01
4.581787978198414990e-02
6.434200909581478944e-01
-3.479613719084027057e-01
5.614518565494769353e-01
-3.491998254350062170e-02
3.507063649309862807e-01
1.901590380950647641e-01
-1.837339252489244013e-01
-3.677858504547582008e-01
4.371334143613956336e-01
7.411828128723719766e-01
1.291297965947505733e-01
2.120753825633004963e-01
8.580176304147096866e-01
7.768954464110882085e-01
-8.346552226600575386e-01
5.690870012397044597e-01
-3.070108837709916716e-01
7.557369618910234621e-01
-6.836383945238695414e-01
5.319138558659799454e-01
-5.756206680755511229e-01
8.271486298179950847e-01
-7.466917784491233778e-01
-5.802698177640431831e-01
-1.051222649270175946e-01
5.121488356296881594e-01
-4.198593096841588546e-01
-3.736891624444656501e-01
5.225649932316388524e-01
2.689709986170697731e-02
-6.062549459450012890e-01
8.745564057167709571e-02
-2.583670399756735625e-01
1.207924630985122427e-01
-9.881548503423257523e-01
4.289238685124074912e-01
-1.665799382692530473e-01
3.121435608438161147e-01
-8.097252956180412964e-01
-8.344400186392779695e-01
4.439466697834828501e-01
-8.710690191641117242e-01
-4.110273428649136584e-01
-1.960635429592378909e-01
-3.710992183892649621e-01
-7.952742355728132928e-01
9.892975467919453703e-01
-3.585265157519530455e-01
3.325394897280902207e-01
-8.616388294120093383e-02
6.335045821533925592e-01
9.187167488087774059e-01
6.181490036680964417e-01
5.031851924036810919e-01
-2.028559476344242440e-01
-4.631975608974861491e-02
-9.906873952240795311e-02
-6.952090958024612632e-01
1.120825903016735292e-01
9.367327356008896544e-01
-6.008233539946231105e-02
-6.853503064988700766e-01
8.655721849295675008e-02
9.051310877394559418e-01
-3.201377544993436186e-01
-6.737373807567401673e-01
-8.554279546825629410e-01
-8.555484584080385035e-01
-5.497386104377242066e-01
-1.000000000000000000e+00
3.897789649019317570e-01
7.128127596055422455e-02
4.104830741848650710e-01
3.844286869811544549e-02
8.534883749990337387e-01
-4.384865337125740115e-01
7.362650798604577496e-01
3.008140859387290478e-01
-9.811905618283486286e-01
2.841790343082564174e-01
-1.846897633188863130e-01
3.369196171141322083e-01
-2.091815004387028443e-01
-6.264005664867836609e-01
7.050526006420854142e-01
-2.497856976814650243e-01
2.877086696659686416e-01
-8.059673418161848735e-02
-3.791859880623227874e-01
1.508981619606279967e-01
7.123315825264238121e-01
-7.079646219271500396e-01
2.342318956311540412e-01
-8.664689938004831449e-01
5.656465041431881641e-02
-1.673737617840909686e-01
4.225200295852830634e-01
1.000000000000000000e+00
8.014976150185871839e-01
9.156522739905103014e-01
-8.954413002961166823e-01
7.146888395718105080e-01
7.456427859137803038e-01
-6.119127973041442736e-01
6.203424276157929462e-01
6.083992978091663506e-01
-8.945822438688568745e-01
-1.000000000000000000e+00
6.148768997659137536e-01
2.679611695695495732e-01
-4.670960171773693159e-01
-3.663099482639849969e-01
-6.195690552005905793e-01
4.595531834164282570e-01
5.684688565797675341e-01
-5.811149113237257247e-01
-8.791824382417282591e-01
3.515121437397802223e-02
-2.021370242641520321e-01
1.000000000000000000e+00
3.135215855611394042e-01
-1.700488365018965053e-02
8.588424412005132291e-01
-5.701486741471905040e-01
-3.723497737745871117e-01
-8.263076298549345555e-01
4.531606068915571828e-01
-7.398932300870213474e-01
-1.288662973538567957e-01
9.400443091040706634e-01
-7.228785269657629353e-01
6.963264852060826460e-01
8.575539458398904191e-01
5.851739841193234204e-01
2.182222510817691252e-03
5.152479069009292534e-01
9.421748167995002143e-01
4.114795318367985288e-01
-9.482670840976492599e-01
7.693384306200407030e-02
-2.005985805967656077e-01
9.173470350984799793e-02
1.432690111794391596e-01
5.502888820240546819e-01
2.231902923307451658e-01
-8.674135114632983146e-02
-6.645807367450138337e-01
-2.645196466645363120e-01
-3.991378570212157362e-01
2.589310364530032493e-01
-4.646746617134844826e-01
5.487363368689286425e-01
3.799813507086834963e-01
7.194253150804482688e-01
1.691989377427049190e-01
-6.557346623435970079e-01
6.776649525421273301e-01
-8.881347904594162346e-01
-8.392940581724287474e-01
1.848625155025866440e-01
2.332000298560977791e-01
-4.397866297531807245e-01
4.587379307237816062e-01
5.208816355835552692e-01
3.909485121299458021e-01
-7.047849845419791315e-01
2.119962444229996634e-01
-4.560958069065034204e-01
-7.730335281157294514e-01
-1.970167666124177930e-01
-5.810802791134331846e-01
2.370652027170763732e-02
-8.288582829260565665e-01
-6.624804198510323427e-01
6.787848189803484811e-01
5.610259706589362239e-01
5.092584488127480657e-01
-9.468905680840055128e-01
-5.039318606227083386e-01
-4.958952838809529973e-01
-3.877055257980084879e-01
4.568182493805674760e-01
1.058913734827193198e-01
-7.485507682992982303e-01
-4.969795821883064013e-01
2.809206096150971277e-01
-5.767454699685999053e-02
1.221996598035893500e-01
-4.822766045337121277e-01
-2.354647104529600521e-01
6.643002505860613471e-01
7.752317595467017597e-01
-3.384024677467705189e-01
-3.133463104223474516e-01
9.609498292713145595e-01
-5.110544276667148278e-01
7.579038003075942997e-01
1.000000000000000000e+00
-7.352893114374750017e-01
-9.244637753748743414e-01
-4.974233217649863537e-02
2.209323999564605789e-01
-6.981900840358989946e-02
-4.618477761729855580e-01
7.400569407501665642e-02
-6.979894111725393202e-01
8.474603012242331035e-01
-2.469079592414100133e-01
8.751821625058503473e-02
2.486800932236824802e-01
8.105586855882339625e-01
1.564295668370092596e-01
9.816899802486447335e-01
6.180857395180762159e-01
4.565192563542795900e-01
6.667037545041483160e-01
-1.000000000000000000e+00
-6.143878893403329489e-01
3.499061618967806431e-01
1.384771889828842473e-01
2.736751387743405206e-02
-2.725473489369047431e-01
-6.520071211373263953e-01
-6.290211367340139414e-01
-2.158120498195994705e-02
5.194298391788990665e-01
-2.226098892358087666e-01
7.629355936863517762e-01
4.813903087200427366e-01
-9.976674043649926826e-01
3.332871521304877072e-01
4.679681294773743172e-01
-9.319721831197397277e-01
1.306178112638303190e-01
-3.750252008253310843e-01
-1.196127561771018755e-01
-4.612713047609366401e-01
2.264632352314930874e-01
-6.037523720636998048e-01
3.654004594931876126e-01
-4.755501192742921934e-01
-6.239565777172517702e-01
-7.436453939559206638e-01
1.102379507503555706e-01
7.600579582343440777e-01
1.784604443122123629e-01
-5.751644127157649056e-01
-8.425449661332949924e-01
8.720463087979037908e-01
8.620188192263273930e-01
-1.166131326807078594e-01
9.026787217415213060e-01
6.379715956537843624e-01
9.085559665330827928e-01
1.452214416983401424e-01
2.136128098902233957e-02
3.852165641230545501e-01
8.044789768753822790e-01
-5.202230966876749685e-01
-3.904487695417536153e-01
-3.664695242417184140e-01
3.553664674014521130e-01
