6.806671942348779814e-01
-8.648560075923050761e-02
-3.879855062283863454e-01
-7.106720647775501831e-01
-3.228782042700053534e-01
-5.191089367111578756e-01
-8.703792372422010093e-01
7.940842697189840482e-01
-1.828648517530513384e-01
-4.091156857159283788e-02
3.929052393227117079e-01
-6.805161123231470155e-01
8.591755457798999629e-01
-8.974857242521504519e-01
5.560484825897806793e-01
8.567117847755534310e-01
7.595896525583696324e-01
1.486662582441726776e-01
-7.005470100717766657e-01
4.118665361099167477e-01
-3.424446088203201288e-01
5.353741442444912568e-01
-2.785813540813082412e-01
8.133453763482159093e-01
6.338879098557307357e-01
8.708377759761076753e-01
-7.158829247048077438e-01
-5.593474520732928390e-01
6.912662439799799330e-02
-7.769882348933062621e-01
3.143783168386899973e-01
-6.551535938359747124e-01
-1.000000000000000000e+00
-4.299966453803645283e-01
-4.405227662770643260e-01
8.553433735589166531e-02
-2.966528865018380756e-02
2.623681654760641191e-01
5.295425865666459481e-02
7.027444722207842887e-02
-8.326768413130589686e-01
8.202370595731141023e-01
2.936121270935660998e-01
8.813049103203951518e-01
8.195137100221288051e-01
-9.831840355214580551e-01
-6.686501254677592598e-01
5.104089076729894092e-01
2.731007022417220043e-02
-1.000000000000000000e+00
2.752727309948699852e-01
4.539593573034594876e-01
-3.246846588406588907e-01
-6.677178890559321012e-02
1.197019695127526373e-01
-2.606180086351120861e-01
1.644968937158779454e-01
-3.773203501565873808e-01
6.433192645371972329e-01
-2.288591340818272590e-01
1.000000000000000000e+00
-4.420588619639789218e-01
-8.557929511971693604e-01
-8.019990787856157155e-01
2.345880889497962141e-01
5.826834461391247610e-03
-1.313012554936773268e-01
-8.521309892923101259e-02
-2.359932960948816216e-01
-6.064946545892992980e-01
-7.168441867423758218e-02
-3.609125219244628813e-01
-4.954177197096560903e-01
2.718766542795185703e-01
-8.716137387642590717e-01
-6.732431755211387703e-02
-5.160714447118004422e-01
1.700376467481028442e-01
4.360938037199766359e-01
-4.840270591050048754e-01
3.792525692154875006e-01
-2.902754914574325884e-01
-8.487750634337414279e-01
8.713915706147703499e-01
4.267675730788719202e-01
7.405071659341071477e-01
3.972309040871191410e-01
4.630600041427939129e-01
-2.180940628086414090e-01
7.450771480713973549e-01
4.228250198243930225e-01
-9.260381487002511403e-01
-8.210665112099960750e-01
1.800659543158262821e-01
-1.581388264683127876e-01
-9.639478627763566898e-01
7.595526266218923794e-01
7.962407748538387064e-01
5.554581704257370856e-01
3.459695597553430479e-01
-4.911649203631318628e-02
-7.709532555512343954e-01
-4.135007040706666359e-01
4.973230475584609067e-01
-4.563769965416305530e-01
-8.251262144443951563e-01
9.474948009383952208e-01
3.231584528591662231e-01
7.864253161852186036e-01
6.011063553423843242e-01
-5.038006846695863850e-01
5.931893963744607756e-01
-7.111077438946029616e-01
-9.625434122336334192e-03
-4.708820553386794394e-01
5.015863300363420096e-01
-8.784698435830051721e-02
-8.279573778923459138e-01
-9.571653239599724472e-01
5.694752044871798091e-03
-1.449574175424529765e-01
9.605685015458780285e-01
-4.292892194858213273e-01
4.464817781767183025e-01
-1.769351023835588066e-01
-2.908162378748391230e-01
-4.311682961497971811e-01
-1.453841036887443816e-01
-8.802674676732824555e-02
-7.349867484305876442e-01
5.659424470363016990e-02
3.314981187503107662e-01
9.554498608358306111e-01
-7.959732779224473198e-01
9.913404134931311784e-01
8.033602219542487211e-01
-1.894426144804755019e-01
9.826983902395447501e-03
8.045462004243905119e-01
1.193860265022554101e-01
-3.881217780754302460e-01
4.647114486019066071e-01
3.860031371975340964e-01
-8.485747386911985934e-01
-4.627181672810336543e-01
-7.566420092274648290e-01
6.521600631493187361e-01
-4.472279949786497899e-01
-9.540958678285700323e-01
7.402036554419899606e-01
7.733963554554554864e-01
-7.012335150438447906e-01
8.349531942856471822e-01
3.689145530813295881e-01
4.356833964683204385e-02
-4.598542423648299682e-02
-4.467580997631086515e-01
-7.998824643885869001e-01
9.874005468348376890e-01
1.000000000000000000e+00
3.099301603873418909e-01
-5.080183106936484450e-01
1.210284017466460582e-01
6.031610661304455112e-01
7.915746184346229564e-01
-8.763649526117343047e-01
1.847451923384112182e-02
-5.095342642036596592e-01
-5.590580566249948591e-01
-3.043466850931348944e-01
-9.137836458601702461e-01
2.512268762442336212e-01
7.363259910454258428e-01
4.456666357966267838e-02
-1.731490890374256519e-01
-5.737202837137618250e-01
5.696321175732974584e-01
-3.305071745355794288e-01
9.981493119543947135e-01
5.000014752354307035e-01
-9.254433598492913804e-01
-2.056966854453019522e-01
-5.998147520174712533e-02
2.083945661778268399e-01
2.759623410469842497e-01
-5.772149480884918304e-01
-1.000000000000000000e+00
-4.312920292814174661e-01
-6.765822127534213415e-01
4.412938642188153349e-01
4.142350582392049230e-01
-9.393727374488065607e-01
-3.054939072922005505e-01
-7.701925191014551419e-01
-1.594188834082643780e-02
-1.868821133415081714e-01
5.408062912668414324e-01
-9.456601016647625535e-01
-2.408228487631142861e-02
-5.741482557300006118e-01
2.989070291733850748e-01
-3.676509569457213633e-01
-1.200511978925409839e-01
-7.742331150795298544e-01
-6.144781194131627711e-01
-1.232923604881469293e-01
-4.085964177568992550e-01
-8.909277587117203634e-01
-2.638145918533796319e-01
-4.377955032227358323e-02
-4.842519473663070007e-01
-1.000000000000000000e+00
-1.367313616149601341e-01
6.811117942019134786e-02
8.942403220415802156e-01
5.849257371679250639e-02
-4.605596229818647025e-01
2.978770581125422812e-01
7.849829320711624314e-01
-6.921324956220423763e-01
3.231687512483838454e-02
7.811198006164834506e-01
5.567698442807339498e-01
6.063696290131632693e-01
6.396324868637545125e-01
-7.160017859809690854e-01
-7.509833537645524970e-01
6.506378204690812517e-01
-4.353777843668866776e-01
3.434349980100712685e-01
7.360169512147951565e-01
3.390939733819049451e-01
-8.351582027477147951e-01
-1.400392248553616881e-02
-1.639629671327140770e-01
-2.762784560353510888e-02
-2.375134526595434892e-01
5.262183940003266613e-01
6.137321178680743561e-01
-8.039232677991945408e-01
-8.488137304306182518e-01
-1.192757620444755418e-01
-3.203330139755747319e-01
8.119638030944167362e-01
7.551324983722818018e-02
-5.001524432448164470e-01
1.405171002707046313e-01
-7.625133283031251263e-01
1.000000000000000000e+00
-2.410389013562586058e-01
-2.646953091012582693e-01
8.873517990037207426e-01
-6.312293163748483593e-03
-5.461135245443782260e-02
-2.129872977135285339e-01
-1.026076521473229253e-01
-7.606746131594892546e-01
4.438835616956218200e-01
9.203466930056334316e-01
-7.614287504643721949e-01
1.283692132650533779e-02
-8.835620651994051666e-01
9.860902630587520257e-01
8.918256549485461537e-01
3.476485765737489242e-01
