2.583180703212638596e-01
8.837975668441033772e-01
-9.073450988402979034e-01
6.598433782219471633e-01
-1.710347163485147759e-01
-7.647276085365953824e-01
2.980906706279416452e-01
-2.333830852619382390e-01
-6.329846451109288896e-01
2.969162202749628943e-01
1.018425828115038234e-01
-8.251511651546500348e-01
-5.465668549724225223e-01
-2.233877502079131550e-01
8.652256855492881371e-01
9.488118381129458101e-03
3.355331213159609693e-01
3.347790430426035579e-02
8.745318656535774338e-01
-3.940394760275789388e-01
8.648205299233785448e-01
5.734225226849523072e-01
-9.636357164815896326e-01
-2.671364100857620549e-02
-7.811012159936315813e-01
-5.906010538857289216e-01
-8.880840920764945245e-01
-3.194620784260967516e-01
2.861664309500931425e-01
-7.330798261644176916e-01
8.753332038478196520e-01
-8.928901544848489857e-01
2.500345413753807811e-01
8.618583205793974855e-01
-7.283093769650844651e-01
-4.680216580411109550e-01
1.000000000000000000e+00
9.330576958757071937e-01
-5.324754161513584050e-01
-9.642082201759112348e-01
1.087620784017411246e-01
6.228163890688050985e-01
-6.231791269739586081e-01
1.000000000000000000e+00
-7.821961332494168362e-01
6.538238852725377637e-01
-2.753810968885935795e-01
1.000000000000000000e+00
1.774872148565586893e-01
-8.453810249843075886e-03
6.272448594612303752e-02
7.157079130944324907e-01
-5.694216733781234940e-02
5.922276830104709067e-01
4.074981386661126748e-01
-1.006155338317626380e-01
1.000000000000000000e+00
9.516876838994428045e-01
9.481986462888192246e-01
-5.668997423049351170e-01
5.171195117571983357e-03
4.981402074895536769e-01
-2.760358584490324452e-01
-3.450809382961032012e-01
7.471351723586744376e-01
5.484619119367468709e-01
6.692674476499774761e-01
3.462580567006188770e-01
1.781130534744106708e-01
1.000000000000000000e+00
7.977416263677614694e-01
4.120370241104590603e-01
-3.219873672391004304e-01
6.889951123280185774e-02
6.011631767999420228e-01
3.762781976379737658e-01
-2.379941336789760109e-01
-1.000000000000000000e+00
-1.734681641725819290e-01
-4.575466324239316207e-01
-1.911408013581182563e-02
-8.979947365356668598e-01
-3.048736237298577123e-02
2.497527285647815343e-01
-8.966641151042347158e-01
9.775000196574477052e-01
9.326282640516845301e-01
-1.000000000000000000e+00
-8.964748092038730132e-01
8.853770344318966368e-01
5.473605429135305345e-01
-9.895938928103941157e-01
3.783886267624571587e-01
1.000000000000000000e+00
6.378317755736219175e-01
1.186791444781368221e-02
-5.589631817523420532e-01
-7.499733092972359072e-02
7.369534490008125549e-02
-2.255860285380018038e-01
-8.465343161627283397e-01
-6.944858946873102568e-01
-5.897693372322523331e-01
-3.104994579062603233e-01
3.491966300868860063e-01
-2.571199719610979262e-01
-8.454261942138457941e-01
-2.676322755438874101e-01
-2.708832390271657675e-01
8.983475032394709903e-01
4.347529555972625137e-01
3.361909919296250937e-01
9.800386322159482244e-02
3.674791245026652886e-01
-6.054100447877369673e-01
4.990517051597917475e-01
-6.790498895505352461e-01
3.912748544643278592e-01
-1.858669583619305676e-01
1.352957664297213813e-01
-5.436730177059242441e-01
9.599914095697926752e-01
4.706498462212742595e-01
-3.457947354560425568e-01
8.613115231253807291e-01
-1.661097570478123897e-01
1.000000000000000000e+00
5.418269103457367120e-01
-4.388783442153611214e-02
7.593491850494056283e-01
-4.766012831438645181e-01
5.589620752000454829e-01
-8.172680318322513848e-01
-4.653551713494154252e-02
6.643277415206131353e-01
1.721500203441380106e-01
8.309322870418360818e-01
-8.212740830536708891e-01
4.174356185630738181e-01
2.325271958747888168e-01
8.983486847085001559e-01
-3.009074342806715152e-01
-3.973451762065103310e-01
-9.282044725280929054e-01
6.788963659161962871e-01
9.382930808881619900e-01
-9.064681238775146310e-01
1.969615715321726968e-01
-8.063465660887197961e-01
-3.169235149674118346e-01
-9.469685051402659814e-01
-9.802506156037572582e-01
3.145564890481361564e-01
-7.499914013568109716e-01
-7.450145027769344841e-01
-5.130912592632804747e-01
9.194578160565911040e-02
-6.858318005622199287e-03
-2.646860807683237282e-01
8.618334600261473577e-01
1.519258667533582852e-01
6.256707184435622571e-01
-8.377629861489828134e-01
-6.394096357534724273e-01
2.550912271372924867e-01
-4.515353587152854953e-01
-1.000000000000000000e+00
-3.803491476519889058e-01
7.288545046948736728e-01
8.113577520093040452e-02
-5.516703435186710580e-01
2.779945045050571939e-01
-7.403576093617697529e-01
1.897202186599932783e-01
4.581803701210400703e-01
-1.000000000000000000e+00
2.033341837769388760e-01
-4.475182413736785714e-01
-5.819877017953472009e-01
-3.541242982580101728e-01
-4.807704269803697583e-01
5.970853120648100809e-01
-3.427920179119015032e-01
-3.165962671626397218e-01
-4.288805903843639356e-01
-6.605496174144003252e-01
9.869308368955700406e-01
2.210227931787837052e-01
1.033174123181649640e-01
3.122516634359978616e-01
-1.364989826830500796e-01
-6.763468450790709463e-01
4.372446689288680410e-01
-7.263050354127889019e-01
-2.265197631499306918e-01
-1.275640554115690661e-01
-7.278206139933290908e-02
-5.034042691114484214e-01
5.865620933466041409e-01
2.144246655893012055e-01
6.550533187206979413e-01
-5.146411003993955902e-01
1.012905758865495498e-01
-6.263387289801256030e-02
4.246834652861579684e-01
-4.485824990410338109e-01
1.000000000000000000e+00
1.000000000000000000e+00
-5.049799032833173218e-01
5.668968640644791446e-01
-7.966797589107214028e-01
8.884605616845796527e-01
2.136795615242519375e-01
7.837998164080745012e-01
2.973092433440965854e-01
1.000000000000000000e+00
4.162443798437538423e-01
-4.784799541576117976e-01
1.954274289506447160e-01
-8.525285452344113502e-01
-3.694415843483597195e-01
-3.170748059925163065e-02
1.497922301562475134e-01
4.556111189152809438e-01
-7.187125777701140750e-02
-9.464437661673077429e-01
-7.297230814999497994e-01
-4.179499760122424856e-01
-4.567359796180787690e-01
7.523466291266893702e-01
-9.461732595561387349e-01
-3.752462302829266960e-01
1.796322001743743124e-01
6.186012956801921758e-01
-3.246892152483602523e-01
1.987529610767435617e-02
-8.525157193178202197e-01
2.357049503289289083e-01
9.609785283286541580e-01
2.028383703111850123e-01
-3.748170865083765291e-01
8.733497651710765419e-01
-2.986297431438363903e-01
6.545098357380181309e-01
4.474343214922879564e-01
4.671991346630826047e-01
-4.325535183544206852e-01
-1.323062087304208434e-01
6.969655230877839225e-01
-6.939302314304097719e-01
-5.518085065600442096e-01
-5.628323736310285319e-02
7.631774241606722464e-01
2.487409848209451990e-01
7.804327878317447453e-01
4.792895627658969593e-01
3.296585355029209019e-01
4.201798307558868295e-01
4.073717644137823113e-01
-1.000000000000000000e+00
-1.924168557372363808e-01
-5.572343726660623497e-01
5.233221654247730559e-01
-8.933369713486610797e-02
8.908042480443592037e-01
