1.467761217558414266e-01
9.626190996678514189e-01
-9.206276286336838588e-01
7.362813702423438578e-01
-8.585987717315202161e-02
-3.178198921617281236e-02
-4.516115318357272201e-03
-7.152405565495585371e-01
-7.654074171784921443e-01
4.030763694155936605e-02
-6.557915514476531094e-02
-8.119560587241132499e-01
4.227212351189875150e-01
-2.200581729612947068e-01
8.163498292087687513e-01
-3.803975480783727825e-02
4.592701268084851129e-01
-2.806697215284659208e-02
9.778923804266610453e-01
-5.510667144176453203e-01
6.672229103572291375e-01
3.369592130253251661e-01
-9.636357164815896326e-01
-6.119428172008600786e-01
-8.147486409354574022e-01
-2.506723534494630368e-01
-8.020974322411187352e-01
-2.605764686998894852e-01
3.370189987622889127e-01
-4.380404653945868532e-01
5.577673023886469128e-01
-6.051064892088982017e-01
2.249143304599543480e-01
7.853555958647624458e-01
-8.948981493681005261e-01
-4.482622968990255252e-01
5.784014783167128471e-01
6.918373345202930569e-01
1.251338593474269345e-01
-9.578410524331633091e-01
2.464631813269724248e-02
5.826162278853499465e-01
-9.991086393182646574e-02
6.157136630868005334e-01
-7.098775973940418815e-01
4.023223627359024945e-01
8.233196215758620262e-02
4.113781816816968195e-01
1.949238624904203743e-01
2.001035463961242655e-02
1.112291598653818436e-01
1.691063148553433315e-01
1.981235497520243971e-01
7.776685739935031982e-01
3.685341797473833392e-01
-6.246010074030938775e-02
8.562959847262463509e-01
8.693607563196457111e-01
8.729362835532916698e-01
-5.178175373157369865e-01
-1.142429300749969734e-02
4.754358244242555820e-01
-3.998892476400293106e-01
-3.749551726179980449e-01
8.644787359645738078e-01
3.970359642292220492e-01
6.312503543542025142e-01
2.077650330290947700e-01
6.406331713741175715e-01
8.238076965757312742e-01
7.656628582759892332e-01
5.246441224579447837e-01
-3.947687115994911178e-01
7.908526412662026939e-01
3.555957376730187747e-01
5.564670610064168521e-01
-3.142746561320426402e-01
-7.005825134965373291e-01
-1.474935983082863444e-01
-4.536600817942226804e-01
3.436280368060886659e-01
-9.035125378562300913e-01
-3.519594549236029213e-01
2.646210482293189781e-01
-9.234139184416820800e-01
6.352658802458832632e-01
6.006229207934168368e-01
-9.954799963428277998e-01
-9.126335213163927484e-01
8.530873571369821384e-01
4.805946239048908275e-01
-9.797329751608470083e-01
3.901110108664207488e-01
8.814893208526697332e-01
3.855781547857157765e-01
5.366601028921667016e-01
1.352734435125626522e-01
4.994132577750054480e-03
2.805697942863301098e-01
-3.496127784868972022e-01
-6.931495433101746428e-01
-6.070700904241816964e-01
-5.722465478075460243e-01
-2.795189705438192451e-01
2.234828264994388469e-01
-2.571199719610979262e-01
-9.794064974365703780e-01
-2.921829612378508134e-01
-1.467946786490041955e-01
2.128622794266665785e-01
3.891478857612604703e-01
2.506139230641897253e-01
4.278680374666277153e-01
4.325150216337565467e-01
-9.096315568550776831e-01
6.006887593484226961e-01
-6.198372672288399166e-01
2.584087130680963185e-01
-5.944996037930394550e-02
2.906966490925402269e-01
-7.895248461129735773e-01
8.552505654561022297e-01
5.490696964340990860e-01
-3.380410326621148265e-01
3.230107807780904228e-01
-7.858084688448596644e-02
8.743293224765165128e-01
6.843837165886903495e-01
-2.739530571689199334e-01
1.895279521107822163e-01
-4.474472382984946428e-01
7.648268997702474259e-01
-8.604342276522285449e-01
1.682746998822219897e-01
9.880028786950127984e-01
3.616907331769458889e-01
6.068968453999090684e-01
-8.086291406820491634e-01
5.068967306464076117e-01
2.547135315242829989e-01
-4.415036133588414735e-01
-4.397231628063533737e-01
-1.901033507054881166e-01
-9.208219500657479628e-01
5.722730937577964472e-01
9.333922150382543137e-01
-8.069902951015657244e-01
1.463707309189097305e-01
-8.650038915893960567e-01
-4.691800394962641896e-01
-5.656194971233230451e-01
-8.431431306864278774e-01
4.505593498563249533e-01
-6.272367611453544267e-01
-6.901064961451854884e-01
-5.435844265549616416e-01
-1.989401038809828215e-01
2.794022360279253547e-01
-1.887917306904538517e-01
8.717518804873429783e-01
-2.431327417996680396e-01
7.513186684577892738e-01
-8.377629861489828134e-01
-9.756324684650474754e-01
3.968930711334088812e-01
-3.628245161252592332e-01
-9.162744409785568145e-01
1.324222619209254326e-01
6.015104852788362155e-01
-3.631105637261646812e-01
-4.678915352481294310e-01
2.069775639708231196e-01
-7.400554449355902786e-01
1.939649010629673764e-01
4.968898372335814884e-01
-9.521700141361115755e-01
5.839410106732971784e-01
-3.924726732848493604e-01
-5.389426418813538788e-01
-4.632127673569494952e-01
-6.295098050642697896e-01
7.829609718081897984e-01
-1.240632495879954167e-01
-1.840606111524454302e-01
-6.819645431199650165e-01
-7.044010455215912181e-01
8.457259113670152484e-01
-1.475671361430337392e-01
2.839996783350942078e-01
4.093115977093588764e-01
-4.002493910935784882e-01
-4.096603927200073159e-01
3.420405746100154687e-01
-9.441360222770958099e-01
-5.303848822284444875e-01
-4.082611394566815211e-01
-2.066750962760797172e-01
-5.708934343373610609e-01
3.904863593481964212e-01
1.939823394479327501e-01
1.961625186064421822e-01
-3.368734768277448222e-01
9.211184673724681637e-02
-1.042149429789660520e-01
3.055815493678473160e-01
-6.638702583891697984e-01
9.118559210432004569e-01
8.959363897036740632e-01
-5.343576598454813364e-01
3.436693520311129291e-01
-6.441473215451327672e-01
9.091494500648820143e-01
2.619476293856977112e-01
7.155120503811454036e-01
7.928960194958503127e-01
8.797101305380481406e-01
4.162443798437538423e-01
-1.980078322609970520e-01
2.009538527564056487e-01
-6.553528599597486792e-01
-1.972434775781519711e-01
1.113170145402868627e-01
2.931269076537958984e-01
1.971648930608811412e-01
-1.506550234924559639e-01
-7.811460526676281546e-01
-6.603297378596284517e-01
-2.724864426923367944e-01
-9.777635832015012518e-01
-3.235652434432845226e-01
-9.226577517778862259e-01
-3.216560341516883081e-01
2.128846374423121190e-03
5.626555413203246925e-01
-3.277942415531289733e-01
-3.882496158630523997e-01
-6.388515486626795692e-01
3.542048304732128283e-01
9.049239856820423533e-01
3.720525844740820709e-01
-4.858578748095530031e-01
4.094667682742165749e-01
-5.567185970485453161e-01
8.801923442457157964e-01
6.301881826269088993e-01
4.949200134237803361e-01
-6.081281770083637461e-01
-2.245347380282982641e-01
8.902511203471428214e-01
-7.763408044199620051e-01
-5.946713363372908567e-01
-1.775697777365874419e-01
5.756134167380715372e-01
2.160458989876166136e-01
8.209489164129619709e-01
4.763824618794259003e-01
2.414017041953997467e-01
7.407898905764251918e-01
5.998758507745842739e-01
-9.499973222665003547e-01
4.678580477927523074e-01
-8.582030215565870090e-01
5.532445089297801655e-01
-1.992523357163531461e-01
7.736712211137040107e-01
