3.379856845346397298e-01
8.967057624113945469e-01
-8.892975110924633553e-01
5.922263690473732467e-01
-4.313537409133627598e-01
-7.647276085365953824e-01
2.075839510951157652e-01
-2.865880054655203235e-01
-5.811632242973400198e-01
4.474109578220651362e-01
1.018425828115038234e-01
-7.888188951665064952e-01
-7.107451369101922545e-01
-5.696513170721089203e-01
9.233707028735496092e-01
6.036695357760146069e-02
4.546773649275078211e-01
8.477452590164930024e-02
9.074897728466080338e-01
-4.038581591371085966e-01
1.000000000000000000e+00
5.917769771819124669e-01
-9.795161838553643197e-01
9.018561548086942437e-02
-7.811012159936315813e-01
-5.906010538857289216e-01
-8.345171567415711200e-01
-4.006241905477397891e-01
1.318977160700723072e-01
-7.272962866652090685e-01
7.617806130324011882e-01
-8.166585313713136118e-01
2.500345413753807811e-01
6.379164931423049190e-01
-7.283093769650844651e-01
-5.616773253392359777e-01
1.000000000000000000e+00
9.538817528937921786e-01
-6.305974468836819113e-01
-1.000000000000000000e+00
1.310081543331459708e-01
6.228163890688050985e-01
-6.231791269739586081e-01
7.060015129311576487e-01
-7.821961332494168362e-01
6.538238852725377637e-01
-1.165784705091244267e-01
1.000000000000000000e+00
4.300826019008938128e-02
-1.375222304387819713e-02
3.878939808644417120e-01
5.807834604530601741e-01
-5.694216733781234940e-02
7.604853451731801162e-01
4.760268372750069421e-01
-1.006155338317626380e-01
8.418836032186881591e-01
9.516876838994428045e-01
6.665150624396779522e-01
-5.668997423049351170e-01
3.185032876815441227e-01
3.397466085735084684e-01
-2.760358584490324452e-01
-3.450809382961032012e-01
7.170352372416056719e-01
4.096070098214643074e-01
5.128504828940837479e-01
3.390820974147789046e-01
1.781130534744106708e-01
1.000000000000000000e+00
7.977416263677614694e-01
3.193811663159463188e-01
-2.919947832593903225e-01
-8.130049601457101094e-02
4.052760291406992676e-01
7.241659946401884929e-02
-3.015674366979896881e-01
-1.000000000000000000e+00
-1.734681641725819290e-01
-4.967988813222547484e-01
2.087158324691806843e-01
-8.979947365356668598e-01
-2.852263726661412591e-01
4.756025315900928030e-01
-8.966641151042347158e-01
9.775000196574477052e-01
7.593185902521514263e-01
-1.000000000000000000e+00
-8.730882425189353535e-01
8.853770344318966368e-01
4.722595416056462603e-01
-9.718282033046867774e-01
3.274893590356443562e-01
9.224415976476109114e-01
5.360107389299967329e-01
-3.101630444537646358e-01
-4.108328211818109699e-01
-2.353520260756458427e-01
1.999334019093238490e-01
-1.485869336462439794e-01
-8.447215557667284713e-01
-8.169376361681232046e-01
-9.476196213457183104e-01
-2.987445148668647077e-01
1.721261713432086782e-01
-3.036834929883368561e-01
-8.454261942138457941e-01
-2.676322755438874101e-01
-5.721257614042385420e-01
9.143080767747531201e-01
6.094409016731163753e-01
3.361909919296250937e-01
1.992985739821193647e-01
3.674791245026652886e-01
-5.559951632536952459e-01
5.072394813787526324e-01
-6.351186708025349237e-01
3.870508536865253091e-01
-2.196283110834668928e-01
6.317610895466452270e-02
-5.436730177059242441e-01
8.899071390033908013e-01
4.706498462212742595e-01
-3.457947354560425568e-01
8.329866962750775983e-01
-1.690180879640212908e-01
7.733387377499627569e-01
8.944917667617782175e-01
-2.342245857171259549e-01
1.000000000000000000e+00
-4.687581808168267972e-01
5.589620752000454829e-01
-8.172680318322513848e-01
-5.992791185063820469e-01
6.362864125860537845e-01
1.387684834853609717e-01
8.713445924230636130e-01
-2.583019313727166200e-01
7.550274464983632861e-01
1.594274012466402879e-01
8.363133700721188113e-01
-6.726928860652361952e-02
-3.973451762065103310e-01
-9.314865763283942668e-01
8.808151351880283420e-01
8.925316281051637324e-01
-1.000000000000000000e+00
1.969615715321726968e-01
-8.063465660887197961e-01
-3.231650187805145125e-01
-9.469685051402659814e-01
-1.000000000000000000e+00
2.211974155894548821e-01
-8.265287224023174506e-01
-8.757069681206172129e-01
-4.471914114673726237e-01
2.849333204571863343e-01
-2.364547342963617405e-03
-2.646860807683237282e-01
8.618334600261473577e-01
1.122054907416790426e-01
5.163587708327811443e-01
-8.377629861489828134e-01
-7.307558360914157003e-01
1.824330009362916116e-01
-5.242834438514982764e-01
-1.000000000000000000e+00
-4.069377637617815346e-01
7.877082019371460797e-01
1.622186617676374953e-01
-5.516703435186710580e-01
3.298007369974578218e-01
-7.403576093617697529e-01
2.586583937306484726e-01
4.581803701210400703e-01
-9.091664841268296549e-01
1.751504630249644257e-01
-5.566942372441741060e-01
-6.842955365967823278e-01
-4.054224516442654358e-01
-2.632340331780658182e-01
8.984620310137496624e-01
-3.427920179119015032e-01
-3.165962671626397218e-01
-4.699469814713782001e-01
-8.932314819211907286e-01
9.869308368955700406e-01
1.899338874980181502e-01
-3.171930874863458927e-01
3.122516634359978616e-01
1.432482682576285971e-02
-5.967417095446762021e-01
4.372446689288680410e-01
-5.809306751780791700e-01
-5.173856766049709233e-01
-1.888910177107130939e-01
-1.217236324911650791e-01
-5.249055205822750203e-01
5.696126401845319487e-01
2.144246655893012055e-01
7.987650641500583237e-01
-3.827751321498760184e-01
3.135934820070696016e-01
-3.062934480848064633e-01
2.926849730667293037e-01
-3.825140973761753660e-01
1.000000000000000000e+00
1.000000000000000000e+00
-6.352907872186692728e-01
5.668968640644791446e-01
-8.993426310596396300e-01
9.910555824759386123e-01
1.006421009989340448e-01
5.293449669566848703e-01
3.843414906861092328e-01
1.000000000000000000e+00
3.269293680928169188e-01
-4.617032792733932745e-01
1.890582563921271719e-01
-1.000000000000000000e+00
-4.118676937819271133e-01
-3.170748059925163065e-02
1.586794473333192623e-01
5.572609839019709854e-01
-7.187125777701140750e-02
-1.000000000000000000e+00
-6.858648048777076234e-01
-6.632701065363478810e-01
-6.087739007252693790e-01
7.523466291266893702e-01
-9.922690461516326943e-01
-3.752462302829266960e-01
6.499397333796438914e-02
5.042552223059113548e-01
-4.150000533320046259e-01
1.987529610767435617e-02
-8.525157193178202197e-01
2.357049503289289083e-01
8.534453984328413956e-01
1.412410503562493980e-01
-3.367240353277552445e-01
8.522133056122888073e-01
-2.986297431438363903e-01
4.333749196577900697e-01
4.980065149232661970e-01
4.671991346630826047e-01
-4.325535183544206852e-01
-2.617560432274500526e-01
6.985399077285460168e-01
-6.939302314304097719e-01
-4.541299643021354804e-01
-3.012176638028568609e-01
8.815284578811779514e-01
8.722236128048765913e-01
7.804327878317447453e-01
4.792895627658969593e-01
2.137446979510092271e-01
4.201798307558868295e-01
4.073717644137823113e-01
-1.000000000000000000e+00
-1.089275271498092029e-01
-5.572343726660623497e-01
4.213184419297134609e-01
-8.933369713486610797e-02
8.367763073181996303e-01
