2.583180703212638596e-01
9.406112870065846954e-01
-9.206276286336838588e-01
7.362813702423438578e-01
-6.058026634047181114e-02
-8.328539148251525859e-01
3.033450723216212647e-03
-3.790496667103596118e-01
-7.654074171784921443e-01
4.030763694155936605e-02
-6.557915514476531094e-02
-8.119560587241132499e-01
-2.978767252435585711e-01
-1.833275270373336263e-01
8.899843521584611672e-01
-3.803975480783727825e-02
2.909782271511990315e-01
-2.396177779615382142e-01
8.201580753372608168e-01
-6.091758188232768712e-01
6.672229103572291375e-01
3.369592130253251661e-01
-9.636357164815896326e-01
-6.119428172008600786e-01
-8.147486409354574022e-01
-6.675301541718523524e-01
-1.000000000000000000e+00
-2.605764686998894852e-01
2.861664309500931425e-01
-1.000000000000000000e+00
6.040874989628925995e-01
-1.000000000000000000e+00
2.249143304599543480e-01
1.000000000000000000e+00
-8.948981493681005261e-01
-4.482622968990255252e-01
1.000000000000000000e+00
1.000000000000000000e+00
-5.324754161513584050e-01
-9.240413388148965845e-01
2.464631813269724248e-02
5.826162278853499465e-01
-3.322432654634042137e-01
5.230677908638613482e-01
-7.426220326054208121e-01
4.023223627359024945e-01
-2.862769021213531495e-01
1.000000000000000000e+00
1.949238624904203743e-01
9.385669138708960246e-02
1.112291598653818436e-01
1.691063148553433315e-01
-1.026464012034540296e-01
7.106771997592068457e-01
3.685341797473833392e-01
-6.246010074030938775e-02
7.493213798406072046e-01
8.693607563196457111e-01
1.000000000000000000e+00
-6.166011336772245777e-01
1.015074857826252647e-01
4.754358244242555820e-01
-3.736915318508398642e-01
-3.655829198178210948e-01
7.224627364765383586e-01
3.970359642292220492e-01
6.312503543542025142e-01
2.077650330290947700e-01
5.856362322125299169e-01
9.602156501197385285e-01
7.656628582759892332e-01
4.958497433549388655e-01
-3.947687115994911178e-01
3.897640082011875062e-01
3.555957376730187747e-01
5.836926566173478159e-01
-2.149848067072175906e-01
-5.396527075063770607e-01
-1.474935983082863444e-01
-4.536600817942226804e-01
3.436280368060886659e-01
-9.035125378562300913e-01
-3.177203923774351013e-01
2.642241563247186842e-01
-9.234139184416820800e-01
6.780075878635006825e-01
7.941477425551417557e-01
-9.954799963428277998e-01
-8.624888489808278935e-01
8.530873571369821384e-01
4.072466471847300262e-01
-9.797329751608470083e-01
4.145548674742914330e-01
8.814893208526697332e-01
4.528495176305085690e-01
4.913164360293279520e-01
-7.933876642236133980e-01
1.550279893909620454e-01
2.805697942863301098e-01
-2.518359866279358261e-01
-6.931495433101746428e-01
-6.070700904241816964e-01
-3.300562205394539372e-01
-7.136717708547893335e-02
3.491966300868860063e-01
-2.571199719610979262e-01
-9.794064974365703780e-01
-2.921829612378508134e-01
-2.972525487187555049e-01
1.408076449486318216e-01
3.891478857612604703e-01
2.551222711927457198e-01
9.800386322159482244e-02
3.143303763583853438e-01
-6.575909711455393269e-01
4.990517051597917475e-01
-6.198372672288399166e-01
2.584087130680963185e-01
-1.246070993927058945e-01
2.906966490925402269e-01
-5.271956857706608934e-01
9.599914095697926752e-01
5.640333802631759541e-01
-3.380410326621148265e-01
5.890494783275181945e-01
-7.858084688448596644e-02
9.066802549158895497e-01
6.843837165886903495e-01
-2.181679775874869609e-01
6.450234433738476492e-01
-4.474472382984946428e-01
7.648268997702474259e-01
-8.604342276522285449e-01
1.682746998822219897e-01
9.880028786950127984e-01
2.635884692877500379e-01
6.068968453999090684e-01
-7.602217498655862160e-01
5.068967306464076117e-01
2.547135315242829989e-01
8.797821544261865689e-01
-3.136974109700252367e-01
-2.944545106300547332e-01
-9.208219500657479628e-01
5.498767222361790052e-01
8.908055735426614330e-01
-8.318604396042086346e-01
1.463707309189097305e-01
-8.734348325298157967e-01
-4.691800394962641896e-01
-9.357925536638141972e-01
-9.280237687465254792e-01
4.505593498563249533e-01
-6.272367611453544267e-01
-6.901064961451854884e-01
-5.018626092007114625e-01
-3.240060479964457230e-02
2.696337824005559103e-01
-1.887917306904538517e-01
8.717518804873429783e-01
3.483815424951588469e-01
7.177163403037538636e-01
-8.377629861489828134e-01
-9.756324684650474754e-01
3.968930711334088812e-01
-3.628245161252592332e-01
-1.000000000000000000e+00
1.324222619209254326e-01
6.015104852788362155e-01
-3.176382883321258732e-01
-4.678915352481294310e-01
2.398621336381429603e-01
-8.218393868949689374e-01
1.939649010629673764e-01
4.968898372335814884e-01
-1.000000000000000000e+00
5.564084634276452723e-01
-3.458847357050339189e-01
-4.668785109054233162e-01
-4.632127673569494952e-01
-3.814359127475940303e-01
4.685787865575348765e-01
-2.657303905974667257e-01
-3.455610051393014359e-01
-5.096298514297944449e-01
-7.716564161372194697e-01
1.000000000000000000e+00
-1.741193153001455163e-01
2.839996783350942078e-01
4.093115977093588764e-01
-4.002493910935784882e-01
-5.916309067751798212e-01
3.510082708766856241e-01
-1.000000000000000000e+00
-3.553342326437831655e-01
-1.795702134239566816e-01
-2.066750962760797172e-01
-5.396127868202329481e-01
4.487625825438388283e-01
2.144246655893012055e-01
5.639635376974612146e-01
-3.368734768277448222e-01
9.211184673724681637e-02
-1.042149429789660520e-01
3.055815493678473160e-01
-6.638702583891697984e-01
9.118559210432004569e-01
1.000000000000000000e+00
-5.343576598454813364e-01
3.039891089188695994e-01
-7.515785257437721523e-01
9.091494500648820143e-01
2.619476293856977112e-01
8.414898621682774804e-01
3.791614739231378151e-01
8.797101305380481406e-01
4.162443798437538423e-01
-4.090476667264616450e-01
2.009538527564056487e-01
-6.553528599597486792e-01
-1.972434775781519711e-01
1.113170145402868627e-01
-1.100133906723356619e-01
3.222310528410541330e-01
-1.506550234924559639e-01
-7.811460526676281546e-01
-6.603297378596284517e-01
-3.075521392363037565e-01
-6.575539060682189518e-01
8.009963524495662401e-01
-8.859464526729702305e-01
-4.817510074831684586e-01
2.128846374423121190e-03
5.626555413203246925e-01
-3.246892152483602523e-01
2.030479474907058712e-01
-7.971141287591323454e-01
1.759255745128325277e-01
1.000000000000000000e+00
3.720525844740820709e-01
-4.858578748095530031e-01
2.572788132209264944e-01
-4.771985861252104333e-01
8.801923442457157964e-01
5.673793270303608693e-01
4.268033332541199543e-01
-6.081281770083637461e-01
-2.245347380282982641e-01
8.420458655711121621e-01
-7.590009045849173130e-01
-5.946713363372908567e-01
-1.775697777365874419e-01
5.756134167380715372e-01
2.160458989876166136e-01
6.366138632546401999e-01
4.763824618794259003e-01
3.296585355029209019e-01
4.192509073260362040e-01
5.634545183210951658e-01
-1.000000000000000000e+00
-7.913377134776923560e-02
-8.582030215565870090e-01
5.532445089297801655e-01
-2.623635687494966229e-01
7.736712211137040107e-01
