4.730160382943868758e-01
-4.900085300983781367e-01
5.614439850572636725e-01
1.000000000000000000e+00
-1.857633307211767337e-02
-1.127358510054451979e-01
-1.777134922770981507e-02
5.269604719997489362e-03
2.508150985411215506e-01
4.299871462863107396e-01
-7.849553267454972838e-01
-6.172682549454580059e-01
1.926484774860496019e-01
7.648075308603969891e-01
2.888814807470377888e-01
1.629554129517579719e-01
2.634993529742966634e-01
1.000000000000000000e+00
-1.447748919986067279e-02
3.555918977219136856e-01
7.045595186204809401e-01
-2.214847208811772106e-01
6.720897672332204476e-02
-7.793241540511977039e-01
8.759525841595408036e-01
5.985308371435568153e-01
-7.866452933484964216e-01
6.171170743111630275e-01
1.443869990619068566e-01
-8.031702826178206411e-01
2.166799562499562015e-01
9.786438328238185047e-01
-5.103737111660926473e-01
8.449861248766790123e-01
1.969088888976103235e-02
3.488602527914225759e-01
7.497575423601351430e-01
-3.708275330203880671e-01
-6.637553871325052590e-01
1.920852654641155288e-01
-7.562214005267273720e-01
2.685405266020161053e-01
5.761634936686464981e-01
3.277077567414941051e-01
-3.737057646986421955e-01
2.974334481453267398e-01
-7.976708470454110245e-01
9.905230559116637856e-01
7.473570112212075678e-01
9.296991739643849506e-01
1.130377301055154327e-01
-8.136623434180658698e-01
4.100428645556766227e-01
7.436364138423013914e-01
-1.000000000000000000e+00
-2.459435368203800876e-01
6.730111658187271084e-01
7.371736920432888640e-01
2.081007378462661206e-01
-4.364721842654864514e-01
-7.226235844438366751e-01
3.087083541712623558e-01
-2.801589092733424158e-01
-1.000000000000000000e+00
3.786801930380929160e-01
5.761626895673771509e-01
-5.103801054395462611e-01
2.773210268064545403e-01
-4.705017006101519517e-01
2.557018712124281556e-01
-3.848899042114477531e-01
-3.858882937150331927e-01
7.160786837419373940e-01
2.293061070857641826e-01
6.542200391111752111e-02
-2.968160832014114792e-02
-1.000000000000000000e+00
-3.145041910477042180e-01
-1.537285879219824417e-02
5.357672510385331766e-01
7.463874013138549479e-01
4.002583646783200999e-01
1.000000000000000000e+00
-3.244661584517967157e-01
-8.576730185431598041e-01
2.370918884203547794e-01
-7.157938694266974267e-01
8.606094018307489657e-01
-3.730829317030678327e-01
-8.643515570230397849e-01
-2.553355166564634793e-01
3.242891014058884025e-01
-9.116591536127439666e-01
8.920492328920432978e-01
-4.426921507166454717e-01
-7.588654351522337027e-01
-2.201950387827296407e-01
2.902345281876953509e-01
-3.287861855667521538e-01
-8.780311245841799783e-01
3.690783484459414510e-01
-1.905627671352077834e-01
4.999389923189090368e-01
-2.276687993874579041e-01
6.525109918778273510e-01
1.000000000000000000e+00
3.417698294087204713e-01
1.471195896514565504e-01
-1.915522815731295347e-01
1.984243494738942570e-01
3.059669631567429882e-02
1.178467335805490346e-01
-6.367559796360394708e-01
8.479072259104519782e-01
-9.109655725350011002e-01
-5.877512523525212362e-01
-4.329821842741790050e-01
-7.092830660275792343e-02
3.460350156804058441e-01
-6.635230828014715421e-02
9.628146205583821837e-01
4.356949441461762107e-01
-1.000000000000000000e+00
5.932978781488835729e-01
3.004797221482762293e-01
-1.000000000000000000e+00
-4.393723836500973423e-01
9.917519711559467099e-01
-9.491152271718922284e-01
1.703043570598647416e-01
8.654061716221937983e-01
-6.025773400670773050e-01
-7.563899854434927850e-01
7.030397892254516279e-01
-1.000000000000000000e+00
-6.906395709446756515e-01
3.705991767813229254e-01
-1.000000000000000000e+00
2.689022039363186956e-01
-6.630236628858923176e-01
-4.031233110843113199e-01
-8.548339287176659473e-01
8.154789764244324557e-02
-1.796991976845241645e-01
4.785914182844622777e-01
7.943722666732100368e-01
-3.575333893320746803e-01
-7.331922246139843669e-01
2.133220002397538395e-01
7.894009450456243027e-01
-1.000000000000000000e+00
3.482178817339869337e-01
5.577267298919353911e-01
6.992614848113152259e-01
5.520609449557859483e-01
-7.032274272906979817e-01
3.074816763522747465e-02
2.042113832074740620e-03
4.187131089255218264e-01
-2.767444283121329729e-01
-4.001807911210285562e-01
2.693794040940894474e-01
7.108376126167538223e-01
4.645868740860275015e-01
3.454504981542161346e-01
-6.186712388423605269e-01
6.938178644458937727e-01
8.477550615599354078e-01
-1.042298642400929509e-02
-4.035192455760964192e-01
5.359626224059472754e-01
3.349720467480901132e-01
1.000000000000000000e+00
7.690863588846148513e-01
-9.162879907217998943e-01
2.622608890692152556e-02
1.864482151321890033e-02
-6.222281567222494036e-01
-9.801494345283261467e-01
3.022052811136324291e-01
-2.839439777536183485e-01
-7.579076609702281031e-01
-3.925626199406149208e-01
-1.796276488839356200e-01
-1.065171048777663887e-01
5.814896259032840131e-01
2.597519363233277701e-01
-7.917117497031065376e-01
7.544110454404706623e-02
-1.000000000000000000e+00
-8.322598435729735566e-01
9.180914476346251352e-01
-3.748389071240341708e-01
-9.033495564725099181e-01
2.539149087867504928e-01
3.537971691817609621e-01
9.170719333036225773e-01
3.271016627229633711e-01
-1.000000000000000000e+00
4.965393146384203815e-01
-1.347212817039678268e-01
-7.516992971382281397e-01
7.301615387796576151e-01
-3.897947514770461197e-04
6.916100568197179888e-01
-6.703452952379349017e-02
6.373320351127152728e-02
2.657426798870802798e-01
-2.823067381043479207e-01
-2.004821429160361657e-01
4.326716124546077791e-01
-4.050166240848614430e-01
-3.346512185059077327e-01
4.113553668617109249e-01
-9.061242482330726933e-01
4.629086395833992285e-02
-7.248292733119479081e-01
-3.499852104738935266e-01
4.270840016476650236e-01
-1.000000000000000000e+00
-4.782894945312162749e-01
-9.142722589239442588e-01
1.000000000000000000e+00
3.343875036971579728e-01
5.569150915179893468e-01
-5.659812173116549605e-01
2.994726615814795045e-01
9.908726087767216750e-01
6.130807309386188120e-01
-4.358069610756604151e-02
4.555528966281192083e-01
-8.726874046053635370e-01
5.043180743314876757e-01
1.647356948240001617e-01
8.843195422348140156e-01
-7.428771850773829843e-01
-3.689192213209512294e-01
-3.791151331111483058e-01
-2.997222988957446432e-01
1.006274032041383215e-01
-5.642298206631554125e-01
-1.943635643165264604e-01
-3.575705587880360081e-01
-5.275441516394716590e-01
6.187730169284352266e-01
5.879695338446284669e-01
5.851468980651881591e-01
-5.338101868309850229e-01
7.555376239005104910e-01
6.152244629710078572e-01
-7.019766230618633696e-01
1.000000000000000000e+00
-3.108841071343705909e-01
-8.123357884397987005e-01
-1.657538343576778761e-01
8.681807231356300503e-02
7.433828549386136686e-01
6.472467834378954343e-01
5.563896160847863204e-01
-1.129608442641730770e-01
1.504092268539979765e-02
-2.092067631920422055e-01
3.314500847555180707e-01
6.802600007151078376e-01
-5.784469389279493778e-02
