1.460310346266145351e-04
-5.845665936622812531e-02
-5.200856732612694211e-01
-1.515536250727711476e-02
-5.785739016917211819e-01
6.680688443360616180e-01
6.690963769004631967e-03
-8.444094451465531392e-01
1.566035429531884571e-01
1.117936288422398394e-01
9.478483516034441614e-02
6.815999681247373321e-01
-7.244986526769275903e-02
2.345221530713027525e-01
1.051299246991622915e+00
-6.830639497663513193e-01
-7.821967653889284611e-01
3.117689942684740978e-01
9.100735676537782259e-01
-3.500757267982964605e-01
-8.616389357881565347e-02
2.817786641286417759e-01
-8.505862589134189911e-01
5.669721728846199849e-01
-8.877636622764896179e-01
-9.842018556867641044e-01
6.964948952948024630e-01
4.355654153851440391e-01
1.592850863406575224e-02
7.698755762900761912e-01
1.302322216013650225e-01
5.057330067526928374e-01
8.443575895884440907e-01
5.728362709640678618e-01
-6.952457784601506763e-01
-1.941511843314838170e-01
-8.574705732393289592e-01
9.279832253896601602e-01
2.025380889852479438e-01
-1.326779896772905531e-01
1.711236244975873344e-01
4.102771787099737111e-01
6.894554633519103248e-01
2.288087864399210303e-01
-1.002477983778589987e+00
6.429830258170687873e-01
1.126861640957714517e-01
7.235726884594763098e-01
-3.196499119156870350e-01
-2.246251679432238468e-01
9.775601770453901107e-01
-1.024558235567217812e+00
4.622204047006359673e-01
1.023294753632816523e+00
1.029361422721704944e+00
-1.525173915032377592e-01
-8.763104262949941159e-01
-1.209113040118885429e-01
-6.855902300697932494e-01
4.413922764459753401e-01
-3.882536421654037007e-02
7.843069360624391750e-01
-7.386294906789137027e-01
-9.135338074800886110e-01
2.300193569016290018e-01
-3.197079590091720380e-01
-4.267978128308200780e-01
-3.691273026644559252e-01
-2.009775863299489984e-01
-9.473311384384134337e-01
-2.927708459066426516e-01
-1.077416171437391768e+00
6.965752478835833816e-01
-4.412047290035083780e-01
-5.087504367728467036e-01
-2.496544074642106370e-01
-7.794639395938953719e-01
9.210173299174567729e-01
1.655965963298713373e-01
-1.835028781456372327e-01
9.270586363100868921e-01
-4.380265709646123939e-01
5.822975785601474108e-01
-1.079796521982856472e-01
-8.793652210375035860e-01
-7.483542304801147349e-01
-5.736860798054007615e-01
3.027076220892082059e-01
-9.416344971883969794e-01
6.912676828597423828e-01
-3.966112024581933126e-01
-8.597297735144685538e-01
-2.711342967589898123e-01
-4.123142802727070566e-01
9.851950758304102163e-01
-1.561689596696841376e-01
6.056295729465690503e-01
9.405724868599660282e-02
-6.677476994429459856e-01
-5.362522785926908675e-01
-8.203315650821081384e-01
7.969154012227772643e-01
-3.947726636718544291e-01
9.986033006865593920e-02
1.006234232594409306e-02
8.848482108718613848e-01
1.055667186180078598e+00
-7.398622678853172818e-01
-6.113675707701400341e-01
7.748615379904639777e-01
-1.632174981071855824e-01
7.072374532603006303e-01
8.286729511098346324e-01
-1.159242677897034113e-01
-4.105803005483614765e-01
-9.338435083369250878e-01
4.831679695796334273e-01
-9.786239196274572061e-01
7.638407616697229230e-02
7.470801720623101438e-01
4.192886498387109473e-01
1.591120676002089063e-01
3.136195805468096620e-01
3.657290423824927084e-01
7.347343438618266775e-01
1.641686572058353444e-01
5.493668576005815707e-01
9.288783073949929969e-01
3.955483114467055472e-01
-7.469905670947835086e-01
-1.402094911900392538e-01
6.838496597157919243e-01
-6.652809748949970459e-01
-2.912525663908431817e-01
-3.795768540593227325e-01
2.623627244353290422e-01
7.370204745747923614e-01
5.049605351974993939e-01
-5.352053367414204565e-01
3.600135097106704762e-01
-2.908318499607495666e-01
6.528781160177481446e-01
6.156713836769966974e-01
-3.971740163716865890e-01
-3.186841054032656384e-01
-6.659974695279629042e-01
-5.971502118277196569e-01
8.990076424084358919e-01
-2.087470280675285395e-01
-2.390975853558359177e-01
-3.232854032097776109e-02
-1.851919666721706381e-01
-7.321658654629585872e-01
4.461256386849696831e-01
2.747626739323534850e-01
5.665934497134976766e-01
-3.247857417676739411e-01
7.661615324653296977e-01
-4.512780640053173364e-01
3.892061621512439284e-01
-8.642414170093373205e-01
1.531960701399823765e-01
7.726527458044895047e-01
-4.804504201413579700e-01
2.736128889685818244e-01
-1.320760414143107297e-01
5.166695977026029007e-01
8.459560913938403148e-01
-5.420278832790279555e-01
4.834442243667986250e-01
7.024585120537600869e-01
2.650488032165272401e-01
-8.720770465675663496e-01
1.472077965475629135e-01
-4.135248805380114523e-01
8.711311494726504678e-01
-8.184358202756376599e-01
7.145864321516270934e-02
-4.921082684230059789e-01
-6.202039368804042052e-01
3.842636254856184319e-01
-2.272561839340735412e-01
6.163211901737862819e-01
-5.969347915452745124e-01
-9.667738470453848820e-02
-7.037698917956484168e-01
1.433465162691782702e-01
6.142682274687677468e-01
-8.106155283938962786e-01
-4.636269657141149914e-01
-8.277716236904836267e-01
-4.365384126460114533e-01
-6.579740711631645311e-01
7.908471636990986875e-01
1.005826354709349557e+00
6.131830395150612567e-01
3.047609358003334767e-01
-9.677679803247881685e-01
-1.959918884996350030e-01
-7.843716435172938262e-01
-9.451253846178605533e-01
-1.792707735727459006e-01
4.205267747594365613e-01
1.311045846127532055e-01
2.501139553745368449e-01
-8.665468099426601456e-03
-6.764900297100393534e-01
-4.536628337775734376e-01
3.160612598856946676e-01
-1.087917304195925361e+00
-5.874559399302758944e-01
1.041031536680974978e-01
3.835989568328201926e-02
9.395565309498419282e-01
-3.837664457219548408e-01
-6.745602640643371117e-01
-4.597584266719035306e-01
8.188196168880823578e-02
7.491093398168202633e-01
-4.631521116749706679e-01
9.987049210453508019e-01
2.444949849000899178e-02
6.024931397266882760e-01
1.854335810184365718e-01
1.743008461195271197e-01
2.537223488108449887e-01
-4.760469004930332204e-01
8.549367796131182029e-01
-4.013697463464211967e-01
-6.228555042053517121e-02
-8.873002755597128033e-01
-4.050681615334355001e-01
-7.625194653934717071e-01
1.133472159167866478e+00
6.623931566545520067e-01
-4.083889161769355125e-02
7.758031506634772700e-01
-4.690138175531401998e-01
5.341031558420177294e-01
9.527322546487895782e-02
-5.944439972109600845e-01
-8.184313831640571690e-01
3.359693059357377609e-01
5.841058808439558714e-01
-2.648181135999720937e-01
-1.721277235966541530e-01
-3.458919204485860210e-01
8.762573985085995165e-01
7.702476289898640971e-02
6.031318662643168071e-01
-2.425103157783492502e-01
-9.964678508414346325e-01
-8.785242122204823811e-01
-2.504444453404499615e-01
-8.087824384197074279e-01
6.209809889578932207e-01
9.565023404320626144e-01
8.672992833788398803e-01
-7.648223826186928420e-02
9.369128141402043308e-01
-4.302255065567692771e-01
-8.729141164718280388e-01
-4.434092080549452142e-01
3.138933810985133910e-02
7.354182046203359135e-01
