-6.080272089236293809e-01
-6.257380164503565378e-01
-6.096603727176210796e-01
8.392100094722244608e-01
-6.778451675582437552e-01
-9.329879054940416472e-01
9.461606074092390184e-01
-2.513106891502854268e-01
3.968793144703864351e-01
-7.868076848398529721e-01
2.715025766329313139e-01
5.207266060935040741e-01
1.872485313893127723e-01
9.381531690865333450e-01
-4.152114422819419559e-01
-3.976097997778187954e-01
9.995037043154346712e-01
-3.393656976830572436e-01
1.000000000000000000e+00
-7.229801286929936621e-01
5.791317239692940211e-01
2.929297561963783991e-01
8.858930112895968545e-01
8.454614372652997645e-01
6.303873375420390168e-01
-8.337009254812940418e-01
9.703905772785053063e-01
2.008186767617499147e-01
3.665372258141719741e-01
-9.108107288756601694e-01
3.426356123136531373e-01
-5.360804553622877666e-01
-4.950668678087557506e-01
3.154514569810356051e-01
5.817884698281174938e-01
-2.212523202749859252e-01
5.281907575699072988e-01
-1.599761823500907010e-01
-5.485323359233649221e-01
2.017108094061566270e-01
1.494476853763906377e-01
9.158257098191934231e-01
-4.742643041438795448e-01
8.193450733982593492e-01
8.685660898340854530e-01
-2.935637415762084590e-01
-1.000000000000000000e+00
-3.168853412802219438e-02
9.765865363674937072e-01
-3.583904838582234742e-01
-1.706369230709417484e-01
-8.039746398981066910e-01
-5.351834282366649820e-01
7.924204364990226901e-02
8.448649672746655348e-01
6.072390857844587320e-01
7.826665239217832637e-01
7.038481692001503642e-01
8.593245774265325654e-01
6.842937006290679136e-01
-8.425913827332092154e-01
6.847829106135245869e-01
2.820708616700435822e-01
5.327436165277790181e-01
-6.296875692268948110e-02
-5.611616954837230775e-01
-1.000000000000000000e+00
-4.233847403917412322e-01
-3.249059404386300809e-01
3.409727846142751595e-02
3.953392207763113397e-01
7.964089308849671145e-01
7.830303365152053718e-01
-9.223771133171838610e-01
7.620605786355161282e-01
4.930837140617922998e-01
4.387310175236787124e-01
8.375970199851661135e-01
7.725386833639389383e-01
-1.092707050246976425e-01
5.961369103345721676e-01
9.788538591255502297e-03
2.406901112567551015e-01
-5.659557373350825316e-01
4.862917239369508593e-01
4.016285390368008468e-01
3.671066045091501140e-01
-8.267800567634202569e-01
-6.260805538284890392e-01
7.254850960317464903e-01
-3.773512704604091716e-01
5.597817920836301031e-01
1.982756097473235002e-01
-6.213138946932426077e-01
4.426992786723518147e-01
-4.544850214516227283e-01
-3.978777815057098488e-01
5.379950571732552422e-01
-8.797245607068933104e-01
4.204298398991692109e-01
5.730258027320851710e-02
-6.699159062551688359e-01
6.511736202437088394e-01
3.217741610255526741e-01
-9.743144058786539219e-01
9.690069685769153729e-02
2.064016997744671233e-01
1.726062925845777141e-01
-4.068150802281309542e-01
-1.663656202068206635e-01
1.310642880464222004e-01
-3.623374747205929114e-01
-7.343192284131980774e-01
-5.630036581158763820e-01
8.688982572645049807e-01
-5.746012134400944049e-01
-2.298972761296231848e-01
-1.689709533221916971e-01
3.507817485476288355e-01
-5.816029443325592130e-01
-8.046243638224491734e-01
-4.213838983571682739e-02
8.756729111754054662e-01
-2.643215573912711669e-01
-3.516384458738628371e-01
1.000000000000000000e+00
7.347693880091714647e-01
-6.060550194278186975e-01
1.829419370625193497e-01
2.853855413167543098e-01
7.418395231658208022e-01
9.791579256486000471e-01
2.626839944519062664e-01
-6.666961534471128603e-01
-9.593730962149396579e-02
-3.043936789182299929e-01
8.113542699365126065e-01
-8.792795049991433132e-01
-4.986251598510790251e-01
4.623850523334923079e-01
-8.587011771803654270e-02
-4.747984419001167744e-01
5.771430277183009494e-02
-3.982068636523514726e-01
-5.106750502655008628e-01
2.820056527355512266e-01
-9.425110238286260600e-01
-6.814714014105986706e-02
2.523519819281726528e-01
5.439359575553457393e-01
-5.177970441763874998e-01
-3.263429876505530292e-01
2.647226007353152832e-01
-6.660960392371231276e-01
-9.112914827741420698e-01
-3.114568969707159213e-02
-3.078787642865812302e-01
7.057476522024763721e-01
-7.571635360163377904e-01
5.755126289290457553e-01
-3.494329165881579491e-01
2.938626748516166010e-01
2.056822158100302111e-01
-1.098566687325619462e-02
-7.924404995935649954e-01
8.835545646548513821e-01
-4.449056113766236553e-01
-2.796383763279717272e-01
8.766408252608792750e-02
8.843403589649772023e-01
-1.921884533875284906e-01
3.415903060118401502e-01
8.893608607220863105e-01
-7.645430602839781153e-01
-9.319200724216315512e-01
-1.253076304391425033e-01
7.765422682532392429e-01
-2.629168420586250887e-01
6.334888577892955341e-01
-5.950150243276479678e-01
-1.548299464685514160e-01
5.803375490980373641e-01
2.125507813614737618e-01
3.541195988621173019e-01
4.595710579567157117e-01
-4.890922573409932639e-01
-7.955587872866833887e-01
-9.563755625689120965e-01
6.694512266372911746e-01
-3.951137475760542195e-01
9.051678369371891630e-01
-9.590054984519118531e-01
2.217544948531771087e-01
-9.030992536664553816e-01
-4.480301639283497117e-01
1.936353652265716541e-01
5.261078945378068195e-01
4.896846148708950963e-01
9.500721585130422753e-01
-5.240464485440854414e-01
8.093052593122607163e-02
-3.256269119451031813e-01
-5.449656719397308891e-01
-6.353960074372400069e-01
-9.389681102726636919e-01
1.597547966507211203e-01
-2.537864833468419512e-01
4.770425619805460649e-01
-5.810587457352928142e-01
7.502577688003461143e-01
-2.787494439778326338e-02
-9.534885352105164635e-01
4.445826812148967466e-01
3.595703991410579281e-01
9.010050506757005806e-02
2.963785066668107593e-01
9.744912332678193900e-01
-2.284840738790074599e-01
-7.832775439526157291e-01
1.245099584416781147e-02
2.904007440449745125e-01
-1.271080497430669976e-01
-4.784756525644033864e-01
-6.487076634500930916e-02
7.770790175686514978e-01
-8.427252419063349098e-01
2.251274128523194085e-01
7.668278931327611181e-01
4.505591482405075787e-01
-3.444574041644707374e-01
-4.419956181070168189e-01
-7.663898548219428841e-01
1.733267509572202769e-01
-1.107763284107312618e-01
1.163998100676353342e-01
-3.972765667494704278e-01
-4.846198526759759595e-02
2.449818790793400758e-01
-1.030827456882195126e-01
-7.908907507160369832e-01
1.742352176279248210e-01
8.166596382123250120e-01
1.734978810003096339e-01
-5.712582074963068468e-01
2.774925210931724617e-01
-1.643972567567761611e-01
-8.639574340143985065e-01
4.131809815739302394e-01
3.269295197452460333e-01
-5.371328822214676002e-01
-3.774046537399207146e-01
-5.789378838532095450e-01
-4.387687173574810195e-01
-4.491691833731872863e-01
9.105407068902318102e-01
1.189377362008117375e-02
-5.987934811449930894e-01
9.287410757559493302e-01
7.277218404990163370e-01
-1.172160568478646248e-01
-1.371360104906114152e-01
6.698065607628473916e-01
3.916794419745451838e-01
-5.853935257094620148e-01
3.762903637507235277e-02
