2.767683667955700422e-02
-5.589265798395226525e-01
7.559486929860237403e-02
-1.935518995418340493e-01
7.168488723560471065e-01
-3.245574634111512147e-01
6.547686882990809698e-01
-6.974744902868050822e-01
-5.900816526783284610e-01
8.067583456659890295e-01
5.742209713381241087e-03
8.956253140048209271e-01
4.571437591951512669e-01
8.748938820290664831e-01
7.594611318884051387e-01
-2.172702187570829391e-01
6.635801751020137251e-01
2.468320155749238742e-02
-9.145264889921397300e-01
-9.241961962742595293e-01
6.661922651940918039e-01
3.156807824295635445e-01
5.371613384080488052e-01
4.032577972690296053e-01
-4.940329726167544400e-01
3.060063873395459932e-01
7.722918089921865237e-02
-1.275412870218145533e-01
1.644689863901317994e-01
-8.133730560188543457e-01
-8.555424615879381189e-01
4.444804189360291313e-01
1.866146230979368603e-01
-7.368121535044187542e-01
-5.596547933707058942e-01
1.047413002428132511e+00
-3.206313505197874725e-01
-6.979829480254489127e-01
8.056473852067098651e-01
-6.947775980290929465e-02
5.975492192298168526e-01
-1.022319635129966403e-01
-6.849761102823256342e-01
5.994525864118664948e-01
6.984667866546800941e-01
8.187211526042503795e-02
-4.202580840926334327e-01
-9.267600154815202051e-01
-3.877128408541670179e-01
-1.870516800011751690e-01
-2.986909737002518272e-01
8.973564922693841872e-01
4.017449766660974309e-01
3.810255185837048697e-01
6.566816982484242615e-01
1.680975520768876463e-01
-1.419795954448133668e-01
-5.831592462008929889e-01
3.876422013195293670e-02
2.732504935357533693e-01
-6.823740722514498591e-02
-6.792426538473139708e-01
-4.843732952706005790e-01
-7.847079860073509217e-01
-3.299616056997419639e-02
-8.083785477943185027e-01
-5.909569649163717298e-01
8.749479316578065990e-01
-5.924970622413981702e-02
-5.500145350407463773e-01
-7.882584120208753209e-01
-6.371636295558389396e-01
-4.736674731126853111e-01
5.220485985450369626e-02
7.320748952511804131e-01
4.673489451378482484e-01
6.681245685210736029e-01
2.088810084616329887e-01
7.941157198297286168e-01
-4.792267651186147837e-01
6.477544672477777432e-01
3.474939709919318553e-01
-3.436793952357113380e-01
2.798989573875254044e-01
-7.573854877574311972e-01
2.546068463126831549e-01
-5.296322878414283508e-02
-2.223373787152831960e-01
-4.931608131821433871e-01
7.417379773008044852e-01
6.505506331963173405e-01
-4.167465684182283248e-01
6.159648776176913643e-01
6.209035907313675828e-02
1.882009381804545523e-01
7.145657161207590313e-01
8.456936843699253137e-02
-4.762936523092013430e-01
-1.003228561821772752e-01
4.663254288528313474e-01
4.073534357014004792e-01
1.071214371606590499e+00
3.157625441379210418e-01
1.354537895663742164e-01
8.101839787788506220e-01
-9.083568161450101819e-01
1.221320646406514276e+00
-8.034569699439009227e-02
-2.539959973036893803e-01
8.822851358788980081e-01
6.952987606454028580e-01
9.306169557147606630e-01
-6.694639226032172985e-02
-1.522057222250767783e-01
-5.767616779368053281e-01
3.885687095475209296e-01
-4.510486298401707450e-01
-1.028748323034725520e-01
-4.903346941731440145e-01
1.690766157752058296e-01
-4.627732266343143053e-02
1.114568542805949858e-01
2.398590956146576247e-01
9.232991172164967120e-01
-7.859966262933421044e-01
5.995698434013182476e-01
-3.816520384762744911e-01
-4.308959294322286526e-01
-2.542681271693569833e-01
4.589448609386985178e-01
-3.219356067458079562e-01
-1.026905540530151928e+00
-1.547940061378929588e-01
-8.535760030781067709e-01
6.540645547554151396e-01
8.367711320119941565e-02
-1.731038401532738191e-01
-9.911304221780173895e-01
-4.164961671996169623e-01
1.180770117148714077e-01
-3.169135133544862537e-01
-9.177667269031603015e-02
-1.124590169471387568e+00
1.623844022454735969e-01
-4.525478838721912478e-01
-5.981871666657654352e-01
-8.612773767479391385e-01
2.803390569314904157e-01
9.982050277926413084e-01
1.043165216502151882e+00
-4.722340044781412338e-01
-6.094624264534749258e-01
-1.115797406913587586e-01
1.667631192357829917e-01
8.476472224512276998e-01
-1.775092875833270967e-01
3.728812720394357738e-01
5.409419652893592279e-01
9.496126268893709810e-01
-5.606864610083672762e-01
-7.667480425515669218e-01
-2.123327853381296038e-01
7.273962909911447783e-01
-1.768442056138509744e-02
3.549740527283926639e-01
1.260652379917561738e-01
9.586393009833527046e-02
1.879325257863273535e-01
-8.990188744783422781e-02
-6.491233930583689693e-01
3.861913897400839901e-01
3.298687946272815807e-01
9.460797751006264633e-01
4.503335361595704467e-01
8.846457256505945166e-01
-6.720661183736900135e-01
-8.786286770250358868e-01
-2.313555251031986781e-01
9.646848352629960877e-01
2.975077019545728507e-02
-9.656285028319269159e-01
-7.475442529580704765e-01
-3.022744095014142096e-01
3.087167120040171797e-01
-3.715421825711855974e-01
1.889608414862149199e-01
-3.053343083023819515e-01
6.153680593999080184e-01
-4.886478825439775076e-01
4.166173394227751237e-01
-8.993512429582815049e-01
4.289062917929036267e-01
7.070926598957214537e-01
-2.338224611494305605e-01
-2.738868630195039344e-01
-3.514149453695963876e-01
5.964169406175371391e-01
-7.111732626158354664e-01
9.549908420817538879e-01
2.656451841191733720e-01
-2.310274897632022262e-01
7.790067063123662372e-01
6.758088733716480778e-01
9.970425011074809385e-01
-5.204668798229055565e-02
7.717409216347516088e-01
3.206722236325785236e-01
3.814738720968152696e-01
-7.518144721372779227e-01
5.273204219098159840e-01
4.562057283881346681e-01
-1.931658728502760880e-03
-7.261387924883416778e-02
-6.067940698402671806e-01
-7.101153926487506762e-01
1.814306601261415908e-01
1.341236090496729094e-01
-5.995585526628431916e-01
7.711959648027169600e-02
-3.490109868357652578e-01
-5.507936865551092964e-01
-6.244002001576465233e-01
1.706591593056622780e-01
-1.857143281120906542e-01
1.059290555648831678e+00
3.590902056890402649e-01
-4.315791729758264861e-01
9.240632712889715883e-01
8.586389533092142479e-01
9.609876959271193009e-01
-4.435827770773453915e-02
-1.031006268239426538e+00
-7.628792632486966485e-02
3.087637053829836997e-01
8.040602298731138742e-01
-3.724611069155828180e-01
5.830075856280635405e-01
3.235930314214096604e-01
-1.143697698317253791e-03
-3.374218780143208862e-01
-4.896516403363433412e-01
6.682080949993165486e-01
4.134847269331893838e-01
2.268190185881032717e-01
1.240364469427743144e+00
-4.594290733058294940e-01
2.672097657485911215e-01
1.119362931221504071e-01
2.576022049042081541e-01
8.375685522992000198e-01
7.751859802047212922e-01
-1.339192308445016355e-01
1.435557995004765885e-02
-4.804902603215537304e-01
-1.127073060737725063e+00
8.143885372578099080e-01
8.146591195204500035e-01
-5.004429566201021862e-01
-7.607138205620191940e-01
-3.167978980511554354e-01
-4.465376224166959784e-01
3.078173810924372256e-01
-7.976613862211768824e-01
2.800198736038588820e-01
6.362683284895847002e-01
