-1.037753087214181358e+00
1.618279124801475510e-01
-1.707097581636892181e-01
1.668116518273041748e-01
-6.936343810188654313e-01
-1.692952635513422788e-01
-1.173620235065384154e+00
3.725580428437145347e-02
7.521248692550922543e-01
8.451135953835005044e-01
-7.567649473847291031e-01
8.369237970735088350e-01
-1.604437082376581891e-01
1.213167676860476274e-01
7.550653133123006455e-01
-7.317414355274692861e-01
1.173333467523908435e+00
-1.436365015075922180e-01
-4.386487103537601850e-01
-6.658727955535697074e-01
2.584293174555556405e-01
-3.543264567353279215e-01
3.823290139625207251e-01
-7.846598866180733156e-02
7.072540818734669443e-01
-6.177719480733991908e-01
-7.751952623383020491e-01
-7.542748196284565498e-01
-2.316795556266089962e-01
8.267591984560451746e-01
5.586851908478848161e-01
8.595679372542348595e-01
-4.395551981783559214e-01
-2.978891937984509686e-01
8.019920104981775877e-01
7.133171584154044398e-01
-8.366304848466341593e-01
8.587581792673210090e-01
-7.105485986173065704e-01
5.635655848357041808e-01
-6.658297069515650701e-01
-1.471712587429317709e-01
-6.586520208820538791e-01
-9.552450860201492366e-01
-5.024569557663219888e-01
3.473477599438888341e-01
-5.036449733838124221e-01
-8.789864738874217931e-01
3.754725938454692158e-02
5.668524459144204108e-01
-1.340005884614114684e-01
8.716487980037090910e-01
8.485850596692205983e-01
1.779462735297165366e-01
-5.197833644331620873e-01
-8.108070149908556123e-01
-8.341436400796571338e-01
6.105762385106213580e-02
8.796714142291437444e-01
-6.059873658907115324e-02
3.090216898133017476e-01
7.957616456776972491e-01
1.596495200569597595e-02
-1.573616198223126150e-01
-2.060454319133203926e-01
-4.883600497458726597e-01
-6.446133789789186830e-01
-7.578732524806135185e-02
-3.895081679085949933e-01
-7.385052547946149848e-02
2.115660215754837092e-01
9.046169353246216183e-01
-1.925787879254438340e-01
7.013413163244192061e-01
9.032180614313998213e-01
6.925711548615400837e-01
4.793657068332740634e-01
-5.553343455523571115e-02
6.411099913810011097e-01
8.214013339736802033e-01
7.613155658358011779e-01
-4.177020120850014617e-01
-8.187477290945524011e-01
-6.466312896485544304e-01
9.184253956738495095e-01
-6.712521159170824203e-02
-2.258875069794315515e-01
-6.778253916038163851e-01
-4.591225737568014886e-01
-5.116971025041301413e-01
2.566646560789072051e-01
1.000013366678125681e+00
4.565824572304622575e-01
6.448158073186308625e-01
-4.664952018193349592e-02
7.814510073681939506e-01
7.568906517529050415e-01
-2.812159883930240856e-01
7.195995415286168817e-02
-2.874935245649520854e-01
8.108321545133925223e-01
5.778302008702405068e-01
7.054805418123590854e-01
4.233774515150102169e-01
4.420265164488162424e-01
-5.577010252997818274e-01
4.813181598420527840e-01
-7.144674466020454195e-01
1.251472869711933056e+00
-2.479369244602649125e-01
6.533868479065987334e-01
1.664011791988086464e-01
-3.212927639751625430e-02
-1.313191562932785467e-02
7.599577884334753897e-01
-1.912177932016012605e-02
-4.024901041554773129e-01
-2.006051218733433117e-01
-3.909503617967817202e-01
-1.531628748803899320e-01
1.993617233770979547e-01
-3.722862794517891594e-01
-3.976625891522314049e-01
-4.549387358451355279e-02
7.461314224339764545e-01
1.020608504114427495e+00
1.908417993480905628e-02
5.856389971049844601e-01
-9.082280192954972353e-02
-8.985312220267529515e-01
-6.773359549773143584e-01
-8.113132978803392348e-01
5.847638490056075167e-01
-3.573607520790609837e-01
7.997303527788011956e-03
-7.767332596152307644e-01
1.765676859922387099e-01
-2.969940684593533331e-02
1.041688867895580323e-01
-5.988481248437436122e-01
-3.967065951247544242e-01
9.679350866709549583e-01
2.723555223742741838e-01
-4.488115969829327145e-01
2.424204805421551756e-01
-1.440301991832384221e-01
-6.784646169779458003e-01
-5.833190655345787956e-01
6.964685781297857980e-01
-2.547244500627591224e-01
2.153955491247234177e-01
-5.788764342755443604e-01
-4.817958696338361935e-01
-4.999945984450994141e-01
-3.333203610860369093e-01
1.308945848571029247e-01
-1.753476709670848122e-01
-9.631789590039738780e-01
-8.982628600594341206e-01
9.467495457061866349e-01
9.987482153127258400e-01
-5.757035883847285707e-01
-8.407463546012261535e-01
-6.335695565178554034e-01
5.344566309377182245e-01
5.907197745196681726e-01
1.441968137634007663e-01
4.588719513053509530e-02
-1.704993262074608884e-01
7.442711337893096468e-01
2.535375975089678158e-01
5.834684475206468601e-01
-1.385348485043451094e-01
1.810251740870959802e-01
4.251221718010274042e-01
-4.408220591937820343e-01
9.334946343047934025e-01
6.859129213085800592e-01
4.986625385370598296e-01
9.538421608933954632e-01
8.459901671609762475e-02
-9.434226014590982867e-01
-4.857829570800342167e-01
6.486538010810254384e-01
-2.565067933008319256e-01
1.646274727083942846e-01
4.072083771137913200e-01
-5.415249084021982462e-01
-1.673849173324815920e-01
-8.846982789325584517e-02
-3.068480851768337070e-01
-6.045050546002415093e-01
9.659425284007021328e-02
4.149212275897792290e-01
-1.310014199730418771e-01
4.868174783169948450e-01
-3.713544524142160519e-01
1.187897438228189051e+00
-7.277247973536795644e-01
-7.135120381769075593e-01
1.007164776424961244e-01
1.150762500450031034e-02
-7.100539148405778933e-01
6.984335964919327067e-01
9.896103685815362816e-01
-4.484487239620771892e-01
8.375397603295415827e-01
-7.747248750754346380e-01
-2.402887661972630817e-01
4.172851960887084821e-02
-1.528411646416672487e-01
-7.006756168841127286e-01
8.307933085219224578e-01
4.280904729035492906e-01
3.444779448754105022e-01
-7.561719707783856048e-01
-8.174188165784803672e-01
6.419810469398402608e-01
4.036910538389872904e-01
1.122174744887614040e-01
-8.040601766976378517e-01
1.005359104870223952e+00
2.349263399239782113e-01
-8.877815145415107745e-04
9.772316565575528413e-01
2.264316529010508561e-01
5.228072176040485797e-01
4.472450441300416801e-01
8.922727026932597560e-01
-1.090434238884517570e-01
4.292264542932368032e-01
-7.797587198834050604e-01
-5.536868873407646552e-01
4.708684515855439678e-01
-5.689476205499633954e-01
-1.224186374231346630e-01
-4.965451250614997258e-01
-6.130694061433500375e-02
-8.018979673703332534e-01
9.725050927654965705e-03
-8.291302877511155245e-01
-6.393777979997620209e-01
1.546690239856101656e-01
-1.147013169025822288e+00
9.431924525479520316e-01
-5.477233589192898044e-02
-5.536689927071107853e-01
-9.894152504906611467e-01
3.391409084180277977e-01
-7.624908284696449989e-01
-3.586406374530645147e-01
5.189266721208146693e-01
-1.148036983487877638e+00
7.947006632344548738e-01
1.150117486302441733e-01
6.171856359948624249e-01
8.852632205184365333e-01
6.268982069016851844e-01
-6.555992256203901913e-01
-6.152535302002730688e-01
1.480842996247537791e-01
-5.371860198507679707e-01
-3.435605530838139465e-01
-6.758326561282790301e-02
-6.975741648723529087e-01
