6.989655345429263145e-01
-4.439873619644705838e-01
4.198100674555854117e-01
-7.915101882352965079e-02
-1.936221350266406349e-01
-2.502596063481125066e-01
-5.960927467216161624e-01
-3.427527812856867029e-01
-5.525508096020292914e-01
1.684485174611094482e-01
1.621748031772826670e-01
7.100891021093899136e-01
9.737216819643847998e-01
-3.121316966518344893e-01
-1.088873809233477374e-02
-1.000000000000000000e+00
1.928886634960345070e-01
-3.468485658906149682e-01
1.000000000000000000e+00
-7.219333171154682649e-01
-1.733953664538455397e-01
3.569706430712650813e-01
9.486305601760536277e-01
-2.210524555768412502e-01
-5.673432965343904177e-01
-8.053433553345091811e-01
-4.929803256695584057e-01
8.486219426769476826e-01
-8.080921938195424481e-01
-1.000000000000000000e+00
-9.877938510042432174e-01
4.515125019026746678e-01
-9.246834799451048026e-01
-5.938829158122993501e-01
-1.000000000000000000e+00
3.543541380915458672e-01
8.599678148360575536e-01
-4.765104395846607166e-01
-7.852352133465752282e-02
7.365940716155866541e-01
-7.789860780741154622e-01
-1.391281537327517248e-01
6.667359322127053289e-01
3.547048240762812887e-01
1.438782387012468023e-01
-2.653029400152897010e-01
1.281821784072626202e-01
-9.894666979845418986e-01
-2.691082028784711477e-01
2.233001889412226659e-01
6.790506646157404291e-02
8.194284591003846430e-01
4.080229070839860306e-01
-4.323705572295308275e-01
-9.708413298016205228e-02
6.446382857229733254e-01
-1.000000000000000000e+00
-5.761831141940545464e-01
8.597845548888126688e-01
3.307455200947654328e-01
7.367083055835953465e-01
3.832062231242276407e-01
-7.102429550409439241e-01
-2.802435913729425243e-01
3.432682865531707650e-01
7.307527239781012041e-01
7.274105675209004973e-01
2.502425274167205949e-01
-1.495641279467256612e-01
-3.524640246008022282e-01
-9.209786622499004372e-01
2.589628824212166225e-01
-9.135763893954472470e-02
1.011935642224402743e-02
-1.760681433094967163e-01
-6.108422484670340824e-02
-5.917422410412460643e-01
-2.679344545822806012e-01
7.669382584482784537e-01
8.132293785513425854e-01
7.282655588810302838e-01
8.903336755848085815e-01
4.665361464805447000e-01
7.960717460041503157e-01
-9.165564214881634086e-01
-1.220361409468112557e-01
-9.692537992076274422e-01
-4.853601375750422608e-01
3.071379403010637832e-01
-2.172210381553925929e-01
-5.680916273792221416e-01
-4.770644012762715880e-01
-4.771341553411327929e-01
9.264562741741126928e-01
-9.472202155721745065e-01
5.763034828705752011e-01
-6.557726527757947732e-01
-5.813704813994075016e-01
4.747854458532414501e-01
2.585273171623252431e-01
-5.601659072045054311e-01
-5.224471459696596876e-01
-2.359617198262360382e-01
-4.688596006067057287e-01
-1.837818435391423699e-01
5.826548920809084819e-01
-2.645237094134631484e-01
-8.850523572981623399e-01
-2.466110442303753869e-02
3.311171496384296420e-01
5.652712368380974350e-01
-2.373046859878554793e-01
2.187891571589232198e-01
9.566785571345154393e-01
7.050871072669430140e-01
4.284981252095260151e-01
3.936007395494165451e-01
3.579907214467180354e-03
1.950889535685515486e-01
7.045100434423359204e-01
-8.223040152412465220e-01
2.253741967242559596e-01
8.750286662853751229e-01
2.928613015989706692e-01
2.608677190909379773e-01
1.310624596550180043e-01
-2.235991256045919973e-01
5.932448398616113616e-01
-8.277293656661033339e-01
-4.632281446063933883e-01
7.936862116729404004e-01
-5.943456862518189388e-01
2.953977572819414532e-01
5.529518895715848092e-01
4.941988027065295497e-01
-7.831418606735051080e-01
7.965574992605876092e-01
1.305759570365743194e-01
-9.302200439971429757e-01
-3.152583837843648817e-01
-9.121177696425958326e-01
-3.413116310661505892e-01
4.349912385759635569e-01
7.570129979237333329e-01
-2.484283339255912992e-01
1.499780513299385221e-01
-4.100364996887008728e-01
2.929755266523275115e-01
-7.246432487208943618e-01
-9.232894762651933096e-03
-5.712137925904182678e-01
2.025906658562417195e-01
-5.828341753694108451e-01
1.407351668577692116e-01
-2.499490671000441089e-01
-1.496940031740802146e-01
3.195457319228515725e-01
6.447994449739054001e-01
-5.493861888003079841e-01
-1.000000000000000000e+00
1.130013428560924793e-02
-8.618602267958092034e-01
-6.087297412986262257e-01
5.973545227898006960e-02
5.679445935416062019e-01
1.000000000000000000e+00
-1.152401580269408754e-01
-8.620071915315749012e-01
-8.835537472842488471e-01
7.203117272697452389e-01
3.901790001683813625e-01
-3.038357087790802824e-01
7.388374437434211961e-01
1.399927186870297824e-01
1.000000000000000000e+00
-4.003441313910459098e-01
2.335431053144320646e-01
-9.111501515788922312e-01
7.195861585323792831e-02
-4.216564400995761464e-01
1.830843513143770585e-02
-1.914474404609098346e-01
-8.045066255719975912e-01
1.954315666213408131e-01
-6.645906516449867629e-01
3.756830764194007966e-01
-7.099328734790322226e-01
-1.230258751467223216e-02
-1.594339209397613866e-01
-5.465008059888694092e-01
-7.553873774042617617e-01
3.306163599961018384e-01
-8.409015592808755102e-01
-7.122602518374137048e-01
4.403023030212219191e-02
5.273430228647753015e-01
9.505797918641316624e-01
-7.474789166344746327e-01
-6.682636545609829115e-01
5.598850440407983076e-01
1.380659277633538573e-01
-7.690936334208613168e-02
-1.613955735481379938e-01
6.528910516769916850e-01
1.000000000000000000e+00
-3.749775435471242591e-01
1.152024249498457831e-01
3.128840319243881840e-01
-5.425785363089201674e-01
8.282934471238154739e-01
2.010338336534522319e-01
3.689039885042539879e-01
4.153526246825628432e-01
5.523103694791118290e-01
7.818982422240313701e-01
2.370520154051913575e-01
-7.061591513848585189e-01
-3.049661232566051039e-01
-8.320566146629938542e-01
5.867748079050216781e-01
-8.005543316672737442e-01
4.040925177340585206e-01
5.670787482087288334e-01
1.255707169099712361e-01
3.553095415430793658e-01
-9.560876313606951893e-01
3.242653126038829159e-01
4.267108687859949567e-01
-1.131523059928516151e-01
-5.607198794318513091e-02
-6.670252234077362896e-01
-5.396196850106324550e-02
-1.000000000000000000e+00
-5.313854238960034060e-01
-9.391144187923126108e-01
8.146305842524325103e-01
8.339025791658194464e-01
1.000000000000000000e+00
-4.257617452740343200e-01
2.746449310005349420e-01
8.526027022764615104e-01
1.129453034840133263e-03
-3.701515182560810024e-01
7.796455938821055254e-01
3.362644087279033078e-01
-6.585509838413123873e-01
3.756931014012501041e-02
5.365250933950757584e-02
9.663518487191584405e-02
-7.271933710088780423e-01
-3.016759881902335572e-01
-1.000000000000000000e+00
-7.884063074943609140e-01
8.032687758390336663e-01
-4.709173744464182354e-01
-2.932322490809045890e-02
-8.502783369510533151e-02
4.371160410302923349e-01
3.856818888986718874e-01
-7.129942393320320981e-02
-2.284741522486696541e-01
-9.762791833491770710e-01
2.588786868388891493e-01
7.202511909626826969e-02
-4.699049749083474004e-02
