3.946976772301274416e-01
-6.285765966868869237e-01
7.163954346697358755e-01
-1.353019559720093357e-01
-4.175199293677940293e-01
-8.913728366645393697e-01
-6.041167867366157296e-01
5.865863513237543625e-01
8.328522524036754415e-01
6.978898918089139203e-01
3.686387954467721384e-01
-2.470628912416326928e-01
8.922467458661413886e-01
-1.731282287400790487e-01
7.573389794041568424e-01
3.512309833757916722e-01
1.432712129423883429e-01
3.280203388066185166e-01
-4.008701069673402673e-01
1.073280211825689445e+00
1.780177751869413960e-01
4.576291939204333303e-01
4.168338562529754210e-01
6.980121193433270754e-01
5.390612432787020847e-01
7.459487050162830757e-01
-6.631855596553901666e-01
-2.752782371368345249e-01
-7.472080202578190722e-01
-6.070916244266384432e-01
-6.389153146195185318e-02
9.686197316578175620e-01
-3.281616615340184895e-01
-5.099116058384977057e-01
8.642223085479894262e-01
1.507887975276716308e-01
5.963435719350507203e-01
-8.909523679901792947e-01
-5.073077155022607254e-01
5.638661607937081044e-01
1.748076582825679459e-01
-6.943884487214729839e-01
3.922527865784353196e-02
2.107646914469311072e-01
5.923419007444220147e-02
-5.047353564551596561e-01
-8.268736248006111067e-01
-5.071113528964876771e-01
3.943589126206159534e-01
9.547211608173559183e-01
7.263211474762977238e-01
-8.806115817595169815e-02
8.098591257779168551e-01
-8.528149810754368509e-01
-1.467622848001491620e-01
6.565125619517200306e-01
-8.911600978349032420e-01
-6.665590262078348038e-01
-9.136563422515182609e-01
2.083799046014136735e-01
8.090123750740247921e-01
-2.975678749641330612e-03
1.249459402084535098e+00
-1.138288275792759929e+00
-6.832996765883985191e-01
9.268488385054973744e-01
5.491149261909626933e-01
-8.066697546411778497e-01
-8.225647444183281642e-01
9.871676348401861034e-01
7.504867724095101167e-01
-3.537364596525015975e-02
9.173042573899123919e-01
2.057036541435692811e-01
-7.043594389733141004e-01
-7.864885337339162508e-01
-3.201988676972307157e-01
-6.386413436983765513e-01
-6.326638513823126253e-01
2.144528413727382343e-01
-3.101745962409483415e-01
9.179016284733426678e-01
-6.059905325435502865e-01
-7.979230642215866531e-01
1.108522645358594322e-02
-9.432882755236675631e-01
9.894497328203022413e-02
9.839882789717925293e-01
-5.491583510138731139e-01
-4.328703004621912709e-01
-1.973405996044372834e-01
3.464533096461922534e-01
6.908546295992088471e-01
-4.513374971096492105e-01
-7.109371265888492220e-02
4.122170094866393075e-01
-4.798138524080616807e-01
9.844713794031398901e-01
-2.546383724494455381e-01
-3.648452321274175958e-02
-7.184052373859637353e-01
-5.930750399565787312e-02
8.912957434269790369e-01
4.989851947071510807e-01
3.501807344124261423e-01
5.058365828163312594e-01
7.455792053018400756e-01
-9.277583024162795455e-01
-3.353643970785196160e-01
-6.237069311039395991e-01
-7.693055619637960696e-01
4.676960383445822322e-01
-5.697271308270861478e-01
-5.000628789732598500e-01
2.125959948897671037e-01
1.073703522035248881e+00
1.993250686317616371e-01
-9.606054691970628001e-02
-5.805871273471320260e-01
-1.800760075892332834e-01
3.755149331664227597e-01
-8.055091139198722328e-01
-7.951948086693028106e-01
-7.467025966052448505e-03
-2.952488762541839451e-01
-6.020456767896634753e-01
-4.926646131824634622e-01
-4.390185877747460053e-01
-3.214751504418349448e-01
-1.005372173930800805e-01
1.698077221769083434e-01
-4.512967701441314983e-01
-1.061764278008492379e+00
-2.471807185296027443e-01
3.829807034176979652e-01
-5.574208912997432597e-01
8.238515748476237244e-01
4.190055744730049048e-01
-4.551713623593595659e-01
1.665353329813687444e-01
6.460680076446763120e-01
3.004979060382134137e-01
-2.405784868586479108e-01
-2.631912704343390974e-01
1.240816870572747366e-01
1.520794416937937543e-01
5.424864538133542524e-01
-7.033327726984635042e-01
-2.271782312692714190e-01
-1.003904500708845404e+00
3.221506867471413127e-02
-7.377931171649085851e-01
8.789475986245171013e-01
8.269673697001358459e-01
6.099786095936272634e-01
2.836013399251800515e-01
-3.161112312209033992e-01
2.471299148609484853e-01
-5.413060818887911463e-01
1.024985890046389070e+00
3.813385941769409371e-02
7.311032220745071752e-01
-3.092639887018172051e-01
6.645555545973849121e-01
-6.548220439205200138e-01
9.989827271453060042e-01
5.042180556847172257e-01
-1.016365737219636634e+00
-9.777586921775802686e-01
-4.461266351553465626e-01
3.017805365595020439e-01
7.373732955424521229e-01
4.475304293283671742e-02
-2.294194963404621035e-01
7.886058715236614614e-01
-3.307360651343649316e-01
-6.123725442037670774e-01
-5.795152007928902060e-01
9.583350035096271924e-02
7.141115169190156431e-01
-2.028459677911766401e-01
2.619384920157203922e-01
1.022387506048667849e-02
8.730710251160341828e-01
1.961874269688628214e-01
-2.351617883204749904e-01
5.780061905046181003e-01
-6.021464353892521659e-01
-9.235428204383480111e-01
6.379813093361619281e-01
-1.581330195221541390e-01
-2.774857567871260033e-01
1.591365851714277024e-01
7.561708892870910859e-02
-1.017012021822595591e-01
-5.451461257827634466e-01
-7.681160459757812031e-01
-5.486677234971957251e-01
-1.426168268356495794e-01
2.422853774529016846e-01
1.231035100321003606e+00
4.766041689630028388e-01
-1.438460482754004566e-02
6.051974140127912571e-01
3.887371686760321410e-01
-8.008987291394331631e-01
3.358032019933918644e-01
7.028687954457339959e-01
5.247735294376274506e-01
-4.276801029032598067e-01
-3.461007143892939064e-01
6.130059872660005293e-01
-6.254568096283197320e-01
6.336011081109592658e-01
4.341369568044669558e-01
-9.071781970006120854e-01
-9.126235745795541199e-01
-4.722965150556184266e-01
2.286357569493073782e-01
9.205116185198162215e-01
-5.879946107744087325e-01
5.576053481270151213e-01
3.847470912215896766e-01
-3.968557743306453944e-01
-1.200930020496215056e-01
7.152591977850017990e-01
-1.444235449526545256e-01
9.397116938021810029e-02
2.990486518652850645e-01
1.333636649536903640e+00
8.785330721267191612e-01
-6.404853670366738028e-01
5.139154874580496024e-01
6.153917155668112704e-01
-4.830829207292719474e-03
2.086153194924743326e-01
7.954613525635033655e-01
-4.071394521573374892e-01
7.909148664851677335e-01
2.586005505559275663e-01
-1.832234144339031090e-01
-9.617011435377753603e-01
-8.037601711694741802e-02
2.122291543756247290e-01
-1.354200565611855533e-01
2.748186336262521401e-01
4.206169254864892681e-01
-2.143737964550807007e-02
9.750257232426670084e-01
9.684451979775354769e-01
-5.887351075734543748e-01
3.039761483297419575e-01
-5.963431390769390328e-01
-1.608509194204908455e-01
-8.381206280051964885e-01
9.359153322386143392e-01
9.137596568361642246e-01
-8.206512952942097705e-01
-9.864796288225385901e-01
-3.022764492939298275e-01
-6.582659909138383059e-01
-7.969638625042723135e-01
-9.025967211121315170e-01
7.327423137849069512e-01
5.301358530781906664e-01
