-3.083916698578471616e-01
-2.019714232237233009e-01
4.400346381294844567e-01
-8.887118000913564186e-01
8.584518777192289007e-02
-9.313299305052973320e-01
-6.464002925386294063e-01
-8.377212524435846408e-01
-6.307639145802149683e-01
3.988907256084571751e-01
-1.000000000000000000e+00
-4.105318806444472335e-01
4.440280346723702309e-01
3.646520188201431978e-01
1.319504401248310088e-01
-7.738010572947048304e-01
2.299130120206858141e-01
-9.007434055544238927e-01
8.732574967940329724e-01
9.445276377691153025e-01
-8.867944798306348630e-02
-8.438319813170095385e-01
4.083793590106229998e-02
-2.834623305678904970e-01
-5.183874979434224262e-01
1.229312687417140892e-01
-7.948406428022565251e-01
-9.563236699341590707e-01
6.923355740829081340e-01
-2.119271948909189351e-01
-9.791275034509061559e-01
6.275503538077596977e-01
-9.638525146604870475e-01
1.176067534311086571e-01
-5.715682597367914841e-01
6.274062217530268493e-02
-9.516604887457823514e-01
-3.435476131106148245e-01
-6.578740190977416802e-02
9.029700056065642633e-01
-9.248492069406980542e-01
-5.440469585127840624e-01
-8.024363711867927851e-01
-1.000000000000000000e+00
-3.944594479504707207e-01
-7.662953494659862086e-01
-7.515820217568338624e-01
-7.173681893180153812e-01
-9.978431283323635492e-02
1.262819308148178665e-01
-3.985629793613125749e-01
6.534236938790334293e-01
-6.967235136628173731e-01
4.778954990058859598e-01
-5.527202707592933084e-01
-1.658008339281246551e-02
6.298820187367792922e-01
9.338359677401737446e-01
5.384498238253351277e-01
8.827720848185596214e-01
-4.334305769389666663e-02
9.894795256134287786e-01
-1.517508200878550650e-01
3.014101686370311839e-01
7.207895903393324311e-01
-3.401154476225591305e-01
-3.304634180461756277e-01
5.326616432518982425e-01
-8.170153044072943072e-01
-7.539269066526435026e-01
7.161343576546479461e-01
9.121475548722213222e-01
-4.443344350752393979e-01
-3.195168888683247443e-01
-4.209624338461048776e-01
1.428014527030720959e-01
-1.000000000000000000e+00
-8.837923011912847127e-01
-9.088712332659383275e-01
-5.303265329764423885e-01
3.626914919081877797e-01
-6.364266158153379926e-01
-4.176929193720653744e-01
-3.082263495404575226e-01
2.034714589096331683e-01
-5.814739565990306724e-01
1.697336741276246896e-01
-3.021654684401800517e-02
-5.035907796930914060e-01
-3.109050751335213914e-01
5.083724539961225197e-01
9.453822527595423519e-01
8.353845934070474044e-01
7.770352742786419409e-01
1.554580065819317625e-01
-5.123080364876615445e-01
-9.615277690039870928e-02
-1.437111063968517233e-02
6.847879722006289249e-01
-7.162731887308857459e-01
-4.500470884485853196e-01
1.689188333167832567e-01
-6.988266877329931681e-01
7.986977529035388379e-02
-1.712397528482049736e-01
7.596368599222298457e-01
-6.279393393705459125e-01
-1.558547336242321890e-01
8.975572347348272917e-01
3.743932508234679712e-01
-1.962762715951852088e-01
8.938844089597126619e-01
6.987091020730740176e-01
-2.792789794009241655e-01
1.128253670826286359e-01
-2.536027906269666676e-01
5.514212801620792526e-01
-5.611703654708042333e-01
-1.000000000000000000e+00
-8.566332277826672614e-01
-8.153557518796240855e-03
-2.175989224106407716e-01
-8.392298488088277830e-01
8.634129925391221816e-01
-6.363997294569785357e-01
7.480749536755910978e-02
-5.519885773252554140e-01
1.584711866607519115e-01
7.206463686456940909e-01
-3.916804945785591352e-01
-3.676980821183260806e-02
-6.634374851710553855e-01
-3.734428109263788209e-01
8.326254651967737175e-01
6.805511968069359874e-01
-2.856335704061626068e-01
4.166631426556450801e-01
3.278993401897369875e-01
-1.000000000000000000e+00
-2.590159586999322139e-01
-4.677196064823061494e-01
5.667952207854498603e-01
4.470018121105762132e-01
1.229501597233506605e-01
3.970915685225249181e-01
-7.736133659648328775e-01
-6.885193570231502580e-01
9.745112419071100263e-02
-5.513370482772383951e-01
-7.655980233793066025e-01
-2.981257916190601653e-01
9.680344249296598536e-01
2.617640856369884972e-02
5.784890998258864769e-01
4.250292753006281177e-01
-2.158557377863634108e-01
-3.095790132804807082e-02
1.092923091830986793e-01
5.387942739556292882e-01
-8.065174364279839025e-01
7.908742672044317690e-01
1.532472604404596928e-01
-7.271271582762242058e-01
8.254756597139696339e-01
7.898235765449990176e-01
-5.370527743862415493e-01
8.567286729581784499e-01
-8.078919444401103656e-01
-9.531330502262684856e-01
-7.109307631698265073e-01
-7.804158586630115524e-01
-5.188113902998972571e-02
9.741762194796844965e-02
-7.287530911241477671e-01
3.486271650382324339e-01
5.174562737115749878e-01
-7.534867339665156649e-01
-5.635624416180724516e-01
-5.792244456519750617e-01
-5.580377514844792053e-01
-4.227669095279463773e-01
4.997671786999005050e-01
9.892097577268121888e-01
-2.535037822850181310e-01
6.550001347701308596e-01
6.584232030669623370e-01
-3.709307650062148021e-01
8.979523664890096124e-02
-2.644087897556672839e-01
7.210389496820578392e-01
1.000000000000000000e+00
1.422998865901228260e-01
-1.286842118760873621e-01
-3.059555894516999830e-01
-4.172263029747331764e-01
7.259306417623887508e-01
-4.369106410566410137e-01
3.553543332610482608e-01
-3.197646883051309952e-01
1.000000000000000000e+00
3.041020737631026094e-01
3.975498814326766106e-01
3.630227972962393745e-01
5.376178241989176820e-01
9.562343189337225713e-01
-7.817192074271465119e-01
-2.367714584963652724e-01
5.693946747298226363e-01
-2.606171705873410183e-01
-1.612506963275648353e-01
9.636363637679501437e-03
-2.283856234905138616e-01
-4.194190096912517873e-01
-2.298823487966252799e-01
-1.539575048221894782e-01
1.442161102086742530e-01
4.673550979430797225e-01
8.216615743106692182e-01
3.719837998092132558e-01
9.219959535236468273e-01
1.290614642750451124e-01
2.373003331148010320e-01
-5.237621496221401829e-01
5.037642686133394498e-01
2.031471985677593961e-01
-1.102341534842652404e-01
-3.482412517379064321e-01
1.920909232237223985e-01
5.029029924745840319e-01
9.800758274891376853e-01
3.105231768793392799e-01
-1.280011984436247308e-01
6.627942345108857047e-01
-3.707491913317121912e-01
4.939823862037959756e-01
-2.897471744556804896e-01
-5.373759448567712038e-01
-4.032807014704901244e-02
3.961698398198137405e-01
-2.782160016419251911e-03
-5.740664223589917459e-01
6.694716045654603986e-01
-7.776756449776924818e-01
8.348278501972881127e-01
-8.049190316005782053e-01
-5.451253937871878286e-01
7.858215415381831770e-01
-2.416449640362567652e-01
-1.126593115686522484e-01
1.912121689910565095e-02
7.859809116906114612e-01
8.109953792831301467e-01
-5.566811843087987599e-01
8.323908854103622135e-01
6.501676812818772966e-01
3.072900597529317213e-01
-5.273351472024578185e-02
-2.019125088892874953e-01
-4.536933984486638538e-01
-2.468305466558731176e-01
-5.735732766236730784e-01
-5.156175995083340791e-01
-5.059660989274248344e-01
-5.047502385215394405e-01
3.606138612686258238e-01
