-2.096221268557620088e-01
-5.201293731571341450e-01
-7.148249325503215346e-01
3.968922531140404164e-01
-1.097654637549958512e-01
-2.192188962882551106e-01
5.048665531687215324e-01
-2.007978161967401698e-01
-1.076659449618004860e-01
6.976547020832370993e-01
1.231366226235721117e-01
-2.201019352554711705e-01
7.085894303883919498e-01
-3.335698881037066910e-01
8.606728537738574936e-01
4.426742778070145157e-01
-3.956543841159956276e-01
-8.952505881038499425e-01
9.928955787625532992e-01
9.406802585110516368e-01
1.288194796269637177e-01
-2.365207083613820593e-01
6.191005026718854332e-02
-5.792750126127523824e-01
-2.980906530810056854e-01
6.414593115231004283e-01
5.783550928781799882e-03
-8.976564945162068820e-01
-6.775661507272416895e-01
7.805583602361648721e-01
8.265712204889430481e-01
-3.340780329306825003e-01
2.660565994396781875e-01
1.920112757360314948e-01
-5.875234469251047198e-01
2.663637863809031892e-01
-5.001051063802632868e-01
1.705271571926654239e-01
-7.184606681324083866e-01
-6.419770625123091268e-01
-5.865103983305467450e-01
9.762470578089377238e-01
9.903626103665732483e-01
7.834578759513775026e-01
-1.952982531429787727e-01
-2.968233176851854394e-01
3.415486149399413196e-02
-1.033789567445024815e-01
-4.125614081028615709e-01
5.083709564537230996e-01
-8.948021708715163669e-01
-7.634609496791835426e-01
7.860852412018588531e-01
-4.796483706198586550e-01
3.399194041651707465e-01
2.494960335196969858e-01
-8.473183117017966115e-01
4.957977751769848673e-01
-7.318545024103058072e-01
-1.663603786335456913e-01
-8.847831067949607498e-01
3.099627453971844915e-01
-3.421966990210225656e-01
-4.563422585296406098e-03
-4.445478040885044724e-01
9.854374701425938632e-01
-4.791340484129957833e-01
3.622682298593098427e-01
5.955670541079024494e-01
-5.686726741100138760e-01
4.683389078285780105e-01
8.542398624587662637e-01
-7.940319857166249218e-01
-4.990345053086953642e-01
3.381404744634352033e-01
-8.503073057683212532e-01
4.163775637669626661e-01
-1.242039573059792179e-01
4.403850630862121140e-01
7.828512970815303396e-01
-8.647116069318654397e-01
-2.297869639293462496e-01
2.404332353115916643e-01
-3.472965552752418361e-01
-1.357591222840772716e-01
-7.220612866568929533e-01
-5.151383598920652451e-01
1.041303703260236801e+00
3.161424093150921877e-01
4.152281681546919345e-01
-3.644439850027521022e-01
3.199295686029273167e-01
-4.208996218053410177e-01
-4.822865293599096770e-01
-5.945576005716861623e-01
-9.178095271212842743e-01
8.835429928220397411e-01
7.166008859624399818e-01
2.616449427871400113e-01
-2.510771238190201426e-01
6.120946411548309207e-01
4.618807219786689178e-01
5.424911946215245084e-01
5.375732210659202037e-01
-3.228353181625505108e-01
5.624900090972531075e-01
-9.207130698107619526e-01
-9.917035212023890267e-01
-9.373885169113500559e-01
-3.897459635213373907e-01
4.250438353065743580e-01
4.576693399443902965e-01
-1.480199687499954564e-01
5.004227292240910341e-01
8.092752990454643580e-03
-1.023115312394495824e-01
-2.541421949963257321e-01
-5.677877567057714181e-01
-4.100651090570490709e-01
-5.292003133266409698e-01
9.667237432090660665e-01
-2.168820237403676354e-02
-9.111789965297921734e-01
3.291618785945209513e-01
-3.271427998988243324e-01
-2.784342197879640657e-01
-4.051454796779390133e-01
-7.281526641588138560e-01
-9.039890350835253496e-01
4.621649382716997989e-01
-3.168112956518640555e-01
-3.363759330753104404e-01
-6.467241417307487694e-01
-7.082252932139549984e-01
-8.646001099670488355e-01
-5.100225499033914645e-01
1.153173882329143751e-01
-9.570806866448517969e-01
8.301280513775524117e-01
7.999926085208115545e-01
-9.055762992567439884e-01
-1.072230316227420488e-01
-7.135722590077113736e-01
8.185133861130736710e-01
3.625833179411830365e-01
2.889409051489956193e-01
-5.181446469718198333e-01
-2.332351906071545855e-01
2.785177107193308188e-02
-8.952468073367185752e-01
7.262592869018524855e-01
6.400064327904022576e-01
2.045629353147566665e-01
-5.930847905851550639e-01
2.335586356053621915e-01
-2.249496763858949144e-02
-5.910117579839986313e-01
1.329861866042891805e-03
-9.214797433041563846e-01
9.600270121398786216e-01
-5.309652692349853265e-01
-6.423913436059673909e-01
9.476164502156509961e-01
-6.634167839110876042e-01
-7.000420028752731838e-01
4.047288493106280249e-01
-1.394012225502196944e-01
1.177947398450971406e-01
2.037250265028425211e-01
3.276580720926636214e-01
-1.710559275874912188e-02
-4.204343031431037048e-01
-9.793740096511942550e-01
7.965836948550670815e-01
6.256345083492809156e-01
6.435692096711344012e-01
4.826069379231123779e-01
-2.713749884514615740e-01
7.659259622120866418e-01
-9.010670407036980301e-01
-6.946122775007974592e-01
-6.502496937568204016e-01
-7.959644649116587312e-02
-2.381893666600092829e-01
-6.177568005921181271e-01
3.274540899375948388e-01
7.826425000615255811e-03
-3.570260348881191259e-01
-3.540772527778909273e-01
-7.749480879087204954e-01
9.135512147231754643e-01
4.312878198488327985e-01
-4.625398437046603917e-01
5.347334985622320680e-02
-3.105655447017754422e-01
4.954672673184536968e-01
8.509870314043295192e-01
-4.056772325846311755e-01
9.793177025767777488e-01
-6.671257550579468010e-01
6.489339998558607547e-01
3.953194557856593017e-01
-4.872781416156781731e-01
-2.000564234197729219e-01
9.764861125540860165e-01
4.596819610797717726e-01
-3.049887079680374535e-01
1.366419201900266056e-01
-1.812301307970449749e-01
-2.821529451020313717e-01
-4.279733912200444079e-01
-3.391792715809593961e-01
3.219126970589190062e-01
9.845296011725976904e-01
-9.935142589016101589e-01
6.604155026075728685e-01
-1.642814661904947737e-01
6.464655940474230977e-01
-2.520079133748889255e-01
9.360942665393927609e-01
4.538346008150363486e-01
-1.069720972919518953e-01
9.707207216919220283e-01
4.941842472033686207e-02
-3.011367708054526471e-01
-7.722048543021906575e-01
-2.039377603932006622e-01
1.717777822537220611e-01
1.975511246817889255e-01
-4.783989555841722252e-01
-2.815776361754793733e-01
-8.244236502458919258e-01
6.378078349684587200e-01
-9.368004984117243028e-01
-7.335952901466267218e-01
-9.987190855209400198e-01
-2.842212833588249055e-01
5.988807016916274373e-01
1.044216654220940094e-01
-5.221617349313563139e-01
-4.246019281153508018e-01
1.720349965143361803e-01
-3.974092383388017069e-02
2.583018863145478683e-01
-2.540410392349465862e-01
2.680129853422754671e-01
-4.518857302537169218e-01
4.512228188667479767e-01
8.882572109347806055e-01
-5.080250035827320598e-01
-6.871929582436155926e-01
5.026196684704740125e-01
3.152272744953588668e-01
5.395262088212813278e-01
-2.794487360528424835e-01
1.002948643159369935e+00
2.149618401120013123e-01
-3.117827545583229387e-01
-3.349831498200304125e-01
-2.918603806291724112e-01
1.697265684747572001e-01
1.208158864470232130e+00
-6.176430529881347109e-01
-5.582173688606004713e-01
5.891114617775803364e-01
