1.571771031014206066e-01
-2.185629409857172689e-01
-6.842817992512273406e-02
3.836940772135637445e-01
7.086256550705701818e-01
-3.570457028122857313e-02
-4.739908427434142979e-01
6.739297592045142560e-01
9.166165735116347246e-01
3.067310859902971920e-01
-6.688592273369289298e-01
7.835080810742200974e-02
8.284594979759034306e-02
1.704160131105888210e-01
2.120535323777492653e-01
-1.540806050332442223e-01
-5.412058075551596792e-01
6.514154731611072613e-01
6.869985961497218074e-01
6.366035518439496776e-01
-8.087876570696863610e-01
-8.517017846744341369e-01
-2.939844061936959796e-01
-2.837768699594227506e-01
-5.119663866729344814e-01
1.234764637429011658e-03
-2.182069924044078846e-01
-2.290373459678925472e-01
1.688016788456114803e-02
5.457192969019333262e-01
3.371997002984413183e-01
-7.561915974458963685e-01
-4.702105917455697837e-01
1.000000000000000000e+00
7.568082379146943151e-01
-3.927565605956962469e-01
-1.148435844264353300e-01
3.315169349474666460e-01
-1.641511085783368129e-01
1.000000000000000000e+00
-7.738449431396509093e-01
-5.700422374060061248e-01
-9.005755540705475681e-01
-5.934373242424911821e-01
-7.984218162969132226e-01
2.581697385158789881e-01
-4.944087156598271360e-01
6.500431881896604480e-01
5.857836775850354671e-01
2.895833921309234338e-01
-2.250172415787908275e-01
-8.237477439778295718e-02
9.203689985507845783e-01
-5.433226239673392133e-01
5.113585835113401146e-01
-7.651565081649407407e-01
-6.288635178213659582e-01
-5.418335466850900950e-01
8.634526852820552101e-01
2.080799310232661625e-02
1.000000000000000000e+00
3.964092538270771460e-01
-8.963843345530735363e-01
9.866837362971959680e-01
2.223728080790270956e-01
2.475146460374355595e-01
1.167061949539003329e-01
-1.000000000000000000e+00
8.430128212678189570e-01
-1.967128638046247713e-01
-6.595832977304909583e-01
2.039345943043656684e-01
2.893785672730012637e-01
-9.441700028620658713e-02
-9.233838412141861518e-01
-2.097970901792296505e-01
5.198082995918630322e-01
1.782576932672479408e-01
1.980648705355303463e-01
2.441073240361554264e-01
-1.337783151380714797e-01
7.266120786157936884e-01
-4.745274369045109908e-01
2.526563897196820729e-01
2.571777271424458000e-02
2.454457141600078496e-01
-1.909489042782218648e-01
8.464897865794220877e-01
2.041085452102890940e-01
-8.862243974595013229e-01
2.490799838482081752e-01
9.044391123597322890e-01
3.368864970665046976e-01
-1.812969039898884860e-01
-5.952624717514738428e-01
-8.733096005090444924e-01
2.582798537122313887e-01
-1.024198491077623618e-01
-6.119273161514430237e-01
-1.284735314172211762e-01
-1.091181230341502634e-01
-2.031280736310366875e-01
6.654257830214665992e-01
-3.424918239891883154e-02
2.772892141132636823e-01
8.624149190717289581e-01
2.127690290151505459e-01
-4.019553496445041341e-01
9.554316525336097321e-01
-7.936954935256865795e-01
8.881090368769194443e-01
7.297300925309102571e-01
-5.507503509844402512e-01
4.832909544041004146e-01
1.512755114378770693e-01
8.870451204732953121e-01
5.422630767543670238e-01
4.973300113879921547e-01
5.891688932128018585e-01
-4.991516144316788806e-01
-3.516431641529563779e-01
-2.315317097346272779e-02
-7.731175712541502598e-01
-4.032275704777067982e-01
6.042610761469353192e-02
5.885925472525570523e-01
-9.964319411923869829e-01
-7.789149582039354147e-01
6.842624855623560265e-01
5.049932977944153745e-01
-8.555093002337780250e-01
-5.190076917567600923e-01
-1.000000000000000000e+00
2.643664880920112981e-01
1.993684836284256301e-01
6.062821567387671751e-01
2.287068715960401122e-01
-1.000000000000000000e+00
8.505523881047017953e-01
8.876276995844645246e-01
-5.794812177958343913e-01
2.589174328781934653e-01
6.505217096177375868e-01
5.941155097212624803e-01
7.175965206891138370e-01
-9.900476086603007264e-01
1.101359045825799632e-01
-2.529788389588865094e-01
9.194256070907542711e-01
4.957660615764623024e-01
5.911146196664371910e-01
-9.689192216780230238e-01
-1.359270551052942921e-01
-2.932929856622288889e-01
6.272707146946492340e-01
3.636942360999562140e-01
8.261841095890897213e-01
8.270072709529285859e-03
-2.076948621274887496e-01
1.000000000000000000e+00
-2.837776158640401003e-02
-8.288931455647247093e-01
4.866018764453793333e-01
7.202192727387379811e-01
3.518323339941184513e-01
-1.219440851496743916e-01
-2.362716665768423985e-01
5.904928833151134038e-01
-4.693318358132205770e-01
-5.997245075139610859e-02
-4.757566270870939307e-01
-4.783981288001077914e-01
-3.842709347268453146e-01
3.012066379631034851e-01
-3.986542683679711319e-01
-7.305499084915375585e-01
-6.018686961257764256e-01
-6.595000950579779087e-01
-6.325364825394583779e-01
-5.545825402221256084e-01
-7.300620217400743961e-02
-2.691866457803415713e-01
3.234373678771834681e-01
-1.696992902670056980e-01
7.262464363713817539e-01
-7.324228203303492779e-02
-1.339018255813090863e-01
-7.308003918932943765e-01
-6.371461133783156150e-01
6.901279870507852632e-01
6.989124536323709780e-01
-8.402303666393393655e-01
6.921821836288659657e-01
9.382610207087647147e-01
-8.642923420392676359e-01
-1.237628426919057667e-01
5.758171685841328297e-02
1.233797203663007380e-01
-3.338125433200221370e-01
2.307016670757562338e-01
2.252638057697853302e-01
-6.801982486422299967e-01
-5.434865242201297741e-01
3.014470039701619974e-01
4.381990250602571524e-02
1.477517946762181567e-01
3.952726832202586582e-01
-9.490601243931184872e-01
-7.334854282104318335e-01
-5.028699160040679406e-01
-1.214080016080603119e-01
7.949966183232585193e-01
1.071587432249163641e-01
1.714663807894869496e-01
5.989551874312452201e-02
5.840749934900040241e-01
3.351973743293626407e-01
-4.819309013926660334e-01
6.158907983164285671e-01
-2.971891268941832531e-01
-7.095815054445302472e-01
-5.032394704441105482e-01
2.615456663985524233e-01
4.240346419656348953e-01
9.373324951233413804e-02
2.832567247271928768e-01
-1.884965979264363600e-01
7.920359340312956853e-01
-8.184164960217380491e-01
-1.611716968758395985e-01
-7.375060273876578032e-01
-7.483196332997961164e-01
-7.993373937276646579e-01
-2.536821002575972983e-02
8.140020306891135871e-01
5.679635562065137311e-01
6.008808176677415958e-01
-4.181827296059972832e-01
-4.026782744039947293e-01
-7.752165361106592989e-02
1.776876690782433488e-01
5.606255187946120877e-01
5.609175277838505114e-01
9.723771514457706377e-01
-8.555480403798627620e-01
-5.291503619768140876e-01
-4.640137913420039895e-01
-4.377765620699450300e-01
6.044192811111319674e-01
-7.020020418451491384e-01
-6.567431987794388748e-01
-7.653545412070654752e-01
-8.560774582209282890e-01
7.827770441312724703e-01
6.111937034230705557e-01
6.424988419683179686e-01
-1.494244843272090062e-01
1.601787639948537567e-02
8.083107683107393360e-01
2.993085414599861438e-01
-9.435373132318254363e-01
1.939528033773474380e-01
-1.533623194707507686e-01
-2.951215220688043206e-01
-8.525171436567137162e-01
