9.450221138119196951e-01
-9.404975122731321635e-01
-5.059217851526790488e-01
8.033300608159608114e-01
-2.673767205547266101e-01
5.353656293496535934e-01
-8.033726760715441673e-01
8.553311912710934717e-01
4.736586951581686078e-01
9.511700733757201265e-01
-3.216477512561806695e-01
-1.421340833264533587e-01
-3.676432329827096501e-02
5.788042393631593896e-01
7.609713978626062025e-02
-6.648406847658612229e-01
5.421666796046763492e-01
-2.255321268027683512e-01
-5.904581511007003236e-01
6.172420254036204978e-01
7.605903818176686926e-01
2.060666250274180433e-02
8.696635051641388170e-01
-8.441403752110931968e-01
8.397620460273427234e-01
-8.269268133929343900e-01
8.594900105433269655e-01
5.286012665101340602e-01
8.947060360015139935e-01
-1.000000000000000000e+00
2.711469091745857263e-01
-8.290219516559316215e-01
4.818953311030937936e-01
-9.421763660868842649e-01
-6.062978395021674238e-01
-1.982316800632298315e-01
-4.816385902852113321e-01
-9.654543563284676555e-01
8.442389006309003463e-03
-9.344299384433567557e-01
5.367364862430867856e-01
7.831238693820994357e-01
-9.598743693356437401e-01
-4.134618577830979635e-01
-6.680846902940067444e-01
2.611777349932549730e-01
-8.215743891144311473e-01
-2.932238225553142619e-01
-6.912343390363453466e-01
4.075548103427248936e-01
4.284980628739808450e-01
1.454898695738986447e-01
3.907884990841317130e-01
-1.630455452126541860e-01
7.809621687159541414e-01
-4.163560838863999969e-01
3.229327605874942053e-01
-9.919258205256165084e-01
6.825910215947896820e-01
-8.314250232976508337e-02
9.535290238068185875e-01
-8.038313905612216592e-01
-5.056025330132795093e-01
1.307325332482286162e-01
9.831033370422824769e-01
9.868965155919884324e-02
-1.826775724073289031e-01
2.629832467839288701e-01
-6.687137268558374092e-01
1.420079833259515478e-01
7.620032692477195502e-01
1.662872318087937895e-02
-1.277795731016810599e-01
-1.362193600381891578e-01
-7.577047811343414763e-01
-3.708992174600123093e-02
1.258241241655596865e-01
9.911936285760207799e-01
4.263645763492326379e-01
-6.380332476322085888e-01
-2.644055241754669078e-02
-9.266749629705012259e-01
-1.041649240778367014e-01
-6.764236010646231811e-01
-7.694043305742820360e-02
-5.516284401288112926e-01
6.944912193743910112e-02
-2.478436549483185591e-01
-1.545920936159804748e-01
-1.815440744062290224e-01
5.448014663382294565e-02
-7.695016278952554467e-02
-1.912322463096115810e-01
-8.839371321563059825e-01
8.710699806579027538e-01
-3.170894868721714777e-01
4.476729566071043775e-01
8.524465459543772994e-02
-3.707430723250679794e-01
9.814420193229308476e-01
4.207957054727364810e-01
1.784937903518038493e-01
-1.125547253486212096e-01
9.195758866341556537e-02
1.076734634395828394e-01
1.759891106800477445e-01
-2.460898485603468799e-02
7.252563490768446641e-01
1.855984617203139675e-01
-8.948119472523585749e-02
-8.045494710031451113e-01
4.406911835112619080e-01
-9.635375404692456680e-01
-9.173242603604010448e-01
-2.516296878833299555e-01
-1.415572796037196657e-01
-7.925816498123570142e-01
-8.030167927056435229e-01
4.635644301622859342e-01
2.518783545810474589e-01
2.205779911908738455e-01
7.434033378136695180e-04
-5.042731534539452998e-01
-6.326536924190726552e-01
3.276599466160243779e-01
-2.786997820227554712e-01
1.000000000000000000e+00
-4.551223628572518276e-01
-6.254792019651234103e-01
-6.663728010927116863e-01
2.255917959728153399e-01
2.503539738938831416e-02
-7.112059717857028840e-01
-1.206003762448605438e-01
-2.696656065756997123e-02
-9.098055443008842280e-01
-1.919578220317815220e-01
-7.308052363477459679e-01
-6.659414359719528775e-01
-1.000000000000000000e+00
-1.000000000000000000e+00
1.503625252284728209e-01
9.035916831530639293e-01
-8.423572221919949365e-01
-8.158384531571760689e-01
-2.111305416556374936e-02
1.334616522309022280e-01
5.577644579719311935e-01
-4.859421208970920447e-01
-7.563171794317777863e-01
-4.357033829223710963e-01
1.081599030025304220e-01
2.651543903845817174e-01
4.316970625954443253e-01
-2.336834772235045488e-02
3.061179896664649180e-01
-7.263440177437208156e-01
4.524916685221480050e-01
-9.642961556955478297e-01
9.319435092915546726e-01
-1.612950912589912189e-01
-3.198595777828404652e-01
-7.992440626114736268e-01
-3.671737397655085444e-01
-6.308298007574100197e-01
-2.946699398421643856e-01
-2.505702586057281245e-01
1.159637363993565318e-02
6.327284321838450021e-01
6.094788054887529949e-01
-9.247850159613755228e-01
4.722799337668624475e-01
-6.776229144045896602e-01
4.853259625586081594e-01
-7.924448509579230526e-01
4.803865649211666589e-01
6.936571779098794632e-01
-4.379098723024352768e-01
-6.660289980495217588e-01
-6.578529973923472607e-01
8.396963055224875294e-01
-1.775640514056631147e-02
4.086762597498684313e-01
2.259660337454083567e-02
-3.055613395808433053e-01
3.145480185118656458e-01
8.272242601835084752e-01
1.010499455009779279e-01
8.937699342867160279e-01
4.369709550804112275e-01
-9.468532292165521280e-01
4.597433786896896191e-01
3.437054491378142007e-01
-5.730442601486065435e-01
-8.310633000304017415e-01
-9.133971129412857271e-02
-1.432742601791387460e-01
5.000638686491071239e-01
6.909113983881526311e-01
1.000000000000000000e+00
3.934669854055703464e-01
7.114770915120602890e-01
-3.623276021131214275e-01
-3.773317026368284283e-02
-2.486098053603781333e-01
3.912824457962345015e-01
-7.904685924760491700e-01
5.568077665310414703e-01
2.689004905549730040e-01
-6.751211029692884003e-01
-8.942317348181791914e-01
8.463845991844658467e-01
-3.484824785501861588e-01
1.109091889321358743e-01
-1.645002796472374573e-01
2.924453824859398754e-01
-7.770363470099964642e-01
1.811794486365899681e-01
1.362454824421561739e-01
1.545952421949707833e-01
-7.158199263846347637e-01
1.000000000000000000e+00
-3.320524050960007578e-01
-2.652622014508245751e-01
-6.208534111389912846e-01
2.381160246741589326e-01
5.315649065385211758e-01
7.852136824176907393e-01
8.826379253639708988e-01
-7.115564754164103167e-01
9.692874911519693271e-01
-3.269640163886122775e-01
-1.062347311089642810e-01
7.725033903885076825e-01
-2.556669902644663761e-01
-2.372989700560667048e-01
1.253683522829825148e-02
4.976776555878991704e-01
7.921524197899525443e-01
5.804923721877381926e-01
-3.006838867304815199e-01
-8.767860461939049888e-01
-1.993039510770508449e-01
-1.187128982905205632e-01
-2.712362107644523679e-01
2.496977826515322380e-02
-2.432305451205409863e-01
1.000000000000000000e+00
7.280107376394591157e-01
-3.389733644567767268e-01
1.000000000000000000e+00
-8.862605556126801343e-01
-5.260416531398305340e-01
-4.178696921210867110e-01
1.631866610676737661e-01
-2.920951228791585641e-01
-4.544321451531315725e-01
3.400701240729285812e-01
1.416417866214523258e-01
-9.449437417303336861e-01
3.069029687214953617e-01
1.000000000000000000e+00
1.000000000000000000e+00
-9.278084823912837731e-01
3.156485237794006693e-01
