7.621025808315640138e-01
4.705898597912483439e-01
-4.656924558292484528e-01
5.734289106147576476e-01
-2.165281260763309845e-01
-6.569074800636327538e-01
4.468647885025489597e-03
6.440142450902583970e-01
-1.741030315863553724e-02
7.130931353840463949e-01
5.085490711591017510e-01
-1.907964544496643933e-01
4.291249840557148088e-01
8.870871301327851732e-01
-7.068796947264622821e-01
8.344413495108419232e-01
-7.212873071945030690e-01
1.215295724603482341e-02
-5.842463931450345704e-01
-6.316335386217208914e-01
-5.527842343209259379e-01
9.932231821984041642e-02
1.585705941902230687e-01
-8.569104313846201970e-01
-8.043680984568767345e-01
4.951003520734612584e-01
-3.924429539865771921e-01
-1.075223126956556530e-02
1.072928202162942712e+00
-1.480177416032579241e-01
1.008736467660027891e+00
9.911336865863560330e-01
9.242331981898754822e-01
-1.718617563686762328e-01
-2.879328998004199724e-01
2.563727769775976384e-01
-7.481921466639910312e-01
1.720549102600068547e-01
-8.699873876536519113e-01
-4.363330873359561046e-02
-8.402801903997282329e-01
-4.944562117307230720e-01
2.649587272264924964e-01
-4.599931242458024094e-01
-5.220078360048313604e-01
-9.019603331549845837e-01
6.980474597892416533e-01
-3.792398043897967641e-01
-9.099250758655295090e-01
-7.037504255392688091e-01
-8.098178771846078483e-01
-8.929595526589538534e-02
1.942200679215580206e-01
-4.874707815505594510e-01
-3.672933271882098949e-01
5.225194888427846518e-01
-1.400007327026086823e-01
9.237779013370530645e-01
-5.867839771976950392e-01
-2.556033299894004962e-01
2.886027220988560127e-01
-2.856333895269024675e-02
3.151147661200916217e-02
-3.522923560408991461e-01
5.145649925436941441e-01
-1.075279434927744360e+00
3.316960140170697180e-01
4.216860220067114584e-01
-7.034186263928562388e-01
8.492474510625720452e-01
-9.481214390960779337e-02
-6.017702734551944044e-01
-9.522766666810597025e-01
2.464173615463261802e-01
9.216298303693806204e-01
-4.256901149888658864e-01
-1.010875577774655865e+00
2.441932864647459178e-01
-2.837029632424813985e-01
-4.698832356325690629e-01
-2.329207556239191457e-01
-1.161994469912511208e-01
-6.203635799643700821e-01
7.483369896421709910e-02
2.927459272749016184e-01
-9.973833755547129032e-01
9.236285662967973209e-02
-1.500142426485706892e-01
6.956705379047810611e-01
2.529995410071588235e-01
1.138509246810154973e+00
6.796593076156488555e-01
7.935645350363900175e-01
-1.060152327422495766e+00
2.930620344856842419e-01
-3.309293117136047346e-01
6.216804895159544486e-01
6.922798290855264325e-01
1.930298528293100946e-01
-5.329316713781389048e-01
1.171643093390025842e-01
1.925347527578926687e-01
5.388285913968086094e-01
-3.016010747068086362e-01
-1.373396649752376408e-01
8.002200299946314876e-01
3.967072262659320225e-01
-4.165160326694368198e-01
8.500571190299939517e-02
-9.460084058087897541e-01
-2.829334507684655442e-02
-3.798642163626901880e-01
-1.525068661949836035e-01
-7.965301849727950412e-01
-1.327355194951899131e-01
7.423842662352480026e-01
-5.604340411788312215e-01
8.105346117399029326e-01
-7.956069038683368788e-01
-7.995715585400116066e-01
-6.360071665948181519e-01
7.755667703653504885e-01
5.506808156364113582e-01
6.062769278469831713e-01
1.281332536218800500e-01
-7.705224892776356693e-01
-9.846248786790638974e-01
-6.142048166397913178e-01
-6.271442877812628547e-01
3.734100049087294426e-01
1.001737015784483598e+00
1.912547242792199675e-01
7.891104664310104599e-01
6.327119187892467078e-01
-1.953274820645043430e-01
-6.453133206989413173e-01
6.853905309408028224e-01
-3.744737514802979339e-01
5.726769870446762889e-01
-8.874168963274093880e-01
6.020025951193286318e-01
5.853300069026379227e-01
5.468723867724314402e-01
-4.116588845777110484e-01
-8.450228220828552850e-01
5.813414259317052357e-01
-1.484236503742073499e-01
7.893792644947333903e-01
4.816879359557501572e-01
5.575869340246110140e-01
4.973660207560863800e-01
2.188185089521239024e-01
-2.722423855476729937e-01
-7.918031747935645737e-02
6.416322070866220528e-02
-1.720771286443762427e-01
-4.309722057219640412e-01
4.172762026800580504e-01
-9.880206063772905001e-01
6.899724713262722631e-03
4.282070754669339285e-01
-8.053494406340898637e-01
-2.635867705186750731e-01
-3.363453672834366137e-01
-2.351183642605224056e-01
-4.939463795146465941e-01
7.211937536556336514e-01
5.976957881442032106e-01
-4.723505960150662375e-01
8.978454124977011119e-01
-5.329547273927180973e-01
1.876382221710666542e-01
8.596634737609567534e-01
9.229627002919713608e-01
8.012907703528469039e-01
2.151969515131692823e-01
8.472897982247111770e-01
-7.837909099932042212e-01
8.941933268968912385e-01
8.299702607497345674e-01
-4.530531844091075788e-01
1.088372611471044360e+00
-6.116398554863737846e-01
4.627431088011173532e-01
1.030590667545872030e+00
-1.010482758497955880e+00
3.406704345964284286e-01
-1.920874079586367689e-01
-8.255228811559059965e-01
-2.138926308580697544e-01
-1.458808289077336284e-01
-6.343885260390300651e-01
-5.076528261193777869e-01
6.570785394871839769e-01
8.502674225185945511e-01
2.400230727016502974e-01
1.024697844911154565e+00
3.531116444712936731e-02
-2.411050045529853636e-01
9.718075724485888411e-01
7.244827094071595308e-01
2.449348037395647770e-01
4.701695742519740318e-01
2.584017515803957998e-01
1.311032203567301657e-01
-2.752262879848126342e-01
6.217559237658945026e-01
2.232522405438251978e-01
-3.284465881042967772e-01
-7.133004855846284409e-01
-1.138545806107653879e+00
1.762821574035096650e-01
-5.099222236086516924e-01
4.200884928117115114e-01
-1.066319230810551355e+00
-1.399530705932579000e-01
4.148439665598763759e-01
-9.256281449122536475e-01
1.419216979629311925e-01
5.867346070795620427e-02
-4.210132214245916882e-01
2.723616010266141085e-01
1.382863282865875731e-01
3.953819234319910225e-01
-3.586751223519879517e-02
5.780165220630765210e-01
-1.777259198463365664e-01
3.871778735529500248e-01
6.799637618232576286e-02
-4.788834151416972440e-01
2.746522868750825852e-01
-2.029154182482061641e-01
-8.361600459872237101e-01
-5.652607457269358537e-01
8.248142824737096923e-01
-3.224095977085824072e-01
-7.505947859170762904e-01
5.346609828089738947e-01
-2.711671277006855729e-01
4.782910213779938413e-01
1.558066272561242638e-01
2.413623378640342709e-01
-3.061451689864232439e-01
-3.727142371198278736e-01
2.653960172678477281e-01
4.514680162960843512e-01
-9.637377086676300886e-01
8.767829432754753460e-01
-5.792543085645747158e-01
8.073737809006151789e-01
3.571818294009148076e-01
9.238343720192264408e-02
7.834826448481517769e-01
-3.385851935844444438e-01
9.246151609231652302e-02
-8.355789094003316375e-01
-1.067684882795809420e+00
-1.003180128119188219e-03
3.902066275675851181e-01
-6.005727683379284976e-01
-5.547801638627094523e-01
3.979734714314192567e-02
3.112661300015328036e-01
9.227729697000742748e-01
-6.903024784890397780e-02
