-4.128301637854497330e-01
-8.876356224957353547e-01
-3.985457319205593790e-03
8.577751516527043485e-01
9.815939645564579763e-01
-2.492595707235478741e-02
-3.522647273372065957e-01
-9.348295715233397862e-01
5.437341231520056439e-01
-9.009016121853465897e-01
-1.452980794589235902e-01
2.906406532073897431e-01
9.423790214222815820e-02
-6.572900202768316991e-01
-6.906866448586579388e-01
-5.776702816591291478e-01
1.722696879856671082e-01
1.858292939440300273e-01
1.897382988931068937e-01
9.740648284858737238e-01
5.035988609027142182e-02
9.797487421724143664e-01
9.678609670381050911e-01
-1.472447493275196306e-01
-9.742715252316320740e-01
6.198942376442464486e-01
1.997097977727212426e-01
7.113137181885056393e-01
5.696791922990297463e-01
-3.540324988727445721e-01
-4.145648021852557097e-01
-2.511633882610349033e-01
-7.706775896356803379e-01
5.746442735163779236e-01
4.196251621207290339e-01
2.190941430555339853e-01
8.052806697656004209e-01
-6.436022677661148439e-01
-1.889178715346171433e-01
9.720564664667277199e-01
-3.434472810886954885e-01
8.431775307866005154e-01
3.444562074215149483e-01
-6.038997225854900730e-01
1.860488950054064450e-01
9.181239483578382821e-01
7.225418204590325910e-01
4.015044635686954577e-01
-4.747229968699588909e-01
6.218613590521627765e-01
-8.879257836766203393e-01
-9.423008330569524471e-01
-8.014427594901056828e-01
-4.210646970572322623e-01
6.543958109864318473e-01
-2.406292264960745442e-01
-6.658618431978116092e-01
3.610683106140042398e-01
-9.060798515354229199e-01
4.715956970005750204e-01
-4.085863743621676036e-02
2.399340116532904243e-01
9.685041812108077242e-01
-9.415665317142839219e-02
5.541863267606281784e-01
-8.298786332768433027e-01
-3.148130411892122726e-01
1.986846615538910843e-01
-5.687216953317103529e-01
-1.795078382304589326e-01
-3.209247240920392596e-01
2.227861424420565506e-01
9.784454199081178416e-01
-4.726824651006531486e-01
7.376739559765375098e-01
-5.626426046316844731e-01
5.849267353882235954e-01
-9.540412882677145046e-01
7.039050691497895640e-01
8.950621206002946639e-01
2.072075574598803982e-01
2.190338703791978592e-01
-8.657157014198182399e-01
-5.669937554113606559e-01
-8.441102747054143318e-01
5.387987551061674818e-01
1.674188396979868765e-01
-1.789578186194507037e-01
3.345581834120235909e-01
6.579317590996256460e-01
-1.870491241701754959e-02
2.022324831533630629e-01
-7.079380889342490324e-01
-3.349019799900896377e-01
-9.485069526354745761e-01
5.969680421554574012e-01
8.552301030198468101e-01
-8.475078851211053088e-01
9.834542618995187890e-01
-5.229439995484732595e-01
8.739503233938092919e-01
2.900239940065114652e-01
1.141835498421930328e-01
8.520865524357246201e-01
6.655378399313929272e-01
3.217278151447620083e-01
-8.709791820516399330e-01
8.038180263800747127e-01
-5.947761221972368562e-01
4.861278132729545121e-01
1.913533041694397419e-01
7.750160957518652527e-01
4.114947962074586574e-01
-4.829359590977198025e-01
8.873267855502429136e-01
-3.083703691151108706e-02
-8.534868669276387543e-01
-4.818998659740358903e-02
-8.151630186105442988e-01
-3.472270247621280781e-01
1.663022576269862218e-01
4.840975527563382563e-01
-3.305623103356631898e-01
-1.791806741964120098e-01
-3.483611323684088212e-01
-1.849541842014175153e-01
1.104017757649475850e-01
-4.533815552232607349e-01
5.739755554245943303e-01
1.711195226826139060e-01
-8.385555951911483064e-03
6.423320257221325491e-01
3.075614321420242492e-01
7.866340712339272567e-01
-6.613452354330644489e-01
6.072713193298593382e-01
-3.914124273082970618e-01
8.069444304767409148e-01
-9.403268265500531742e-01
-6.338821281343338665e-01
-5.443710298540087589e-01
5.258499056703547225e-01
-4.858458954221794857e-02
5.717040622865701138e-01
2.049776744778928350e-01
2.140398918004071671e-01
9.087828918197000672e-01
-2.398097465732311750e-01
2.332033762067715621e-01
-9.053738917123004271e-01
-4.699784264206474660e-03
-2.002321228946366549e-01
8.444934520486739871e-01
9.169768561902427173e-01
-9.847189199408423743e-01
6.715521299269593403e-01
-8.731269713858826886e-01
-6.559754544918898755e-01
3.904452450848745482e-01
7.227307713247461685e-01
9.548263951801785332e-01
2.467655333028800912e-01
-9.383290406863120658e-02
-4.247955521132915635e-01
5.534502977210771224e-01
-2.862561777731718049e-01
9.511964762287545838e-01
-6.544599104113490995e-01
-6.494312706904479260e-01
-2.976279320210828416e-02
-8.796419185592893042e-01
-5.774970013452502826e-01
-5.887754880588487172e-01
4.130561960352205908e-01
-9.190907320252970081e-01
2.138035200688603310e-01
-6.395454132236684242e-01
-9.569161652919113692e-01
2.061321576933337063e-01
8.510813673129895562e-01
4.296542813556323837e-01
8.770183398365469785e-01
-6.826479857376006599e-01
5.808320452418566093e-01
2.633156798366647622e-01
3.900845916107407163e-01
-2.184435207014421287e-01
5.528191030855709176e-01
5.339004245099088219e-01
-7.177394599602264780e-01
-3.148887282221144446e-01
-2.667515997228078195e-01
3.719348185953863517e-01
2.826268489981397791e-01
5.407552078120174688e-01
-5.588151188638192934e-01
-4.606325641365622836e-01
-7.786221373775259469e-01
8.995400611628984189e-01
9.243923289908737573e-01
-8.149265506949390225e-01
-8.862650284078058549e-01
6.666682744097394142e-01
7.881458986308498282e-02
-4.652452320039203171e-01
8.616683896454951919e-01
4.154347585787394603e-01
-3.348595679657853097e-01
7.236645782190125331e-01
-8.072088772097141263e-01
-2.632521616097063255e-01
-1.910014289609939797e-01
-9.923396870455780672e-01
4.162711792388659182e-01
8.536091215894552053e-02
-6.948145178835587465e-01
-8.410784566516352756e-01
-2.601288035096459006e-01
-1.000000000000000000e+00
7.389850448136526806e-01
-5.859300604220005759e-01
-5.632701506927227930e-01
-1.496292737182433608e-01
9.143666440358301228e-01
-9.317510426414457037e-01
-6.665147372334372378e-01
-8.990994227216495549e-01
-5.196607474410623873e-01
7.556740879791237209e-01
-2.896676297759788188e-01
9.873681032592842577e-01
2.346183497401321816e-01
-3.291007712275708652e-01
4.256538405740362130e-01
3.044755891887874766e-01
-6.040276239969992744e-01
9.874335385754069438e-01
-8.335971858156581149e-01
1.000000000000000000e+00
4.170955401383077410e-01
5.495625442416742779e-01
6.151630611080727284e-01
-2.555599781282842931e-01
5.252178710325516864e-02
-7.937715164134883095e-01
5.357953041262970562e-01
-3.201864210708226244e-01
-5.491932187764428930e-01
3.609142042451567445e-01
2.938121437326841612e-01
-4.855226713941607208e-02
-4.383557130034115845e-01
-7.014768918391044439e-01
1.923823111737794633e-01
-7.992720328316105238e-01
-5.839996675519575353e-01
1.251895252482961851e-01
-8.585958111757343580e-01
-2.568363488100331438e-01
-1.202116863202360442e-01
-3.125962560780588539e-01
7.730003722390391685e-01
3.326947602076739119e-01
-4.892612254289501195e-01
9.644752644408423059e-01
