4.906093022336432963e-01
-3.034985064397996424e-01
4.474208552073079548e-01
-6.464390422717172235e-01
4.507947844365272072e-01
2.846169453221000234e-01
6.652079969923512248e-01
5.100167900729849491e-01
4.538370204309320061e-02
-1.201232906600011724e-01
5.012181788165062102e-01
-5.943588738329563803e-01
9.723780763010525519e-02
-4.495811629030335016e-02
-8.580243664625983868e-01
2.825083378264889866e-01
-3.293366177895104552e-01
-1.549528482055420042e-01
-1.000000000000000000e+00
1.000000000000000000e+00
1.000000000000000000e+00
2.008947622419363643e-01
1.000000000000000000e+00
-3.456587244187785124e-02
-1.436869739934463208e-01
7.403659765735508547e-01
9.463648200482684958e-01
2.123982456800169727e-01
-1.493873601859989630e-01
3.574114871974280461e-01
8.354301168332005645e-01
-2.030922824066172527e-01
9.624737332798856126e-01
1.756923249283458277e-01
5.948136693906543870e-01
8.415680067773307904e-01
-9.874532562303817151e-02
-3.022429455784316765e-01
2.439656306412735509e-01
-9.335676463453224105e-01
-2.223641343479127452e-01
-8.835069709649716607e-01
2.730770874697367456e-01
-3.180845352207713472e-01
-8.050543304426673874e-01
-8.763090039613360416e-01
-8.814782319984311165e-01
-5.898768476149842677e-01
-6.219472377271734187e-01
-3.292420226801864303e-01
-7.891622564600779821e-01
-1.741203305540877100e-01
-4.887692525058561777e-01
-6.926067518124026101e-01
-9.069694125298354281e-01
-1.500015468686013154e-01
5.417174313448356315e-01
-9.559541780808991085e-01
5.775204080545532914e-01
2.067048004109204862e-01
-5.595639394283837831e-01
6.902542487783561720e-01
-7.945854207596878549e-01
-8.050166699281684490e-01
1.107102484727487263e-01
-2.389470759880478745e-01
-6.968366402178844954e-01
8.165278308698233900e-01
-2.438454121743698355e-01
1.000000000000000000e+00
1.000000000000000000e+00
-9.326525198919607407e-01
2.757327480908686734e-01
9.583702120115686895e-01
3.323596461190722606e-04
7.403248734827041488e-01
9.181157064896585673e-01
7.011554951721751250e-01
-9.848192428302201540e-01
1.000000000000000000e+00
1.000000000000000000e+00
-8.040994591155976590e-01
-5.659348178547842639e-02
4.931808844370505485e-02
-4.264860863963841897e-01
2.005491427345642563e-01
4.005290603154120777e-01
6.805704498928355495e-01
4.095152140782758465e-01
-4.963757174294350372e-01
6.917455252859625592e-01
-8.535982724492963136e-01
-7.180994347752834850e-01
9.361327587036589737e-01
-5.996087151530840043e-01
7.765311920793125378e-01
-8.696037479339857601e-01
-1.353088961587460837e-01
-3.727576982836282582e-01
9.064773150509342070e-01
7.453064618159082055e-01
5.072604807745759725e-01
-4.576262174614624811e-01
2.562958374932433614e-01
-1.000000000000000000e+00
1.478703610615044184e-01
5.747128748391913122e-01
2.016686720976685887e-01
-1.380965553637504561e-01
7.348688604672076741e-01
1.000000000000000000e+00
-6.725405776434319888e-03
-6.327157949891795141e-01
-5.380673468629082468e-01
5.457735089974734555e-01
2.538811551249371412e-01
-1.473974080077304905e-01
3.045493172515060243e-01
1.000000000000000000e+00
3.156308573937663953e-01
4.631979846799262890e-01
9.258842757665184386e-01
-8.743061723849294697e-01
8.644269198388472297e-01
-8.937419361184124611e-01
7.243282742463832968e-02
5.084150484943728010e-01
-7.190338298832774644e-01
3.374639705232065356e-01
8.458941486841071722e-01
9.801972330515328069e-02
-9.802854424894658081e-02
6.385998542332858019e-01
1.578965350895125130e-01
3.403485867712368051e-01
-6.121759870915294277e-01
2.798221924623909840e-01
-1.422899967502860852e-03
-2.889301340298329746e-01
-2.006104870154145070e-01
-1.245710385381527674e-01
6.031618863382286477e-01
-8.912985802462232154e-01
3.325571190651843700e-02
-3.201339096479157154e-01
7.038183842104156485e-01
5.548044958890612222e-01
-1.000000000000000000e+00
-4.471473118244853051e-01
-3.256016685898017737e-01
-8.681585290633053731e-01
-6.800610129004431847e-01
-7.873394627891394659e-01
-3.234596987817441871e-01
8.588819174973176818e-01
2.683205237018559952e-01
-8.967422893615878410e-01
-5.917867227271464969e-01
-5.781322205883001608e-01
-8.955698303961090456e-01
1.199304999724634946e-01
-4.094704387256662415e-01
-7.738070463987503089e-01
7.339323379240728640e-01
4.367752552828261803e-01
-7.177040859855958743e-01
-7.489027826403398258e-01
-1.760275461989846413e-01
-3.986917503110399275e-01
-8.759387233679388762e-03
1.458378272973395173e-01
3.558833951527551331e-01
3.898814633897807469e-01
1.000000000000000000e+00
6.289142924937760615e-01
7.588799984205480964e-01
1.469157489955177920e-01
6.101855177900140231e-02
-1.650416969074976203e-01
-9.007535022315593665e-02
-2.133190638627077140e-01
3.002137157333698569e-01
1.000000000000000000e+00
-3.896841894480783108e-01
5.217243483549789396e-01
4.991330293432382770e-01
-1.985672926754818157e-01
8.014279093217907546e-01
2.788970635004195397e-01
9.630784659334727937e-01
1.632007498236653364e-01
-7.738101226529525700e-01
4.814251278731545569e-01
-1.434210133917441787e-01
7.114789835351571501e-01
-3.571768773008980880e-01
9.322891694378767635e-01
9.344608745047005005e-01
-8.068917998526121682e-01
-7.371801935162383135e-01
-7.703103887848415932e-01
-6.191365931265244704e-01
-1.719485653191983876e-01
-1.738373837165360924e-01
-8.775063554351733019e-01
-4.092381379615177561e-01
9.789219310771462013e-01
9.552105326632600590e-01
2.174251770946174778e-01
8.500074605940559636e-01
-7.842804456094767396e-01
-6.639117288652530702e-01
2.479386250332094033e-01
-3.326321502110969330e-01
9.183349281164341349e-01
-4.512765444536852577e-01
7.116615860396096060e-01
5.572893254120243611e-01
6.001717220878429737e-01
-7.325393603785306240e-01
-2.263130432343167797e-01
2.616654661837607421e-01
8.130264863334445424e-01
1.166975639140062082e-01
7.730596979006930380e-03
-6.276489089135686150e-01
-5.377634434203333313e-01
-6.058857385574236698e-01
-6.603805450495042750e-02
7.184616583565910375e-01
5.784453779599796341e-02
-7.366936368276539859e-01
-1.000000000000000000e+00
-4.037630223372438154e-01
7.549394909165842993e-01
-3.582277713680120934e-01
3.673709452929794228e-01
3.522573789879826500e-01
3.975271385680035352e-01
5.829931245154872377e-01
-2.635562479961293669e-01
-9.415206970031841927e-01
8.002213081751936574e-01
7.645026617894041809e-01
5.091728125106247393e-01
-3.671985464067819560e-01
5.752910107866157086e-01
-7.309165566533240010e-01
7.406310977345675894e-01
-1.656642003358438364e-01
-7.049082867226343918e-01
-4.749191574434143970e-01
-5.082504710168687101e-01
1.000000000000000000e+00
-4.981346334841360579e-01
2.797948144427421235e-01
-4.921631604410448002e-03
6.828622166461615350e-01
1.621327202904161713e-02
-5.020323304267884090e-01
7.615745008420700124e-01
8.930184066598017001e-01
6.645494144574207729e-01
6.274744895445993897e-01
-7.581786094084972394e-01
