7.457477137051731209e-01
4.390278942030806375e-02
9.914034063617507275e-01
-7.682971965634710632e-02
4.622432922199631311e-01
4.847317112062310418e-01
-6.081833082985591554e-01
8.463533243984064924e-01
6.341051059409246182e-01
-4.933900937695279154e-02
-8.688892562614483062e-01
-2.719049602777816599e-01
3.571298020982824895e-01
7.628041912641905231e-01
-1.822121588427918493e-01
9.314224271561926116e-01
6.307912179357020310e-01
-6.055014958913150780e-01
8.416961415484986997e-01
-7.899331136174263523e-01
6.530179322372542394e-01
-8.615451766912523013e-01
5.969665745108876376e-01
-7.406639756149118181e-01
5.676720137214059658e-01
5.731272912726240731e-01
-6.515741625714788210e-01
2.983330953670564889e-01
-6.985558923660530883e-01
-7.352858580884575890e-01
2.261859971273538772e-01
7.633309133744976549e-01
9.074488779210554412e-01
-6.346769853358360525e-01
-1.229142985747370409e-01
-6.716349955505098723e-01
-1.385855152597578743e-03
2.962525440216560169e-01
5.398949145788127790e-01
8.528495461989422655e-01
-7.953764404560330625e-01
2.109220053743056655e-01
-8.777959106620029095e-01
1.631851503290967231e-01
4.193572069130679925e-01
7.723492522460322363e-01
8.382790218000615301e-01
9.066058436858303038e-01
1.551904298773830737e-01
6.443879201343880592e-01
-6.760433116153128363e-01
1.357645515582386886e-03
-1.483086738942035188e-01
3.098442015419389239e-01
1.648476713478180811e-02
6.374736042991654417e-01
-3.563093559784689113e-01
3.925528000410879459e-01
3.571857649433222148e-01
2.483022723560261713e-02
7.003446619635036452e-01
6.251226319238600837e-01
9.467753000409082631e-01
9.768223762640773078e-01
-5.731192754052655269e-02
-6.254294078471877016e-01
-1.396076647740829291e-04
2.261429574968563672e-01
6.519197042132993669e-01
-1.480427773065008945e-01
-6.185660650248852033e-01
2.352233000836816690e-01
-7.247602370683455808e-01
-6.097670099932948062e-01
7.496786984766565798e-01
7.031015506305504648e-01
-2.071329494264574633e-01
-2.773260775398394551e-01
-7.414444706206970714e-01
3.872293890347171530e-01
-2.614735078300036153e-01
-9.409601086590080321e-01
4.162313827917533127e-01
3.611774991974859295e-01
2.084819993374216196e-01
-1.788855656964231100e-01
8.100729792581843336e-01
-3.080334868284920202e-02
-7.819753952025049193e-01
4.688521432591540028e-02
9.376864149844250651e-01
-1.000000000000000000e+00
-1.627589795850958865e-02
-6.481638595072669595e-01
7.329539742657290025e-02
2.709708168623279900e-01
9.287535940021169889e-01
-8.526349469641925083e-04
8.394351175387431141e-01
-6.984680552847244428e-01
4.651663120885156100e-01
-8.014812525135543986e-01
3.279169352444211150e-01
-8.345618503241447605e-01
6.427825972549415789e-01
-4.717034315263823330e-01
-6.245399831521932787e-01
5.965218752230517785e-01
-2.604981399104990825e-01
-7.102730899407703191e-01
2.797133427536132588e-01
-5.378495968253145521e-02
1.285495328680025251e-03
1.742019026622841915e-01
5.829013591890714885e-01
5.194979460194045773e-01
3.464503709653492525e-01
9.157126544029019488e-01
2.136716124753655077e-01
-6.184892341068418675e-01
-7.112142037104521863e-01
6.831401975537396698e-01
-9.122220054343861406e-01
-8.421603154151979798e-01
2.547867796875260549e-01
-5.908037554389787838e-01
6.753812962803265041e-01
-3.178118605474914982e-01
-9.116154934717071168e-01
1.636350557496607516e-02
2.806787653031411756e-01
3.362965180993060521e-02
8.028737814400306316e-01
8.144364255271431541e-02
1.705812688963480039e-01
-7.754006977552380109e-01
-3.106002902869391402e-01
-6.636679696041537790e-02
-1.000000000000000000e+00
-8.659175312037032946e-01
-4.151041572860904028e-01
-5.220879419766341067e-01
9.332017353656736347e-01
-9.046471757041472106e-01
5.433517665726593782e-01
-1.308700223532215656e-01
-6.731357816212424350e-01
7.664213596644697812e-01
-1.594233051928455325e-01
-1.220295056630595898e-01
-1.000000000000000000e+00
-9.497364118405036970e-02
-2.250768816965702801e-01
5.059362809778846781e-01
-5.520906377765673057e-01
-8.667155817586221778e-01
4.553859279936626203e-01
2.427915682147268051e-01
-2.192183957022450502e-01
3.178984340216645110e-01
-8.732856811278272291e-01
3.958704836610584255e-01
-4.159154069467771997e-01
-7.529640679293518879e-01
-1.588771892641666073e-02
-4.235041882428400850e-01
1.224064495318654827e-01
2.085695355151796770e-01
-4.585886460880917448e-01
-7.178702680868902508e-01
-3.185708193491731954e-02
-4.167284943624240956e-01
-1.000000000000000000e+00
7.032039121541635573e-01
3.519348902478570684e-01
4.383719918720886399e-01
4.397977012179731249e-01
5.422198556998354402e-01
2.899200543727873947e-01
-9.510228823747235438e-02
-5.879161303093374258e-01
-8.866951641786935401e-01
9.826503092045301146e-01
-9.869670580275924365e-01
-7.230098460873993216e-02
-5.763831938722588921e-01
9.078526284408600100e-01
4.647288464689010024e-01
-7.989117227545475264e-02
6.806922746910661903e-01
-3.663371298373073182e-01
3.775943921622721966e-01
2.003235146855503468e-01
-3.017425321929553816e-01
7.237213510387265902e-01
5.230492314674428656e-01
7.836669195538047417e-01
1.997546284134321115e-01
-7.337846285582294570e-01
3.868287089690315428e-01
-6.516802164421580112e-01
6.246237206451487056e-01
-1.359779408529924183e-01
8.274054888965449717e-01
-8.986493026497059944e-01
-3.699563561613625762e-01
5.373779203928378267e-01
1.000000000000000000e+00
-3.212809287607887310e-01
-2.139429202153388943e-01
-6.632028922687633887e-01
1.749148607115713627e-02
6.632949670029147926e-01
2.465467203652724759e-01
9.468857072009170123e-03
-2.003300865585210255e-01
-8.082355345988061490e-01
1.258730386709148164e-01
6.748748999931601933e-01
8.519227300129050828e-02
-4.798947595812682043e-01
-2.633564329547139482e-01
2.076886794364204147e-01
6.658388692801490150e-01
-3.867269215293355211e-01
-2.518753852220842471e-02
5.314600348880427205e-02
-8.306187982410991877e-01
-2.876506195261103183e-01
-1.000000000000000000e+00
1.529579983806724774e-01
-7.486971957979170478e-01
-5.895350819976186152e-01
-2.947543303776671841e-01
-4.436587377573030788e-01
6.110956000402978372e-01
1.000000000000000000e+00
-1.000000000000000000e+00
5.835104109699822406e-01
-1.000000000000000000e+00
1.439571776679622883e-01
1.000000000000000000e+00
-4.785142297427313895e-01
6.401370169221312079e-01
-7.497951041590448229e-01
-6.145394135441333283e-01
-2.231385881089634482e-01
-4.879925019384955265e-01
-7.513187455982086593e-01
-9.110699694675092886e-01
-2.153404343684505728e-01
-4.471554997136659715e-01
8.495654207802111335e-02
5.554135455299178403e-01
1.039342751510282936e-01
-9.964426236439178908e-01
-8.410179767946647234e-01
-7.271332085982076254e-01
9.827686324448114963e-01
9.126525660583448274e-02
4.261917444000863364e-01
8.194826673171068387e-02
9.167119509305000635e-01
2.409231599010235036e-01
1.707072743399270787e-01
