-8.343773835379935111e-01
-1.000000000000000000e+00
1.211702902415940919e-01
-5.780882440985090076e-01
8.713988457012891153e-01
9.797293782092286740e-01
8.603140774670796631e-01
7.469829157385881047e-01
-4.506588198624051911e-01
-5.899408926408545861e-01
7.832956577711819302e-01
-2.856854413532092934e-02
3.092899982649546242e-01
8.972851554696376075e-03
1.880294224354507604e-02
-6.875506488614088196e-01
-8.837892795597150908e-01
-7.925812359846676758e-01
6.525322084619604723e-01
-3.283016288689162843e-01
-2.121626334864042951e-01
5.430599576461687672e-01
-4.704390290030399102e-01
-4.061472406851807104e-02
2.775965894521136290e-01
-8.516401912305305855e-01
6.666458669915035218e-01
-1.366453749162621634e-01
5.629860965910868931e-01
-1.000000000000000000e+00
2.068173693728095897e-01
-9.261763720933640087e-01
-7.485273040620067375e-01
1.225723577001745779e-01
9.820103905595023441e-01
7.582858077512844019e-01
-3.495008630364007107e-01
-2.767436205678841521e-02
1.000000000000000000e+00
-8.810076765863561477e-01
-9.608322981086289127e-01
8.283390858028606418e-01
1.962147956703422791e-01
-6.727955911343954654e-01
2.174275072307718937e-01
-2.084496691071885677e-01
8.304064681451445162e-02
1.000000000000000000e+00
-9.357284490827822987e-01
-2.465100586410284289e-01
1.448242778575125622e-01
8.721665625223806728e-01
3.948829468040245816e-01
7.752292921447916374e-01
2.291418004520788532e-01
-2.357025357004543797e-01
-5.907780817646697269e-01
-3.287987746881563256e-01
2.030801107038904263e-01
-1.118817088719021857e-01
1.490697900652933061e-01
-1.000000000000000000e+00
-8.969011264815704987e-01
7.988694537308747012e-01
-7.589799485818966851e-02
-9.689380052212700489e-01
-3.938125663183371650e-01
-1.000000000000000000e+00
-7.744477871250637913e-01
-8.816451193636823946e-01
-2.406415746530222721e-01
-9.114545957824435884e-01
4.083855907082693526e-01
-1.000000000000000000e+00
1.000000000000000000e+00
5.398024431056874795e-01
1.000000000000000000e+00
-7.012670465669978981e-01
-6.657432181692148898e-01
-2.633909272869911500e-01
-3.258249711953276062e-01
1.000000000000000000e+00
-4.798422835728994862e-01
-8.358652095948732041e-01
-9.640098886692525237e-01
-8.573608168321358303e-01
9.210466441125568782e-01
-9.616854179260889701e-01
6.420046999392443610e-01
-9.458165352372238655e-01
-9.018150129287010319e-01
9.627320739880902423e-01
-2.354551584900001493e-01
-9.146483839337455901e-01
7.074708405817298207e-01
-8.985678464537795174e-01
-9.649000651781683424e-02
7.591909303302805112e-01
-1.000000000000000000e+00
2.861881225350564328e-01
6.063963721135532392e-01
-1.000000000000000000e+00
-1.953872809299423141e-01
-6.362526865383664187e-01
1.732182014176637530e-01
8.961402962776839898e-01
-1.582761369066787716e-01
-4.972062631968566793e-01
7.245394438629541023e-01
-7.254108580379162730e-01
1.000000000000000000e+00
1.369748767909365061e-02
2.456536093003726662e-01
1.990997666635754004e-01
-3.432609050247221738e-01
1.000000000000000000e+00
-2.684838978100760332e-01
-6.634029118250189816e-02
-9.250693810946331030e-01
6.934087671068942527e-01
-3.820918794033153487e-01
3.363391106074462567e-01
8.947321441079461035e-01
7.577585904885586476e-01
1.000000000000000000e+00
-3.553815833805709090e-01
7.877401558630452438e-01
9.482400555295630307e-01
8.636858178077509995e-01
-9.965490170115237634e-01
5.775633807588819169e-01
-9.696163198554369478e-02
3.100650649773385448e-01
1.000000000000000000e+00
-1.598231536489758686e-01
1.061484525348831698e-01
5.539959603114192888e-01
-7.313700865739400925e-01
9.012442181135622565e-01
-9.661016259074248769e-01
5.028857739713068487e-01
-6.391816046529930073e-01
5.392966273733312832e-02
-3.696493407922629704e-01
9.041953881461745057e-01
-5.644533337031291120e-01
-5.007249491526928331e-01
1.000000000000000000e+00
5.576963744741382234e-01
-2.495535951013182763e-01
7.674657515427474319e-01
1.266763253109404741e-01
9.130688523658267997e-01
8.576861676531127854e-01
1.254391474471130974e-01
-1.000000000000000000e+00
-8.954686236626849816e-01
-4.428520600465977175e-01
7.983289400448664863e-02
-4.615394002801938012e-01
4.980488840085381952e-01
1.756571058888770076e-02
8.458059671195484741e-01
-1.000000000000000000e+00
3.061388311392074790e-01
-5.594658178218592237e-02
1.489188646371497615e-01
8.901056973485588220e-02
-8.944679696730736262e-01
5.894166119350160438e-01
4.828759088420307433e-01
1.000000000000000000e+00
2.175966485734120159e-01
9.528746479237705236e-01
9.227404208174419531e-02
-4.119214869785196020e-01
-7.668436479238427417e-01
-9.435553068915183417e-01
-1.979994304046666376e-01
3.616030275016044460e-01
7.604372668633487820e-01
-6.359234255409933478e-01
8.321420061133292245e-01
2.477169088832795185e-01
-5.660784186562795722e-02
-1.512786317877771458e-01
-9.115876571289579511e-01
-6.825787856027227818e-01
8.295298013159432271e-01
-8.272773325945252942e-01
5.178659510153970080e-01
-5.936605034713142715e-01
-8.738656319898643887e-02
-1.808053557574594572e-01
4.544050823827362473e-01
6.702221567523987122e-01
-3.877381964645174039e-01
7.482484046839490421e-01
-1.114146851650163056e-01
9.540973052645613794e-01
-8.462281369038485712e-01
-9.180862488357881546e-01
7.342085069461365965e-01
-5.485094986709336817e-01
8.515361179506382161e-01
-5.535240858164078848e-01
8.635328297308484391e-01
1.000000000000000000e+00
8.203419126406675810e-01
-6.509212020296237799e-01
1.121676093534926671e-01
9.413233609218160103e-01
-1.173509989202370929e-01
8.654152594121249376e-01
3.966817907272358057e-01
-2.057036909523116686e-01
-2.474851888865275962e-02
3.484148977263947233e-01
8.441625339407985429e-01
-6.232453073000251420e-01
1.000000000000000000e+00
-6.044112378255191986e-01
-8.991656602452581248e-01
-2.430410985579282146e-01
-1.000000000000000000e+00
-2.317659069619981693e-01
-9.442977267273644504e-01
-3.285692788822573984e-01
-5.505812892238923922e-02
-6.554873629442267702e-02
1.000000000000000000e+00
-5.605578313661091494e-01
-4.579158943400145065e-01
-1.053126532989836772e-01
1.000000000000000000e+00
5.656424292954169430e-02
7.119901455577306582e-01
7.909458955849129058e-01
1.123891202927860822e-01
1.000000000000000000e+00
-2.803736559115710403e-01
-8.971719251284060448e-01
8.938316634146901141e-01
-2.339336951243525808e-01
9.160220011553813491e-01
2.346240875797647382e-02
-1.026441424821015191e-01
1.000000000000000000e+00
-1.000000000000000000e+00
-7.434227057825283369e-01
-1.247544958072619448e-01
-1.000000000000000000e+00
4.453928466770349370e-01
-6.691888015708417070e-01
3.428855670512959142e-04
-7.679390668169826517e-01
1.198226727506330191e-01
5.952774133799877410e-01
9.928096650097075759e-01
8.609598421506582389e-01
-9.255598022673167113e-01
6.634714654445261761e-01
-5.075693377339094425e-01
-1.000000000000000000e+00
2.617285803654108012e-01
