-9.000768951708066901e-01
-1.000000000000000000e+00
1.211702902415940919e-01
-6.050173285847083582e-01
7.911594338807083071e-01
9.797293782092286740e-01
1.000000000000000000e+00
6.800975451487827339e-01
-7.259070505452408506e-02
-5.899408926408545861e-01
6.131542349640928258e-01
-3.285333939745324616e-02
3.092899982649546242e-01
-8.624368629820478027e-02
-9.314266017819518295e-02
-6.756092539801106245e-01
-9.347130136879014950e-01
-9.986726732111170790e-01
6.528616003605228757e-01
-4.095454676870979305e-01
-4.660545003910461226e-01
6.723451352210841891e-01
-2.461745029052971323e-01
1.333686049943065555e-02
4.025896206209490513e-01
-9.465164648672392822e-01
4.164176459309985034e-01
-6.916349968251811475e-02
6.061231940061948542e-01
-7.240006808026073770e-01
1.145759489307840440e-03
-8.951386491483661612e-01
-1.000000000000000000e+00
2.710632066509450766e-01
1.000000000000000000e+00
9.521801729929368907e-01
-6.749114198537915499e-01
1.132495568261008834e-01
9.151979937447713986e-01
-6.390897544388953744e-01
-1.000000000000000000e+00
3.781084697306578146e-01
1.962147956703422791e-01
-4.608779653296326551e-01
2.842766992944782967e-01
-1.753272720349772218e-01
-6.672277998034348290e-02
1.000000000000000000e+00
-1.000000000000000000e+00
-2.452538724048553831e-01
3.983684885264702769e-01
1.000000000000000000e+00
3.175095658305899238e-01
7.659145325032619134e-01
2.931601606291844297e-01
-3.193530254933298895e-01
-4.306945160883238755e-01
-3.170758666375951274e-01
4.716544650466710231e-01
-1.118817088719021857e-01
1.490697900652933061e-01
-1.000000000000000000e+00
-8.969011264815704987e-01
8.018284194945100030e-01
-2.880567290021350257e-01
-8.467935273633149240e-01
-3.938125663183371650e-01
-8.267361794118310847e-01
-4.772375303093013277e-01
-1.000000000000000000e+00
-3.589035234245527284e-01
-9.902144496851822408e-01
-1.488385637468061518e-01
-1.000000000000000000e+00
1.000000000000000000e+00
3.181767574722642600e-01
7.143603135937751647e-01
-4.755480669254132930e-01
-5.635793205085379842e-01
-3.612485872166035783e-01
-4.249004050260932752e-01
7.789785495921409675e-01
-4.862759429997931537e-01
-9.535776004240515968e-01
-1.000000000000000000e+00
-8.036546270820659199e-01
9.747237431792403761e-01
-9.846392704926384409e-01
3.747180140723652686e-01
-1.000000000000000000e+00
-9.842883181115280600e-01
1.000000000000000000e+00
-8.850341425842690735e-02
-5.947907098669142911e-01
7.786812625932610921e-01
-1.000000000000000000e+00
-5.181290685803465607e-02
6.632808026262202450e-01
-1.000000000000000000e+00
-3.785922720152318233e-02
5.002859098489829126e-01
-1.000000000000000000e+00
-5.137158580210310355e-02
-5.361841021671598373e-01
1.640630830306428478e-01
1.000000000000000000e+00
-1.275466563377526674e-01
-4.569951435579935328e-01
7.024568876736221323e-01
-7.813666292242595901e-01
8.949229859237883833e-01
-6.059832638004136740e-02
2.180248548468163294e-01
6.809917180404675974e-02
-3.432609050247221738e-01
1.000000000000000000e+00
-2.717024188678244245e-01
-1.933272660566904277e-01
-1.000000000000000000e+00
4.772896414088924066e-01
-3.358306805255306116e-01
3.469494605690809363e-01
8.394095383348747497e-01
1.000000000000000000e+00
1.000000000000000000e+00
-2.936608197743986182e-01
8.626376168027987124e-01
9.482400555295630307e-01
9.126830384484083680e-01
-1.000000000000000000e+00
5.549904123361280028e-01
8.457816773250942388e-02
3.867985134591321872e-01
1.000000000000000000e+00
-1.305386929731524592e-01
1.113856149699479769e-01
4.290264624772128776e-01
-7.313700865739400925e-01
9.012442181135622565e-01
-1.000000000000000000e+00
4.412072756458946809e-01
-6.391816046529930073e-01
1.652140236671428841e-01
-3.696493407922629704e-01
4.945612023472621410e-01
-4.279007060394313111e-01
-8.336222205590397838e-01
1.000000000000000000e+00
5.560332114663959491e-01
-1.298034420455986826e-01
7.674657515427474319e-01
5.943768394626069984e-02
1.000000000000000000e+00
7.180247701636062185e-01
1.165054866682393442e-01
-1.000000000000000000e+00
-8.954686236626849816e-01
-4.146093311815126636e-01
2.617610661439262465e-01
-4.696803721105580198e-01
4.980488840085381952e-01
-3.648376195030667013e-02
9.274921265004902882e-01
-1.000000000000000000e+00
1.924279078604029802e-01
6.949107437503765361e-03
-8.067497312714175250e-02
1.205920251062548854e-01
-9.245275665115832986e-01
5.354322164223145331e-01
4.995407286907911359e-01
9.982255852835468790e-01
3.455087279410042900e-01
9.857709552626074956e-01
-9.894694258941313936e-02
-6.996851668803371060e-01
-7.263711684698592741e-01
-9.435553068915183417e-01
-4.336233893730415678e-01
4.800395831542064728e-01
8.675800524780559186e-01
-6.492303895491795540e-01
8.994298933938735807e-01
2.772559722720929209e-01
-1.827623587915749859e-02
-2.042737317914252448e-01
-1.000000000000000000e+00
-8.310828183318770268e-01
9.238634131946100725e-01
-1.000000000000000000e+00
6.294613341031436438e-01
-5.936605034713142715e-01
2.750646113611615595e-01
-1.364349506325073236e-01
7.851279575985997683e-01
5.919480976475122169e-01
-3.379427832238484641e-01
7.132753613805347115e-01
-3.454445812484068234e-01
9.009242175909000228e-01
-7.165600325355823141e-01
-8.357199371605936733e-01
7.339577947580655515e-01
-1.513699471658542794e-01
1.000000000000000000e+00
-3.134285874715592168e-01
7.053933229141502448e-01
9.454962436867372366e-01
8.203419126406675810e-01
-7.391920601292771842e-01
-8.272567918597650838e-03
1.000000000000000000e+00
1.358863466549823651e-01
5.618437651553951362e-01
4.770058236472698443e-01
-2.265279206983363824e-01
-2.320737588582157951e-01
4.903424412975260216e-01
9.690933646039910920e-01
-6.145599834701278574e-01
9.660284161648644563e-01
-6.808262713016427492e-01
-6.043251208495821203e-01
-2.430410985579282146e-01
-8.072703371666349881e-01
-1.394742552260963553e-01
-9.832305087724144688e-01
-3.673915588360437412e-01
3.132611792220091340e-02
-5.590144309870020978e-01
1.000000000000000000e+00
-7.257793297334439453e-01
-5.530701144018359550e-01
-1.112491391113596961e-01
5.875148913588879029e-01
-2.978556573488710946e-02
8.990436969431351288e-01
8.580381405485137947e-01
-1.503148857597154109e-01
8.781003036121701744e-01
-3.068685844041985078e-01
-8.101017046664593657e-01
9.294086720149802305e-01
-3.502760148874590751e-01
8.996587038116186097e-01
3.270271057892237820e-03
1.687702175992216724e-01
1.000000000000000000e+00
-1.000000000000000000e+00
-7.585219654963923919e-01
-3.016124142255234286e-01
-1.000000000000000000e+00
4.351004076102248375e-01
-6.343409026074563473e-01
3.473336861881640147e-02
-6.039404040736859880e-01
-3.695610472367727439e-02
6.137364736592610948e-01
9.987399192804221615e-01
8.464987554941206804e-01
-9.662965130673709657e-01
5.782171726745940488e-01
-5.055227464746228083e-01
-1.000000000000000000e+00
4.518077266568784611e-02
