-9.000768951708066901e-01
-1.000000000000000000e+00
1.211702902415940919e-01
-5.780882440985090076e-01
8.953648379375014343e-01
9.797293782092286740e-01
8.203464125308896904e-01
7.469829157385881047e-01
-4.506588198624051911e-01
-5.899408926408545861e-01
8.532372128063150374e-01
-2.856854413532092934e-02
3.092899982649546242e-01
-1.213960573997503734e-01
1.880294224354507604e-02
-7.456556172327761800e-01
-8.837892795597150908e-01
-7.789784546388160980e-01
5.399494806696363280e-01
-3.687942817119260197e-01
-2.121626334864042951e-01
5.430599576461687672e-01
-4.704390290030399102e-01
-4.061472406851807104e-02
3.725265907885805250e-01
-8.386148116100209382e-01
6.267895791180149168e-01
-1.366453749162621634e-01
5.629860965910868931e-01
-1.000000000000000000e+00
1.125289888801768445e-01
-9.261763720933640087e-01
-7.391295682726501948e-01
1.225723577001745779e-01
9.528494067571805504e-01
8.809012898750638865e-01
-3.609645163116513844e-01
-2.767436205678841521e-02
9.151979937447713986e-01
-8.810076765863561477e-01
-9.608322981086289127e-01
8.283390858028606418e-01
1.962147956703422791e-01
-6.859090365722780858e-01
2.437404469439802823e-01
-2.084496691071885677e-01
8.304064681451445162e-02
1.000000000000000000e+00
-1.000000000000000000e+00
-2.099867472897119780e-01
1.657306913700329343e-01
8.721665625223806728e-01
3.371149664433659709e-01
8.415680160493262951e-01
2.291418004520788532e-01
-2.357025357004543797e-01
-6.300625110474010748e-01
-3.287987746881563256e-01
2.030801107038904263e-01
-1.118817088719021857e-01
1.490697900652933061e-01
-1.000000000000000000e+00
-8.969011264815704987e-01
8.018284194945100030e-01
-6.417013615289071660e-02
-9.689380052212700489e-01
-3.938125663183371650e-01
-1.000000000000000000e+00
-7.789873886614663290e-01
-9.221606216145799007e-01
-2.853639623378585455e-01
-9.114545957824435884e-01
2.880412311941080716e-01
-1.000000000000000000e+00
1.000000000000000000e+00
5.640807151584288359e-01
1.000000000000000000e+00
-7.012670465669978981e-01
-6.657432181692148898e-01
-3.612485872166035783e-01
-2.445216767435418048e-01
1.000000000000000000e+00
-4.862759429997931537e-01
-8.358652095948732041e-01
-9.767826509089878595e-01
-8.404731052518412682e-01
1.000000000000000000e+00
-1.000000000000000000e+00
6.420046999392443610e-01
-9.458165352372238655e-01
-8.605752742399171984e-01
8.537615856626012967e-01
-2.354551584900001493e-01
-9.284922855669208719e-01
7.074708405817298207e-01
-1.000000000000000000e+00
-4.405328042151466367e-02
7.591909303302805112e-01
-1.000000000000000000e+00
2.181282763760643284e-01
7.470639731677438666e-01
-1.000000000000000000e+00
-1.953872809299423141e-01
-5.361841021671598373e-01
2.515920961103412234e-01
8.961402962776839898e-01
-1.582761369066787716e-01
-4.569951435579935328e-01
7.245394438629541023e-01
-7.254108580379162730e-01
1.000000000000000000e+00
1.369748767909365061e-02
2.456536093003726662e-01
1.990997666635754004e-01
-3.432609050247221738e-01
9.501142613333783959e-01
-2.254602429171200240e-01
-1.247671784746968437e-01
-9.250693810946331030e-01
6.934087671068942527e-01
-3.981233759214081736e-01
2.441724747656694172e-01
8.947321441079461035e-01
8.705676520779882521e-01
1.000000000000000000e+00
-2.278181964015597027e-01
8.550567239076447557e-01
9.482400555295630307e-01
9.126830384484083680e-01
-9.965490170115237634e-01
6.353684835282451537e-01
-2.602787467634234408e-01
3.100650649773385448e-01
9.963156228779994628e-01
-1.598231536489758686e-01
1.061484525348831698e-01
5.539959603114192888e-01
-7.313700865739400925e-01
9.012442181135622565e-01
-9.661016259074248769e-01
4.351606437304919028e-01
-6.391816046529930073e-01
5.392966273733312832e-02
-3.696493407922629704e-01
8.922177519098525300e-01
-5.644533337031291120e-01
-5.007249491526928331e-01
9.904749512137902556e-01
5.560332114663959491e-01
-2.495535951013182763e-01
7.674657515427474319e-01
5.943768394626069984e-02
1.000000000000000000e+00
7.924907669893828110e-01
1.254391474471130974e-01
-1.000000000000000000e+00
-8.954686236626849816e-01
-5.016639131633666704e-01
2.625641967077652073e-02
-4.045214250351794605e-01
4.980488840085381952e-01
6.702082704732659213e-02
8.368756650259535634e-01
-1.000000000000000000e+00
2.776257745600931859e-01
2.747593476219412426e-03
-2.317551996100633560e-02
1.353604420496361538e-01
-1.000000000000000000e+00
5.894166119350160438e-01
4.828759088420307433e-01
1.000000000000000000e+00
2.176700109229955937e-01
9.857709552626074956e-01
-2.121613481594193662e-02
-4.119214869785196020e-01
-7.668436479238427417e-01
-9.435553068915183417e-01
-1.612592234149423098e-01
3.616030275016044460e-01
7.604372668633487820e-01
-6.359234255409933478e-01
8.321420061133292245e-01
2.477169088832795185e-01
-5.660784186562795722e-02
-1.512786317877771458e-01
-1.000000000000000000e+00
-6.825787856027227818e-01
9.121105027248525010e-01
-8.272773325945252942e-01
6.041157091917976896e-01
-5.936605034713142715e-01
-8.738656319898643887e-02
-1.954363471652162954e-01
4.544050823827362473e-01
6.702221567523987122e-01
-4.935470298271370515e-01
7.359931475149232849e-01
-1.114146851650163056e-01
9.540973052645613794e-01
-8.462281369038485712e-01
-9.180862488357881546e-01
7.347999185725753168e-01
-5.485094986709336817e-01
1.000000000000000000e+00
-5.217977390054080455e-01
8.635328297308484391e-01
1.000000000000000000e+00
8.203419126406675810e-01
-6.334287131661311410e-01
-6.233705344681374910e-02
9.413233609218160103e-01
-9.964760776322595381e-02
8.282920119496612887e-01
3.841510119924113620e-01
-2.057036909523116686e-01
-2.474851888865275962e-02
3.484148977263947233e-01
8.441625339407985429e-01
-6.232453073000251420e-01
1.000000000000000000e+00
-6.808262713016427492e-01
-7.420550717881300162e-01
-2.430410985579282146e-01
-1.000000000000000000e+00
-2.737538497007760419e-01
-9.442977267273644504e-01
-3.285692788822573984e-01
-5.505812892238923922e-02
-6.554873629442267702e-02
9.171759869993620917e-01
-6.675811066248036330e-01
-4.579158943400145065e-01
-1.120938524911620771e-01
1.000000000000000000e+00
-2.978556573488710946e-02
7.119901455577306582e-01
8.594066915628356673e-01
1.123891202927860822e-01
9.934104097039563319e-01
-2.803736559115710403e-01
-8.094698240874340645e-01
9.398115460830940293e-01
-2.339336951243525808e-01
9.160220011553813491e-01
2.346240875797647382e-02
-6.726641879311900940e-02
1.000000000000000000e+00
-1.000000000000000000e+00
-7.434227057825283369e-01
-1.247544958072619448e-01
-1.000000000000000000e+00
4.877355678850135989e-01
-6.691888015708417070e-01
3.428855670512959142e-04
-8.444546421668508440e-01
1.198226727506330191e-01
6.137364736592610948e-01
1.000000000000000000e+00
8.464987554941206804e-01
-9.104489631139438544e-01
5.610006486386946989e-01
-5.075693377339094425e-01
-1.000000000000000000e+00
2.407791771673823134e-01
