-8.333340884076871902e-01
-3.546303609234202625e-02
2.051909568754874125e-01
7.191805120083564207e-01
7.293306591607716660e-01
-3.722903287519349069e-01
-4.622337351818373019e-01
-9.675244590108953435e-01
2.035823624102671148e-01
-3.010392034497823555e-01
-9.600049807061362683e-01
2.116694465005413139e-01
-2.577635694727113957e-01
-2.021931513728047469e-01
1.000000000000000000e+00
-8.005984868350576322e-01
-4.257964454546557254e-01
4.367271158640883000e-01
-1.000000000000000000e+00
-9.467540271634424798e-01
-1.000000000000000000e+00
-1.041467614597068984e-02
6.671888269161643237e-01
1.000000000000000000e+00
-1.000000000000000000e+00
-8.619245758289783010e-01
-3.620917283513993001e-01
3.473164221907221183e-01
-1.625418117432588794e-01
5.002963021705564284e-01
-1.000000000000000000e+00
-5.931606848477863903e-01
6.467117781068528748e-01
-1.000000000000000000e+00
8.362184945118164014e-01
-1.000000000000000000e+00
5.494356636310792075e-01
-2.072184429906976100e-01
-5.086762359568937075e-01
9.547789988276322859e-01
1.000000000000000000e+00
9.483607847806150293e-01
-1.000000000000000000e+00
-4.274759493314921333e-01
-2.795855176803945241e-01
-2.148333516060499937e-01
1.951765160809859623e-03
-2.238620557864233751e-01
-8.919036531411332902e-01
4.479487766331844423e-01
-1.249114465512576044e-01
-9.396570699865457454e-01
1.000000000000000000e+00
1.000000000000000000e+00
3.216882328627215237e-01
-1.000000000000000000e+00
9.478754693945004028e-01
7.395727177304485256e-01
-6.059103946806361218e-01
-7.583506343820787254e-01
1.315700782437740635e-01
1.000000000000000000e+00
-1.000000000000000000e+00
-4.636318947590253314e-01
-7.164515426950636146e-01
2.972361618502649128e-01
9.128725779323298983e-01
-3.252546342917048694e-01
4.077488612108466359e-01
9.930022776767726267e-01
-4.501819924101966297e-01
-9.564630193806313851e-01
-1.794367195340832444e-01
-2.338171977968793169e-01
-5.427806269323870447e-02
-4.658636670139724156e-01
-7.799692632242949397e-01
9.436776980103356305e-01
1.000000000000000000e+00
-6.311433941407635917e-01
-3.504129186305941501e-01
9.020992887478961331e-01
2.636007350743929667e-01
-1.000000000000000000e+00
-5.080934640770338184e-01
-9.139388492357960470e-01
3.055059801561790245e-01
-4.263569844318370605e-01
3.765641818504392169e-01
1.000000000000000000e+00
8.588760725973333399e-01
9.919290083059031371e-01
7.811575315006061837e-01
9.795542072111518284e-01
-4.951180308615588110e-01
1.000000000000000000e+00
-8.621666236384368798e-01
4.884502409258999478e-01
1.662393573881928155e-01
5.762313636150461216e-01
-5.277791051564975078e-01
8.938348621307365960e-01
-6.026519299054791112e-01
-5.782665249377454408e-01
-1.000000000000000000e+00
-6.776364909343992604e-01
-9.538586449799834055e-01
-4.176776735166590204e-01
5.148206203936933623e-01
1.808000648436842162e-01
-5.870006654904990073e-01
9.123778407986985473e-01
-4.193046974541134730e-01
-9.696886145386046651e-01
-3.739109570159394047e-01
9.288576277183242524e-01
7.934771145622191435e-01
-1.000000000000000000e+00
5.325273181536067657e-01
-5.810146492909340488e-02
-7.205083738505269064e-01
1.000000000000000000e+00
2.196572572197617035e-01
-3.396719739003606908e-01
-7.246958155206807417e-01
4.968590976930733483e-01
-1.000000000000000000e+00
-5.739390450740149419e-01
9.298312619272171009e-01
6.980118474771527248e-01
-8.041240757515837334e-01
-2.982009525336281053e-01
-7.801034372758565427e-02
-8.003110202014439567e-01
-1.000000000000000000e+00
-1.776912466516951117e-01
4.405661139776781976e-01
-8.821264376962263398e-01
1.000000000000000000e+00
9.271058432772330549e-02
-1.000000000000000000e+00
-7.247239869985457883e-01
-8.037157878699329183e-01
5.616068593867874492e-01
-9.649306892640895361e-01
6.860174976336754771e-01
-8.259456383428186443e-01
-9.331852545831986756e-01
-7.253945856179087048e-01
7.557469746687297540e-01
-2.007845397795060272e-01
-8.356117011336530176e-01
-5.058989430110201191e-01
-5.250794921255667047e-01
7.757225996893520881e-01
-1.721836960997036314e-03
-1.367767964919424095e-01
-4.073025070716613794e-01
-3.141678013168724970e-01
-9.831876401339320060e-01
-7.134888131956078627e-01
5.351708250672766454e-01
6.382366946637364480e-01
-7.496079198865430726e-01
-5.044078632287888331e-01
9.620527157875465862e-01
-6.329699707356273297e-01
-4.369100963802021176e-01
1.502689016000882116e-01
6.153990892784675371e-01
-1.000000000000000000e+00
5.113799840785937523e-01
-6.408478779006699932e-01
9.742477121228008130e-01
4.276334393139678003e-01
-9.740194338935097562e-01
4.579861384773469268e-01
-6.803513021932473537e-01
4.308085445951441717e-01
1.000000000000000000e+00
-6.528089486892219018e-01
1.000000000000000000e+00
-8.705823092307114763e-02
-8.947646413226316708e-01
-3.793956791008956664e-02
-9.292059659574818387e-01
6.799470088158496850e-01
-3.450055970325936749e-02
1.138946410056935754e-01
-6.670003024472335174e-01
-1.000000000000000000e+00
3.785494702779521603e-01
-8.835496355962568771e-01
-6.802203178055034050e-01
-6.839208194742860680e-01
-6.597025528805753325e-01
-1.678727021739151448e-01
8.689046963358063591e-01
-8.478904789996756231e-01
-2.186926944610619317e-01
4.623267437096495458e-01
3.174928254935476257e-01
3.574096599751089842e-01
9.045563027533687350e-01
-8.782287090073450653e-01
-4.057451573286218194e-01
-8.002068756749343148e-01
6.956465795626848303e-01
2.871919256382530206e-01
9.115039523318468895e-01
-1.000000000000000000e+00
-4.587014345859001807e-01
8.936825170729889578e-01
6.411839276147781597e-01
-4.766513196305702804e-01
-6.339776151524948444e-01
-3.904224736924830630e-01
-5.036097604767691971e-01
-2.545482103426588427e-01
-2.306440751828205682e-01
-2.778203147909929713e-02
1.000000000000000000e+00
2.566941056743056726e-01
1.000000000000000000e+00
9.985183431102485629e-01
1.000000000000000000e+00
-4.452093476232513169e-01
-6.632543107286292816e-01
8.959664294557787567e-01
-1.000000000000000000e+00
8.154306843800529503e-01
3.134500060504085139e-01
4.032703675497769646e-01
-8.083510024644637859e-01
-6.436994358134880967e-01
5.372634164541125745e-01
2.926977867881013218e-01
-1.228214622192647099e-02
5.450569612424858157e-01
6.159202794038225459e-01
4.658963326116589698e-01
1.000000000000000000e+00
1.000000000000000000e+00
3.995684286662208873e-01
3.160859479111493009e-01
-9.577518307949091092e-01
-7.634354365321205371e-02
-1.031411475863560218e-01
-2.561865340502060273e-01
-8.594103294291528528e-01
-3.055611481832550824e-01
9.434726959363815002e-01
-6.223348357374471895e-01
2.634992314112978851e-01
7.905875360770766580e-01
-1.970976457257532788e-01
-2.012765730798871111e-01
1.000000000000000000e+00
3.634709005205982169e-01
5.746799043654857719e-01
9.807668915679346178e-02
-3.680370467956285419e-01
1.000000000000000000e+00
-7.328784683343662898e-02
-6.572556598600551858e-01
