2.363163590348134058e-01
-4.364146870621344876e-01
-4.268513246293921259e-01
-6.600383401862461308e-02
-5.891163546620471064e-02
3.325002215984394771e-02
3.853075876289168700e-01
-5.682224454688198367e-01
7.066657190293985646e-01
7.819384713627726136e-01
-5.773950369730596055e-01
1.000000000000000000e+00
2.449819806726292737e-01
-7.865970196881464371e-01
-6.052346546293092544e-01
-4.278015852311484735e-01
-2.739551652160976403e-02
6.217982072596867082e-01
4.784585288647958401e-01
1.237150407076247488e-01
-3.902752469531902690e-01
5.375597052788289032e-01
-5.600920400117166409e-01
-3.017616528442592649e-01
-4.909707050431655340e-02
-7.000833455075771150e-01
3.528286714782307154e-01
5.520704875415932689e-01
4.819485769844545908e-01
-7.161380710671336747e-01
-6.937897985646448440e-01
6.916397260553864834e-01
-1.428911564949376656e-01
-8.945123177831293404e-01
-1.393575208979592195e-01
7.991335353929042429e-02
-3.817423422693583257e-02
-5.446414906651896315e-01
2.176218089611429152e-01
8.656872639548491843e-01
5.919265994256086572e-01
-1.000000000000000000e+00
9.319877412650794390e-01
4.317111354175517945e-02
-1.709649447155130175e-01
8.837436797827188384e-01
-4.143031064272445496e-01
-5.801285331547397783e-01
-1.520229419429962037e-01
4.555098860635875546e-01
6.147218749340451760e-01
2.771399981841100035e-01
9.855251628470232395e-02
-8.500589605737561838e-01
-6.734949935501861606e-01
8.670764410776583553e-01
-3.285253319714727116e-01
-3.492033534927584393e-01
3.697004680145546951e-01
-7.567964794071622148e-01
9.583362728354246629e-01
-6.742692291812916183e-01
1.597289144743462841e-01
4.832996409991236475e-01
-9.622757849064509372e-01
-9.627274005182286931e-01
-7.077458390777112696e-01
-4.603275126170448539e-01
-7.666975182066706473e-01
4.786738747001642036e-01
6.210396671402107494e-02
-9.136783673914254944e-01
-4.691747289833240186e-01
9.200622840142980152e-01
-7.112611973533741194e-01
3.650447819820364370e-01
2.850806640670011105e-01
2.850786787315139348e-01
6.302479220366875579e-01
8.017124148021714802e-02
-1.436579955114346274e-01
6.225326332724625544e-01
3.954105487934811425e-01
3.657017967763838695e-01
-3.087687026136263779e-01
-9.912097276836123738e-01
5.478443809255210128e-01
-6.417169232808794810e-01
-7.193119089287928203e-01
7.268928523390703056e-01
3.386182566839468500e-02
3.644533247786589381e-01
-2.650563242976473610e-01
-2.513377058703023526e-01
5.912361178500117331e-01
1.000000000000000000e+00
5.996754523261387249e-01
8.981688500996739544e-01
-1.220531867842029605e-01
-1.610971205611846646e-01
-8.963862113341477533e-01
2.988254144485786301e-01
-9.428619912835505268e-01
-6.789541100747588098e-01
-5.190960500227390639e-01
2.847072961590101092e-02
3.911216450919381415e-01
-1.000000000000000000e+00
-9.454544671412129508e-02
-2.943223343347051157e-01
-4.090377174023357432e-03
5.062589823296099745e-01
8.022012198542087802e-01
-1.941286826821377043e-01
-6.522734545077992774e-01
-3.182101669967998814e-01
-2.038389324538488756e-01
-8.668425568332388531e-01
-5.142137765962011553e-01
-5.821495729593577639e-01
-5.340729474638021834e-01
3.569831060378902965e-01
3.683658524664895628e-01
-1.984597356323860584e-01
-3.743373851970913657e-01
7.209279575669560458e-01
7.227953446592438880e-01
-9.913843942983963098e-01
-2.489907338523966729e-02
-7.519677020638462217e-01
-6.356970739727463293e-01
-7.970030288379463812e-01
-2.195739097208907475e-01
-3.037810864934857857e-01
-3.444000401890593976e-01
1.000000000000000000e+00
7.510169590960112940e-01
9.743305356248649352e-01
7.252522461146533317e-01
-8.712700861207522962e-01
-3.429663033894451707e-01
-1.694793654414146200e-01
4.871007367646010833e-01
-5.528527116011282549e-01
-8.988163931933584871e-01
5.952772278719442589e-01
9.186061336000295174e-01
-3.689535824500027594e-01
-6.482147169009178089e-01
-8.487365937453201781e-01
-6.002713331556159826e-01
-2.274483252369048081e-01
-1.000000000000000000e+00
1.067108780349686203e-01
1.109285138657822717e-01
-4.472693003339117124e-01
4.239263432843463630e-01
3.690266764410811695e-01
1.749825265492167825e-01
-1.200336481263682697e-01
7.418890893408363052e-01
-5.738340336803005037e-02
-7.442633534803371198e-01
8.188706688821449919e-01
8.000286551243978028e-01
2.566563080025262567e-01
-1.456313064168802407e-01
2.841785947702133441e-01
-1.000000000000000000e+00
4.835574115895118763e-01
2.685162900635524874e-01
6.159485721856458595e-02
8.370256109767528763e-01
6.787679234740477963e-01
5.962757106290439424e-01
-9.842785737373147548e-01
4.102828620011301219e-01
3.721693339247632015e-01
6.721155441167540046e-01
-9.418768724669636105e-01
-4.831473970308843291e-01
-7.988531116927771736e-01
-9.068643275315995123e-01
4.872717482424158142e-01
7.058676138591284122e-03
5.877517087363341997e-01
2.192746399451124817e-01
-1.000000000000000000e+00
8.357933301486196731e-01
-2.035591005948504673e-01
4.876583400716604788e-01
7.506630360762028831e-01
1.000000000000000000e+00
-7.361555917415172345e-01
8.632324337554648785e-01
-7.120239666006455970e-01
-7.585961366990749966e-01
4.865064037442599076e-01
-4.542081468710416625e-01
9.709914681871784081e-02
-9.816435955067774888e-01
5.324670298177300864e-01
2.346262317725373858e-01
-4.615989920174189409e-01
-8.518189565330491764e-01
9.560727831506785623e-01
-7.434844954864647248e-02
-1.000000000000000000e+00
-3.088302240479968708e-01
2.251608690678785774e-01
5.806218242353302639e-01
7.014999455949265661e-01
-5.163568492566011914e-01
-2.566191544862020946e-01
-2.185971598393842696e-01
3.614878078992467825e-01
4.182248150000741904e-01
7.197313100170542599e-01
-2.399103843968964089e-01
-1.507354188961657765e-02
-7.561181202715870908e-01
-3.777741492936234624e-01
3.479073327752294498e-01
9.001780079218493213e-01
-1.000000000000000000e+00
6.127200953747862222e-01
2.409603046850186392e-01
6.831853588488840945e-01
4.394898305781749087e-02
6.546978462548191935e-01
1.000000000000000000e+00
5.731796931133522621e-01
-8.492594151740018305e-01
9.633318329956439552e-01
1.000000000000000000e+00
-3.326783181537415479e-01
9.893064572611184188e-03
9.936944195257536583e-01
-6.923558560116782612e-02
-8.955571180110769025e-02
-6.068038196402243400e-01
-1.000000000000000000e+00
-1.410836933105862612e-01
5.110668667601039328e-01
-1.312257712262011322e-01
-1.000000000000000000e+00
9.744886437332123119e-03
4.332122360608173239e-01
9.915641392650831332e-01
3.368486078965097219e-01
4.149475760161654980e-01
8.665128612727456270e-01
1.676950581398013451e-01
9.315320079092244132e-01
-4.324461243869801574e-01
-3.586893640338830735e-01
-9.395449251435065152e-01
-7.762908593434207638e-02
-4.018974566972304263e-01
-2.922739092077560885e-01
-7.293978197269727071e-01
-8.314074074103829926e-01
7.552374980792773140e-01
-9.578296934888428371e-01
-7.173996952301285868e-01
