9.224695339270598815e-01
3.414236853534924343e-01
5.787046774064911192e-01
-4.544278973251953957e-01
6.333620636065324661e-01
3.156422543200623210e-01
-9.064256985816362966e-02
5.355085528747912660e-01
5.795178091464320280e-01
-8.831935003708733800e-03
3.516703619806209047e-01
-9.232801436098753145e-01
-5.937893739775330637e-01
-6.212008792652796707e-01
-1.226567949259997237e+00
-3.921373133685851498e-02
9.297211831616964961e-01
4.123130417513352075e-01
-1.015480553490882398e+00
2.417642856657250539e-01
-5.629217479849530914e-01
9.481367751105784780e-01
-7.584626949481557689e-01
6.183886648683605269e-01
5.085868438900095767e-02
-3.711090564260788871e-01
4.404104154343536082e-01
5.497227344512534142e-01
1.154165884641036310e-01
-6.587026497111919676e-01
7.579410237582104859e-01
2.271679738097571732e-01
8.427713110474577274e-01
-7.503289026557291574e-01
7.162806128513196091e-01
9.595916494234068006e-01
-5.319976204005478770e-01
-2.150468203017130708e-02
-4.235653117534503298e-02
-1.015280607493673770e-02
-8.712495519363447904e-01
1.729654459244136522e-01
1.068356028748258968e+00
4.936050482739351430e-02
6.385417996566373766e-01
4.408219520883482900e-01
4.530336949676223024e-01
2.320216656723460280e-01
-3.876800136255916795e-01
-8.036958781939735896e-01
5.844844155095624272e-01
-9.304553703631093242e-01
7.326186273278759709e-01
4.541185640038081228e-01
6.421087313235863681e-01
3.498153230435330219e-01
1.543351234284007778e-01
8.563322312664941593e-01
-7.150117042602274209e-01
3.094845925391719321e-01
8.774555290188941203e-01
-9.145341869390087863e-01
1.165161811473107711e-01
-7.820049854329206296e-01
-5.364984302723929677e-01
-6.680663486628768410e-01
-3.397867128761943301e-01
-4.403956486727069741e-01
9.957265074262717786e-01
-8.457908721884727088e-01
-5.013952056425021730e-01
-3.442007863869147033e-01
-9.698756741234668688e-01
8.198256907988620279e-01
-8.069350178109054861e-01
3.752823631002805138e-01
-2.682759335389926086e-02
6.419105558391073885e-01
4.463584405015443846e-01
9.452610135903297128e-02
8.082304786021090592e-01
5.245784804624162856e-01
7.429406257064139485e-01
4.368011557976990145e-01
-1.821240191913000017e-01
-1.422230026045704920e-01
-8.617996725492752530e-01
-2.221288655674240609e-01
6.630704110368271786e-01
-4.506178688148595457e-01
3.149122891869691188e-01
2.729175365506344431e-01
-8.253336483134992019e-01
2.198697767588266849e-01
-9.059105242440370631e-01
6.542523209482347113e-01
-4.845018255643289695e-01
-2.258456329176102839e-01
-9.211958790204562153e-02
-2.212994401453055315e-01
-7.112789176274626479e-01
-5.818084210362485242e-01
2.469465927125307214e-01
5.499992589504785201e-01
1.421132990116846795e-01
7.899847080634347929e-01
-1.559751716497791429e-01
8.449634191793806703e-01
-1.288910211738993616e-01
-1.321554543055047659e-01
-3.609401701713666477e-01
1.197659162086232298e-01
-2.571862830408502276e-01
-2.657816986360785894e-01
4.353077855811016139e-01
3.671122124954908639e-01
9.054382436610698692e-03
-1.953211515465816395e-01
8.143550245176826019e-01
3.800942598042612031e-01
7.766837525475381865e-01
5.323175959254117240e-01
7.086940328821564883e-01
-5.512689525981100402e-01
-4.978015506658368672e-01
-1.380790148435944442e-01
-8.084169982158322387e-01
2.863525064517646879e-01
-1.081364708222057214e+00
8.231657927587920920e-01
6.278246968735450295e-01
-4.707981909415374644e-01
-1.814034741036113785e-01
9.978823943157366649e-02
9.616356959358066669e-01
-6.653001313491733182e-01
5.484025276630423162e-01
7.356857252166357775e-01
-1.694962080105947566e-01
-1.014982797699667039e+00
-8.473806956737311991e-01
4.276471361900304746e-01
5.196896971916435959e-01
2.776924621185079545e-01
1.894866506564774900e-01
-1.153891150841362734e+00
1.643435376353239163e-01
3.376213838256040267e-01
-9.734631994067701743e-01
4.917694616998122825e-01
-2.776341456371635985e-01
3.585703040534148345e-01
-1.076554076230572976e+00
-2.163238800528164141e-01
4.136472038222769876e-01
-8.464710468660463505e-01
-1.078597567646249755e-01
3.019004149700470485e-01
-6.625316858091656602e-01
8.730549042392050652e-01
-1.015449694729619434e+00
-7.916765572109366600e-01
-3.564713877100971207e-01
-9.651257312486446471e-01
-3.666560840510733055e-01
4.006229098599479732e-01
-7.760541097440391001e-01
6.609724335088303926e-01
-4.022803682252346080e-02
8.339541398838501429e-02
4.840762604715346806e-01
7.825856111872234733e-01
6.184489695036521351e-01
3.949455663874944511e-01
-6.498264456044728909e-01
1.278394100316993520e-01
6.809501627583129935e-01
9.115595979349211397e-02
5.268399658872358060e-01
-2.665085953069807334e-01
-7.733924228944540902e-01
-6.895072128219460472e-01
-9.689477681725359171e-01
-7.682338696502331032e-01
3.956339546834826693e-01
5.602848210624459258e-01
-8.873306580461263193e-01
6.894531399535711591e-01
7.833223879772219789e-01
2.220297272818968215e-01
-4.379216783005066560e-01
7.208246706749055210e-01
5.561079932852441843e-01
9.951675535502332304e-01
1.026006390868715812e+00
-3.933264143766376231e-01
-8.806289322396587682e-01
5.597448934641333640e-01
4.167024703450161738e-02
5.961068432884647494e-01
-3.483253719271384163e-01
-2.651808232762529194e-01
-4.425364329914226458e-01
-1.047237550552590157e+00
-6.894725248172496324e-01
9.422500154200270650e-01
6.856546401267897828e-01
-9.304941357540305602e-02
-5.365375308392881237e-01
3.594121788015058883e-01
-9.043339951683072586e-01
-9.590794123770584045e-01
8.280178821550849833e-01
7.408146824409584941e-01
2.378626794688712132e-01
6.922405508807947250e-01
1.490078300441852188e-01
5.777654499799681487e-01
-2.369998707895986934e-01
-7.282021847829867056e-02
-7.081417455168097508e-01
-9.534021812895997483e-01
1.015444478200598244e+00
1.410170489057546717e-01
9.654785721845560165e-01
2.709783155946401401e-01
6.678377212565814736e-01
-5.719388339408302269e-01
7.866942875060073392e-01
8.787243066607108855e-03
-5.975895974385234677e-01
-3.709636635348919076e-01
3.970347809974669184e-01
1.617132544705741914e-02
2.010203786984213203e-01
8.345931607586833945e-01
-3.438229954756441553e-01
-5.661921964962023379e-01
1.688894358432035947e-01
6.007924417984602528e-01
-9.103419897244690029e-01
8.599449536156381635e-01
2.918295773038260821e-01
-6.043585097301353848e-01
1.695642805179744805e-01
-2.574214262954178656e-01
-7.264035604859455653e-01
2.413640253915605438e-01
-9.701358661699877040e-01
3.705715328451867907e-01
1.426516596223919436e-02
-1.079494679200460938e+00
3.745456373788171311e-01
-5.985444533284867141e-01
-6.077258858698117439e-02
-5.932836384569947219e-01
9.880294659578274796e-01
9.117524995967605239e-01
4.208668005409336721e-01
6.480559023769050242e-01
-9.350650022265940553e-01
7.871268133096034347e-01
7.157743532069495984e-01
-3.206065366575305831e-01
-6.804425046259529042e-01
