-8.125781898498285472e-01
6.969277234239074081e-01
4.832268558343537079e-01
3.847633986708738352e-01
-3.752004440283885911e-01
-8.146393000499938530e-01
8.498766894100251434e-01
2.639310509398289373e-01
6.701089173170265978e-01
-1.166341277839377799e-01
2.041409710477861128e-01
2.839056798529223102e-01
-8.228305491130433191e-01
8.897763385888439736e-01
6.491290644572768054e-01
-4.731480345600469484e-02
7.974597479778320341e-01
-5.586579149485239038e-01
2.899634217957171023e-01
3.906653404024111320e-01
-5.023918512246707824e-01
-4.184776713711942930e-01
6.534019526594053717e-01
-6.863526066965799366e-01
4.415335897552974398e-01
5.687492538607812342e-01
1.964641919986062635e-01
-1.266170214874106914e-01
9.540797210289611030e-01
2.436686358297032451e-01
6.098336241057306095e-01
-2.041804265650805361e-01
-2.759385703459700245e-01
-8.628519191855510417e-01
8.153317202166869837e-01
1.431046723579177948e-01
-8.552357495626620176e-01
4.547345799316633297e-01
-1.075404095551138139e+00
-1.493418082099094713e-01
4.814822027540306415e-01
-3.043120979509040258e-01
-1.712168055331041994e-01
-4.353458028796790558e-01
-9.622270187369078576e-01
-5.026334538031550225e-03
4.060058237396427239e-01
-7.712072587778540100e-01
-5.830934678562035289e-01
7.770135409639651325e-01
-4.039931822020090268e-01
-1.213189609353833909e+00
2.553600052000906118e-01
-7.054812222006570099e-01
-2.019573955933334219e-01
-3.951613793230274174e-01
4.743591304585268453e-01
-2.138891867787351408e-01
3.363341573451206212e-01
-2.341773909759001238e-01
-5.148458365689776439e-01
8.269544346842404581e-01
-8.476100653910294547e-01
-7.244161806079678634e-01
-4.408846998889282692e-02
6.841989121462423995e-01
-2.329332724036377589e-01
-5.059510890401474059e-01
-1.282584577966815464e-01
8.066219310113750263e-01
5.271291098364236927e-01
6.821000496643775390e-01
5.927593862120738022e-01
3.277389879188451483e-01
-4.246516221723143358e-01
-5.501654736923426992e-01
-2.088322700521573760e-01
7.733999981815857794e-01
7.623270178021046561e-01
-2.564784658996192568e-01
-9.548794015531893997e-01
1.665467599728192027e-01
-4.423492666601222534e-01
-4.541815571534213447e-01
4.808032035293144935e-01
-4.725326914217778396e-01
-5.863236163059466488e-01
4.945573886465753910e-01
-3.749091059849981034e-01
4.199270244764605198e-01
6.849668967625865967e-01
1.963099756548793984e-01
-1.209851056648038881e-01
-1.230317449470640923e-01
1.012738189990331827e+00
7.336076944189191540e-01
-2.284891389178340670e-01
-1.161224750797989369e+00
1.093970571472673292e-01
5.173589562467770797e-01
-3.594399675610202571e-01
-1.882193971070380278e-01
7.149883634688035672e-01
-4.737117911852436469e-01
-1.049153546999120667e+00
1.628368185437508997e-01
-1.024832595921132405e-01
-9.012757230682637566e-01
-9.249866145259406647e-01
-7.595735357719813896e-01
3.685589407216852131e-01
-3.186581000867012015e-01
1.983188393965445717e-01
-9.223316432810615417e-01
5.497522057031777321e-01
-1.485134244485006860e-01
3.772124348549700246e-01
-8.360652543630708866e-01
-9.299108118905836939e-02
6.665006733856537746e-01
1.816637596553047906e-01
-5.370864065330847037e-01
-3.604872962255615820e-01
-1.398889136171369840e-01
1.159160577946654058e-01
-8.627878501233074982e-01
7.132934426046115828e-01
7.632241550426830390e-01
-5.478015362950918732e-01
9.324389686741201277e-01
3.538313015706316678e-02
-7.076571610059245732e-01
1.033325307655768910e+00
5.952646892044952676e-01
1.083280616702587962e-02
-8.006850711094056772e-01
-5.660001013975060058e-01
8.862566090190124868e-01
4.653689270180880189e-01
-1.804858983714058285e-01
1.131356337357158681e+00
5.512363146308141282e-02
5.218653393975252186e-01
2.394837968076926615e-01
2.557226875278554301e-01
6.872678435425852994e-01
-5.388995782935739332e-01
2.256655797831693955e-01
1.954273924613686986e-01
1.054242980922500461e+00
2.373202937192964435e-01
-9.704567560356563982e-01
7.046190651082316903e-01
6.655190930522595361e-01
4.217052113737498331e-01
-1.504614162876456163e-01
6.537869500740027817e-01
5.464094699042019998e-02
-7.855099082601145755e-01
4.333313913883966029e-01
2.448454348205346687e-01
-5.948544050597773802e-01
-5.480896579237053423e-01
1.458561761706766158e-01
3.034619548088499097e-02
-8.621259592168663000e-01
-1.690821541834849895e-02
-2.879812077951899862e-01
-5.762454692867530204e-01
5.666130360538941257e-01
3.242604331193109646e-01
6.017660165859313182e-01
8.731278240031192794e-01
6.551420899433189060e-01
4.258581318825116480e-01
-7.604116244698058136e-01
1.051496505747170351e+00
1.062386577173704882e+00
1.768307614447741372e-01
-6.217761239866654854e-01
7.327041284057854709e-01
-5.489297494403095889e-01
-3.356096891089723755e-01
-4.847812923891507420e-01
9.324619119529073963e-01
-5.134208565379509981e-01
2.722115702491006983e-01
-5.000827566253651657e-01
-9.199789112173005767e-01
1.193909957449443837e-01
2.711294433202149912e-01
-1.070215692831141041e+00
-1.044334275693908021e+00
-9.895008224274048914e-01
-2.903708365869406283e-01
9.566276523988688218e-01
2.627724504246902737e-01
-7.090188276408404544e-01
-1.485833249479327767e-01
4.939272806398573579e-01
9.176301287051877864e-01
-3.015038903801640080e-01
-6.251807416441333975e-01
7.035744614701651134e-01
-8.548847172268203565e-02
3.420059144493187708e-01
-2.950391254169164035e-01
-9.480191287392180088e-01
1.033461747968046129e+00
6.938110538648589731e-01
5.284044151352346175e-01
-5.274750938029034719e-01
1.926240949277918668e-02
7.643730718475241215e-01
-6.103818717256132009e-01
-5.890913063218772283e-02
6.371610607450332031e-01
9.522510322108290737e-01
-5.461168882471674202e-01
5.141409375187162845e-02
-1.434518831038674169e-01
3.610900874357421131e-01
6.402924933438653987e-01
1.644449521105457446e-01
3.092363194874514498e-01
-8.070974548356852907e-01
4.876165774157854571e-01
-4.388884652192989733e-01
-2.959050986055037913e-01
-7.572582138381702688e-01
5.477530398347559837e-01
5.801213510981875210e-01
-7.858101025024198938e-01
4.918411599524781241e-01
-5.618686012141355102e-01
-8.294874587417306877e-01
8.387001666850967263e-01
-3.226148720561455296e-01
-5.962028634968089547e-01
-8.936863434719335975e-02
1.155856231218583385e+00
5.889107723329642941e-01
-2.914557812074705656e-01
-8.135582713356190876e-01
-3.486768910662338405e-01
-9.243341740785490090e-01
-2.197998913430760509e-02
-8.818686258312693482e-01
6.507774258382444943e-01
-2.165861524664222382e-01
6.018293283826152695e-01
-9.150350387963827048e-01
8.236066998909186143e-01
4.651440767011977284e-02
3.944563417469424405e-01
-4.493896223296565129e-01
-8.721749714587359037e-01
9.089918690742058160e-01
4.101666611841867649e-01
-1.187170255876201508e-01
-7.513907957733317877e-01
-1.871981440644516215e-01
-3.823170119933870792e-01
-8.872931386526978770e-01
1.654349579955648741e-01
