7.158500195085777396e-01
1.000000000000000000e+00
-7.495856931069720952e-01
-1.000000000000000000e+00
-5.762313133435934542e-01
-7.280885004093473611e-02
-6.576137228217013853e-01
-5.870605116732396933e-01
3.844012619901462924e-01
-3.792358011980716537e-01
3.547957319754942995e-01
-4.273999102755303703e-01
6.516494684264610981e-01
-8.599511442022444996e-02
-2.211431462019705085e-01
-1.000000000000000000e+00
6.567002270710230460e-01
7.136590808650473683e-01
9.915522993075773783e-01
-1.000000000000000000e+00
-4.934081055905381596e-01
-1.000000000000000000e+00
-1.000000000000000000e+00
1.236047279676135008e-01
7.525486627638708903e-01
1.000000000000000000e+00
9.431621346361007685e-01
7.672763582694835938e-02
1.000000000000000000e+00
9.706800989705755001e-01
-4.503964753522446962e-01
-9.022547224650148689e-02
-8.471422941504367365e-01
-8.972057965890489761e-01
-9.205596455341913398e-01
6.421739503784066327e-01
-2.219212036000683952e-02
-9.036958308961393627e-01
-7.659432392210510088e-01
6.357151502824236466e-01
-7.126778109972242703e-02
2.237968234251788147e-01
6.827331826417005756e-01
-1.000000000000000000e+00
4.869988933043350454e-01
-8.722039405949143509e-01
-6.898867515676619933e-01
2.523705965358418180e-01
-1.000000000000000000e+00
7.332694614209165351e-01
1.496343102300894401e-01
-8.752302114245995579e-01
3.263819083260363629e-01
4.651163842893932809e-01
6.157812975323787574e-01
-6.443169299778501724e-01
-6.085009770497546988e-01
-3.333061867117407401e-02
-1.000000000000000000e+00
-3.424861362299981560e-02
-8.942945407979407957e-01
7.073390054678776462e-01
-7.553420283372713762e-02
-1.000000000000000000e+00
-7.106706983906263542e-02
1.000000000000000000e+00
-2.714901430690080386e-01
-8.157876946583504374e-01
-4.652236776773506222e-01
-8.825079134287239224e-02
5.254183212185152829e-01
-2.000852188840173129e-01
3.210936263371523269e-01
7.717166423460630753e-01
4.423219679650842728e-01
5.712669343455879511e-01
-4.604501881620373105e-01
-7.682756767062264291e-01
6.531700586183342150e-01
-4.535088977731123183e-01
-1.511335432294836634e-01
9.227004451487885728e-01
-4.188716208901741567e-01
9.715588614820516167e-01
6.406510705350684232e-01
-6.230931572238294081e-01
-7.657275982077593746e-02
-5.345557605325821360e-01
3.456208207458371096e-01
7.473379477276064220e-01
4.786545974457430130e-01
6.122798426072902089e-02
-4.547606806269527402e-01
8.080636032840901040e-01
9.963926872548543034e-01
-1.794447623156523175e-01
-4.098473118941037274e-01
-1.000000000000000000e+00
3.786794194808922875e-01
9.349386321094987906e-01
-1.584295614557049703e-01
-6.881849183710984086e-01
-6.478505267694869563e-01
7.140851041465705595e-01
8.468956681513921669e-01
3.150696368755461219e-01
1.000000000000000000e+00
2.159313641006257445e-01
8.199616778629700287e-01
-8.146908544196829194e-01
1.000000000000000000e+00
-8.841363003463280634e-01
4.976763121823142844e-01
-1.000000000000000000e+00
9.375446047519808701e-01
-7.912948963001242841e-01
4.821544500423060597e-01
-9.861355691665582013e-01
-8.327135765006976609e-01
-5.444306594999447357e-01
-6.958686077499712797e-01
-7.761527050055754273e-01
1.968723305485631236e-01
1.301439491118073777e-01
3.109458486977352831e-01
-1.261592647486242114e-01
-4.221325713565269311e-01
-4.267703016161358276e-01
9.452602882532811224e-01
3.114317783578253174e-01
-5.261423288497396600e-01
7.274061413463274173e-01
-5.322444556068939292e-02
7.546522357341163278e-01
-3.051265526575195897e-01
6.264325441635599026e-03
9.506150829345878517e-01
-9.237260109672496000e-01
5.717628427910665945e-01
1.906585832801706015e-01
8.545843771047729742e-01
1.230301804652556008e-01
-4.190804751613097512e-01
7.068837218009745849e-01
2.949312221974769166e-01
1.767680645531832795e-02
4.648922624302833650e-01
5.259386399951750946e-01
-7.610140706123308396e-02
1.987121322174283389e-01
-1.250604468972971728e-01
-4.603524815708581741e-02
-4.627415620843799982e-01
2.082567783489432112e-01
-6.004229068115738421e-01
7.238633234803169003e-01
3.384631750659042870e-01
4.964146283609841004e-01
1.413705860035702200e-01
2.101958361933253805e-02
4.521995522922042099e-01
-9.712156588431523074e-01
3.502257668335485019e-01
-4.419603111038981069e-01
9.551247882217035468e-01
-9.666033872674982819e-01
-4.559849973433445225e-01
9.984314125806612594e-01
7.217704762453087675e-01
-8.810241469355752086e-02
-7.050292494893148909e-01
1.659484790133080589e-01
7.063375741694395415e-01
3.424118521025105721e-01
-3.766863100636304029e-01
1.288205827765981915e-01
4.005140894020160491e-01
-3.277246062318659447e-01
3.083932131662895926e-01
-3.341295455696988853e-02
-8.961136570126024270e-02
6.562961156012121489e-01
5.237323268012176181e-01
5.925878160563404773e-01
1.191214225909789370e-01
-8.577640870763353353e-01
-8.556072548378441667e-01
-6.880516799261671146e-01
3.924984021301546333e-01
-3.219712635196133599e-01
-2.903389685464212722e-01
3.033089741725817357e-01
6.750266865992252119e-02
-1.000000000000000000e+00
-7.222405474399405667e-02
6.459764268068742821e-01
-3.972615505248267009e-01
-4.142298051280334792e-01
5.536108979704567057e-01
-1.095937891065132952e-01
-8.942078068468385377e-01
4.158976696097813064e-01
-3.131686289689526032e-02
3.685570805724386334e-01
1.000000000000000000e+00
-4.619248746948605433e-01
-1.000000000000000000e+00
-5.522245434631815053e-01
3.740336819255132839e-01
9.673334867110061630e-01
4.662099690579632472e-02
9.761768394552468031e-01
1.908921641962442461e-02
-3.930644511847931621e-01
-9.923656212829453649e-01
7.933610219772884165e-01
1.000000000000000000e+00
-8.037719490020648339e-01
3.866254204447784337e-01
1.000000000000000000e+00
-5.383550919422899206e-01
-7.530497553862405269e-01
9.952455929685907754e-02
9.973516906081807409e-01
4.806675339179289352e-01
-1.000000000000000000e+00
-8.462961646091287093e-01
-5.136647560997725792e-01
-1.075807391113892120e-01
4.279445711344216363e-01
-7.706858501018617469e-01
-6.265920085512052262e-01
-1.633789683741742604e-01
2.590372264084794818e-01
5.479064646010276540e-01
-5.073206976274855506e-01
1.474170291522041709e-01
2.490825457053627567e-01
-1.680372988301980230e-01
3.537351765479662680e-01
1.000000000000000000e+00
1.609355441922974972e-01
7.034771823098733279e-01
-1.000000000000000000e+00
9.232675282017481777e-01
-7.695586885580683045e-01
-9.886865624587162227e-01
1.000000000000000000e+00
-1.090175334290692799e-01
-7.168247189777944284e-01
7.880389795789219942e-01
2.608208216811270241e-01
-1.310327204738488405e-01
-5.906094104431462988e-01
6.302057783355761167e-01
3.853807412933354382e-01
1.000000000000000000e+00
-3.384631960754264091e-01
7.705760104759793450e-01
-1.000000000000000000e+00
-1.805009086512325833e-01
-1.078377488515873117e-01
-8.684977256734260909e-01
1.678914703918015228e-01
5.807667453301315064e-01
