-4.921251245738801350e-01
5.653363799083070962e-01
5.046289609375553820e-01
3.846049311928365078e-01
2.413762276716646671e-01
-4.816335293929226991e-01
-9.354541249619165166e-02
4.493632881093997944e-01
5.506889874252674649e-02
-9.243278781552931589e-01
-6.319876446857513042e-01
-1.692395235390092567e-01
-1.459463254914693808e-01
-6.071961363229175790e-01
-4.090629440870430927e-02
4.457661897039835175e-01
-3.947592244834569053e-01
6.003391974585251534e-01
-6.643819552462456590e-01
-6.842894186418004843e-01
-9.938284329284973184e-01
-5.980069368892587667e-01
2.275460726553704405e-01
9.068583596324860663e-01
-1.588741446475957220e-01
8.306384341042060138e-01
8.239002714647595260e-01
9.625486930642547234e-01
8.821351054947162984e-01
-4.261416581471571541e-01
2.727229150091591836e-01
-2.313873654247585454e-01
2.475749469738425523e-01
-1.713173081839670098e-01
9.226646526382856761e-01
6.787036818853181552e-01
-9.750403806201510815e-01
-6.222123741369832706e-01
-8.171334795531891571e-01
-6.963184274829944398e-01
-7.395912025331450312e-01
1.713602148191368524e-01
-4.643414686210449172e-01
-9.995607199534075615e-01
7.097162938574077540e-01
8.122093559579938171e-01
-8.452240837338669266e-01
-7.320968290126813605e-01
-9.459807732224164711e-01
-3.474158326350638148e-01
7.752057492981161424e-01
6.409723503214230789e-01
7.899276823600573927e-01
1.581982531194001673e-01
7.391035838116541967e-01
-7.842801081836048294e-01
5.625560016577692002e-01
-9.327592632310409693e-01
-7.704851343341281300e-01
-9.180917600620384922e-02
-6.576896242345424692e-01
-3.523490497200003624e-01
-4.564770951759424822e-01
-7.045313593062701996e-01
-3.844786961606382336e-01
8.814322855070149121e-01
-9.297024020137507200e-03
1.678430794475430921e-01
2.199687516577511770e-01
-3.232989818031640761e-01
-9.716963638793801872e-01
6.576073451163476635e-01
1.459121204760860102e-01
-7.650005994109408958e-01
7.733397905354685298e-01
8.377041611536057975e-01
-7.433306546142827154e-01
7.884668005719673856e-01
2.838209787509144988e-01
3.310616854718262947e-01
7.780707145754467424e-01
-8.177018776693260049e-01
4.969646575134271660e-01
-5.906507747173717071e-01
-5.614692201066011634e-01
-5.263936577112257043e-01
-5.285902393690088408e-01
-3.061622241088505780e-01
-1.288780325640519475e-01
-8.286352601513341520e-01
-5.151672207567257189e-01
-8.816662189852473297e-01
-6.708252300280614921e-01
7.777280890340462216e-01
-2.734476797010556015e-01
9.480319943361532609e-01
6.357643743628487165e-01
-7.790998653124777684e-01
-6.157665247064393332e-01
9.319405018022237641e-01
1.778818494418149543e-01
-1.155344646649697771e-01
2.602363799838165459e-01
-9.173823257722345526e-01
-5.734163027959791048e-01
8.462346540615699464e-01
-8.379110449394945315e-01
-9.291969909597915800e-01
8.343887279436950077e-01
3.510123809999741717e-01
9.992120735019898170e-01
7.214009120563891209e-01
2.862872176882462205e-01
7.234311296547517589e-01
1.449238378571942321e-01
-7.252563872215003205e-01
-1.826961239714284223e-03
-1.017884789704114057e-02
-4.834996299835287448e-01
1.052903126666445977e-01
6.897376383360599439e-01
9.187885405650888515e-01
-8.759318660303371251e-01
-3.382128368564853438e-01
-2.849401161643703162e-01
5.929736484325432988e-01
-6.679002962948430433e-01
-7.934256470468017408e-01
8.529599847134121671e-01
-4.148544013123532381e-01
-8.978088523086502626e-01
1.438097813226507649e-02
-6.302820797935098085e-01
9.532619398891617468e-01
6.389531363943766751e-01
-7.844753207925275751e-02
2.742318647298668810e-01
5.199263502066440168e-01
1.652752226789885592e-01
4.350703649073740971e-03
-7.842683778597960009e-02
3.175459859840946107e-03
-5.046814821563251341e-01
7.428691889037575269e-01
8.491055420705257983e-01
8.788534243503189902e-01
-2.774198710248232946e-01
9.439210356552112380e-01
2.547614182424640661e-01
-6.453625298136519417e-01
-4.734171742919917047e-01
4.608458126390245213e-01
7.651032381768709811e-01
6.986244160747694387e-01
-3.105186461349325813e-02
3.742788476712279322e-01
-1.118233745974692578e-01
2.143435152247904346e-02
3.072106036665421258e-01
-1.012599346305530779e-01
5.229711039919611171e-01
-3.621931935028961935e-01
-2.747053408180129552e-01
9.614336788100827924e-01
9.499112267657182640e-01
-2.645320535928233907e-01
-7.320587426992705149e-01
9.435856482384062938e-01
-7.537583371035614377e-01
-3.612904799067291339e-01
-7.162825124457021797e-01
1.855392633948119707e-01
7.036494291064555595e-01
-7.377104715176394656e-01
-1.268824605020847651e-02
6.171434550181609247e-01
-7.393771010789192966e-01
5.051084946386797947e-01
-9.053501925326784550e-01
9.731231738054434421e-01
-8.920437043430952118e-01
-8.670825631002079259e-01
1.000000000000000000e+00
1.253802089662465757e-01
8.930427845314682367e-01
1.945463404524524209e-01
1.422684873284510709e-01
4.950057114398728197e-01
-8.032596652515039404e-01
-2.063220704545700723e-01
6.382653924724397410e-01
4.088315872761819625e-01
-7.992492998246887304e-01
-4.218621982814947935e-01
1.323082094225149774e-01
-2.647379991828041623e-01
2.759303756821179232e-01
-3.456323830041760914e-01
7.310728995593867019e-01
-1.750626100073744418e-01
-6.098980792897125136e-01
-3.807471475167428787e-01
-6.098073376293112746e-01
5.677914223293921703e-01
-9.551583085815098517e-01
2.555991627121191323e-01
-9.092949361240558748e-01
-7.466676094086545090e-01
-3.307498907259598941e-01
4.505039529272377163e-01
-3.910700885773533142e-01
8.288648202104592633e-01
2.224375258220475104e-01
-4.347113166542040386e-01
-4.031022231175893644e-01
7.706114212755523774e-01
-1.824883576338599822e-01
4.094791385373497405e-01
-7.507391176914957054e-01
7.511658540772672144e-01
8.472057589291426272e-01
-5.276649628380544188e-01
8.729051905968137071e-01
2.874788366079477075e-01
5.824463346432218191e-01
-2.954932213371565530e-01
8.910516216909253329e-01
3.557785266222555642e-01
-5.666731894341637404e-02
3.452807741123290614e-02
-4.882994913833195727e-01
-2.219302149824062820e-01
3.459740891327500734e-01
4.443770763906374488e-01
9.392471990311586083e-01
-4.603497128734342358e-01
3.875895161412178935e-01
3.862212090685014365e-01
7.352974466752136840e-01
-1.049552865120937789e-01
-1.665225633697278440e-01
-6.773089978874277106e-01
1.000000000000000000e+00
7.102420455636057062e-01
-1.635539899892517468e-01
7.722003906130900930e-01
-6.962263726230669691e-01
8.382139601983261690e-01
-9.916969775356858641e-01
1.710723205392677970e-01
9.260447541363850954e-01
-9.559544015374309422e-01
1.424679591023360337e-01
-3.827744221838940142e-01
-2.726096208748018390e-01
1.889007419846192581e-01
1.918402121972826724e-01
9.098977765091753600e-01
-1.160240393317720775e-01
-4.863587421717430748e-01
5.092733652498403485e-01
-7.541054907505501115e-02
8.791837660270556132e-01
-6.762093653087861145e-02
9.077178854648958461e-01
