-5.395897999364821507e-01
6.677743519250975979e-01
-7.313739428392536379e-02
6.621996588625844726e-01
-1.000000000000000000e+00
4.418178755445538730e-01
7.092343276565662435e-01
1.248601084527276722e-01
1.902040364604273004e-01
6.895895239054686821e-01
-1.000000000000000000e+00
-8.649353668337546042e-01
2.303496355364786641e-01
-2.047512506397335952e-01
5.867754498497659288e-01
-6.245301160225308346e-01
9.274050244983200741e-01
-5.589768537877044530e-01
-4.402011341186613802e-02
-5.323210426312303678e-01
-7.464579202979242378e-01
-8.834761280503211633e-01
2.153121149880802276e-01
-2.626455467310095937e-02
-1.957408046747990404e-01
-2.490997051838663712e-01
-8.585216475000307934e-01
4.340926474658343137e-01
-3.455296861344451242e-01
-2.821463306997531451e-01
-1.936700424415531419e-01
-1.245372837255994541e-02
-1.143338337509443303e-01
-9.352606885764318534e-01
9.635918793034891072e-01
-1.031757520412294460e-01
-8.991735651781164185e-01
-4.139499580722019734e-01
-3.832374965491220364e-01
9.004666140141772690e-01
-6.284151842502821994e-01
-9.784592764340785398e-02
-2.532506522833353202e-01
2.128502231695095226e-01
4.361442163094853552e-01
-8.425409370194640868e-01
-2.592787873166446655e-01
5.698871866952158471e-02
-4.922612789778694209e-01
9.159080148948942068e-02
4.663028975817659627e-02
-9.363684906174366551e-01
-2.066962334785449329e-01
-1.731428444418945667e-01
-2.817410023586703893e-01
6.602747152895924176e-02
7.933968872597259026e-01
7.551547495495191109e-01
-5.806375028540797789e-01
9.021536158266885153e-02
3.959816261723503317e-02
5.943146484132388885e-02
3.737362463670228507e-01
3.934508662561375658e-02
6.030065121767846925e-02
1.000000000000000000e+00
-1.006115801594380521e-01
-2.688959797330826018e-01
-6.132448120112314882e-01
1.000000000000000000e+00
-8.548482051134793647e-01
-7.826271131593762753e-01
1.000000000000000000e+00
-3.152664175590408346e-01
9.797288377606443444e-01
-3.692859400326030661e-01
-2.383604765362956623e-01
-4.330935061508031092e-01
3.523035057534362746e-01
2.698248519627866049e-01
7.869496922192171784e-01
-6.743092776167876057e-01
-8.229558617584125102e-01
-7.974034192729788639e-01
-1.000000000000000000e+00
8.917536269406595162e-01
-1.000000000000000000e+00
-4.689229602471640113e-01
9.218406736777614574e-01
-5.793162342038629120e-01
-1.021208435928445957e-02
-1.626312638846356684e-01
1.784108573514109897e-01
-7.006686979902791990e-01
-2.012178567817479724e-01
8.782732345948076613e-01
5.664443683436625188e-01
-4.296807887311928642e-01
1.175277318263087852e-02
1.566404908049041644e-01
4.737496647100911673e-01
-5.791415950497726950e-01
-4.306648017985914012e-01
3.490152839011482211e-01
2.606097541506817716e-01
-3.618968020269693331e-01
-8.732917691580492914e-01
4.050724043969620713e-01
6.496547596459207874e-01
8.745025926974587804e-01
-3.675906273572445149e-01
-6.941900485474317151e-02
-2.962813695118706736e-01
-8.518645908702067171e-01
-1.942979717039105547e-01
-5.457316881518248231e-02
-9.839836743343761682e-01
5.101364025053154450e-01
7.736706218499370680e-01
-1.542199317136032644e-01
2.045790338067638159e-01
1.443100227788623180e-01
-2.937528543992611318e-01
9.604553907924426870e-01
-2.499007606331170583e-01
8.664204812463264238e-01
-3.125031508393525392e-01
-4.027298966790644474e-01
-3.793941553200650407e-01
-9.238320828672992313e-01
-6.771948325308962957e-02
-7.089150376943409437e-01
-4.000028415948777560e-01
-9.900773685498092114e-01
-3.894710218985220074e-01
5.413138689033385464e-01
-4.236384729416461381e-01
-4.523061570616841998e-01
-9.350373779576104383e-02
1.345902209265548710e-01
-7.636118958337695384e-01
-6.586786121812061578e-01
8.320653234291617295e-01
-9.119088707791819237e-01
4.699581716301354239e-01
9.431789013438169889e-01
6.142951534454661466e-01
-8.215390315055657311e-01
-2.954149724036734259e-01
2.483846345612783502e-01
-1.156571066608347992e-01
1.000000000000000000e+00
4.749952246937475531e-01
-5.442763825392759047e-01
6.162034635547120054e-02
-3.608450344251892261e-01
1.000000000000000000e+00
-5.035304115248997459e-01
-1.992525082728581198e-01
-6.609600292426340840e-01
4.642560982956915883e-01
-1.321890954449611577e-01
3.855699120884598652e-01
-7.429053481027740879e-01
-2.677484882773562003e-02
-1.000000000000000000e+00
-3.874525291022064000e-01
-8.667635312696704286e-01
-1.000000000000000000e+00
8.662106875384447680e-01
8.397056176161690200e-01
1.242775562570899162e-01
-4.403515035601913152e-01
7.921471776500296769e-02
-3.892262307043081737e-01
3.660572343112851734e-01
-3.042635177408737901e-01
5.121059189858087057e-01
-9.104283014547388531e-01
9.862189285801048477e-02
1.000000000000000000e+00
8.564912680631158182e-01
8.536918068759042910e-01
9.020221639358509957e-01
1.182270077179334578e-01
-2.676726811782430548e-01
-5.958294573244216075e-01
-7.242214760131069351e-01
8.160192320973413960e-01
1.779047899885975725e-01
9.242065840017380518e-01
3.311830441344068010e-01
4.333341525905311520e-01
-2.683141865266143178e-01
7.296580620624948388e-01
-1.000000000000000000e+00
-6.761191769893891423e-03
1.238134001640129878e-01
2.635561724774059811e-01
7.161533570317281105e-01
7.018783754581500167e-01
9.732215630991246647e-01
-1.146913383051772900e-01
-8.715200856879803948e-02
-9.514749545977276846e-01
-7.157323688367038805e-01
7.366977268007324220e-01
4.785927106260058905e-01
3.077748429103471794e-02
-4.791305712432070152e-01
-1.056669288539442420e-01
4.032231432999364151e-01
6.028645236521092965e-01
4.145461376242484119e-01
4.211174177260564866e-01
-1.770906266301641718e-01
3.909076229663965840e-01
5.138258877916095368e-01
-5.951865026539393533e-02
5.847934200516791137e-01
-5.234610300035642538e-01
6.655693438702265929e-01
7.568170485906053901e-01
2.355414264191661999e-01
-6.717947463449003287e-02
-6.299806459468273445e-01
6.925093465631073641e-01
6.900260613654320974e-01
6.538134846843781656e-01
1.394654488789229263e-01
9.324731950025736404e-01
-5.255063454841822634e-02
-5.447087791124805012e-01
8.467456589933951561e-01
3.789198085534129512e-01
9.657948033503123142e-01
1.771473833268779607e-01
5.025835024340989943e-01
3.879721827203441720e-02
7.772245396402477358e-01
5.432874235289909537e-01
6.418179088489677220e-01
-8.901694785613725180e-01
9.171968498360276723e-01
-8.110173957309909643e-01
-5.802829796405591933e-01
-2.025741398927337622e-01
-5.079125655724280319e-01
-2.154438665547042664e-01
5.435079836209023851e-02
1.000000000000000000e+00
9.523335564472340531e-01
6.086668509527686233e-01
-7.427522023356257774e-01
-3.302930710877223230e-01
-3.401993022097808961e-01
5.517448861792051407e-01
-5.005684317930945981e-02
5.106552426712686055e-01
7.642084246465284669e-02
-2.373438323402019545e-01
6.516441134111367051e-01
-3.033215004206780141e-01
-7.347059797296927597e-01
-5.681148321445175231e-01
