-3.751087998677105073e-01
7.327906625770910232e-01
-6.304715929801352203e-02
6.621996588625844726e-01
-1.000000000000000000e+00
4.418178755445538730e-01
7.092343276565662435e-01
8.730463032543200885e-02
1.871357381496663308e-01
6.676462964851224147e-01
-1.000000000000000000e+00
-8.005292969153421367e-01
2.356757134038116042e-01
-2.047512506397335952e-01
5.348707453647512100e-01
-6.308999626938165406e-01
9.138478816886594913e-01
-5.589768537877044530e-01
-4.402011341186613802e-02
-5.323210426312303678e-01
-7.464579202979242378e-01
-8.834761280503211633e-01
2.704811668764957044e-01
-1.037499003048067969e-01
-1.957408046747990404e-01
-2.490997051838663712e-01
-8.585216475000307934e-01
5.781276382696420857e-01
-3.230931238336298694e-01
-2.930860654158211620e-01
-2.190472358511541540e-01
-4.497093114635686284e-02
-1.231869145752075845e-01
-9.352606885764318534e-01
9.298857188834044329e-01
-8.480108549320131139e-02
-9.157360420078990426e-01
-4.174873480752068211e-01
-3.832374965491220364e-01
9.004666140141772690e-01
-5.793050872732621315e-01
-1.127629830664467203e-01
-2.532506522833353202e-01
2.128502231695095226e-01
4.151240123385231406e-01
-8.392124621155800934e-01
-2.592787873166446655e-01
4.722678041070915711e-02
-5.567268868966794848e-01
4.416266954438241576e-02
5.300027415788144403e-02
-9.363684906174366551e-01
-2.066962334785449329e-01
-1.152981982709591069e-01
-2.817410023586703893e-01
6.301209012492003936e-02
7.933968872597259026e-01
7.027774070487073921e-01
-5.806375028540797789e-01
9.021536158266885153e-02
3.959816261723503317e-02
5.943146484132388885e-02
3.737362463670228507e-01
3.934508662561375658e-02
6.030065121767846925e-02
1.000000000000000000e+00
-1.006115801594380521e-01
-2.274163378429603921e-01
-6.866609892042205843e-01
1.000000000000000000e+00
-8.548482051134793647e-01
-7.826271131593762753e-01
1.000000000000000000e+00
-3.512594058568369038e-01
9.797288377606443444e-01
-2.752145133897814233e-01
-2.383604765362956623e-01
-8.081085469771860375e-01
3.523035057534362746e-01
2.698248519627866049e-01
7.869496922192171784e-01
-6.559286631079024321e-01
-8.229558617584125102e-01
-7.974034192729788639e-01
-1.000000000000000000e+00
9.976039924717166052e-01
-9.958337337775031717e-01
-4.689229602471640113e-01
9.218406736777614574e-01
-6.341794695073303956e-01
-6.082034701593830306e-02
-1.626312638846356684e-01
2.097996598226269938e-01
-7.157365841832150632e-01
-2.012178567817479724e-01
7.924175716832706495e-01
6.211104600881649507e-01
-4.296807887311928642e-01
1.185630101722878749e-02
1.566404908049041644e-01
4.916628138131641235e-01
-5.791415950497726950e-01
-4.306648017985914012e-01
3.490152839011482211e-01
2.606097541506817716e-01
-3.130550958613542711e-01
-8.715740362177281098e-01
4.050724043969620713e-01
5.719638730036005203e-01
8.745025926974587804e-01
-3.989319029750717505e-01
-6.941900485474317151e-02
-3.604901427584001894e-01
-8.518645908702067171e-01
-1.942979717039105547e-01
-1.214175845804470466e-01
-9.839836743343761682e-01
5.101364025053154450e-01
7.736706218499370680e-01
-1.542199317136032644e-01
2.328175016736059866e-01
1.144293047389888240e-01
-3.200700347689857672e-01
9.604553907924426870e-01
-1.896988511280558454e-01
8.246656044838389654e-01
-3.125031508393525392e-01
-4.027298966790644474e-01
-3.793941553200650407e-01
-9.456296870615708006e-01
-6.771948325308962957e-02
-7.089150376943409437e-01
-4.000028415948777560e-01
-9.900773685498092114e-01
-4.683776338150096308e-01
5.413138689033385464e-01
-4.236384729416461381e-01
-4.523061570616841998e-01
-9.350373779576104383e-02
1.754944398108768677e-01
-6.988848762007293658e-01
-7.147381772673593314e-01
8.320653234291617295e-01
-9.492996885593698586e-01
5.308656156790045877e-01
9.431789013438169889e-01
6.319783913919461149e-01
-8.215390315055657311e-01
-2.850876422706887237e-01
2.483846345612783502e-01
-1.232177302482435621e-01
1.000000000000000000e+00
4.749952246937475531e-01
-7.999255851981317278e-01
6.162034635547120054e-02
-3.608450344251892261e-01
1.000000000000000000e+00
-5.035304115248997459e-01
-1.992525082728581198e-01
-6.609600292426340840e-01
4.642560982956915883e-01
-1.321890954449611577e-01
4.137730001952371062e-01
-7.429053481027740879e-01
-2.677484882773562003e-02
-1.000000000000000000e+00
-4.445804999169964411e-01
-8.667635312696704286e-01
-1.000000000000000000e+00
8.662106875384447680e-01
8.115965619423571864e-01
1.242775562570899162e-01
-4.403515035601913152e-01
-6.064846282971569913e-02
-5.026062966897365536e-01
3.756759260947886148e-01
-3.042635177408737901e-01
5.121059189858087057e-01
-9.034671240653092683e-01
9.862189285801048477e-02
1.000000000000000000e+00
8.564912680631158182e-01
8.536918068759042910e-01
9.020221639358509957e-01
2.986869259217537209e-01
-2.676726811782430548e-01
-5.958294573244216075e-01
-7.242214760131069351e-01
4.954914337653750778e-01
1.730769742617304097e-01
6.536726476333809543e-01
3.311830441344068010e-01
4.333341525905311520e-01
-2.683141865266143178e-01
7.296580620624948388e-01
-1.000000000000000000e+00
-6.761191769893891423e-03
1.238134001640129878e-01
1.639741436959516463e-01
7.098748026706769298e-01
5.786106467797085262e-01
9.790176120042848318e-01
-1.206303684866250614e-01
-6.047771956496594825e-02
-9.590143975902962747e-01
-7.526855045314266857e-01
7.366977268007324220e-01
4.785927106260058905e-01
3.077748429103471794e-02
-4.791305712432070152e-01
-1.056669288539442420e-01
3.972016519585843675e-01
5.733814921755562288e-01
4.145461376242484119e-01
4.443264901069055028e-01
-1.770906266301641718e-01
3.909076229663965840e-01
5.138258877916095368e-01
-5.951865026539393533e-02
5.847934200516791137e-01
-5.234610300035642538e-01
6.724554035159080456e-01
7.275078550781470810e-01
2.355414264191661999e-01
-6.717947463449003287e-02
-6.299806459468273445e-01
6.925093465631073641e-01
6.062365120898582926e-01
6.712482466874278852e-01
1.394654488789229263e-01
9.898572521909621003e-01
7.026011586683256205e-02
-5.447087791124805012e-01
8.467456589933951561e-01
3.789198085534129512e-01
9.657948033503123142e-01
4.461772111579367373e-01
3.090309976119274271e-01
3.879721827203441720e-02
7.772245396402477358e-01
5.735724983113079656e-01
6.418179088489677220e-01
-8.993848650793894173e-01
8.026215146496269437e-01
-7.588642010252939496e-01
-5.802829796405591933e-01
-1.925710759297252217e-01
-5.417923010031999720e-01
-2.154438665547042664e-01
9.432992877150625510e-02
1.000000000000000000e+00
9.084439105480475174e-01
6.299206787327551460e-01
-7.769470289885944680e-01
-3.302930710877223230e-01
-3.401993022097808961e-01
5.517448861792051407e-01
-5.005684317930945981e-02
5.187205617295490567e-01
7.642084246465284669e-02
-2.660649247845627841e-01
6.450800595761112533e-01
-3.033215004206780141e-01
-7.317132200444173007e-01
-6.175237201816987653e-01
