9.210589411010607908e-01
-9.274898332861683525e-02
-5.921254103826679716e-01
5.217756503745973884e-01
2.654576977111304803e-01
3.444599005867612362e-01
2.512398100630111597e-02
3.096308262305421666e-01
-7.638304258552088832e-01
-9.354936000656053352e-01
-4.023575998434116285e-01
-4.787696550637524084e-01
-9.512645036990613479e-01
3.454535515853107697e-01
-5.676682051221121350e-01
-5.917001806291866117e-01
1.384024787783183497e-03
3.138224780785685564e-01
3.533823316675494541e-01
3.463381866827799915e-01
-5.589904744735525455e-01
1.560030493667059481e-01
-3.934309792018306218e-01
-5.451372220250787493e-01
-3.742461747484850942e-01
-1.110533545486419305e-01
1.086514396555814110e-01
9.960804775922196264e-01
2.649340205454788211e-01
1.851852426650622829e-01
-1.000000000000000000e+00
7.063481484727036630e-01
-7.382984906024742111e-01
5.617704962859706302e-02
9.922312172673118935e-01
9.821578602503432398e-01
4.168037651460616000e-01
-1.324780910322067018e-01
1.000000000000000000e+00
-5.044959246456934276e-02
1.384262928256440872e-01
4.160287927311715483e-01
-1.722599912122353416e-01
2.492151636693153982e-01
-4.459217556506078761e-03
-4.188603438506345311e-01
8.859056342938873563e-01
-5.332448285162184887e-02
4.278492364223910327e-01
-9.470395593545498647e-01
8.311566564200467688e-01
7.888062958224911769e-01
1.472642017442617017e-02
-1.637327451743052775e-01
-9.727717038475210964e-01
6.550668093005244941e-02
5.314300298549408108e-01
3.134084606837071463e-01
-8.008545492922103382e-01
-6.528413920519630098e-01
-7.808803588647321714e-01
4.529764535213954835e-01
-2.934749863887114452e-01
7.456460016590967799e-01
-5.719510830471812302e-01
2.035037168560547838e-01
5.266252171344854016e-01
-9.278424496687187606e-02
-8.155579465490389035e-01
1.159684920510494210e-01
1.000000000000000000e+00
7.448716077979209427e-01
5.779798193638631121e-01
-3.785409800174429490e-02
-5.821550716885908194e-01
3.421360859673764354e-01
6.907624275422445947e-01
1.861084168380340575e-01
3.975879594464014621e-01
-1.920225058105617943e-01
-3.542650877911581175e-01
2.647539860077877671e-01
8.231296021668200735e-01
6.304732089572327725e-02
8.263111067674944188e-01
5.818735914634418638e-01
-3.000373144648773097e-02
-9.655938765133257329e-01
-7.317220726290182276e-01
8.224837100506007248e-01
4.924006390229633268e-01
5.118181423055697676e-01
-7.724325615099003617e-01
-3.930612087718018954e-01
-4.205116506161857282e-01
2.754711076168002148e-01
-9.384945210856808773e-01
3.575341628872004129e-01
1.357066623655749787e-02
4.651699866423526508e-01
-3.980601842098471232e-01
-1.253073508073219156e-01
5.959323210765558043e-01
8.090274403380303125e-01
4.964982507012458690e-01
-2.466063345064635204e-01
-9.205450332526501356e-01
8.486961499778913898e-02
3.994251996485501666e-01
4.779148498566173631e-01
2.448768863707998511e-01
-7.183879834494429906e-01
-7.755715915140337646e-02
4.845340701623530588e-01
-7.330530307049319960e-01
1.699358242960105903e-01
-7.804327614807884950e-02
6.343516175736019225e-01
-3.710727144141709455e-01
1.274950973600412207e-01
-6.109116177334016351e-01
2.466309848195316068e-01
6.015799832159565708e-02
2.241427938616857851e-01
2.700079814921522159e-01
2.504426621817662513e-01
9.831949865144905543e-01
9.090825884834019543e-01
-1.000000000000000000e+00
-1.000000000000000000e+00
1.000000000000000000e+00
-9.146310339631743558e-01
6.508612057745436497e-01
-3.561335928097306702e-01
7.020619152066897017e-01
-1.965996334374955912e-01
3.132387129756414312e-01
6.198670959027976490e-01
1.000000000000000000e+00
4.789749411185268424e-01
5.113023773613007972e-01
8.474519499813066847e-01
4.463541133684840179e-01
8.233050695393159257e-01
3.407451184854722315e-01
-7.414011833808759055e-01
-8.207761128402666362e-01
6.617506328533558912e-01
1.981977409722777139e-01
-2.581901045100398751e-02
-2.607191062733597020e-01
9.584227819881512289e-01
-1.935806213752465921e-01
3.448719170547859258e-01
6.254114020525624040e-01
-1.062759515398455507e-01
-1.343597827672363132e-01
9.037374730244432941e-01
6.541083319590657030e-01
-3.458841362587482537e-01
-6.566475554099192591e-01
-8.952739657950208318e-01
-1.427646435355556520e-01
-4.579992893412263566e-01
7.769068384839910024e-01
-3.875940764667792915e-01
-1.000000000000000000e+00
-8.009980498940787175e-02
-2.722626989341476733e-01
-5.222722312316781940e-02
6.458841063909972480e-01
-6.727219574824619408e-02
-2.596224346815683703e-01
-3.567881597103215174e-01
7.427044455892951591e-01
-1.000000000000000000e+00
-5.153615956931305586e-01
-4.104341641739696622e-01
9.278556791660128589e-01
1.048091819951900150e-01
1.434885475745519279e-01
8.155686905343348947e-01
2.422815096342799679e-01
-3.038159796000574064e-01
2.298249830777293612e-01
-6.186171290180234594e-01
-5.230798208565077267e-01
8.231323028674452091e-01
-2.137516352739652903e-01
8.442959801104065187e-01
7.463120655941114512e-01
-9.151040168495875315e-01
3.653833143650879745e-01
-1.124654094998812776e-01
-1.000000000000000000e+00
5.662130079629651425e-01
-7.539543721292260026e-01
-3.639440431147080157e-01
6.599151429611210817e-01
-3.973317982439601992e-01
-3.302515883944506792e-01
-8.709331375636244488e-01
-3.012072807893807491e-01
2.016768749205895273e-02
7.041342745318285301e-01
3.349787762068699992e-01
9.018040209773199312e-01
-6.333494801965122711e-01
5.723960258162882342e-01
3.964719001613429827e-01
7.772434441039745012e-01
1.282209002493437389e-01
9.679043257850186155e-01
5.698543575822371254e-01
5.635153154192029668e-01
-3.608526097517036346e-01
8.280541420218349158e-01
4.606491991059893376e-01
-7.048260188425111705e-01
-3.820585233302556394e-01
-9.659144432295008187e-02
6.520698289834875316e-01
7.622527029628629602e-01
-6.254335154983170497e-01
-6.451672883828701854e-01
-6.119814777048544485e-01
-5.196343623115584620e-01
4.819494508657977405e-02
-1.116812636905505501e-01
3.837330108999696676e-02
-7.264218300850483478e-01
-6.132598289798093516e-01
-4.162166252003205447e-01
-2.828949203060678874e-01
-9.289307440656945358e-01
3.302631264233984315e-02
-5.128656867695120525e-01
-3.974276453762435324e-01
1.785987514525718689e-01
5.112053619140344285e-01
-1.000000000000000000e+00
-2.557879751159118364e-01
7.059942822376029659e-01
-5.354665630634719564e-01
2.627569899441904999e-01
9.691128155420829504e-01
-1.012330429865840320e-01
-4.211263282085218052e-01
9.943957451379981105e-01
6.848795288708104945e-01
-2.962626129310349521e-01
-7.705351191510615427e-01
2.830621552485790282e-01
-2.655683752469939485e-04
-2.240238949661192969e-01
-1.719805165793540924e-01
2.445239720389675853e-01
5.234253789031246829e-01
7.096071398088255044e-01
4.565016897007240226e-02
1.000000000000000000e+00
-7.749281849491198582e-01
-6.213805341969260709e-01
4.331974034531997364e-01
-7.026923137359155636e-01
