3.640836830977996902e-02
-2.397296605243281475e-01
-4.288509644051984315e-01
7.399580671233647600e-01
-3.014439484718191564e-01
-5.796871550589270949e-01
-1.000000000000000000e+00
4.686919994257277011e-01
1.000000000000000000e+00
-5.799580864775666367e-01
-1.520771600892314446e-01
3.901423025509153653e-01
-7.480269977611816445e-01
-6.058920957887983239e-01
4.250539415876711802e-01
-4.049846995877492972e-01
-1.000000000000000000e+00
-7.796976508758921565e-01
-3.737953734941624750e-01
-5.249957776080813598e-01
-2.250894751214164990e-02
-5.336700971006778094e-01
-6.324322162993433194e-01
-6.277223136941253445e-01
-7.036693610334706639e-01
-4.502895237305423182e-01
8.318087701692766789e-01
-7.170905199946143727e-01
-8.448432993797063695e-01
7.830763965290989947e-01
-3.789645234366019189e-01
-1.859368636506416594e-01
3.998925004229693658e-01
-5.531481278474044139e-01
1.295925221652251547e-01
1.000000000000000000e+00
-8.456245055855449166e-01
3.277765844515843074e-01
2.309329003398057079e-01
9.605286275042395072e-01
6.199619644419385178e-01
1.000000000000000000e+00
5.126347306569258855e-01
-3.480354714521843862e-01
-7.253888291032702107e-02
1.568713340176414173e-01
-9.051656700233834396e-02
-1.339887092414217551e-01
-9.709252395804053304e-01
2.694102844201690106e-01
5.347667966303419895e-01
-2.547498273690522730e-01
-6.743362141463205006e-02
1.578505423658788376e-01
-4.373415396806706879e-01
-2.862625165099764168e-01
4.876250136779157196e-01
-7.027661017477415673e-02
2.395831384907031736e-01
6.066447921322020154e-01
-4.141863630092648130e-01
-2.630553302639001001e-01
9.580808537465984598e-01
5.450705336437667858e-01
-3.434825496241303844e-01
2.735655632907643131e-01
-1.000000000000000000e+00
-3.564571746710765154e-02
5.687260477599322961e-01
-6.943046591230451758e-01
8.105064031151101300e-01
-1.000000000000000000e+00
-8.295375901452968215e-01
9.874492414855016165e-01
4.557732514923744094e-01
7.406439047273366549e-01
-5.135330908593633836e-01
5.558725289637216349e-01
4.085551931841625573e-01
-4.290807455712156715e-01
9.208103834570882107e-01
-9.667305588125504334e-01
4.049775053233374555e-02
8.541169763207395738e-01
3.667416498513947909e-02
1.600368818304448992e-01
5.206295858447211877e-01
-8.795728351663527622e-01
-2.019401640172291124e-01
7.288889743546577149e-01
8.709923734660107719e-01
1.910622928005300813e-01
-8.293884611692866615e-01
-4.925650641698582355e-01
-7.644961754464056902e-01
1.798662339563870116e-01
-2.715164298320352776e-01
-2.400134188851216488e-01
-9.369342187799304389e-01
7.892331402480515790e-01
6.740564811511529086e-03
5.379022128306395478e-01
6.945577336272285018e-01
-5.324695169537152495e-02
7.063665486337078470e-05
-7.257669813699020589e-02
-5.372068666752833899e-01
-9.130527355698320885e-03
-5.041410703103095248e-01
4.146351933432969039e-01
-7.508525535950976160e-01
5.650025486173333444e-01
3.553603473373220245e-01
7.560209044215899787e-01
1.266472205915731286e-01
-3.641217201350432364e-01
-2.130798466407412273e-01
-4.523716875722494368e-02
1.337758228934796678e-01
7.713840008375230095e-01
-7.351636196672984847e-01
7.268437487011640830e-01
-8.505864110160198110e-02
7.795534942700302339e-02
6.984579910729524221e-03
-1.057318309262132716e-01
8.743473496384869259e-01
3.878792649279068083e-01
-8.489969722348595926e-01
-7.307950603329389505e-01
5.887034444848617820e-01
1.309291193724001212e-01
6.156664953874855239e-01
1.918409870516108451e-01
-8.813780808710824921e-01
-7.477601277345475861e-01
-3.924378050189142875e-01
2.850265998646283050e-01
9.968723301063359132e-01
-9.263514241508701286e-01
9.469136335223697631e-02
3.647901376206175161e-01
8.329766543733169160e-01
-1.984268070948824736e-02
4.174714669580669169e-01
8.329882065072378161e-01
8.523346482885633124e-01
2.614978116407303821e-01
-6.129832041259879460e-01
8.277835431648705722e-01
2.960813098344899363e-01
-2.393279186871609399e-02
3.989838596713967123e-01
-9.181073897153146923e-02
6.573342578889288523e-01
8.634975463467661760e-02
-5.799709802430992323e-01
-5.337921269539894764e-01
-3.091444006777514519e-01
8.641777872684176520e-01
-2.219631243974137247e-01
7.934251059864929623e-01
-2.082853866514740027e-01
4.040851391009294691e-01
-8.153740292364032305e-01
6.291850805947288849e-01
-1.000000000000000000e+00
3.495935426143964575e-01
3.796271363292109680e-01
7.773895291026398091e-01
8.082656373376972958e-01
-2.876605845298613184e-01
3.829226453168639299e-01
-1.175939238892225458e-01
7.524237038348571271e-01
8.913345614809320416e-02
1.000000000000000000e+00
-2.307879488031419069e-01
-7.850064931213953656e-01
9.450889301462056524e-01
3.432746633385888591e-01
6.769053121446777510e-01
-6.325375688070529190e-01
-4.003122948830957206e-01
-9.890296478006221914e-01
-5.023372640461820637e-01
-7.897802134982180311e-01
-8.934257457218185428e-01
-4.391701222282343720e-01
-1.000000000000000000e+00
5.798340621394016958e-01
6.197517408618857804e-01
7.080102537502136473e-01
-7.161224622377132532e-01
-7.320213805174113908e-01
8.610362203181745056e-01
3.654673265115989667e-01
-6.181899081271613472e-01
9.086456643798668242e-01
-6.508075534558361852e-01
7.646652353669748381e-01
-7.269913812513354445e-01
6.946399273626998605e-01
-5.301661483266691954e-01
5.108868422271531928e-01
3.175025135047780389e-01
4.059863824926700504e-01
-7.739241140436833311e-01
7.029165846306619780e-01
6.963410709275724697e-01
2.334582142589028131e-01
2.615084740451842915e-01
5.774946965506485563e-01
8.309818361182907953e-02
2.839260258260985215e-02
-4.708733354567602447e-01
3.310742230886047910e-01
-1.693565494512001557e-01
-9.053067489805890489e-01
-5.496820497660608318e-01
3.746942143773940859e-01
7.944908395869186846e-01
1.575893580373906033e-01
1.000000000000000000e+00
1.843451243524161232e-01
-3.160491568942023211e-01
7.697277204342797274e-01
7.094261477090963997e-01
-8.095488974163800311e-01
-5.097088329934400530e-01
-8.373638364511215570e-02
-8.152571784408109146e-01
8.776900115224989252e-01
9.171679099403002855e-01
8.449090939569300907e-02
8.111720600560412553e-01
-5.922720785389870013e-01
-6.026723840211375416e-01
-1.787510086543292465e-02
5.480579648227068557e-03
8.253705842595314701e-01
-1.276678814552138219e-01
9.420283348610920537e-01
-1.000000000000000000e+00
3.722264205661973135e-01
9.573885059849315260e-01
-6.082822454642409227e-01
-4.922449070612352484e-01
-4.357060471037707550e-01
-1.009369283109494142e-01
7.209612296671040754e-01
-9.718420059298323865e-01
3.502139685837886152e-01
-3.549250754296533472e-01
7.483333197292798555e-01
-2.011601439921385792e-01
-5.504549408077986650e-01
-8.743154477356731569e-01
7.904827862994454613e-01
-2.119524491017954482e-01
-7.725103354035286474e-01
4.248493082568734480e-01
-6.552839633842850731e-01
7.401497469391105088e-01
-1.276630957344437878e-01
