-5.902288536812503317e-01
-2.296279589470969495e-01
-3.920826987681568232e-01
6.343236009953229226e-01
2.273189274430603701e-01
3.991853984254611909e-01
4.827129318252795231e-01
2.443636881224014457e-01
5.840642338125011379e-02
-3.163650590318192179e-01
-3.677790264650045993e-01
6.837420415045925015e-01
-3.067009388628323396e-01
-2.553885325921556593e-02
9.926140910289771302e-01
-1.380420344656005660e-01
-1.345980466892571226e-01
-1.770587837096168349e-01
-9.423217931418471638e-01
-2.887532579380940323e-01
-5.932825843504949681e-01
6.120776494392387024e-01
-4.447938024312835248e-01
-2.959225960392877219e-01
-9.763559113106458076e-01
6.666738773275147079e-01
-1.593219439059967435e-02
-1.000000000000000000e+00
-8.561730315844295891e-01
1.421444337651229795e-01
-4.685439039838182884e-01
9.955400568513925741e-01
-2.542544926563234942e-01
-5.259796124139539675e-01
-3.499662932389563941e-01
8.611414393864716965e-01
-8.133733945347538796e-01
-7.109640976116816669e-01
-1.977937801687047192e-01
-4.886109953780612414e-01
3.820469787992206712e-01
8.574074163060252385e-01
-5.440971117530601919e-01
1.889535348155663153e-01
8.048038507691589460e-01
5.916889379032579388e-01
9.760695496151355899e-03
3.604039981028850370e-01
1.000000000000000000e+00
3.131100894547643732e-01
-8.990677688691774971e-01
-1.489943058005731014e-01
-6.661070013527088385e-01
2.216857684046030508e-01
-9.788482741017011657e-01
-4.889264396938863833e-01
-4.505095103359341158e-01
-4.229845375353291637e-01
7.823342652909828221e-01
-2.281021643670445020e-01
4.474215953035292070e-01
5.668830036935472716e-01
1.205417368801560002e-01
-7.491774014827696782e-01
-3.177489473255369901e-01
5.392876888738601382e-01
6.658553829953766101e-01
1.905650695586957322e-01
-6.658723609472135818e-01
4.407488848410978655e-02
-6.325674547052622110e-01
-1.461892042911167311e-01
9.293174077201843408e-02
-9.784595930450109558e-01
-2.974776254334432490e-01
2.625144374172958539e-01
9.405148265361324977e-01
-8.495205630848428058e-01
-2.803250215250023269e-01
-1.587736766071919381e-01
7.118420297397017871e-01
5.506051769049553624e-01
-6.317003241223380083e-01
-7.223274024290926576e-02
7.981821066137455567e-01
-9.823152330316303749e-01
-7.519077038323187523e-01
8.490359966428274729e-01
-1.259787492764889993e-01
7.257306938746173053e-01
1.464513739220050237e-01
-5.012665259213894275e-01
6.561308746052179064e-01
-2.050493937396077326e-01
-4.167986254565816395e-01
-6.121286138708647434e-02
8.411436766627267136e-01
8.194258466687354137e-01
-5.547538291470872629e-01
-5.055992820484329631e-01
1.000000000000000000e+00
-1.596968266588030816e-02
-4.287317369974857351e-01
-4.421553684790111571e-01
-1.047156093868666371e-01
4.426146870879008599e-01
-3.200938697223540963e-01
3.156121587749803337e-01
-1.114256223986329619e-01
7.736096848274465199e-01
-7.761428829668596263e-01
4.625039482132630164e-01
-6.796450096982050715e-01
6.475725064700752487e-01
4.725845944310075319e-01
-6.811554549297390571e-01
-5.671408185605486540e-02
-1.289139241981540063e-01
2.874740524972072345e-02
1.412235193458720173e-01
-8.150203347422776412e-01
1.887483774970419859e-01
-8.692251133631029303e-01
-6.087772098725613423e-01
-2.396507113438668402e-01
4.554841993016753299e-01
6.734015841594543916e-01
3.680748683712117275e-01
8.762772892925493329e-01
-9.004914327284903042e-01
1.000000000000000000e+00
4.241115522899315260e-01
4.122078812692882011e-01
-9.258768160865854524e-01
-8.741885049369121363e-01
-4.046801329490090637e-02
1.686446644614089663e-02
-7.856846327764489546e-01
7.204030788282853592e-01
7.781710815597050468e-01
4.507756854876222574e-01
7.450439068204848247e-01
-7.104067993848834917e-01
-2.635152397494439080e-01
-5.316312589540226341e-01
-6.544228321281757577e-01
2.670516040852366491e-01
-1.158979333659002076e-01
-1.512470366599966975e-01
8.138176639446897953e-01
-6.769586132446910043e-02
2.637300001320022069e-01
2.890874808784434924e-01
-3.773722002925115615e-01
1.358755706623437365e-01
2.123586896887638409e-01
7.013018445915999433e-01
5.416258964211397853e-01
-6.773630290555021638e-01
-4.091764066193397387e-01
1.000000000000000000e+00
-7.526859793401816656e-01
2.327285997897704795e-01
-4.667941105907214006e-01
-6.303564833854897742e-01
-6.091497380025348019e-01
-7.838842108405661424e-01
7.239735470945239948e-01
-5.902120465220839218e-01
6.768637138141569976e-01
2.339556001234892046e-01
-9.023152637855553770e-01
6.679874141409416488e-01
-5.699297389161603888e-01
-2.496452450236780196e-01
5.052058307696429829e-01
6.901537555391988876e-01
-9.776413295464113640e-01
-3.155380445207949247e-01
6.135724734646427203e-01
7.172267583254104961e-01
-1.245496488746507258e-01
9.395111319600760735e-01
1.583842608229522053e-01
-3.356960680609948899e-01
1.324517001873300459e-01
-1.000000000000000000e+00
7.176579060578239244e-02
-4.352050503158713668e-01
-1.000000000000000000e+00
-3.449011485353728479e-01
9.426339234420927360e-02
-6.581274454984430422e-01
3.426665080529698315e-01
-4.676869879956961906e-01
-3.006796637405407258e-01
-4.776687014698915990e-01
-6.687057652800634244e-01
1.863859353410513703e-02
-2.590309782843311925e-01
-6.840623509762344678e-01
-1.276369866359976790e-01
-6.666523648266340363e-01
-7.352580375338403362e-01
-5.028267772123310442e-01
-6.727739530575320703e-01
9.810224335832905540e-01
7.005820046052548822e-01
3.664632010880277679e-01
-1.959222730147293645e-01
-4.052212383640468873e-01
6.902653456701216550e-01
-1.309509902704636131e-01
2.148025950310297194e-01
-7.216758521582989916e-01
2.060539969055832366e-01
8.542498641496837353e-01
7.930000282258470312e-01
7.792010834451560397e-01
-4.621474657869941716e-01
-7.717485522737052572e-02
-7.685562722963130700e-01
9.157282287402087606e-01
-7.527833154613974287e-01
-6.465481082335156060e-01
-8.605083040249874582e-01
9.089307443288883182e-01
-5.858641502714104915e-02
-4.704508054635665737e-02
8.951054829098208376e-01
2.036959858033482174e-01
-4.903584543539565299e-01
2.174095432551090834e-01
-7.729673860304155930e-01
-8.132420104640190051e-01
-2.473128045310881706e-01
-9.607243667653242447e-01
9.924951946440137007e-01
-2.985856245317187740e-01
9.947428612212807497e-01
-3.866006373066404600e-01
-4.919543085129527427e-01
-7.699101878816733135e-01
6.953338785745615258e-01
-1.979566216659819911e-01
-6.641625376187667573e-01
-9.004404488164073905e-01
7.967813712566407247e-01
4.520865085740753408e-01
7.065009955930874330e-01
-2.320798142698541344e-01
-1.393620792529757235e-01
-9.822055192399159473e-02
5.386220357522860658e-01
4.584210424001839979e-01
1.000000000000000000e+00
1.946520649879199816e-01
-9.008908007837596044e-01
1.970791007119108151e-01
6.442624488976249619e-01
7.507514702095765546e-01
4.465724621754811885e-01
-1.000000000000000000e+00
-4.349193571519677226e-01
-3.620875124491713670e-01
