-2.400638975511986684e-01
1.020462480995364685e-01
5.839116994547601802e-01
1.375926717389368559e-01
-4.010207761546491501e-02
-5.685781502750808514e-01
5.137976575194656004e-01
8.496875811481514607e-01
6.705409154552375295e-01
-4.751638749808548834e-01
6.544917583384467497e-01
1.985841750864606459e-01
-4.276353989382819520e-01
-5.425411083124753731e-01
3.353211320035866527e-01
4.526987364378380896e-01
4.426995354882949929e-01
-8.027357949959331718e-01
8.771527437970726149e-02
4.088713795025655795e-01
7.989956242162805644e-01
3.590804144058321046e-01
-7.303415092428484634e-01
1.895739614896758685e-01
5.677597109866214797e-01
-5.960134250372025599e-01
-3.845930084244881808e-01
-3.988092761764866490e-01
-5.815050525992158104e-01
2.801697709004909997e-01
-2.689031205372248712e-01
4.126207194468040074e-02
4.339109308454410230e-01
-1.772697018952487102e-01
-5.997644999869906624e-01
7.607967826587652693e-02
3.909259089605439663e-01
-3.854326693334939047e-01
-4.734690523908546833e-01
-6.022511195042780097e-01
5.310539065114318058e-01
7.546060146511379685e-02
-2.558094732386426151e-01
-1.126590022556944959e+00
-1.139406853884434440e-01
9.605129087394141951e-01
7.462825952982119482e-01
5.807060064925556597e-01
-4.946709693946760300e-01
4.818310558191638560e-01
-8.601534610600181097e-02
-6.380858337440568073e-01
1.670433924335800457e-01
8.023045111567117527e-01
-7.060161120524039990e-01
-6.194566643596393085e-01
4.382311796956131489e-02
7.364301691020458396e-01
3.204810263772349677e-01
-1.944206126159582770e-01
-5.568973329332838063e-01
-8.119741942901721465e-01
-9.956272086529276422e-01
6.841909928030887045e-01
-3.225952001661022139e-01
-3.431033405542094905e-01
8.750362571412650947e-01
-6.496482437325347137e-01
-8.490707888006068793e-02
-9.570205269451674823e-01
-6.062080748594997903e-01
4.540228373000909090e-01
1.015160531917942199e+00
2.807438347724254268e-01
3.103555751561553055e-01
-4.519267584710422447e-01
-2.237567201622459589e-01
-2.132507833756736026e-02
1.652816381770998433e-01
4.528731726423428361e-01
8.075437766080708624e-01
-2.626606517429396770e-01
7.990261271653389397e-01
6.211741442465779084e-01
6.992910212072601661e-01
-9.444571668829513378e-01
2.597186294461509282e-02
-5.114224542307109767e-01
-2.243217407521726492e-01
7.350615518495927647e-01
7.070297800058948923e-01
8.553221615067776451e-01
-4.388971370893381962e-01
-8.775307730791692684e-01
-8.780459920151391096e-01
-1.894236034601144147e-01
6.166074450255740746e-01
9.466436549740650519e-03
2.808821256990755577e-01
-6.168785785862459514e-01
8.348950791635578739e-02
-2.485268177782213594e-01
7.343354609085752660e-01
2.909582078492942148e-01
-8.879477190689879507e-01
-3.889301294176407131e-01
-6.247439627056712297e-01
-2.912184782058107047e-01
-3.648839510493429583e-01
-9.763608018958175316e-01
-1.288617053625652709e+00
-9.249532545271036410e-01
5.750780654016461602e-02
-9.705303785609826761e-01
-3.366730943797480724e-01
-3.604983304039059977e-01
-6.440063487540386156e-01
-9.745666299421964496e-01
7.285380580885241208e-01
-5.341908551376397529e-01
-3.831508245068138141e-01
9.950181370600719166e-01
3.217643352055526429e-01
1.084174993838773471e-01
-2.313091708740468988e-01
-1.074115209933123039e+00
-3.019287001890954003e-01
9.748177483969595603e-01
-5.262346996487071715e-01
-1.135432184588726912e-01
-1.099914459922728127e-02
-6.879165080259422305e-02
7.168190393879452227e-01
6.320966504747698167e-01
3.655555600102673441e-01
6.647162921382943068e-01
9.215479862021653812e-01
-2.676918050283142447e-01
-6.032798992598916721e-01
7.667373928370022629e-01
6.919215188968115271e-01
8.373896375997421648e-01
4.037399204069120340e-01
8.110974326700060022e-02
5.188815412219327516e-01
-4.052973510201561824e-01
3.598644881292802911e-01
-4.231060214622456850e-01
7.884169693532667722e-01
-2.077993417861012659e-02
9.164037366724280265e-01
2.395887280180031276e-01
7.428422181020926107e-01
6.488045231132528734e-01
-4.218930423651438555e-01
5.876551754267346217e-01
6.695915829575311840e-01
-2.341758889516449837e-01
6.138918164849479359e-02
1.301829241615689581e-01
-5.652121529401687994e-01
1.259307179935484911e-01
-4.437157612690409980e-01
4.077020115792804322e-01
-9.358433949206983460e-01
-9.088752707865079827e-01
3.259936135643523025e-01
1.097298250750764481e+00
4.011608446428506225e-01
5.374196822993732026e-01
9.819967051389261181e-01
-3.669113273845578949e-01
1.267198089096609470e-01
6.907134175133748943e-01
3.032053083497359136e-01
-6.556001684720691447e-01
2.436470869943603568e-02
8.736964022315940603e-01
-5.643028050401280860e-01
1.837975905475793259e-01
-5.160684299250345441e-01
-7.810719276312458881e-01
8.667264662481570792e-01
-7.755626102417552126e-01
6.771582375669232823e-01
6.511838327313044239e-01
-8.904830512925776542e-01
6.688326986783341699e-01
-4.215147078077423060e-01
2.621134586313182968e-01
-3.984154924086294458e-01
-7.515988049328168330e-01
-9.864484617334012828e-01
4.274728523755843002e-01
7.843030477203214446e-01
-3.823583202014754767e-01
-5.359171672788431984e-02
-9.802871671331074843e-01
3.781123803671165851e-02
3.693808321362501701e-01
-5.857135222798223184e-01
-5.865690817688200553e-01
8.955088788778815534e-01
6.981363156628909161e-01
-7.858848220849234956e-01
1.403468205475335573e-01
-5.523037221483786396e-01
6.264048117208156352e-01
-7.178600805582702193e-01
5.929672339576739226e-01
-9.325511509997050918e-01
-6.663051683732791608e-02
8.897020842917385819e-01
7.264007383895338954e-01
-5.100316001607729799e-01
4.992660602458661723e-01
-7.177892402459451482e-02
4.242794327729573212e-01
4.089849951199849842e-01
-8.400613270392923715e-01
-8.609350426123594247e-01
-6.450978989579179146e-01
1.651653539502775381e-01
8.409735300438681005e-01
-3.059362267303648020e-01
4.811539951365317869e-01
2.060292491980293406e-01
-6.219782691832336230e-01
-4.565544107819292652e-01
5.601243258232613265e-01
-8.336076755326367049e-01
8.363970463091921492e-02
-3.098751029722031369e-02
-6.539544798345175991e-06
-1.113149850182895140e-01
1.907634941574537779e-01
5.339992580493363450e-01
9.397165282090285121e-01
-3.997803089519347264e-01
-2.823151423563252105e-01
-6.915126341759767481e-01
-3.886649898473935050e-01
-6.288830258223625513e-01
-1.425162412004359058e-02
6.202863345510047921e-01
1.003358405398739883e-01
8.194270727228156748e-01
6.411257472286073789e-01
4.247224419607675827e-01
1.982884391202493768e-01
8.580717259092707216e-01
4.088801475102975536e-01
7.107732555004995234e-01
-7.726511909401314604e-01
-3.570613966346545265e-01
-6.209233460477632249e-01
-9.139797045349205007e-01
4.727200674346883069e-01
8.058849763323225890e-01
4.721431005021964888e-01
-3.017675527383123502e-01
-6.768878833138325390e-01
1.040960098044653392e+00
-7.311130619227657057e-01
6.464437394312575469e-01
