-8.829501732392275315e-02
3.536278055501543283e-02
-2.636117792176050911e-01
2.504173731006466008e-01
5.371088959776996186e-01
8.194251596490631506e-02
-4.298947610626157600e-01
-2.734036920878387678e-01
2.570507663359744566e-01
-2.176882075067130273e-01
5.472780902994348606e-01
-3.067254827443200993e-01
3.455098160256718787e-01
6.424599993065757131e-01
5.527964357437143983e-01
-6.798623274845905229e-02
-4.981928880494427836e-01
-1.991810546217852029e-01
6.587823478620506990e-01
3.409310842766696270e-01
1.303343724828804617e-01
2.811481531392190369e-01
-6.383051868048034150e-01
5.286860129847644751e-01
-1.836550308848030610e-01
7.237901915014072207e-02
8.018106144239471877e-01
-2.362737295167717522e-01
8.318026360837489364e-01
5.486826182222369619e-01
-3.871613704338490725e-01
-1.087807319047357224e-01
-3.335813668214617778e-01
-3.414606720903387571e-01
3.601457830185300635e-01
-3.078872873617272132e-02
6.163668635946787377e-01
4.222566952605764645e-01
2.335091490848896778e-01
-8.422839011879731386e-01
8.486671348824946781e-01
4.133019578394797611e-01
4.473908070135476645e-02
-3.039257302906082647e-01
4.535380741402057492e-01
1.796627423908686572e-02
1.977224475001758408e-01
4.498629234420349898e-01
-5.992605322845467875e-01
-9.551128244116053878e-01
-9.608067626639330006e-02
1.666602646468516857e-01
3.475091043271333335e-01
6.186518337986517124e-02
-6.415048739733859584e-01
2.669377965042036838e-01
-6.831531085649226176e-01
-5.409072362129458966e-01
-8.109533409477925892e-02
-1.826429200641686568e-01
-3.022445655409534138e-01
9.243008176386841024e-02
-5.534080201272478794e-02
1.135341137335448281e-01
-7.000632413642946528e-01
2.147566373189541689e-01
5.873251674883472884e-01
-7.550649398300103288e-01
1.242458957983030021e-01
5.506794444107931952e-02
-7.166452057259006247e-01
-2.300044471496344722e-01
-1.448189325616360268e-01
1.640863715444108584e-01
1.540384302189390930e-01
-4.248342318181682620e-01
3.425806550900964420e-01
3.450523918231407361e-01
-5.181737883722297155e-01
8.257533119626014884e-01
-5.166963216028945816e-01
-5.595681999289252584e-01
-6.093540122741494258e-01
5.988157444235936433e-02
-1.654110953991746735e-01
3.176754999423693770e-01
5.310535362363471013e-01
7.357104525831863473e-01
7.609469765060812296e-01
7.338731333809628277e-02
6.304047113489632537e-01
-4.128849821197142500e-01
-4.080630068012686129e-02
-1.352291670002384039e-01
-5.262179416772154728e-01
-1.875584314787407114e-01
6.541934212063194032e-01
-1.472830032421003077e-01
-1.382279461037749790e-02
9.491332263834255656e-01
5.181683210489366198e-01
-3.432709881237350213e-01
6.817204698334546897e-01
-1.883712898275133052e-01
5.667256100277227038e-01
-3.955110997626650748e-01
-2.015397550837355889e-01
-6.943183234012677563e-01
1.193349702077043939e-01
-2.372875220174532895e-01
-2.284209197191281182e-01
6.806230892075121330e-02
5.303308311493976079e-01
-7.655203957667860992e-03
2.261138681886711577e-01
5.336977707555130568e-01
3.755607818198204995e-01
5.164006082970064027e-01
-7.838172074873883677e-02
-4.947071988175349988e-01
-3.244427418018674958e-02
9.999838787578518851e-01
-3.644708774025451348e-01
-5.226725045986567730e-01
3.643550481044604550e-01
4.215079427450640903e-03
9.650329346380526196e-02
-4.964880951872157611e-01
-6.618027675906704710e-01
7.952515193770534618e-02
-1.672830667902479584e-01
-1.005653845996345996e-01
4.671223377071215266e-01
-7.468745611197713519e-02
4.196819890382958995e-01
-6.120526382492178508e-01
1.480998506723740782e-02
-4.212373467647750891e-01
4.674726048028615688e-01
6.285791536350116004e-04
4.281755638018224230e-01
3.233929111364083342e-01
-2.358150296690115777e-01
-3.483775393487302807e-01
8.939719526703908681e-01
1.337326407152583663e-01
2.639544813083730679e-01
8.305393268879659452e-01
-5.211156358780144604e-01
-8.514575840077975855e-03
-4.579657822252545807e-01
7.007850516368269167e-02
-4.298254888359471226e-01
1.025587774641921468e-01
1.541123560531648118e-01
-6.365355003408423862e-01
-2.267895485613325712e-01
-6.340891752547559435e-01
2.143617076826542234e-01
3.600877326492557540e-02
-2.175529820502749012e-01
-2.004464319303861930e-01
7.211887997409782702e-02
-1.971995267790708217e-01
5.964380365176293886e-01
-2.150915123707471399e-01
4.255534170072371447e-01
2.179654554606225147e-02
7.822658617528071012e-01
-5.210364706530559165e-01
4.124678026562018096e-01
-3.315515668997304211e-01
-4.472735063563142432e-01
7.814846711407671398e-01
-5.938284575005549071e-01
3.703031225756138189e-01
8.140162045780304778e-01
3.275499458925097418e-01
2.586497665611323660e-01
-6.550654699436073702e-01
-4.936603830436123164e-01
2.884458621281517088e-01
-1.048226268523281823e-01
1.864876581657265442e-02
-8.797000215988859395e-02
-5.971833127557910625e-01
3.857801568763175037e-02
7.622342248574835999e-01
5.143556907586588345e-01
-8.165041350590631630e-01
-1.914173302300069546e-01
1.670301688194126000e-01
-1.526342165462854505e-01
1.047709705680827108e-01
-1.214861910352294516e-01
1.861980349968510862e-01
-2.192792678476210844e-01
5.939613831014273204e-02
-1.368324725541757436e-01
2.970559451562122533e-01
-4.699276287184870338e-01
1.561663047272970894e-02
-2.781279607493236661e-01
6.587478137427635883e-01
5.195664304264929756e-01
1.104555454467235354e-01
-8.938100183904615914e-01
-2.336407273532471462e-01
-4.212536548548035387e-01
5.320105474643265220e-01
-2.917089572677490361e-01
3.259260169897076342e-01
4.514874851083293672e-01
-2.938118857687878616e-01
3.761955607261960877e-01
-5.032796850236719299e-01
-1.938129528524529244e-02
-4.311350812423493384e-01
-4.122366917346603765e-01
7.176328953892048279e-01
3.127757577057819205e-01
-7.563206441459822127e-01
-4.003796760381982955e-01
4.712046892762258854e-02
4.353294870541328243e-01
-1.532278016626750783e-01
-2.345644666219849350e-01
3.356951576570845752e-01
2.387119628305910402e-01
1.324641181574261473e-01
-1.805014862395284692e-01
-4.587901881347075106e-01
1.182717334196939224e-01
6.449158705966743232e-01
-4.077402555206880996e-01
3.028581535652704049e-01
-5.173821995004046492e-01
3.964272586924980635e-01
8.633520370954147483e-01
-1.415532366090731520e-01
2.814360434282724976e-01
-1.952162315548204852e-01
-1.626802845324082925e-01
-2.248943858732528334e-01
-5.598253510813252509e-01
-2.995981946455296141e-01
-1.610982643569159878e-01
-5.439706094336453912e-01
-4.664431885455055937e-01
-7.446974272943804873e-01
-3.186107656809743505e-01
5.154031177419069465e-01
-2.819640113977378570e-02
9.783535630972928221e-01
1.398458832296775034e-01
-8.104047447660491788e-01
-2.218922332512507922e-01
2.483147428085723529e-01
3.243221742952288600e-01
3.401167308341530582e-01
1.927361503525856778e-01
-1.546345838290643371e-01
3.949615888748563286e-01
-1.279484091514659916e-01
-5.212461361514851843e-01
