7.738435624183526151e-01
-2.199219375056737924e-03
-7.472274582824525169e-01
-2.563297145136468891e-01
-2.204381948376354927e-01
-4.555482948262357668e-01
4.588261048836492773e-01
-1.000000000000000000e+00
-9.612302451598118136e-01
-3.584216927857061807e-02
-4.499354591347319854e-01
-5.565634560755432503e-01
1.474829757801055796e-01
6.919765088083824622e-01
-7.750825974357256065e-02
-1.000000000000000000e+00
8.693454359521178842e-01
-6.942505847823596810e-01
9.359067086886700693e-02
4.931435692009742411e-01
5.442104262114195734e-01
-8.793658902807528488e-01
8.158833820614110888e-01
1.011649538631030631e-02
-2.114578447553166485e-01
4.576086638636968074e-01
2.774046160514494486e-01
-6.415502522239149297e-01
-5.266386365266049197e-01
9.570018525732235659e-01
-6.523465050065985205e-01
-3.433587193345855049e-02
-6.368730417680839029e-01
2.301632584608496318e-02
-3.745013475734316755e-01
6.320277364299764500e-01
1.000000000000000000e+00
5.352108420815946399e-01
-3.565447162049897867e-01
5.829218889316942764e-01
-9.050459372314236806e-01
-1.021540905142135358e-01
-5.557657591010868314e-01
8.938364022524933894e-01
5.148230106207765111e-01
1.327693056958007822e-01
6.348513341214526706e-01
9.222486275793897459e-01
-1.000000000000000000e+00
-2.832890579413720467e-01
4.968124312875739634e-01
3.681554459846928529e-01
-3.433501977876598499e-01
-3.346555833678511727e-01
-6.288454022247288444e-01
3.669631811321923398e-01
-3.238647041478348587e-02
-1.000000000000000000e+00
-8.682233735727726831e-01
2.726766318031978997e-01
8.717966456019824451e-01
-6.038485902816284057e-01
-6.391351934542069957e-01
-5.583448193227709133e-01
8.285412016204106722e-01
-4.508701280597966488e-01
5.662552398027697054e-01
4.634928773253672585e-01
-9.887829210167748961e-01
9.522079494405342182e-01
-1.164116923840345930e-01
3.660465655302131416e-01
-6.626292822046929709e-01
-8.172302637517880886e-02
-4.624832593875927156e-02
-9.369179016878070865e-01
-5.829805021574618884e-01
9.123618960036368186e-01
8.389250897425529763e-01
8.227642317724174204e-01
-5.678631877904772862e-01
9.145807813375932127e-02
6.434692475836270575e-02
-6.219196246805718253e-01
-2.822566335605304344e-01
-2.829787092859374353e-01
5.753764954288010935e-01
-8.067526393071684510e-01
8.411202181088711649e-02
-2.880631679386495003e-01
5.411892740281040171e-01
6.471944334948798172e-01
9.508805791917150918e-01
9.223586301467949777e-01
3.698534470774997862e-01
-2.944273518391822275e-01
-3.575044342631858996e-01
7.233723869140449292e-01
-3.069913350952266362e-01
-9.380310027686195040e-01
3.613468280101113095e-01
-7.030906230966256221e-01
8.496179788825704016e-01
4.181108213473574420e-01
-5.269243071282218027e-01
6.124429992328677130e-01
-3.005371337404807996e-02
1.780570359020321181e-02
-9.251370643860539200e-01
9.181415446614450693e-02
-4.899654666704645889e-01
5.710587934408475341e-01
-1.348172554200267881e-01
-9.070453657759713906e-02
5.469903759006837785e-01
-4.312874068569045871e-01
1.837162912676693072e-01
-9.716102573415309474e-01
4.596093577717742518e-01
-3.045661398470197456e-01
-4.035741540091616342e-01
-2.407349640717675043e-01
-8.866770153005080202e-01
2.821433141253836818e-01
-1.759469105542994793e-01
5.223857021096982578e-01
-1.228927732515125437e-02
-2.656569349421921133e-01
1.589366301738051324e-01
-8.396442185360728505e-01
5.925244963495209793e-01
2.029289233614275934e-01
2.543697812703796801e-01
4.508154980928245070e-01
1.355130649605902626e-01
6.188866854615526769e-01
3.255863252058776580e-01
-9.228383819001912958e-01
-5.880043613783508816e-01
2.463859635063135600e-01
7.084441147555691209e-01
-9.306529191169986559e-01
7.290777456690882286e-01
-4.742073150985337548e-01
-8.684435990189276477e-02
-7.111655221601833610e-01
5.101295133112301178e-02
1.810938552065237961e-01
-8.027854766100279704e-01
2.831106748598483103e-01
5.359672557140165994e-01
2.727582570843671839e-01
9.495394070913484308e-01
-3.594678632351364644e-01
-9.056543574875914882e-01
-7.026699313940694136e-01
-5.666147634470691807e-02
1.395210832530954792e-01
4.332765237181719353e-01
4.655165673386825742e-01
3.634880353275469211e-01
7.277368286107764594e-02
-2.922699797430391988e-02
-9.826368828361345953e-01
8.737799465192914727e-01
2.304182246267625495e-02
2.251666248368638101e-01
3.761357106112063475e-02
-3.739504121455922703e-01
4.701567501344339206e-02
1.958607149264050273e-01
1.626616228435667499e-01
7.294076893703109743e-01
3.182701505015864130e-02
-6.205104566289738888e-02
7.537513173914481834e-01
4.382163717153948479e-01
-4.294891787616321732e-01
-4.889307744996721494e-01
2.545130989071203165e-01
-1.946342771348555933e-01
8.279343697047738537e-01
3.911808913962148138e-01
-5.638062262510743633e-02
6.447575415601053406e-01
-9.813240177001386622e-01
2.736993710842148819e-01
-5.539664994541705356e-01
-2.073539428166784049e-01
2.782165513349894037e-01
6.392050306241127133e-01
5.831717486735027434e-01
1.576891066188908230e-01
6.808466600710136873e-01
4.269955556320705892e-01
8.016144828477830275e-01
1.862328180918187137e-01
2.196608779462788652e-02
5.849630521742776867e-01
-3.667463671401126335e-02
4.570549967834738325e-01
-1.157656729196719220e-01
7.046038697162673170e-01
7.484658606612981657e-01
9.101615809081189945e-02
-8.261481380450528267e-01
-5.183117541638236903e-01
7.499687107164971778e-01
8.365294521354993407e-01
2.349111126472206157e-01
-8.006161085460890003e-01
-1.000000000000000000e+00
6.349042354116402054e-03
-9.233016763163781615e-02
6.572952970581769083e-01
4.858370073402186740e-01
1.000000000000000000e+00
2.144967017932377651e-01
1.000000000000000000e+00
-8.587804632575794794e-02
2.217714372370738207e-02
-2.987334896850346588e-01
-4.323818733057775976e-01
5.183579489593468370e-01
-5.017176487240411209e-01
-7.028658765787076934e-01
-8.125128419258791368e-01
7.804805661986984333e-01
-4.249334832158097042e-01
-2.741924250234102356e-01
7.174415609519932957e-01
8.539668448042810889e-01
-4.431051698529236971e-01
5.817506289455025570e-01
-3.705807099113114234e-01
-1.000000000000000000e+00
9.694483736878001245e-01
5.407990166159146739e-01
-7.902811443372782518e-01
-4.299072720569573347e-01
7.051953674426920671e-01
-8.220044025930203224e-01
-9.082800478582085946e-01
-3.111072686836326429e-01
2.132150265086279750e-01
8.361865122087239199e-03
-7.549852199284697030e-02
7.049109646879528346e-02
-3.629681160167955167e-01
-7.878730832660327810e-01
-4.018169862301811390e-01
-4.485888574026573039e-01
4.940024622284048261e-01
-2.717300656932502001e-01
-1.175654688562234318e-01
-5.052330112440094334e-01
1.692848143342501332e-02
-5.644694714609088670e-01
-9.634562930680136417e-02
5.350436866716909989e-01
-5.040673800855213216e-01
-1.589208720471911584e-01
-6.701724755328902772e-01
6.670260597397742464e-01
1.338334429450411811e-01
