-7.857532699631568640e-01
-3.218215959122571190e-01
8.249458612700930615e-01
1.668479737381987626e-01
1.637492993008195508e-01
9.740422857569102089e-01
4.934840126612529687e-01
-6.051733203938467476e-01
1.000000000000000000e+00
-2.931265531741351626e-01
8.829333209415730632e-01
5.500670991330571802e-01
7.439966544273515781e-02
4.502845465469966779e-01
5.463454826324584124e-01
2.613648694884824764e-01
-9.716068522867229440e-01
-2.792811701388094869e-01
1.014554280755772253e-02
-6.013988560872338685e-01
-6.991974954425907995e-01
-6.181524200360611898e-01
-6.137193005769641108e-01
3.090599594487528634e-01
9.131678410606008933e-02
3.447500981830628475e-01
-1.753156574484179275e-01
2.304445907374615132e-03
6.169095094593720630e-01
4.215076716684029723e-01
-6.580960706250988945e-01
-5.311189381222635175e-01
7.772141042816921308e-01
-1.099611151000057241e-02
7.300078360531876420e-01
3.300685917763773736e-01
-4.361356330828079497e-01
-6.481727429851624755e-01
3.372563267201023618e-01
-2.868838072987766052e-01
-3.837726290317717281e-01
-2.546395135820520572e-01
-5.264978106323622287e-01
6.390533479211817358e-01
-8.992777640786860094e-02
1.031863701444168946e-02
5.823683362528604412e-01
6.398713145357103338e-01
6.860181213647127407e-01
-2.549234031010827461e-01
7.996148678608230864e-02
-1.124662876705002645e-01
8.899983093763141895e-01
9.418679399154797349e-02
8.326234417361914053e-01
-1.000000000000000000e+00
6.283027291080374166e-01
3.535641399979005950e-02
-6.612592445586571444e-01
-2.293185987119103486e-01
-5.257190679148582291e-01
-9.985009897591828887e-01
7.882086911241388272e-01
-5.748567707593417175e-01
-5.207920574306812433e-01
5.266061736544269678e-02
-4.622108200686638191e-01
-3.857062726651008799e-01
-7.547760931460634204e-01
5.973588598052022025e-01
9.734313203126765401e-01
6.703864512967039335e-01
1.250903184358442832e-01
-5.644109623855542157e-01
-5.304829292315866862e-01
6.210213084227307334e-01
6.596863230942795475e-01
3.298812869245811297e-01
2.096320198701888682e-01
3.738685833982523521e-01
-4.217929927370032139e-01
7.351891191891568589e-01
-8.324260546410082728e-01
-2.319068274212510161e-01
1.017378034802749465e-01
-1.126820750117647485e-01
-6.280835030378641992e-01
-1.345052138717311718e-01
-6.512970193429105104e-01
4.129731473133499420e-02
3.352943402130079686e-01
3.284122828897138024e-01
-2.619269322492869811e-01
4.648307021867772448e-01
5.255460672420726453e-01
4.705988363141430653e-01
-1.000000000000000000e+00
-4.314159984661364300e-01
9.615358352420988464e-01
8.613943015268601400e-01
-2.067142687681776114e-01
-9.090124695768817542e-01
-6.468149700067446495e-02
4.049268223728714200e-01
-4.451030464717607715e-02
7.865531687889441015e-01
-1.203395337278299060e-01
-9.715082417902126677e-01
4.076282563474072362e-01
-3.311795262598378753e-01
-4.178647534565507193e-01
-7.399672583972933815e-01
-5.789644296932621170e-01
-6.760554239220992745e-01
1.000000000000000000e+00
-8.343737400193887432e-02
1.000000000000000000e+00
6.713889876903308407e-01
9.894153108812402397e-01
-2.742712476842118496e-01
-8.401868433817005766e-01
-2.187565888003817627e-01
-9.721018206722713551e-01
-1.557680818116580213e-01
-5.497832404127989125e-01
-5.775477734563139176e-01
-8.740598707869851047e-01
5.192073413899260803e-01
8.266900283786577930e-01
7.404806093746474360e-01
6.290451846970201988e-01
5.014396298172851818e-01
8.764870736885922442e-01
3.653090357833874147e-02
-6.248692710813961160e-01
5.535680782481059437e-01
-2.890647699680932714e-01
7.377712961981255368e-01
9.867201360300299484e-01
-5.002388808645881202e-01
5.857705133080243209e-01
1.489169258969358367e-02
-5.159833923949933565e-01
8.212107564445112473e-01
8.651216875640754811e-01
9.524156967156651721e-01
-5.413620377458203681e-01
-3.551505734962728256e-01
8.370204929908784397e-01
-2.814130595805945934e-01
2.557438653656947669e-01
6.234847322175816053e-01
-7.026110944648398249e-01
-9.052278332593149957e-01
2.189993495276986168e-01
4.682558093592628090e-01
2.519819251638602542e-01
9.081579416360202606e-02
-9.348385374259782221e-01
4.803328217087439733e-01
-6.447583686116908908e-01
3.130478320732392739e-01
-9.507953830657329686e-01
6.633061640535932169e-01
6.561081771382413219e-01
6.341182627513863856e-01
-2.656789455778387765e-01
-7.893409005019715874e-01
7.111650378430590946e-02
3.673486745809895204e-01
-6.695897057510316053e-01
2.134337375499264222e-01
-7.145279753042889370e-03
2.374713885507196906e-02
-1.000000000000000000e+00
-7.132193899810381765e-01
7.762061727806044420e-01
-2.927441106472323806e-01
4.703876968949736170e-01
-4.774290363654183356e-01
5.922946750022297646e-01
-1.263068599780775569e-02
-9.514953360843418917e-01
-6.704567741026883770e-03
2.238087957808933548e-01
-3.124696793668025885e-01
5.704716399645535230e-01
9.983054309832346540e-01
-4.969468073423657373e-01
8.532844255783350595e-01
-3.103055608387722542e-03
-3.484011264042536360e-01
1.000000000000000000e+00
-2.530736359417393166e-01
7.442106730704646234e-01
-3.162039266831726536e-01
7.697850363651430605e-01
3.650010552232474392e-01
-9.614701121014701535e-01
5.047990123997287970e-01
-8.852536626732216973e-01
-3.938824903523184262e-01
4.930641374825537326e-01
-7.148361102679081647e-01
8.230590016629613093e-01
1.340487040210430747e-01
-7.033158191623749556e-01
1.804970588126773856e-01
1.000000000000000000e+00
-4.327609085220033847e-01
-1.139076313459834733e-01
4.037462104505518123e-01
3.064331293855214744e-01
4.133740470113547172e-01
-8.264790215388300165e-01
6.819698376297249620e-01
5.794011703259858148e-01
-7.022402825120834802e-01
-9.379843271507787295e-03
2.497788323373472119e-01
9.508463298712453993e-01
-6.518558794526156941e-01
2.062411090115019441e-01
-7.231031953157647241e-01
-4.393611188870919643e-02
5.596885733405199126e-01
-7.033281907740243089e-01
6.306406104440491767e-01
-4.560791599147780984e-01
-6.998346563274395749e-01
-1.997679980742373962e-01
7.141029057838396144e-01
-9.059394266437765797e-01
-3.625898214371828798e-01
-4.047318739656533548e-01
-3.595543401369839520e-01
-5.073801563703612683e-01
-1.130669258215797196e-01
3.434905316640066708e-01
-8.541767092633226754e-01
-6.241075077913580404e-01
-4.370037482816026553e-01
2.497158547472891621e-01
1.217828405604243769e-01
-1.108992268148829563e-01
-9.956309631163165474e-02
3.079692985002159822e-01
8.664287666719623360e-01
3.511130926643906136e-01
-6.982753532980396916e-01
-9.868303015514410248e-01
-6.598509111923234194e-02
7.148861444669404319e-01
-4.967606377341187152e-01
-8.452937078334930021e-01
7.675589321973186330e-01
6.092020165932477971e-01
2.995955007546753368e-01
7.671391369346091116e-01
4.872980768997599021e-01
-3.801798892245743522e-01
-4.841327391669394409e-01
7.441108339093698287e-01
3.785062018677343154e-01
8.296879968262370619e-01
