7.366852337313754308e-03
1.050960653300963665e+00
-5.439252957042967074e-01
5.112711457032274032e-01
-1.295071891850802515e-01
5.133691378734261956e-01
8.058166427691252354e-01
1.261334524413801339e-01
-2.384323943416888358e-01
-5.228182638556460038e-01
-2.238733628252804753e-01
-8.794602038402210553e-04
5.403820748940575402e-01
5.775306703024267740e-01
-7.061118094815485025e-01
-8.508526996855640956e-01
3.039629467312687794e-01
6.503649533912300162e-01
3.050927676216562412e-02
6.698579974256692049e-01
-8.966545477740195391e-01
-2.092541501881997612e-01
8.778981270483045274e-02
-5.223539760307735480e-02
1.409057149276864429e-01
-2.764555552144348227e-01
1.447725215104888885e-01
8.838049731540554843e-01
6.337312896515422123e-03
4.921834470296333475e-01
-7.951354690849153917e-01
-4.573648366729585746e-01
5.897639256833081545e-01
5.695032356549247776e-01
8.721671277160507607e-01
-2.521622473286138089e-01
8.632882736135851776e-01
-4.060239029944813227e-01
-2.367501450615193681e-01
-5.871960305755445919e-01
4.634906828108436017e-01
3.197091428177294969e-01
8.628784707826068212e-01
-7.471263703925277166e-01
-2.041741191509161002e-01
-9.080138453897654838e-01
-9.917189783328077546e-01
4.924575518237455096e-01
1.441203423062173417e-01
5.009419487060498555e-02
3.507638618057966062e-01
-5.963278463937086160e-01
4.457426266174436269e-01
-7.208836595573133721e-01
-3.854010715896108996e-01
2.652883970494104848e-02
6.083432748770774001e-01
5.326289617132256016e-01
-6.394895422574198296e-01
-2.732581172956409787e-01
-7.203633052112932145e-01
-5.523328910814033765e-01
-1.465846904603949341e-01
-7.506884497260706279e-01
-5.138255105361810848e-01
-1.815833351827170761e-01
-1.248771674409834276e-01
-9.134721801548756348e-02
-3.952491660584031008e-01
-5.676688448980369284e-01
8.821511259564724927e-01
4.392556366960697067e-01
7.644858170661932295e-01
-1.355383717049003789e-01
-2.017284107788896164e-01
8.002385395169395732e-01
-1.914754919253665033e-01
-9.659858647203854731e-02
2.696489053657556978e-01
-7.773369725419179144e-01
-4.811598602000706215e-01
-5.213277353290444172e-01
4.875807152311648074e-01
-8.508296194492650510e-01
-3.484751407956988012e-01
-8.351861565430825918e-01
-3.808402743198083806e-01
5.918232615622182058e-01
-5.798916489669656560e-01
-4.008329928760283600e-01
5.598682086267270375e-01
4.623860089351025660e-02
-6.388159676182048052e-01
8.143779663276854430e-01
-7.616635858016438387e-01
-2.574931668330098233e-01
7.570141521005311347e-01
-4.342055996490555847e-01
4.567422822218364931e-01
-6.495411892034178569e-01
-7.003770297660989463e-01
3.663917694126865576e-02
8.292938438202216433e-01
-1.234708851551865327e-01
6.997450205051602978e-01
-1.571796171218058091e-02
-7.399561980209570233e-01
6.548262211747073458e-01
2.565131690314303992e-01
-4.976245818152858491e-01
-2.127129508560367810e-01
-6.094126805188185836e-01
-6.553300833669326586e-01
-4.568916552373440965e-01
-3.112670179093108835e-01
3.293323141290384615e-01
-1.361176870261511240e-01
-6.082178106983344990e-02
7.717763837859931142e-01
5.896473359064056119e-01
2.174092240474111426e-01
6.142513387315539086e-01
-6.960188362309873700e-01
-8.022270311989572189e-01
-6.771966360602725832e-01
-9.080201674239190002e-01
-2.568055939563603784e-01
7.164081000910624830e-01
-1.422311703980032593e-01
-7.604737648518370419e-01
-8.515267420413945576e-01
-5.813403468711694222e-01
-4.090316735424072703e-01
-5.786089808740227936e-01
1.072030458416017157e-01
1.647437324643896694e-02
-2.322333582980985189e-01
-3.106841170638015570e-01
4.678377285039050371e-01
-5.091671569881495163e-01
6.002712470459634075e-02
2.315820462520727374e-01
8.878225290464932806e-01
6.362463631190619362e-02
8.397421113652103752e-01
-2.985340159211647970e-01
-3.100610081256318651e-01
-1.181523358371437071e+00
7.477704304228877108e-01
6.908285634836563993e-01
-2.264779053396458186e-01
-7.133603328542343913e-01
2.483153689177977630e-01
-2.947894948113211067e-02
8.287561176089056625e-01
-7.474717981428921632e-02
7.189044666703253705e-01
5.554476984681196994e-01
-2.635799414718448808e-01
-4.761587256590766870e-01
-1.375535969997354613e-01
2.233726493946461278e-02
-7.130795544659020990e-01
-6.390789429654224474e-01
-7.702453439275942504e-01
-1.160943435710413973e-01
-6.431347748932764175e-01
9.143156249390954615e-01
-1.006161550032087071e+00
-5.289723824897808457e-01
-2.583383802585916822e-01
-9.519373975326944626e-01
5.081170864527925213e-01
-5.504877134622663259e-01
7.051455083321424011e-01
-7.484209447069498644e-01
-7.012166657833829309e-02
2.322331985884553973e-01
1.703661928435678541e-01
-8.498443758514738766e-01
-6.061942110655302862e-01
-2.084835356822103136e-01
3.797748464324000595e-01
-1.191390629675659202e-01
7.795284167030278599e-01
3.503198390947666330e-02
-5.155204254861503466e-02
-1.332130811019184846e-01
1.066965099809094042e-01
-3.471283070243109115e-01
-6.719499954175567336e-01
7.274881828166400721e-01
-3.794338142193557362e-01
-5.509372485743559977e-01
-3.099728265965591145e-01
6.709002460665119960e-01
8.414029347239153356e-02
-1.067746226329499226e+00
3.008942081267230173e-01
-1.896027798978320578e-01
3.066004313063653841e-01
-5.253667853527943521e-02
5.154535194410445609e-01
-5.199603783012471947e-01
-8.030359671208154859e-01
-1.115539731224519659e-01
9.514064737966924090e-01
4.990937168330586426e-01
-4.268444159089113121e-01
4.186417560614442146e-01
9.517612377320769923e-01
-9.755397382722574839e-01
-1.093197443751846160e-01
-7.184623343243332627e-01
-5.401557599645276930e-01
-4.673303130162951846e-01
6.417871413700998451e-01
7.144241626245106946e-01
-8.574945120443533408e-02
-6.637886415211224911e-01
-8.716018524240674026e-01
9.667912241384762906e-01
-9.975434116422376984e-01
4.322244884031725687e-01
8.002171969732356782e-01
-8.400208182465271900e-01
1.605319342370368219e-01
8.960626887635581017e-01
8.659076214912472258e-01
-1.004669707700155401e-01
-4.394111453996844552e-01
-1.018890341879843398e-01
8.205525474560175780e-01
-3.717379782051145609e-01
-2.893005159311816676e-01
-6.697135821632284047e-01
7.012202223670985224e-02
3.984444346395437098e-01
1.112999896165750791e+00
-4.987564362076568614e-02
-5.526804005298839861e-01
-4.587935139855592315e-01
-9.989534366193149051e-01
-2.423429706731461408e-02
1.552399819626558430e-01
-2.825559078879830710e-01
-2.490917641744869460e-01
1.206374537282783876e-02
8.132686876978149071e-01
-6.524027346832683705e-02
5.056429555761184913e-01
1.138636035845847161e+00
8.012522961397019472e-01
6.419463227291050123e-01
-4.197052460653392103e-01
1.111908562596707478e-01
-8.349685894811090803e-01
-7.923984537927079019e-01
7.654981290133553440e-01
8.218459535354278866e-01
-3.974814323299629137e-01
-5.694867866765169762e-01
-6.045198550653639591e-02
1.103473495268536109e+00
7.946706662964477808e-01
