4.930450219230533282e-01
-8.545530534935025235e-01
6.531441461650537850e-01
1.798859282637677026e-02
4.720882018364487287e-01
-4.272125184966807376e-01
2.416534403522518915e-03
-2.393363569018580050e-01
8.451077675468283701e-01
4.285285967829723930e-01
5.455059305169633888e-01
-5.941609068290354401e-02
7.259321226624289025e-01
-5.653141061058508665e-01
6.626175357714438885e-01
-4.032598892495750653e-02
4.294413590970249661e-01
-8.711417505534162498e-01
8.717567690082548282e-01
-1.007836587982998022e+00
-6.144239800094060122e-01
-9.948384687167253215e-01
-4.186093712859495497e-01
9.670514430619083779e-01
4.780140040213206598e-01
-7.805752706179969191e-01
3.740926167920493040e-01
-8.432799824407686273e-01
7.509987240101314576e-01
-6.260775958438049571e-01
6.764530169869582554e-01
-7.992577256207036296e-01
5.562003471697005708e-01
-4.980308142528679927e-01
-8.213215486880207639e-01
-3.888103695236435620e-01
6.659119916089366598e-01
-6.142043326300286044e-01
9.582658823530108005e-01
1.027062180723818940e-01
-6.597437526517010431e-01
-7.831782329336720583e-01
8.395603602379042574e-01
-2.593665011077519456e-01
3.125117845395799510e-01
8.596483041031550698e-01
1.955144081791211352e-01
-7.384924613978718355e-01
-7.081171840573685650e-02
-9.268939712234143258e-01
7.859854730455784200e-01
1.775340536019538451e-01
-8.393103758587230345e-01
-6.077731773026169293e-01
3.242609684241026802e-01
4.130121606263083001e-01
-7.877955002326002543e-01
9.073993719058476293e-01
-7.825345029638492989e-01
9.556486241356536571e-01
8.710694591595258274e-02
8.661820999432259249e-01
5.628503206766866107e-01
-9.470266662430943949e-01
-8.630803588632141032e-01
-5.292400249651387778e-01
5.191491346949348440e-01
-2.554532106263800451e-01
4.422483237542746970e-01
7.998066343331131645e-01
-9.116382770431985527e-02
1.899622618775314020e-01
-1.908150760078748398e-01
1.764362896105684531e-01
-3.274557985003839211e-01
4.096750403524733741e-01
4.546176039096641031e-01
8.743429961929884975e-01
9.424497474510974415e-01
8.659801720552255944e-01
9.554197791583836086e-01
5.553615112732248615e-01
-4.574842626112223254e-01
-2.872023665747669430e-01
-4.112918721882632411e-01
-3.180251559309663634e-01
-3.674670297066999769e-01
-6.743203151412910934e-01
-2.938059684726448406e-01
-4.302964890600142756e-01
-6.945244849346265958e-01
-1.467634203329519771e-01
2.023800668578332740e-01
5.779926579551977195e-01
4.214042906603636673e-01
-1.791782045239169729e-01
-1.853163139327400621e-01
6.263273014078341028e-01
-5.419660505657674099e-01
-4.402141254922049551e-01
-5.505535150561968738e-01
4.276856736199832199e-01
1.785469985696348516e-01
-1.108474861091690578e-01
6.416660931569095894e-01
-2.160702071731468443e-02
-5.811015144262874355e-01
-3.359753187569554100e-01
-3.516518214231489914e-01
5.270112982608559093e-01
3.581256154932550562e-01
-5.859135863447733072e-01
3.472308295441959292e-01
-3.650340773263081595e-01
5.865273717955481469e-01
1.410861086826467048e-01
3.603983729085682430e-01
-5.221243545230358496e-01
3.839186483460661492e-01
5.672408203300958185e-01
-3.729415949363055205e-01
-3.607369542967315823e-01
3.446869068095199662e-01
4.458498917771142600e-01
-7.882117538726558514e-01
-5.252026158742437723e-01
-2.144450490643927676e-01
-4.738823584195969163e-01
6.061166324844786679e-01
-6.072381963255857329e-01
3.519413144583083408e-02
4.801131382568724071e-01
7.797342034703342861e-01
7.513298477697989419e-01
-6.335059749725762135e-01
9.965485708593400105e-01
-6.892557432472475876e-01
6.877256842514849478e-01
-4.439716737319762685e-02
-5.119574209139177157e-01
-2.431214058307191728e-01
6.717187265160433629e-01
6.425996795310829901e-01
3.585288897814791209e-01
9.330230031504349597e-02
-7.074936906226001465e-01
3.519121561226354888e-01
8.516350625469215618e-01
-1.862200870817960485e-01
-5.184248337317066690e-01
6.993602401908806110e-01
-1.359185448304376376e-01
-6.074467437297477179e-01
-5.462562667902655100e-01
-1.540575624487705575e-01
-9.428712040802604832e-01
-5.016349191035982535e-01
-1.036726704690031919e-01
6.551096663181574797e-01
6.123135416692637722e-01
-4.944766393067672183e-01
-2.835461212421270805e-01
-4.114165757674576041e-01
-2.900685963387337196e-01
-9.584311212615042042e-01
-2.791292447434838842e-01
-4.684653872081242509e-01
6.968146776090764494e-01
-1.984562912141823732e-01
5.931302234436829357e-01
7.907750584062811505e-02
-1.708853901379630003e-01
-5.212315219226266727e-01
-5.076439720421803414e-02
9.988691878907722810e-01
-3.825230097424655584e-01
-8.677148574527119296e-01
-8.420701289460493788e-01
-9.247250323476374767e-02
-1.078086058523119561e+00
-4.557589158929083450e-01
3.023985384616718619e-01
3.773226968377367818e-01
8.993518396016360050e-01
6.652324853954363348e-01
6.974259644018587778e-01
1.752391245783697649e-01
8.948616986532491602e-01
-5.427143056066796589e-02
7.768766659779893224e-01
4.080757159914427668e-02
5.464665181425809592e-01
4.914920137924190247e-01
1.983964014007084664e-01
-9.429810239766098778e-01
4.810343623340100905e-01
-8.162128665734209587e-01
3.382144972423168916e-01
-5.211958714461693010e-01
-1.450445535320610269e-01
1.240239717143878512e-01
2.716265257697096924e-01
8.727555786935148330e-01
-6.240138340238110537e-01
7.470591218856252880e-01
-5.062233878324842173e-01
-4.591895509740429038e-01
-9.266050869885316121e-01
3.898937496915886314e-01
9.067872377059491562e-01
-8.971384074824519939e-01
-2.657620094319959048e-01
9.504666681763278557e-01
9.806687384729937396e-01
-2.261359311758464052e-01
2.727883907923462914e-01
5.214901877944985165e-01
6.294926281285383451e-01
-2.738845219970463818e-01
-1.055486095569986293e-01
7.779748528179699640e-01
-8.432773857442390497e-01
-9.933314766134551110e-01
4.029841198537109648e-03
-1.058776373174630692e+00
-5.650933249486260745e-01
7.343085665692803410e-01
-5.496421308297538832e-01
8.965840896145758077e-01
6.699428104893325742e-01
-6.900269230119613351e-01
9.458691649746852059e-01
1.962408788745559907e-01
6.435496574632355582e-01
-6.208174555764789382e-02
-4.755541573796073784e-02
-7.014716708090495967e-01
2.168272709501493090e-01
5.417868278889694800e-01
-6.758605720959658392e-01
6.715931265294243779e-01
8.519357538487544179e-01
8.022271177560360567e-01
-2.827998450516155948e-02
-3.422290586317422445e-02
-7.989100358240406319e-01
-5.844310672435377718e-01
-5.206202699534097089e-01
7.391761206623475022e-01
-3.760423175145743979e-03
-2.146656705199765369e-01
-7.864506930978365506e-01
4.790978199661994896e-01
6.048045752045698720e-01
-7.000830390025529759e-01
1.003974203880279026e+00
6.030575104478133053e-01
7.494420401851327185e-01
-6.539471538601187017e-01
-8.220974869556765263e-01
-8.170626624488893652e-01
-7.930523683506895960e-01
3.785524548907963638e-01
3.278888653187816971e-03
-1.567905050371061204e-01
