-1.599010820188682958e-01
8.269674714533253868e-01
-1.000000000000000000e+00
-9.113407492519616238e-01
5.356025802159625204e-01
9.843007419126781343e-01
-7.808274619914112868e-01
9.695796217361040137e-01
9.484671088956231344e-02
4.361861122131544533e-01
6.939945462039974755e-01
-4.528924019769908771e-01
1.652232347030724857e-01
1.532347027188763477e-01
-9.853009835432336994e-01
7.361708746225724687e-01
-7.479831149137503576e-01
-8.044068470490922662e-01
8.195475537537331157e-01
-6.900488177825645497e-01
-9.894204794013744531e-01
8.037793829626499464e-01
1.712794067941190157e-01
-2.474328503933207468e-01
-8.551127624788787962e-01
-7.859716038828408191e-01
-8.424984938066346629e-01
-7.507779517847811279e-01
-1.967953734694849466e-02
6.335716675261156006e-01
-5.369151095195098256e-01
4.288313247958234764e-01
3.649996135430901845e-01
7.333338745567652417e-01
-8.928280700598578701e-01
4.087095127414690499e-01
-2.827538213671954015e-01
-5.202462124789889453e-01
-2.267638947254850823e-01
2.005582807388350541e-01
1.875193971150724281e-01
5.539447073117624853e-01
-2.741758436388002096e-01
5.216044648844208043e-01
-3.345483182090930874e-01
5.613325784715349487e-01
6.707905073189660561e-01
-2.512720582523687574e-01
9.360011872620974116e-02
-3.548608640714312479e-01
6.381908131348037472e-01
1.285250640840138875e-02
7.721375129605279053e-01
-6.130260539470143710e-01
-7.007529056151007296e-01
7.685551125945286333e-02
-4.948311644474114313e-01
-8.752261571335684387e-01
3.601661135106187794e-01
1.000000000000000000e+00
-4.840515852052849066e-01
-5.617035722720602475e-01
-6.930364909109246185e-02
5.267901377183081824e-01
-2.371631974318285374e-01
-6.104327709959003201e-01
7.273601648381591289e-01
-1.000000000000000000e+00
1.000000000000000000e+00
4.354444983030208993e-01
6.655698613999181390e-01
-1.966541410792355116e-01
-8.060735877111332437e-01
-5.627317914576936975e-01
2.192554698203541541e-01
1.000000000000000000e+00
-7.584866258765476932e-03
-1.248435766421151644e-01
-8.385617197118598598e-02
-3.837032807484197505e-01
8.487389338870305888e-01
-4.412037129453516004e-01
7.361506310908066952e-01
4.675229920443513265e-01
-7.605948359810366100e-01
6.789807040353167400e-01
6.652771792099660964e-01
-1.064995068866289724e-01
5.161840466457203735e-01
4.965989236008459817e-02
7.160884155795990691e-02
6.382796413372865407e-01
-5.794950119575713599e-01
-9.935570522861398857e-01
6.428799398506902518e-01
-4.287522831342042151e-01
-7.101390787206521837e-01
6.222231179609316598e-01
-3.463488727522130994e-01
-1.384223247857876427e-01
1.346513075994714148e-01
-6.532440295730738145e-01
1.000000000000000000e+00
-2.587297551324558853e-01
7.680899140923050927e-01
7.601293820604648754e-01
1.064108509265292712e-01
-2.739172642320570894e-01
2.647139565287043861e-01
3.163815431078963458e-01
8.099029302123039731e-01
-9.178759390877723190e-01
6.204779185173876499e-01
4.377532248059706754e-01
3.273393200053731911e-01
1.581693309424094807e-01
2.916208863817753016e-01
6.437932925092016978e-01
7.451137681916185640e-01
1.023934667433951118e-01
-1.896663481237825799e-02
-5.192475288517192089e-01
-8.248939516629790747e-01
-6.957169255460238233e-01
-2.474414743314281018e-01
-2.296236054021982553e-01
-6.902714413707292662e-01
1.202782226305342955e-01
-4.579178692047188304e-01
-5.022433596500990305e-01
1.761153650898112932e-01
-4.064822531588315746e-01
-9.646856741615654762e-01
3.661798248859913230e-01
5.282191690099685699e-01
-5.426318437324435529e-01
4.685546851630596477e-01
5.383938714264123737e-01
-1.000000000000000000e+00
4.100912034076835688e-01
-8.505467694357149444e-01
5.387638285414100281e-01
5.057925581317130881e-01
2.446541499693272170e-02
-1.158252378199301075e-01
-6.390181193308940300e-01
3.061866851517639487e-01
-2.331993867154216193e-01
3.191584643622692730e-02
5.746102236575501010e-01
8.913387288671258402e-01
9.985581242986071304e-01
-2.331896304820446630e-01
8.123372691936863177e-01
-4.489322343841236629e-01
9.035418082855559696e-01
-2.784300166209405791e-01
4.149341705205807362e-01
8.214475074744365113e-01
-7.324623045559548462e-01
1.501325209550110618e-01
-9.770254711706686246e-01
-7.497709271090167160e-01
6.775838044226965007e-01
5.979358195799960862e-01
-6.141898658366664598e-01
-7.584640857027580285e-01
-3.572629914984651878e-01
-4.878569115832687153e-02
-7.594258839546618178e-01
1.671962528723756058e-01
6.279555324244477932e-01
-9.432571502560235244e-01
3.223206419800109801e-01
2.160186900943541488e-01
9.468994199568551984e-02
7.951969258448507993e-01
-1.396335152434875770e-02
2.102169436639920175e-01
7.864369578879082390e-01
-7.778910690842287812e-01
7.437621538110494868e-02
-9.344689162865343901e-01
-9.683157381374691841e-01
-1.377480714813473367e-02
1.000000000000000000e+00
5.525791361675976843e-01
-6.706382285071887939e-01
4.280498975440161225e-01
-7.920621479067617710e-01
-7.518993959745305933e-01
1.000000000000000000e+00
-1.480977112537674445e-01
2.369848175277768088e-01
-7.579031524885426752e-03
6.970461514373489376e-01
-2.051721018536325214e-01
7.242800450961073278e-02
9.641194467151381620e-01
3.770646950983272405e-01
-6.996433439308099578e-01
9.819391155179619801e-01
-1.412467214174228380e-01
-1.000000000000000000e+00
-3.552960064007772978e-01
3.779310453648285772e-01
-8.470173271434541795e-02
-6.414183192130442634e-01
9.749147207510408530e-02
-6.421570692664446689e-01
-3.349052449082044469e-01
-1.624166848926742457e-01
7.641976378805475090e-01
7.599665367768382307e-01
5.962262371179507525e-01
-3.717046242283255642e-01
-3.831070829691127777e-01
-5.350899428867075258e-01
2.108167415775258624e-01
-4.571222955925701159e-01
2.434964725953244757e-01
7.464687356767536475e-01
-4.484382840205729526e-01
-3.285439143963068687e-01
-9.430443764742062196e-02
6.717903791163968297e-01
-4.420160431783353716e-01
8.221433558292812194e-01
7.842682765582710269e-01
-1.000000000000000000e+00
7.275779449102984797e-01
1.168953379548612059e-01
5.811280598579717793e-01
6.402701291040012732e-01
6.652452786307522237e-01
5.196855504990450791e-01
-7.849209734381301651e-01
-4.505653160645252120e-01
-1.271742201694205932e-01
-2.513901883862257325e-01
-7.467066863376929930e-01
-8.233179611898497341e-03
5.095127894681503733e-01
1.722656789258127930e-01
-4.128550321316923344e-01
1.324329256062604931e-02
6.886353616892721963e-01
-4.567644112519346211e-01
-6.077577608977310364e-01
7.301330055274617425e-01
2.890826400541950392e-01
8.726014442506566104e-02
5.039841569105282804e-02
1.000000000000000000e+00
2.629301603502811058e-01
-6.488415020488808027e-01
-9.147070638328644865e-01
7.990770363724133407e-01
7.393832268379172401e-01
-9.665146049915095405e-01
5.467695481725173279e-01
5.979087805670456612e-01
-8.227079363088127262e-02
3.671496184214973479e-01
6.500044308436474516e-01
