2.897372377747068906e-01
4.559345987548285573e-02
1.020160949366806791e-01
-3.177078751905741405e-01
-2.490764769736236728e-01
4.069340407571843399e-02
4.080668010315971483e-02
-1.265112404645442612e-01
6.393351987221304600e-02
2.553356139051701224e-01
-4.201491563855938582e-02
-3.689480687266320086e-02
-2.277754631631295490e-01
2.265280181299257622e-01
2.979301317623256340e-01
-3.539298468953930854e-01
-4.430549179625705714e-01
1.507891374057674649e-01
2.664990635382427642e-01
3.357246276074281610e-01
-6.229449441507532714e-02
8.119394442879415696e-02
1.649702285947608760e-01
-1.203164210594102335e-01
-2.824498755810980755e-01
2.282606834121172767e-01
2.020878842313495183e-01
2.703669670615259646e-01
-5.790759958833231746e-02
1.482396131391681693e-01
6.917642323777709046e-02
2.018749190435777940e-01
-2.136010588143362199e-01
-2.175160902508211647e-01
1.744359895522158976e-01
3.936096727544364238e-01
-7.363069475751701787e-03
-1.961252756770039962e-01
-3.021036991111135106e-01
3.447460690943620620e-01
-2.665944062469801090e-01
4.294810163723234986e-01
2.164552661685672508e-01
2.627428896147815385e-01
-3.213536001673326231e-02
-1.580774402635625187e-01
3.808038244229102198e-01
4.120156045539223877e-01
3.669913248168172881e-01
-1.225124077726776339e-01
4.374248901693245095e-03
-3.506904093492723140e-01
-6.754943618221070922e-02
-3.748411308108487439e-01
-7.076900739475699975e-03
-7.403507908519952885e-01
2.909466480426753932e-01
1.023805065865403541e-01
2.865621243656145123e-01
-1.042638889184266116e-01
-3.286631807090907298e-01
5.930454220239786967e-01
7.831718747258012425e-02
4.817335310896552203e-01
3.284490172759081394e-01
-1.721938914599551729e-01
-4.864282431624130654e-01
1.510528997132875306e-01
4.029130137457804794e-01
-2.486445371514577063e-01
2.512305683293564185e-01
-2.680734451250027517e-03
1.855257644620064983e-01
1.774633947352745877e-01
4.939505655605935797e-01
-4.124399645218744803e-01
-3.825431909832902044e-02
-2.128803084084165409e-01
2.404605618053970995e-01
1.271352014609758163e-01
-6.562282394063682911e-02
-3.490229104069150212e-01
-4.285329221844657033e-01
-6.894726935817832580e-02
4.531272348694158625e-01
-3.451531899651749669e-02
-8.219399158089671364e-02
1.227478835246634814e-01
2.528110051755206103e-02
-3.182910226549802157e-01
1.625828790123864387e-01
-3.884262667341024655e-01
2.971426239627371069e-01
3.921405437534558613e-01
-2.342547901124549248e-01
-1.411986151856606808e-01
3.590340022697729450e-01
-1.467625873205938014e-01
-5.226481556597493139e-01
9.032426034925898628e-02
-2.678749603725984474e-01
-9.267789523796647611e-02
-3.648123811369076153e-01
1.855515599823809314e-02
-5.714659924685587811e-01
1.454944628278916352e-01
4.468392002048729439e-01
4.570373806178590348e-02
1.227606972560831705e-02
1.438427735519660355e-01
-5.700578727811297375e-01
1.804004591154063364e-01
4.562635040470094383e-01
-8.969571872033231530e-02
-2.305271288193969370e-01
-4.989063225087086995e-01
6.817330619494845756e-01
4.803774284994993815e-01
2.469171546823869037e-02
7.139782681229582539e-02
2.184226872768377931e-02
7.104654702189813764e-02
6.604932007411201678e-02
6.348601201673931271e-01
-2.089330908431418221e-01
-4.442895316256659233e-02
-1.479082845378663913e-02
1.789887269294588301e-01
-1.113522892794974739e-01
2.720205581925220217e-01
-8.050016161581262375e-02
8.352955839298291385e-02
2.263624468298421344e-01
1.059118363152420500e-01
1.652384009621798155e-01
-2.000973472832353051e-01
-2.040399937496638338e-01
-2.456326139148617693e-01
1.632389258653962893e-01
-1.723457059370908928e-01
-4.315260938565609883e-01
-2.592457520360715306e-01
9.880661619048888844e-02
3.081813053286074355e-01
2.807956792419186165e-01
6.001879830777011315e-02
-2.250919237057855682e-01
-1.790947234174178893e-01
1.960935714161801402e-01
1.541865881806233629e-01
3.146591049960469066e-02
-2.239178455395318124e-01
-4.720193903785848688e-01
-2.455135915531426738e-01
1.754201603018620548e-01
2.787294215556723187e-01
5.804627677778761985e-01
-3.071687186390005264e-01
-1.412323015982837049e-01
-5.096564363890662142e-01
-1.296071045973946345e-01
3.206195235779898955e-01
3.960496395215986620e-01
-4.894533527889532998e-01
9.389841225802768310e-02
3.053465710822260704e-01
1.342401735776642957e-01
-1.614699317723324035e-01
1.506290125724915607e-01
-2.058809374568638106e-01
4.633614240388146954e-01
2.288675864842403818e-01
-2.518816189601946753e-01
1.870459539871759391e-01
-2.200814693675327560e-01
7.679408816462041099e-02
2.166478962229319016e-01
-5.765843509721425147e-02
-8.739287062431773390e-03
1.970991781309879010e-01
1.042530381378863613e-01
1.217148157567561201e-01
2.283897100358588117e-01
3.667627226182489375e-01
3.107547306940914855e-01
-7.891968772222331119e-02
-6.167445077852272695e-01
-1.934922336865878001e-01
-9.246227144105678697e-02
1.857904772730911702e-01
1.642525505156131327e-01
-1.323175546241824596e-01
3.278919224343142258e-02
-1.581263645689075584e-02
-4.521964555304656963e-02
-5.350064721029070824e-01
1.489696847097950749e-01
3.416008534763152749e-02
2.954060165027780904e-01
1.435198313677029935e-01
3.346666523187550868e-01
-7.046870342891348171e-02
-2.152835296454517766e-01
-2.621972970703840278e-01
4.003432976775419400e-02
6.475763306987269985e-02
2.158901757836181323e-01
4.655178993515676766e-01
8.432712667253465522e-02
-3.682042371656601421e-01
-4.327160769575340016e-01
-2.140045626276386170e-01
2.345513942786138784e-01
6.197744471421051671e-02
3.433098625726498376e-01
-5.760810272438748880e-02
3.574000442820940426e-01
2.063882995638352813e-01
-1.718024844472310769e-02
-2.537712757226010529e-01
4.414428350574060855e-02
9.021159038651727080e-02
1.316016898570350757e-01
3.871290669297345888e-01
-8.391920112315334745e-03
-1.989214859581981687e-01
-6.467881524209783128e-01
5.086263668250019521e-01
1.740587315804384971e-01
1.288229907889416048e-01
-1.615268069866215850e-02
-1.313180976163097480e-02
5.771211646894885972e-01
2.554929481375556310e-01
-5.356017898478213080e-02
-5.261879282693313065e-02
4.215268754585409228e-02
-9.895674834783611817e-02
8.892564982601339207e-02
1.632258742063388141e-02
-2.438228473231714988e-01
-3.169233425724363729e-01
5.706999201465959293e-02
1.081020925996740989e-01
-1.714155561721278365e-01
-1.526653356842730402e-01
5.987549271183065930e-02
-1.795526959463043803e-02
9.688439982344218548e-02
6.872895104060486315e-02
1.044229241345793480e-01
1.361841087296750685e-01
-2.659581367368141214e-01
2.985802631981705479e-01
-2.078032934044552610e-02
-5.855871675193100589e-01
5.321449024150591567e-02
-2.574099010869752568e-01
-3.702690129629083726e-01
-1.854046151397859277e-01
-2.926488626875716204e-01
-2.224124997583634133e-01
2.933559872036713978e-01
8.889894973986717241e-02
-1.394698542150218656e-01
