-2.735830358332729251e-01
-1.196406974470447526e-01
2.578366985327327221e-01
-2.461506406901768917e-01
-2.395525662806963219e-01
-6.148889880922173701e-01
-7.844238252497587327e-01
-5.290034952464783835e-01
-2.826130170782437112e-02
3.610702416463042463e-01
-1.589570056203808424e-01
-3.228839740061359986e-01
-2.785553538147202968e-01
8.473076801322565466e-01
3.708215654699120734e-01
5.806800744126974223e-01
-9.687300876874906930e-01
6.625468179039210037e-01
2.418510463581435843e-03
-8.364239792622909508e-01
-1.000000000000000000e+00
1.905684629034445632e-01
-5.375392384071910890e-01
1.790703388946546237e-01
3.433279644706175304e-01
3.729230928455068428e-01
-1.000000000000000000e+00
-9.205129384410059012e-01
4.750592952616785603e-01
8.540152204053239604e-01
-4.808153697745025656e-01
2.353692695877818153e-02
-9.706220135295877682e-01
2.450500513275361003e-01
-6.939134254827947768e-01
-9.034147081300625270e-01
-6.720532650102750694e-01
-1.748238157099550882e-01
7.211420282025803319e-01
-4.784869458453899771e-01
-1.180366454070474469e-01
-6.595526588240124832e-01
-5.962329682121725316e-01
-1.000000000000000000e+00
-1.000000000000000000e+00
-6.409938620642761098e-01
-1.000000000000000000e+00
-7.494436540398727864e-01
-6.881637735926260380e-01
-4.110143868461592076e-01
-9.096597330106548362e-02
3.541196990497734454e-02
-2.829729439445216599e-01
-9.822739919744669645e-01
-1.326221215534475473e-01
-4.548996354408073595e-01
4.127225088299044664e-01
3.435442526154769416e-01
-6.870859196572107752e-01
-3.504480731139284488e-01
-2.386618852667671264e-01
4.161673720455798531e-01
5.763588175517797563e-01
1.612293230164512092e-01
7.459023685504265755e-01
1.232831447408443276e-01
8.229924426806380922e-01
3.743851837869716093e-01
6.254148479894843238e-01
1.562694672412852093e-01
-2.742754011444281104e-01
-2.422315974979340203e-01
-1.257156851499158789e-01
-7.918374228657173441e-01
-7.838651879870253136e-01
-8.372402405376837553e-01
8.612589081900310362e-01
1.578236269368412104e-01
-3.792161120553690923e-01
1.790237825048553444e-01
8.202116139920885285e-01
5.486185741199323118e-01
8.490008348953674844e-01
-5.958381130710463380e-02
1.151270563191742757e-01
3.636857619351380744e-01
-1.148294549545921250e-01
6.966971127891758986e-01
-7.138318976129111315e-02
-1.404787417202199573e-01
-3.577535743175689342e-01
1.346268564276469348e-01
-5.617611047959045201e-02
-3.790652264837915397e-01
-8.421370040263957968e-01
-2.731814255076777664e-01
8.829713681562312289e-02
-2.130241504761192228e-01
6.455559668017072372e-01
-7.174529412870642719e-01
-1.000000000000000000e+00
-1.331662436172986741e-01
5.059609134215350412e-01
6.172973408897013403e-01
-9.246306093938443382e-01
7.089757547411151828e-02
5.931124262553155724e-02
-3.431699221879908612e-01
-2.305248029871578286e-01
3.008093248660206331e-01
-5.002079027355386120e-01
-4.236788547087644297e-02
-1.139692560796790460e-01
-1.260833765811126828e-01
2.239013941474892189e-01
-1.000000000000000000e+00
-5.746010850312938123e-01
3.356055123995318468e-01
-1.000000000000000000e+00
1.000000000000000000e+00
5.959726329355232721e-01
-6.902285965537968693e-01
-6.360564094983759409e-01
1.385605947153054629e-01
2.453786510070655180e-01
1.171506175032108743e-01
-1.804690599296385756e-01
4.519173876025178727e-01
8.817197867720509841e-01
1.000000000000000000e+00
-9.564336282114935806e-01
4.772783779888553624e-01
-5.031006991771975745e-01
-8.541179843704767294e-02
-8.713837584069319409e-01
5.109252485777171504e-01
-7.555664981020080440e-01
3.100598009181557702e-01
-3.877221719652357845e-01
-1.000000000000000000e+00
-1.490382231527296319e-01
-8.294394977122745427e-01
3.692448620287031025e-02
-3.141052264156778406e-01
6.923364972686514296e-01
1.000000000000000000e+00
-4.234470255508512165e-02
7.708237781433410762e-02
7.839472130042961506e-01
-4.072730819616992015e-01
1.000000000000000000e+00
5.584410573105188513e-01
9.872073561631944383e-01
2.862031726025245360e-01
-9.224115285617686677e-01
9.081968884680484688e-01
-4.136749345368565534e-01
1.187860741838731027e-02
5.180273568020288266e-02
-7.977397884048251786e-01
-6.340040442508079188e-01
2.527550782030225651e-01
-2.350647275414432524e-01
-6.333335182430613886e-01
-9.610625084940591645e-01
-5.793262164670518466e-01
-7.027025534561521791e-01
-6.023968712143540349e-02
9.322131213809450312e-01
-5.564019392951053966e-01
-1.000000000000000000e+00
-7.684308961064045818e-01
9.077861239160363027e-01
-1.636052225411095407e-01
1.746296212261589098e-01
8.360939617296615500e-01
-6.953674448918184536e-01
8.338719267180867423e-01
1.000000000000000000e+00
6.557851084939299025e-01
8.586000305060441651e-01
3.514929815400913427e-01
2.307026453909195862e-01
7.881850876438204478e-01
-3.881517464808901391e-02
1.928431876685641200e-01
4.240295048179979487e-01
8.081597124480793815e-01
1.000000000000000000e+00
9.058222330854235338e-01
-8.369930856283679388e-01
4.596660109182870713e-02
9.657244804087077306e-01
3.359493918219047526e-02
9.196988127828586990e-01
-2.841045947257787585e-01
6.922438775210151274e-01
4.259473798269077793e-01
-6.071849624377900767e-02
-2.009975175004599657e-02
-4.893557578777383288e-01
7.041952923907334183e-01
-9.226940801133085568e-01
5.866991751433177082e-01
-1.956797845073870445e-01
3.348661763606046726e-01
-5.088294292124136142e-02
3.936660922018799247e-01
3.571964026492016053e-01
2.956742232544220528e-01
-1.056730868917443722e-01
-9.815020447249560576e-01
8.573007026737942127e-01
2.824222535659519639e-01
4.761178267535400854e-01
-5.495226505420336416e-02
5.581943107559275141e-01
1.943467239975940064e-01
9.509963705203614559e-01
1.261804304502380791e-01
-7.716914471884297466e-01
1.000000000000000000e+00
3.285161472994028165e-01
5.309634380011492016e-01
4.367255905220752688e-01
8.902498747297844517e-01
8.878606090690077668e-01
1.950886773195092960e-02
9.028317928565268158e-01
8.917898091552391993e-01
-8.121742411247413473e-01
-2.045240739977973732e-01
-8.703722786688727897e-01
1.000000000000000000e+00
1.622782316739908026e-01
9.001582378772429172e-01
-2.792200560382741559e-01
3.677897888009324934e-01
2.421679862569496855e-01
5.618825216301860381e-01
2.725021016027198706e-01
-9.043678471208174141e-01
6.152195706494072436e-01
5.357681981840287655e-01
-5.656337710270915586e-01
4.118706120146824468e-01
7.456353753338462731e-01
4.626523009551394283e-01
-3.126327795061925041e-01
1.586901126292019626e-01
-6.884047633893852769e-01
-5.311822030024979657e-01
4.119545951427678876e-01
5.097549755667731830e-01
-8.266308201032325220e-01
-8.929822420733087851e-01
8.321179071400843785e-01
1.298575599933861624e-01
5.886929913369217671e-01
-7.042393090805947331e-01
-8.729377974435520438e-01
-4.379098857131964451e-01
-1.298477327665370495e-02
8.219273847259801480e-01
8.110064019236562505e-01
