-1.727383782796102218e-01
1.427874342250260720e-01
-7.710333916635698781e-01
-2.469101238341452342e-01
4.999418467662665178e-01
9.298040060406309593e-01
8.719654310717277479e-01
3.683349074907574239e-01
5.666149152572521608e-01
8.689399684205929564e-01
8.395453108142807430e-01
-2.417945635538837901e-01
-2.273950075103274571e-01
-6.203896582816627037e-01
-5.230185766796199287e-01
5.497188747119762242e-01
-1.295123956048505609e-01
-3.396954985116623638e-02
1.166738241562812473e-01
4.847479322620974473e-01
4.777206428473602662e-01
4.079435639543826375e-01
9.845895355842302354e-01
2.625628966153004118e-01
5.323381838116282294e-01
1.224072717311291414e-01
3.377116350641942710e-01
2.400830883275685279e-01
7.775207866320708039e-01
-2.871180494432628016e-01
-6.071854986349473071e-01
5.640142376111879630e-01
3.524003775637751246e-01
3.298733282190002836e-01
3.819881945773304088e-01
7.410936641797305491e-01
1.000000000000000000e+00
-1.280407991292173420e-02
8.657008156463600335e-01
-7.883134736143302401e-01
-2.442970778599050097e-01
-2.152305843268797481e-01
7.123376516909201150e-01
-4.516358467798205489e-01
1.000000000000000000e+00
-6.477750994933405282e-02
-9.373876922299587688e-01
-3.434995697564769412e-01
-8.552280500425701870e-01
-9.355414736604867887e-01
-8.618724140010775026e-03
2.029199683876859173e-01
2.335597953098738633e-01
-4.476051281444772822e-01
4.125820581249246000e-01
8.412646989334990888e-01
8.130700595616715542e-01
9.507500560906390064e-01
-1.176379309939657725e-01
8.942314597486240579e-01
4.738400143854412661e-01
-6.522791544183921264e-01
-4.109363421498216096e-01
-1.299723514027337039e-02
4.089855337401873681e-01
-7.451383946042243744e-01
-3.120333081209415438e-01
5.749973133085353183e-01
7.590619579835133912e-01
8.060852870734626086e-01
-9.653000820113292191e-01
1.000000000000000000e+00
-4.376382266518235031e-01
9.390886560595662624e-01
-7.075189992597648025e-01
-2.681347914249761488e-01
-3.832195201372868842e-01
6.224300903865723766e-01
-1.939258278594644946e-01
-2.387475254191844809e-01
-1.262878809153139548e-01
-1.873201236608833531e-01
7.347107951715794449e-01
-8.226989876921200207e-01
-2.021204990274886870e-01
-6.407774204559122389e-01
-5.383263454235858170e-01
8.227051652552939132e-01
-7.546736130393714159e-01
5.516149846749227592e-01
-2.905016740960836841e-01
1.370421766894391880e-03
-5.748267853003606875e-01
-4.885203410474949215e-01
-9.011876003952177250e-01
8.750404313104115372e-02
5.074045674994448474e-01
4.812565728136247722e-01
1.000000000000000000e+00
1.026173145316737201e-01
-9.017107487635196428e-01
-1.792765024186688816e-01
1.000000000000000000e+00
3.157147954182304428e-01
5.497463748552233742e-01
1.000000000000000000e+00
2.751058006111709586e-01
-1.000000000000000000e+00
3.715415698412004031e-01
-9.128516200597811547e-01
-2.506910159096914503e-02
-1.975288648851425133e-01
-2.748190671049753342e-01
-1.765283898035454324e-01
-1.472505659390231647e-01
9.218491586134265336e-01
1.888273683945427273e-01
-9.200228708188552540e-01
3.315389920655472666e-01
3.786812364709616352e-01
6.242721566977164072e-01
-8.613090375351069028e-01
-2.465510985227674368e-01
-1.096884373994808648e-01
1.000000000000000000e+00
3.244381891206798429e-01
-9.377118174259082561e-01
1.098054326209229326e-01
3.816069232881089679e-01
-1.000000000000000000e+00
4.289959081387509365e-01
9.674280294630012156e-01
3.194929969263793357e-02
3.624808100287904566e-01
-8.216064074844997567e-01
-3.113349157001331080e-01
1.365060735040746764e-01
8.566974849499843225e-01
-8.875273097190720106e-01
2.636114549952621178e-01
-7.529442275704112397e-02
6.009341872508695559e-01
-8.100671485511123926e-01
-5.684863975754382848e-01
-1.136722599532657973e-02
-7.654628975755084497e-03
4.114043069471244873e-01
-6.072254053972847565e-02
2.825882394258627528e-01
-5.029939395523470580e-01
-8.952605758712167683e-02
-8.207830641179877373e-01
8.324829419926057517e-01
7.331041860277361932e-01
1.000000000000000000e+00
1.000000000000000000e+00
9.506495669337378107e-02
6.477457979562071255e-01
-7.713829722785920939e-01
-2.875197197697435536e-01
5.316388662543408694e-01
3.314122654163034198e-01
-2.343837527920920039e-01
-9.584337438875240034e-02
6.262583567331615753e-02
-5.534422905497105027e-02
-2.674721942893328874e-01
7.501600004931029408e-01
-9.570128010937593022e-01
5.173100523673748175e-01
-6.337092316744901144e-01
-1.100282107459860104e-01
6.953165774376353081e-01
7.618202483985110351e-01
8.836820543541796802e-01
6.802342373870864378e-01
-1.955627252448253195e-01
-4.946801977311292564e-01
4.165517526872423160e-01
5.250561241832095716e-01
-1.506757396300002771e-01
-3.071936931534938742e-01
-4.831211479932878694e-01
8.361395709627381656e-01
6.725713143043623443e-01
9.667393999404545468e-01
-7.124905782049331116e-01
5.494385830309183039e-01
7.843293206621855251e-01
7.395654539072060718e-02
-1.000000000000000000e+00
3.099358259534165105e-01
-1.027046704149985334e-01
-2.551513816452402050e-01
-6.943009916602660425e-01
5.813440423181848171e-01
-3.881991871002863359e-01
-2.082926221305110015e-01
-8.207614834050750430e-01
6.011409599088233247e-01
4.342219815867909283e-01
9.465590837292701121e-01
-2.744230579022632899e-01
-1.232216066236944130e-01
1.000000000000000000e+00
1.000000000000000000e+00
-3.358640619179621978e-01
8.848612510316819502e-02
7.842242993426287168e-01
-7.507398913582365996e-01
3.115634437474486540e-01
-2.296247523598641260e-01
9.385916897375801149e-01
-2.791365632337856617e-01
6.291907621305017351e-01
-1.604807334967878196e-01
3.460059946592599633e-01
4.062145184838915624e-01
7.095482479640627949e-01
-9.217659471303394358e-01
-2.135722327764825179e-01
5.271048694128821488e-01
-7.589964399427773234e-01
-3.396051659353720997e-01
1.000000000000000000e+00
-3.539628807768538388e-01
9.927132199356740738e-01
1.119667933156418965e-01
2.408676589110283206e-01
-9.660427599976153523e-01
-1.000000000000000000e+00
-1.548017842560096557e-01
2.148448707829082593e-01
7.664092887839807355e-01
-6.206408442806419234e-01
4.577768198684091239e-01
-6.075383364877209313e-01
-6.981839233997827465e-01
-4.908330909787944063e-01
8.908406964105479720e-01
2.292639464017875994e-01
4.481086886932322266e-01
6.768802159310838285e-01
6.050971196957894982e-01
7.496618633439772195e-01
-8.589838187519925894e-01
-8.365008453242095410e-01
-1.219308649448769266e-01
-3.251551308671768448e-01
-6.489380628431147269e-01
4.210147229338001562e-01
-1.813637121720962364e-01
9.435083733821910679e-01
-4.208375702334095081e-01
9.099982405848542344e-01
-5.198502384225540673e-01
3.330246966725014524e-02
-1.000000000000000000e+00
7.018575099851112054e-01
-7.266270398728489344e-01
-2.329507402280747430e-01
-4.662168089408607607e-01
-8.823061571941802628e-01
5.330733372477765020e-01
6.502615998312279988e-01
