1.207083873175429090e-01
-9.213785164828269814e-01
-6.667213749910031462e-01
4.774587333265998823e-01
-1.324616151901889527e-01
2.067609452748744303e-01
7.259797968749764907e-01
-2.671935100615301373e-01
1.621394539943936675e-01
1.021372058542254768e-01
-4.827491787585262983e-01
4.421125620173658732e-01
8.033367190783350376e-01
-5.770634672241468088e-01
-1.000000000000000000e+00
-5.709135093247033055e-01
3.259058808811206021e-01
4.382381594698967486e-01
3.072735819762565379e-01
4.746752035692328731e-01
-5.903304376393689878e-01
1.702611181512118099e-01
-7.985359527328170781e-01
2.336720727651439566e-01
4.223917380153789924e-01
5.679802059081551224e-01
-6.084729849236103494e-01
-3.983087170734875837e-01
-8.504725829657080460e-01
2.220628598477567550e-01
-5.564381032473671995e-01
-7.512594516899426811e-01
-5.879905043101374407e-01
4.819174389034690531e-01
9.129254563495339259e-01
5.373131915933713199e-01
6.001748664075687856e-01
-6.137377777214266805e-01
-3.641447565186745061e-01
-6.646591887340398408e-01
8.685713127528613686e-01
1.589596420382817510e-03
-1.132224786839386432e-01
9.916870835306681453e-01
2.904704810692855244e-01
1.118210027094176384e-01
2.731933140973901164e-01
-8.024568841309007716e-01
-3.491351947148793045e-01
-7.749461133736335050e-01
8.483122696419853614e-01
-7.514946555140787909e-01
-3.843041982924534916e-01
6.331207609719982088e-01
-1.499304329894957100e-01
-4.509883107361218890e-01
3.159286321827734501e-01
9.304807851264496055e-01
-4.215319847236846940e-01
-4.192667488030324963e-01
8.575692060127966254e-01
-3.188096659651844522e-01
1.459579657784473294e-01
-1.348751207862313173e-01
-1.077652922005156721e-01
-6.866464397844866951e-01
-4.953091070217363612e-01
-7.910635110678385651e-01
-8.222093760330857481e-01
-4.516817985022305582e-01
8.185899359382076135e-01
9.598022378934555343e-01
4.608115860668631214e-01
6.387308252325594182e-01
2.197746984474680532e-01
6.555613997634661405e-02
2.879141365854525070e-01
1.000000000000000000e+00
-4.435218591375502672e-01
-4.470904566219706111e-01
-2.275336334092714630e-02
-9.602288829284073568e-01
3.255789247160716382e-01
-7.974167710746926652e-02
-7.784193960921748090e-01
-1.364330437147852626e-01
7.836286335938136283e-02
1.000000000000000000e+00
7.637089452150016555e-01
-4.485832839499170888e-01
3.634523997974151710e-01
5.383029278011762786e-01
7.394308608065908173e-01
-8.224408939058146517e-01
-7.040480493520551164e-02
5.977355070169433349e-01
-1.000000000000000000e+00
6.982998583523802871e-02
4.177977881661554260e-01
-6.402965802061462153e-01
-2.627731249714126971e-02
2.803323081332245170e-01
7.247528886601816156e-01
-6.057745635150852959e-01
-8.193866269387295453e-02
5.397398964924833287e-01
-4.189285894154384238e-01
-7.557020981122675174e-01
6.532992930724610403e-01
1.000000000000000000e+00
5.330138875941928811e-01
-1.000000000000000000e+00
6.827579718382790208e-01
9.796381942468220805e-01
8.076807581541892711e-01
2.048288839143566076e-01
9.861690817093182737e-01
-7.283619724179697386e-01
7.402644430069265091e-01
-7.334957198190894534e-01
1.000000000000000000e+00
-3.381635825347538704e-01
-9.818440419644702821e-01
6.910524075083869511e-02
-3.112916149588838000e-01
-2.651821064522232319e-01
-4.460061012288257243e-01
7.386745278035198314e-01
3.174841948759472565e-01
-2.833781787034523880e-01
-4.402073163771280662e-02
-3.985421798011428152e-01
-7.782325149688099630e-01
-7.131530444141191971e-01
2.330723238658927166e-01
-1.799850044683005135e-01
7.960690272830950320e-02
6.624062396008286724e-01
-7.115723494871358801e-01
-3.212826795386358736e-01
-3.731388454399262589e-01
-1.000000000000000000e+00
-9.866409417011774430e-01
4.827312332574760223e-01
-1.313463134819903289e-02
-8.813205201999392280e-01
7.946527276243775528e-01
-9.879123489720447182e-01
3.942170408473135712e-01
-4.248552290061324843e-01
-9.169604037685641362e-02
8.585472852470507066e-01
8.721813224778731666e-01
-1.281427946836550813e-01
1.522222570042834899e-01
6.423634156548452268e-01
6.188679691292848783e-01
-3.805714357471619014e-01
-8.924846486284587765e-01
8.565270073145583307e-01
-8.165235103964216812e-01
3.037614718312018347e-01
7.036293772979940186e-01
3.301211375972947781e-01
1.783426179461922167e-01
-6.575885689050842142e-01
-8.121604651376188588e-01
3.256582019687204177e-01
9.019718754450381515e-02
4.644915999244993987e-01
-4.333877476281475238e-01
-9.898523975255812957e-03
7.415289662169983753e-01
-4.353550858647551314e-01
-1.000000000000000000e+00
-8.516108081066993130e-01
-4.398647970142544050e-01
-5.571847166230878834e-01
-8.569755522207460618e-01
-4.650326688095263172e-01
1.450319266380077909e-01
-4.412597566292240092e-01
1.405398966162134944e-01
1.451397280312294313e-03
-9.447164966864759483e-01
-1.000000000000000000e+00
-9.695752737205237670e-01
6.164952847730553742e-01
-7.051601768511769341e-01
1.163617074199601031e-01
-4.659394529909899330e-02
-4.817846292710425971e-02
6.891018974169232925e-01
-8.092717481062576823e-01
-2.718582664053259546e-01
2.934786495624733260e-01
-1.831687363035973681e-01
9.242712216886759258e-01
4.137694475901307900e-01
-6.356465113433591441e-01
-1.000000000000000000e+00
-5.516398495295519178e-01
3.421257855601009812e-01
-4.805928122211685638e-01
8.073140845221742357e-01
2.296345478129513673e-01
2.678657780954448731e-01
5.335155660643962072e-01
-8.811681897263914376e-01
-7.855015212432812088e-01
-4.748492806900981300e-01
8.721788394356497776e-01
1.000000000000000000e+00
5.639563686184247970e-01
4.766389753352381353e-01
2.372537074664473611e-01
-3.884829352747308229e-01
-3.157193019176312010e-01
1.000000000000000000e+00
4.327578340093749532e-01
1.521844454714871286e-01
2.489212698765241871e-01
-4.015478447308229448e-02
-2.662616828649881917e-01
-7.378334667343791065e-01
-4.357750159196368545e-01
3.127195058153027230e-01
3.809460019938624709e-01
1.855614630224291517e-01
8.290251803508930095e-02
-2.834788098592277983e-02
-7.370458430266324523e-01
2.039962893484009443e-01
-8.360920202662729395e-01
2.777394359576661476e-01
-5.203344209422604560e-01
-1.000000000000000000e+00
9.470112945963267137e-01
-3.144657645473709628e-01
6.970211990597774410e-01
-8.408321680207241355e-01
2.188205898386552661e-02
-8.634422658635043657e-01
3.803816607543734907e-02
-6.268720836137899877e-01
9.728014685588149968e-01
-6.202080157849452213e-01
7.237778409518995648e-01
-9.518895871258185037e-01
3.914985138575617363e-01
-2.105170056185226568e-01
-4.280531955820616741e-01
-7.337769834071967701e-01
-8.876239096696103559e-02
-1.017211678160827859e-01
-3.963548425328778935e-01
6.915084634072652392e-01
-2.659271340079114032e-01
3.636645830932542234e-01
3.466592579722016509e-02
-1.887863567282695998e-01
2.968153153831734059e-01
-3.979994988495182406e-01
2.272943106553529380e-02
-4.045217206402140775e-01
