3.120823444354319798e-01
-7.199840366478689191e-01
-1.642179668135068660e-01
4.898785630817750203e-01
-6.684656743504649445e-02
6.830578390007129297e-01
-8.822398460802591824e-01
-2.602304782830808239e-01
-5.390664654813966949e-01
5.919127103961772107e-01
2.970137894801565537e-01
2.795970087281911542e-01
-2.166824268942271411e-02
8.903458696647019721e-01
6.510347598988772133e-02
-4.071341574051156598e-01
-4.193700893356963055e-01
9.080273806909091583e-01
-8.633810533686059330e-01
-6.473427515382539355e-01
1.540066404869977479e-01
-1.857199428875968283e-01
-7.362376644559158745e-01
9.357118216712919656e-01
3.489359817283184673e-01
4.868339116554432633e-01
-1.000000000000000000e+00
-7.996569246964213562e-01
1.372191352951264431e-02
2.705349775545338176e-01
2.998989254855808362e-01
-7.883450642162670441e-02
-1.679373397288701497e-01
-3.817846283073653701e-01
-3.702356921327188549e-02
2.130246570353432345e-01
4.632864397994981287e-01
7.308237658612709575e-01
1.000000000000000000e+00
-6.195718024164755811e-01
-3.184997612991801730e-01
-1.025565852037532977e-01
6.069870206144997726e-02
-4.555337564081674562e-01
-6.335218491625619341e-01
7.731806275774752990e-01
-3.159195697353140431e-01
2.301506239947681554e-03
-5.457527350546522715e-01
-8.556693694299862818e-01
7.555357177537143087e-01
-9.338813162889302300e-01
7.561169215048850756e-01
-2.525257711582472586e-01
6.784218762611975428e-01
-5.513795539393757661e-01
-8.385840350311928315e-01
7.256989572691627255e-02
-1.000000000000000000e+00
3.502436603430292283e-01
5.865705417770312735e-01
9.139097760546994742e-01
3.240190279230706905e-01
-5.082097401053713437e-01
2.029746003788752418e-01
7.188485097727493889e-01
9.713977011090340064e-01
4.373947855815869534e-01
5.440869161130054144e-01
3.509626867530136751e-01
-9.064128008515677237e-01
-3.904066488195565010e-01
4.290330245215244753e-01
1.361308898028534831e-02
9.288714032627131134e-01
6.491324074815287837e-01
9.680555727989077486e-01
-2.446596506878096211e-01
8.054962699150203242e-02
-5.419675818841247494e-01
9.586835090550219762e-01
5.935093492346735777e-01
4.735133103896406181e-01
-6.542569233187526256e-01
6.285902900802191329e-02
-4.207460701953192883e-01
6.657491874428214107e-01
-6.841977147398772274e-01
5.442752576344319637e-01
-1.966357550396433673e-01
-2.540996756446785021e-01
1.702586520979262885e-01
3.714233705144579512e-01
-2.065806462021792800e-01
9.302018259557007784e-01
-3.668812433812687068e-01
-9.225232467294830485e-02
2.672495575889028974e-01
9.144859473762912971e-01
-2.505573203876416133e-01
6.460694304070095928e-01
9.755536401909656874e-01
8.581024276335270651e-01
2.766953995968232105e-01
-4.508147915850394538e-01
7.769978296743137447e-01
-1.000000000000000000e+00
-3.127740107210692511e-01
-5.220981191331957039e-01
-2.565290335825134438e-01
-1.005662813886416818e-01
-5.700480635915444738e-01
3.587086586862782145e-01
1.680159108434184922e-01
-3.161630317549150027e-01
3.334528477374743005e-01
-6.710581833005435648e-01
-7.944829798429350332e-01
-6.090262360736831138e-01
5.725003176923003645e-01
9.894782865687734574e-01
-1.000000000000000000e+00
6.811481713437544938e-01
6.051041115831976569e-01
2.939329901736864592e-02
9.694611978570166766e-01
-3.535862557661492156e-01
5.589925575260048518e-01
-7.250247366595746756e-01
5.646978459690563112e-02
8.687891581942783770e-01
-5.635731215629040669e-01
8.948635128318228604e-01
6.078638920997438966e-01
4.849680233542981167e-01
3.501347618908473014e-01
8.434961092968884522e-01
-6.563273939721596673e-01
9.311518166004207897e-01
4.006714291247297499e-01
-7.928044994196189466e-01
-6.569628512244025942e-02
-6.243645766287493348e-01
4.685831964028824292e-01
1.806576210294748297e-01
4.227656938273823273e-01
6.737477296107512448e-01
-1.530822642462492666e-02
-2.471535231588418147e-01
2.492218194782551688e-01
2.636810659600042350e-01
7.015768308782708296e-01
-4.134726396102924029e-01
-4.146402081354154667e-01
3.265415153306010509e-01
2.519899200517055626e-01
1.541083963823728920e-01
-2.941123206004501167e-01
-6.146107556922975057e-02
9.592899361378233181e-01
3.166353175709800127e-01
-8.372330642555192437e-01
4.468381818681240736e-01
-1.538692849906794224e-01
-5.896092624469357890e-01
-8.309046202617063059e-01
-6.450509114038357472e-01
9.837880745294563800e-01
8.197921435897901343e-01
-8.273785582664258120e-01
5.068339065973752611e-01
8.171369850791536660e-01
-6.916725381617715440e-01
-5.456455091616696507e-02
6.645241126435468271e-01
-3.159957172547154802e-01
-3.414582655062601280e-01
-2.476967379081076170e-01
-5.633071193984235947e-01
-2.693355010695763774e-01
-9.918273679530310583e-01
8.560498715714293105e-01
-8.102330245363270622e-01
-3.748839890139488151e-01
8.670018719248968608e-01
4.582353783990824603e-01
-2.370375804071658821e-02
-6.187986011290642629e-01
1.493401063961740383e-01
8.042109702265216598e-01
-5.283543613719127174e-01
-1.000000000000000000e+00
4.419436620434218366e-01
9.143610143955878122e-01
6.048262835933642112e-01
8.212370410712259705e-01
-5.713367500104893359e-01
-3.422954561935835915e-01
2.987791860290917034e-01
1.767585593095899466e-01
-2.029999566619827556e-01
-6.924486237311998638e-01
2.359571097943644613e-01
3.156241702970409291e-01
-6.797255717673043873e-02
-1.945898311367186828e-01
-6.893414333937710747e-01
-7.441571800500945688e-01
6.005865782491084937e-02
2.736028863130943733e-01
-8.164970951120047449e-01
2.109968927371726199e-01
-2.921812381341153397e-01
6.537968488349336083e-01
-6.289072524222014682e-01
3.042201792681398786e-01
1.468157050436434963e-01
3.197710919549556774e-02
2.799263866402216250e-01
-8.705700484931430116e-01
7.797926230613732024e-01
3.396576284173168925e-01
-2.929991190440033311e-01
-7.906014954721860555e-01
-2.746575594836500600e-01
-2.006157175402878967e-01
6.295158924032837611e-01
3.725215293368303038e-02
5.986053239668879256e-01
-6.739607815670132229e-01
5.234224716614150896e-01
-3.779991949471309676e-01
7.580602683569303002e-01
9.093130164996378051e-01
3.786654115537602672e-01
3.982887982436801311e-01
7.172997595697598872e-01
-6.133867205670985312e-01
1.283490351595584222e-02
-2.384902769174630510e-01
-2.101776113645418831e-01
-6.423446960943723916e-01
-4.850089300064877040e-01
-5.700389383625644735e-01
1.000000000000000000e+00
4.034741123394360862e-01
-2.354581507537094054e-01
-4.185929189830884245e-01
-6.854323831317913340e-01
7.982307959107338702e-01
4.299359272339198235e-01
-5.161652997624992523e-01
5.702559432685855301e-01
1.541327050138407984e-02
-1.129786664219109282e-01
-2.402411134386694680e-01
1.704210192703207172e-01
3.304127858371461723e-01
6.309339201630144167e-01
-4.401957251513063385e-01
-2.694861107384814991e-01
-9.916314320010675143e-01
3.309958483047810152e-01
-4.606423577379787360e-01
2.782008482669550142e-01
