6.799129257295015716e-01
-1.105275640102659995e+00
-9.921501552444891292e-01
-8.624572047393415097e-01
-6.213065458796301899e-01
-1.416293780793567159e-01
-2.084425519559363060e-02
4.629758099090366397e-01
1.684465463044899636e-01
3.863049197186585459e-02
1.938188128217238348e-01
-5.122544777327520116e-01
4.391877409549593270e-01
-5.065000030114084062e-01
4.062677634666419513e-01
-7.740524704004958512e-01
-7.623653541641493003e-01
4.909969135592695544e-02
2.241388449434762453e-01
-9.829120160156146202e-01
9.322151404825265164e-01
-1.254023197676401136e+00
9.520776421298039471e-01
7.960709468863957916e-02
5.056058090537884908e-04
9.079232674918424895e-01
9.264391317213264143e-01
-1.968981618932652555e-02
-1.018978852208680674e-01
1.928234765512817361e-01
-1.945565744737155767e-01
-8.033952834359089357e-01
-9.439737279669437875e-01
6.020337127067132421e-02
8.572883116867475728e-01
2.295700567202287878e-01
1.176108412933012382e-01
-1.564150868606040135e-01
-9.737807069739488897e-02
-4.297984961976633600e-01
-2.800467550194895572e-01
-7.311043095266256397e-01
6.959564200575329984e-02
4.930451107230038321e-01
-1.591037916190056745e-01
8.676878821146707388e-01
4.288574688039817340e-01
4.235599788160362422e-01
9.890050162256764921e-01
-6.715709577546302711e-02
4.230167495745414952e-01
-5.999666612304506152e-01
-2.924589524832748588e-01
-6.504425313760242577e-01
-9.120629362644578908e-01
4.014158111384036332e-01
7.398262100791490603e-01
-3.314725728115599512e-01
9.836840573638061525e-01
8.754165798908593032e-01
5.522291172408562154e-01
-8.559388126017424270e-01
6.475193499341213021e-01
-2.120997227080683167e-01
6.032662844343412711e-01
5.064757351742203983e-01
-3.058701230100495660e-01
-1.274755878041400337e-02
4.696578561474992197e-01
-4.697727353245044202e-01
-7.256209931287453951e-01
-4.377838839760759826e-01
3.068281356545339289e-01
7.162467782443397990e-01
-8.811438989013804512e-01
6.337835352056446769e-01
-6.330755548565973889e-01
-2.931771502362062742e-01
1.784872853008328819e-01
1.096643892377302532e-01
3.127498283662764056e-01
6.134559858505113095e-01
-3.173806018808775775e-01
-3.378718794798138969e-01
6.820922252870910141e-01
1.613005900434573703e-01
-4.348305340248126427e-01
5.618604550112820117e-01
-9.733250207928563213e-01
-8.827389704507014878e-01
-4.199783042832567759e-01
-1.724709786013853829e-01
3.616185090913179856e-01
-6.759089547530235942e-01
8.683196984382013373e-01
-6.300534800972429350e-01
2.364732224404066940e-01
8.966070919823960761e-01
4.297554744593445331e-01
3.206510801421087464e-01
-4.379039238255986177e-01
-7.950618645578525490e-01
-5.067075143901352829e-01
7.832257795566066605e-02
-2.318656432695792580e-02
9.720056636913886328e-01
4.238100125077737257e-01
-6.955524095572886145e-02
3.255826060038866099e-01
-7.442992749499286464e-01
-6.395759025265208564e-01
-4.370213999345905487e-01
-9.626610582354219181e-01
6.936293140532594492e-01
-5.721897144143031078e-01
-6.044891240935651444e-01
-9.332361492137748460e-01
3.831140296597614903e-01
9.370172566872294606e-01
-4.603815979860541585e-01
-3.758615189488612174e-04
-2.819176876437688994e-01
-8.289593849605565723e-02
-5.995031212191963277e-02
-8.934543310316058751e-01
9.783975374315914131e-01
6.419323950968233716e-02
-6.926181388863476007e-01
3.183039169836858751e-01
-8.815188899584931459e-01
-7.349318760348007018e-01
-8.437312854245725413e-01
6.293971242624560869e-01
6.604468438877000303e-01
5.974627127997559350e-01
8.347352339853550962e-01
9.064765577061258961e-01
7.176749254102423592e-01
-1.954109110123495446e-02
2.091538045276135072e-01
-5.184301872013860057e-01
6.709345247123283951e-01
9.334452701527320428e-01
-6.131820882700669273e-01
9.715602770159921242e-01
5.549078410227710201e-01
-4.912803635110540856e-01
5.789104213216307304e-01
-8.759060999453858187e-01
2.455462411957322066e-01
4.184676726718596917e-01
-9.119241188105116080e-01
1.201466106236046272e-01
7.405543997167507442e-02
6.240226833573935261e-01
3.390651108446087747e-01
-6.418490406728184494e-01
4.153137937751639197e-01
5.803572200923925450e-01
4.726565370810598132e-01
2.544109421421373862e-01
-9.722746377494193570e-01
-1.251911583237044212e-01
-3.597357250022970021e-02
9.537435281501903672e-01
-9.802548283264385098e-01
4.157832197344121239e-01
2.007507065984975858e-01
-6.668244002317935681e-01
4.148615608855033554e-01
-6.450557489621571161e-01
-2.758055378056103457e-01
-9.246440608399730809e-01
3.655458087831354730e-01
5.624874544732058057e-01
9.051890635396843132e-01
3.358491411090316348e-01
4.982495505899908750e-01
-9.325568317371120131e-01
2.132871878063723192e-01
-1.041844038054126731e+00
2.015204551726079707e-02
-2.960686312190874969e-01
2.652291247651489825e-01
-8.201153317098690554e-01
8.338237180148138084e-01
-1.199471113848728621e+00
2.873869316727513112e-01
-5.763686877207427894e-01
9.657597781767031098e-01
-1.425217823237536208e-01
7.321772150934868773e-01
7.223950841274369150e-01
7.254289192987484203e-04
3.618752019968194400e-01
7.548829539101582498e-01
-6.038348245230737987e-01
8.171356031066878689e-02
-7.261870647145276525e-01
-4.688622781332925094e-01
7.272858723699252570e-01
-3.019148184567475024e-01
-1.412515898328374764e-01
9.052447521249630258e-01
3.385474830410450942e-01
-9.260701897199773436e-01
8.237027392099635081e-01
2.163077865581319870e-01
8.326712711178161364e-01
7.954009155626862171e-01
2.782428067432611840e-01
1.319900347431561816e-01
-6.459665239985573626e-01
-1.981511083206939361e-01
9.784720305432437204e-01
-5.730907265602214196e-02
4.035188049134684762e-01
6.111388493710407932e-01
1.722864235550769507e-02
-3.342513335646910555e-01
6.206467954046592794e-01
-5.237874767352723726e-01
4.775618637657982335e-01
6.912473201094208042e-01
5.019038005791254253e-01
9.330983356112767524e-01
-1.420777142806388671e-01
3.921276236779273061e-01
-7.427445308086698672e-01
-3.347303362070275234e-01
2.280890060286064891e-01
3.399670797486762375e-01
-9.385896382291167850e-01
4.196173698533991470e-01
5.718757475777646038e-01
2.263356924219046551e-01
-2.658873646942126467e-01
2.969825920259153706e-01
4.654357614603408244e-01
-2.321853427258571134e-01
-4.973185410178546095e-01
2.457993467128102572e-01
7.847506541241306977e-01
8.575384872185786156e-01
6.179870360997846701e-02
-9.049519701072357147e-01
1.510431217206626986e-01
2.418685189216688292e-01
-7.850680556952955857e-01
-7.853559378762267063e-01
3.976340726708582629e-02
1.077410185232740680e+00
2.075807821772837070e-01
5.843858340707834831e-01
-2.687793432111962311e-01
-2.541245540555703841e-01
9.339591610754621742e-01
2.135183981306718604e-01
9.052715379690909892e-01
-1.581644521817775484e-01
2.016881551102340797e-01
-4.435254923578526576e-01
9.835160097011400593e-01
-9.448579759587520943e-01
-2.446285094610551603e-01
