3.455432596146629787e-01
8.095176028020872883e-03
-2.745867564836402819e-01
-4.319669511363032344e-01
-9.326678735948297216e-01
8.473315496177332706e-01
5.661075337781830141e-01
4.423314566478739329e-01
1.000000000000000000e+00
1.819957666048512279e-01
-9.199718778775076156e-02
-6.411686878404361245e-01
6.546153553376050649e-01
-2.075949531065496290e-01
4.226644505116854411e-01
-4.471802947954237606e-01
2.741972114826396467e-01
-6.729161368940609345e-01
-8.621165029880695219e-01
-3.764160139679160189e-01
-2.497547542920611208e-01
1.582291528225829302e-01
9.348097670045270313e-02
2.716781731908026742e-01
6.479224423017103662e-01
1.717207812474480511e-01
4.772620107327467665e-01
2.142706496262868632e-01
6.951101560903694132e-01
-3.849290517829038749e-01
-9.070053219645561882e-01
2.129789394819157911e-01
-4.036787753783757093e-01
-3.302058830007991164e-01
-1.288334669988167036e-01
-9.690670616847860686e-01
6.141262130333736691e-01
-9.356313605584314352e-01
-1.085508558956427144e-01
-5.379093439944422350e-01
5.246779417915902188e-01
-3.044690345234882800e-01
-8.949606679812600885e-03
-1.609783842749719363e-01
-1.348466534759480417e-01
1.046831748523830985e-01
6.210967783841505607e-01
7.021044433897609682e-01
-6.875623596409021765e-01
9.616935955722774043e-01
-8.898429968186458705e-01
-8.508187800475236484e-01
3.916128471474063510e-01
1.007381288491157739e-01
-7.927400194336406969e-01
6.953628285214328297e-01
-1.654914430717830953e-01
1.937765824220762934e-01
-9.035028132011228841e-02
1.000000000000000000e+00
-5.868353787888700435e-01
-2.944999452486933289e-01
-8.395700230049231161e-01
-6.464330880958352177e-01
9.048772739672437115e-01
-9.529418585991404900e-01
-1.626901227345454726e-01
-6.336411763060778579e-01
-2.488851877236941124e-01
-8.015275420717264954e-01
6.761667811109934867e-01
4.140420399480347902e-01
-4.832544397767485345e-02
-2.568559302401146605e-01
9.138094458078219740e-01
9.645348049322580719e-01
-7.684572088793431011e-01
2.565196008843751430e-01
7.715397342708767425e-01
-5.432517793309330489e-01
3.443438047081284203e-01
-7.811425689176532128e-01
-5.497830154201632791e-01
-8.998627073902182305e-01
4.835775564588162823e-01
-3.201346935932196103e-01
3.816696965986678958e-01
-9.251203519875567105e-01
7.215147345118425593e-01
-7.554587888634043402e-01
-4.916707362621730026e-01
7.383625347541836748e-01
2.384596966062016432e-02
8.281964205671763501e-01
-5.310553814051983679e-01
-4.781702382840924415e-01
1.063464621154868867e-01
-7.128692749707594700e-01
-6.447245959689618111e-02
1.000000000000000000e+00
-9.865857790844330122e-01
-8.474086009880940629e-02
-1.924925648428700564e-01
-6.188222309090414264e-01
7.278123858986266237e-01
-9.488756599823670035e-01
-3.237582771128401093e-01
-7.272053022851311388e-01
-4.716134512912160126e-01
8.932818754487462654e-01
4.461185462280349290e-01
1.587968832999810120e-01
-3.034182910786789034e-01
-7.779930434467040579e-01
-5.499706748400420286e-01
3.269070824755650473e-01
-1.000000000000000000e+00
9.474605792173769192e-01
1.163429030826063637e-01
-9.708127557701644594e-01
5.494312736614932469e-01
2.968097292542337673e-01
-6.519224746785740043e-02
2.715004105696254832e-01
4.564411702855178388e-01
-8.259750070757507778e-01
8.355186337015277354e-02
-1.082586068719949279e-01
7.307380553828440872e-02
-9.984065081070793157e-01
-6.681064733906967312e-01
-1.983694505341958292e-02
8.671213224590349489e-01
9.323965841091201856e-01
-9.750667954842536789e-01
-9.230543365889172513e-02
-8.201346076509871130e-01
8.758913193144595155e-01
-1.011600861013791930e-01
-3.653474678952804422e-01
1.513232957900202680e-01
-7.390426514488521725e-01
-2.582787532404182684e-01
-4.360924219614814579e-03
1.040494998766638562e-01
1.362068260158695587e-01
-1.177479988525714505e-01
-4.326092356296633579e-01
-5.888675689592267615e-01
2.478077276721180888e-01
-4.712707429698800854e-01
-2.222041616027909394e-01
-4.063043007029097931e-01
-7.841890532358832822e-01
9.351310210644303567e-01
-8.311235266307193115e-01
-4.071921855762021814e-01
8.539190974554675684e-01
8.210947134466597963e-02
-2.317558700666101923e-01
1.000000000000000000e+00
8.197744127092759792e-01
-9.644247917380979196e-01
7.542894858389002088e-01
-3.328252007304791094e-02
-8.357521998077539482e-01
1.921118957729630594e-01
4.058282390823642061e-02
7.362088995349950205e-01
5.141188072395008746e-01
5.164615192368080532e-01
-3.924056355781014860e-01
8.782099440010182612e-01
3.956793397459589801e-01
-1.000000000000000000e+00
5.881375637927018785e-01
2.833613786574895044e-01
-5.057348075827445832e-01
9.855777939982464098e-01
-4.061121143808077982e-01
3.303059837591992287e-01
4.592984227901503180e-01
5.426915783768848645e-01
6.893594114399326234e-01
3.857769869256907347e-01
-5.269057554962071066e-01
-1.447654438850108985e-02
-5.772258969821786323e-01
5.596848603927000454e-01
-9.511729631277736630e-01
3.485739307179882007e-01
2.830692760240469674e-01
7.352903770864882560e-01
2.400579248726232851e-01
-6.736537082638338614e-01
-6.058580148107017838e-01
3.194691152766324094e-01
-1.690584395486113001e-01
-6.602511123179249930e-01
1.350755930783294895e-02
5.082673456017759994e-01
4.620142771399139980e-01
-5.783924567841127740e-01
-9.511029442818004220e-01
7.450717560646994420e-01
5.385163506000570921e-01
-1.415720118154915365e-02
7.705724971730364414e-01
-8.813052535556631373e-01
6.445546540707619565e-01
-9.092354824260264756e-01
5.251030979658490860e-01
-5.303499807746590022e-01
-5.469221773649712848e-01
7.426349717321498733e-01
-7.110767507081293681e-01
-8.669666500452295477e-01
-2.042860464957811095e-01
-7.334617944302065373e-01
-4.334834003335371611e-01
8.617415262298091516e-01
2.768412610598275925e-01
7.262039387832786019e-01
1.000000000000000000e+00
8.339225414894915200e-01
-7.661483253705009266e-01
-1.000000000000000000e+00
-9.576973510274133794e-01
1.283887478657602943e-01
8.780752560727728140e-02
-1.925076708976751483e-01
-4.866431401071940610e-01
-3.354618951062617871e-01
-9.615939965401411327e-02
9.608219856855008123e-01
9.179561881693118486e-02
2.571603876468171734e-02
4.975999217631172922e-01
-8.688769532076880964e-01
-9.384481488018147077e-01
9.938107075432023318e-03
-6.048470805705499220e-01
7.139561382436917514e-01
-1.627766352605394817e-02
-7.927503285103764119e-01
-8.950002405577649478e-01
9.528971428369021890e-01
-6.461549834397641856e-01
6.453170554082088284e-01
-6.324964132913857284e-02
1.169131909562791394e-01
-1.928788018989215369e-01
-7.466638641811967902e-01
2.074422375479939851e-01
-1.702222813257473488e-01
-3.128827311866508865e-01
-4.012932270208985908e-01
1.152107520545490732e-01
8.867971908060863218e-01
-9.036646444269219591e-01
3.825388585545317355e-01
1.000000000000000000e+00
8.225975283058246657e-01
-1.709864481419394178e-01
8.713221412331652038e-01
