1.000000000000000000e+00
3.933774493647179682e-02
1.432693513582712352e-01
2.204604609729295117e-01
6.383656541550322139e-01
-5.335981001912666333e-01
1.536644443027399554e-01
-6.797003951034863434e-01
2.451258146770935453e-01
-6.975217741520598480e-01
2.843018137890104269e-01
2.279132442497291966e-01
-2.436328104970264530e-01
2.175961514246296247e-01
-7.584840042980446340e-01
4.308358487528916037e-01
-6.420473388169773976e-01
-8.858271279124554365e-01
-8.313343027239252780e-01
-8.267859982495240345e-02
3.661462583917410862e-01
9.708360818899353095e-01
-1.395911237746225719e-01
-8.540785961446925034e-01
7.645897301342474695e-01
3.642542420947740278e-01
1.910676745422985323e-01
-6.736299021838841883e-01
-3.584688643820426179e-01
-4.816023031941163435e-01
3.435094127053823221e-01
7.847852661929610729e-02
7.358849642237659250e-01
8.203507113806042250e-01
-3.327280631835627389e-01
4.876423456033629478e-01
-2.130651634016744733e-01
7.530978411089459534e-01
-6.086962173871126591e-01
3.791438196350354062e-01
-8.159729203162262579e-01
3.795788928079502078e-01
5.248234366275331686e-01
-5.445511796929501935e-01
-9.429239094756557416e-01
7.324449171746905130e-03
1.632055303633508370e-01
-3.656764447646531080e-01
5.765886130416599809e-01
1.000000000000000000e+00
3.048328733303851124e-02
7.807055401162141806e-01
5.055617545086182885e-01
1.706461700526122893e-01
9.758885653458956311e-01
-1.122424277992799535e-01
2.014722455487125974e-01
7.365533155995156456e-01
3.770114970758506878e-01
3.394378564188446079e-01
1.889737675226784985e-01
-1.211404740966448568e-01
3.232567361209548462e-01
-2.558990441311125297e-01
7.170560770969394149e-01
-5.904904833084692051e-01
-6.143411089895983723e-01
2.157669042840247298e-01
5.572558629454957835e-01
-6.073854441935040427e-01
-8.475860395952473647e-01
9.171976278242596203e-01
3.200311621477422985e-01
7.295432484594954747e-02
-1.000000000000000000e+00
-6.425107531221962986e-02
1.229139946800208716e-01
6.198637415768557535e-01
-5.124425568577060108e-01
4.872006719184035495e-01
-6.082045048753781380e-01
-3.132877101306530965e-01
-8.496705870202811983e-01
-9.044279564060155874e-01
-7.718131333047808518e-01
-5.671802414175604046e-01
-4.927223892580202547e-01
-7.475533804501535151e-01
-9.312745242510982457e-01
7.393422503918241073e-01
-9.643039745955270803e-01
7.687020986390056265e-01
-6.143389924548765535e-01
1.280925993323012158e-01
7.319028372209029909e-01
9.108760074573907239e-02
-1.616423141830927168e-01
-4.378647410921632788e-01
-3.337303251168133311e-01
-3.895840459617089246e-01
-5.119646602287051262e-01
-8.434200988044671110e-01
-8.704720086551664959e-01
-2.417932821575696778e-01
-5.808087303313233529e-02
6.780068894771371646e-01
-8.959062812178830715e-01
1.317239001122905151e-03
-3.654252560250113580e-01
6.032911890870973348e-01
-1.409772275356191429e-01
-1.363710561439470115e-01
-1.513734317449305367e-01
6.117939382444527174e-01
4.502168826764144094e-02
5.066267493321255366e-02
9.080367663396136102e-01
1.265366459550540945e-01
7.686098526927116481e-01
7.213622882679961990e-01
6.532894334420932259e-01
-8.336515565437174757e-01
2.718276060959873841e-01
-1.479116281246140308e-01
3.324499134766404906e-01
3.708929307286411015e-01
5.841198612816996816e-01
-9.443904351588401358e-01
1.913949568729269093e-02
5.938949971257132532e-01
-4.579044645151580939e-01
-5.360126797466622239e-01
-9.586395398583507088e-01
9.887393038817610114e-02
-1.000000000000000000e+00
-1.299921828347939123e-01
2.705836970413230125e-01
-1.973255440072683164e-01
5.146584036117293204e-01
7.817726214913385263e-01
-1.000000000000000000e+00
-3.954999999273156597e-02
7.271518916853955128e-01
-3.526990531129183815e-01
4.353546137704897845e-01
6.742417881951433545e-01
-4.891680110574652129e-01
6.336235142279182941e-01
8.351191401745924336e-01
-2.113135849969940971e-01
9.082036371263668695e-01
5.215793187042828682e-01
7.088453850834619541e-01
-8.165642550168398239e-01
-7.704975243451067657e-01
-7.557098086237967749e-02
6.411511189162708568e-01
-4.711004702999105342e-01
8.062766494181470289e-01
-5.275319030317293656e-01
-6.422714324946744435e-01
-4.023398476685490222e-01
-8.044250624885183054e-01
-7.786571593746998143e-01
-2.147505477510853744e-01
5.644083914538080560e-01
-2.793559232314132834e-01
6.393391002160508929e-01
9.675983612340484097e-01
-2.449249193917549805e-01
-7.088104273418677215e-01
-5.119166209840300130e-01
-5.728148294188116496e-02
4.605359931301133969e-01
3.303443219005792741e-01
7.450246825776662973e-03
2.414919901580605821e-01
-4.909815078602646210e-01
-1.762248926773741786e-01
8.748897845600127621e-01
6.593956996209549004e-01
-9.795683514623715338e-01
5.944211674129689094e-01
-1.000000000000000000e+00
-3.797645325828771234e-01
1.140862800136190902e-01
-3.059597201820258849e-01
7.676137371037338175e-01
5.770539630760689320e-01
5.315656194984118565e-01
-8.033189210962716764e-01
7.743215933995566402e-01
-8.044820604035827216e-01
5.429898256288012703e-02
-4.242255731200471613e-01
-1.705103921884318918e-01
3.885461803068414322e-02
1.900153681024182029e-01
3.906064310820165364e-01
-8.617530564643145485e-01
4.559126895463554152e-02
-8.060863557878321373e-02
-9.103368244581604429e-01
-6.404624678663864978e-01
3.792904749596594516e-01
2.675448968711586772e-01
2.498644611749090139e-02
9.265278840726809406e-01
1.000000000000000000e+00
-7.174597068261897581e-01
7.972181847191537329e-01
8.325836031332110032e-01
9.446661276433383492e-01
4.027494290295308699e-01
-4.601285362062110806e-01
-4.209425671498769894e-01
4.262130182646397536e-01
2.777234462900424750e-01
6.328115324250437324e-01
-6.977230975019244053e-01
3.969727254270807304e-01
-4.399971871965925319e-01
9.419669817614023666e-01
-7.855117298941868276e-01
-4.599067645097280888e-02
9.978820589860393220e-02
-2.225580601379308909e-01
3.854189658413611497e-01
-7.450053532743738938e-01
1.306270978094554724e-01
-4.484992643932135259e-01
-9.865803257229697198e-01
2.207363054695511140e-01
5.223704953404987306e-01
-1.888695230557064786e-01
3.282448720117605578e-01
4.032596317723591284e-01
2.718232789175225594e-01
-5.957725747413560313e-01
2.287013442691679388e-01
-7.328480405593129632e-01
1.000000000000000000e+00
-2.686391475283064767e-01
-1.160878969353782431e-01
5.497746583664636644e-02
4.892877383451341156e-02
-7.873161629002840556e-01
-7.886848981301386452e-02
-8.946772231313339097e-01
-3.730370674882286242e-01
-9.735222251492492429e-01
-1.470721791017712832e-01
-1.026039459439302970e-01
4.692087212830440279e-01
-2.201034727211385045e-01
1.651007282658671915e-01
-2.567496338032629333e-01
-4.072024711501633920e-01
5.028802207935403334e-01
-1.000000000000000000e+00
-2.695025456062787317e-01
1.037129924305080220e-01
5.572311871394919347e-01
3.633316445994330679e-02
-6.522531630464442065e-01
