-2.089677421938923932e-02
-1.865830928693163471e-01
3.431949368158871971e-01
-1.000000000000000000e+00
-9.782468638581365283e-01
8.464216630054141044e-01
-2.774818872792211844e-01
-2.297278479650449179e-01
-1.442521301847451420e-01
6.871719579278640078e-01
-4.199671724464049127e-02
3.450241811668315894e-01
-1.974214311917878162e-01
-7.936550429416984187e-01
4.387066609005570994e-01
-4.427673793641959676e-01
-3.792671430798951748e-01
1.393148169056044328e-01
4.067351064663451421e-01
-5.096155641352018151e-01
-6.031399559649486264e-01
1.078776742002583583e-01
-3.308673968865669668e-01
6.463091064638553096e-01
-7.755461673126553546e-01
1.000000000000000000e+00
-4.025494823773547726e-01
-8.402163292421085394e-01
-3.637112294118625688e-01
-5.722791293781870348e-01
-7.989234368001192355e-01
-3.351265266430835110e-01
-5.027116059955473448e-02
6.607599774939529880e-01
-8.427264897748210082e-01
2.138430620607323362e-01
-1.898356425861942309e-01
-2.158940089819079700e-01
-7.915918782218209770e-01
-7.508066678818561268e-01
1.530393413222793098e-01
4.403281070628732308e-01
1.246735022833335149e-01
-2.657138759170044051e-02
-3.674880730935421447e-01
8.426214941567566896e-01
1.718080670134874977e-02
7.542543930342755498e-01
4.897292290058263831e-02
5.208635660018510194e-01
5.532684364794064891e-01
1.082830170619073912e-01
-5.464243894495327547e-01
-1.654127381391287954e-01
-2.053671211052881529e-01
7.580567416581570628e-01
-4.542226380751106518e-01
-9.083937996939575044e-01
7.760158201831002245e-02
-5.500671375617753878e-01
7.374712519571885450e-01
-8.660307979397307010e-01
8.929456766515746491e-01
-4.444327446374819468e-01
-4.776226350192233627e-02
8.308516519230121355e-01
-1.016342251419364712e-01
-2.433133152431627977e-01
-4.913048875401810900e-01
6.908266660459396746e-01
-2.185964054157357728e-01
-8.808046907618483079e-01
8.102464938312545772e-01
8.239559178312801935e-01
-9.158839672610298299e-01
-3.157322851536960573e-01
-8.960629592523109421e-01
1.151964724655468453e-01
3.298793590155922328e-01
9.604178521757692488e-01
-1.833457896016787991e-01
6.814384074560424498e-01
4.702748338185664956e-01
4.966368872667024092e-01
-4.603366807766282043e-03
3.801273907153462916e-01
-3.697554645996773970e-01
-7.668787810906838587e-01
2.170534157503066497e-01
-9.077899452936109004e-01
5.556383445264032606e-01
3.941724402217077206e-01
-8.406404192842972245e-01
5.366603409073056330e-01
-2.148132576371240832e-01
2.852998967946773767e-01
1.407896102213990197e-01
-8.262443175295426379e-01
1.000000000000000000e+00
-1.000000000000000000e+00
-3.897423357482070472e-01
2.921406239851503939e-01
-5.917558352247442865e-01
3.202989626177762950e-01
2.665749877464478335e-01
-6.328223610875537419e-01
8.247419588853965866e-01
-7.325576165294437336e-01
1.000000000000000000e+00
-8.586895281111994738e-01
1.985749557259495202e-01
-3.226990859851117666e-01
1.711384801054951776e-01
-3.168085639201888570e-01
-7.821240076467572688e-01
1.195729666927088791e-01
4.281938933187980911e-01
-2.938985649717058557e-01
-3.653461796485031610e-02
6.926265569845314607e-01
-6.538251668432550900e-01
5.954214249852484153e-01
6.547115599844440664e-03
-2.764651600833183120e-02
2.582984134537276155e-01
8.096316986515996739e-01
-7.024434615462500364e-01
5.327363052260141174e-01
-2.512356642709480115e-01
-2.000261657329395204e-01
8.081601518873574586e-01
8.899860197662105010e-01
6.559667274668352643e-01
-9.498455116982067459e-01
3.790374904128002154e-01
-7.951711185187070041e-02
2.338290581007443358e-01
-5.618348811037460200e-02
5.510710459896098756e-01
8.703594070504631075e-01
1.358465271457117707e-01
-8.583250249256157982e-02
1.684142713033417726e-01
6.017301105993562160e-01
3.896671314192705071e-01
-4.308181602997069870e-01
8.831052242380728057e-01
9.233997908815529954e-01
2.391190990951001447e-03
7.381781603959436389e-02
-8.054341052066482654e-03
3.547033876148238951e-01
-4.663864396853996119e-01
4.118201927276584073e-01
-6.925908215431079151e-01
4.970375350912492607e-02
3.260163293602280632e-01
-9.004611662497223890e-01
5.157107914303293850e-01
1.239063378203194288e-01
2.808066981009086915e-01
-9.370450112630979156e-02
-1.450408392634669474e-02
-7.025346374616530110e-01
6.862761146897453646e-01
9.247990292899508358e-01
6.865796742223594373e-01
5.612138027711062183e-01
-3.039624610894045564e-02
-5.066411251600068111e-01
4.874168761868009625e-01
6.239101699845099880e-01
-8.374428699091718276e-02
-6.973943026010225310e-01
6.761829301610772225e-01
-3.406177617877749197e-01
-9.325253099983495941e-01
-7.401181142170204508e-02
-9.585717127424411288e-01
1.943068591877473161e-01
1.000000000000000000e+00
4.297866081064518617e-01
1.207687440684281910e-01
2.095651194404830608e-01
-6.967052303437420990e-01
-3.691985720860143094e-01
5.120621472107359518e-01
1.933872106538021551e-01
-3.163713050552138251e-01
-1.869075482905444840e-01
-3.233017308560276470e-01
2.589886788440035059e-04
-1.000000000000000000e+00
-7.857274515825542205e-02
7.035570669927910803e-01
4.876885042425338490e-01
1.988495497460613382e-01
-4.466158202608315198e-01
-3.260581058419105838e-01
3.957850382331542516e-01
-2.105814497839562094e-01
-6.922029669652549622e-01
-3.502331004095396993e-01
1.132176095040298147e-01
6.482942185420124126e-01
-1.285252413173512687e-01
-8.650267724721356633e-01
-4.726480463078568950e-01
-3.203300118317304879e-01
-4.319649406610546194e-01
6.816939642390169862e-02
2.392714663427637500e-01
-9.958493944171964429e-01
5.825190948400162938e-01
2.671013570734115383e-02
-8.635787845529629969e-01
-9.448585540777518221e-02
4.346991423285262446e-01
2.459890017710688048e-01
-9.249091348078656294e-01
-8.857652163455136396e-01
5.186238189458909353e-01
9.799499759812386745e-01
5.148096117292724205e-01
6.324245779850220517e-01
-9.504498284514326656e-01
5.757926251007558505e-03
1.277102822069506316e-01
8.525842901920310801e-02
-2.495925664944989575e-01
-7.112949928147417333e-01
1.704295619721889199e-01
-9.143411245639239127e-01
-1.000000000000000000e+00
6.198536911590871723e-01
-8.634316351727377992e-01
-5.222530194066017373e-01
-4.836581753219255653e-01
-9.112324716725426210e-01
7.832374241714383789e-01
-7.861129927685220897e-01
1.000000000000000000e+00
-2.926598202944050708e-01
-4.286449595683584080e-01
7.394088213172474999e-01
5.437607903548393740e-01
-7.615859687342297901e-01
-5.281631360677412346e-01
4.165432597420801186e-01
4.503626259577092616e-01
5.732076089081581394e-01
-6.415143015719882991e-01
-1.029072934056365352e-01
7.162719474099927819e-01
1.481811486243110043e-01
1.951722783331093780e-01
-3.595296298626170506e-01
-7.049152208944213793e-01
1.474881427129499378e-01
1.716248145564058802e-02
-7.103157538598803278e-01
-8.430486741966800590e-01
-8.651321715759410225e-01
-6.459979110391835810e-01
8.088501877882898761e-01
