4.821537381537580602e-01
-5.917426549169458976e-03
5.789533948598665214e-01
3.436422732099030930e-01
-1.429556054917596186e-01
3.447765887828068698e-01
4.090218864506767887e-03
6.358287603134648025e-01
-7.967701429403433594e-03
4.449508812181206530e-01
-2.060332047527563271e-01
-2.721770844154292046e-01
-2.629414308228619334e-03
4.905771461730600858e-01
-4.295529110604038303e-01
-3.021221737033183419e-01
-3.634073141589465317e-02
-2.967554343036034048e-01
-1.963152267076720137e-01
-2.279117216012279956e-01
-4.428250105825765059e-01
3.920291039463996152e-01
1.379363405810669074e-01
-8.477779374785184840e-01
1.043529687376998361e-01
2.159978925020305390e-02
2.841547256582083181e-01
-1.887655951549153249e-02
-1.606253612954209320e-01
3.308769007114820138e-01
-1.137320727277918442e-01
1.595748312262596502e-01
-3.701351210886985044e-01
2.746648100927919223e-01
-6.763172956862479879e-01
-3.511390788715060274e-01
-9.805437737198077763e-02
-3.537737774094164012e-01
-2.345729836087673825e-01
2.288424838823177598e-01
2.765167762174465249e-01
1.303862032237037005e-01
4.197484287057215435e-02
1.399802740175459803e-01
-2.532744449051636537e-01
-1.382321486188099746e-01
-3.898849946935806776e-01
-9.742611284369152858e-02
-1.299030089701894708e-01
-9.261090066600848048e-02
1.591377035063334944e-01
-3.021014960580892250e-01
-2.369114612006041620e-01
4.718259034011247355e-01
-1.136953254739382496e-01
4.401685312201773503e-01
-9.198765978335486648e-03
1.710057359244530339e-01
-5.689200111856388409e-01
7.052107619739483857e-01
-1.082317154463049436e-01
2.970979841423899287e-02
4.419650379531452067e-02
9.054544785199824738e-03
1.980619082913369633e-01
4.386650379767014635e-02
-4.028620377064671965e-02
1.242203740403074602e-01
-4.111329038488344967e-01
3.290717499378228439e-01
2.451241290530493666e-01
-4.942647869213010470e-01
3.024295852133296325e-01
-3.259841868460470748e-01
-7.394363605166688613e-02
9.106615797862356587e-02
4.017624100228026629e-01
-2.215196624354372201e-01
-3.316645456658660618e-01
-1.822016231612019477e-01
6.038275315573829460e-02
-2.441562489412082426e-01
-3.028214260190069673e-01
3.749836877511640854e-01
-1.930644614500499345e-01
-1.074347194523313925e-02
2.702584806023647923e-01
-9.182182244109096669e-02
2.222976135315686552e-01
1.040965385407841698e-01
-3.746110150139601025e-01
-4.198618736078213454e-01
2.175065508717171359e-01
3.051681539488231010e-02
-1.647899310175801879e-01
-2.787936563376419152e-01
2.895757152164893933e-01
-2.349233854359165236e-02
8.752492546484692548e-01
-2.402758534342896990e-01
4.021127103010895265e-01
3.329372301824827518e-02
3.243278565283784776e-01
-1.034841591692789442e-01
3.606099443275826433e-01
-1.072578881898426234e-01
-1.309769746058349060e-01
3.490359059879381554e-01
5.142181140831193070e-02
-1.736265627068356576e-01
-1.235312300704303201e-01
-2.445438824205913853e-01
4.431416580080278500e-01
2.682681681109050364e-01
4.749940536616276132e-01
-6.474659548025257783e-02
-3.196418070250466315e-01
2.246727188385269636e-01
-1.310484483829159608e-01
-5.021907177213340290e-02
6.549838156226288621e-01
7.475007386898467610e-02
-6.911495741183455443e-01
1.427577006715248509e-02
-5.072564291492281940e-01
-4.342028424330660746e-02
2.821564830182146655e-01
5.000581082471360767e-02
-4.144902315345889710e-01
-1.885036919667975597e-01
-1.762135447606173189e-01
1.401847630308301895e-01
3.002947380176238523e-01
1.498186076342669926e-01
6.662075072618961480e-02
-5.243394184535746794e-01
2.687893275032969820e-01
-6.206920681153254016e-01
1.683590002348609449e-01
-2.583623771266145841e-01
2.901854364578891343e-01
1.072844061203959698e-01
3.814100329650204624e-01
-1.566471454305705391e-01
-4.034840350810044995e-01
-1.003023811948399423e-02
-2.142783929500381990e-01
2.922635907123495858e-01
-2.250545488182991161e-01
1.393702326641047817e-01
-3.946397791287492018e-01
-2.079933828904607374e-01
2.449652197149400357e-01
1.831202441098372380e-01
8.971924463535435601e-02
-5.882825441995916116e-02
-2.993328648548067294e-02
-3.794683402798923466e-01
4.867546139398445382e-01
2.975972601438436893e-01
-6.014661025852657827e-03
-5.958356529689224496e-02
-1.782880927824805894e-01
-3.134104709741074024e-01
-4.630193878153358034e-01
-3.508207652334952575e-01
4.201805219629000110e-01
2.007619282262094185e-01
3.178125004814441601e-01
-2.390481089613945009e-01
2.496144407868516601e-01
3.352162780255666386e-01
-4.050321349759457290e-02
-2.871596651341812301e-02
-1.015707284834335561e-01
-1.483722560923257661e-01
2.582208602730783342e-01
-6.609235396329035672e-02
4.317130631285098774e-01
-1.096967334018391360e-01
2.132813620951379829e-01
-1.057649908793254767e-01
-1.069225151615040281e-01
-1.544644523005100911e-01
-1.002428160105531436e-02
3.593121510752362857e-01
1.572972365519030580e-01
-1.734026628884253463e-01
-1.224334428480833709e-01
-3.016763733868174091e-01
-1.794660570775688802e-01
-6.922490087998135477e-01
8.107731359747417932e-02
4.573986182347812846e-01
2.250526630941646067e-01
5.169076099867799812e-01
2.248152239506743255e-01
7.173283549526446312e-02
-2.222441519964771239e-02
-1.745538032984948196e-01
8.725992587801213729e-02
4.915692913059515057e-01
-1.993106111339824071e-01
5.619183608621511894e-01
-4.072178575429487579e-01
1.228975856257176341e-01
6.145636342098612093e-02
-2.965715820501269029e-01
2.729569944415036892e-02
6.954985262581192540e-02
3.639719790906756347e-02
-4.719346979578872142e-02
1.917663963858007026e-01
3.665586293055506095e-01
-8.264291288670910784e-02
-6.512303209140418714e-02
-7.814982974956168060e-02
-3.269206365376468026e-01
-6.459083428187047948e-01
3.760321535885758348e-01
-1.496703171462047677e-01
1.807307692903582230e-01
1.262159575510417575e-01
3.700051613247235527e-01
-1.668117853086764635e-01
1.399778178713092028e-03
2.063058318896179300e-01
-4.124650898240684316e-01
-1.175364241830206546e-01
-4.435347131748926253e-01
9.150920280874230706e-02
4.813445677159930991e-01
1.620752869878641644e-01
8.245765800562473435e-01
-5.534305900237229681e-01
1.461747783303277148e-01
-4.147321813765993820e-02
-3.163033603132230920e-01
3.964370193125769104e-01
1.539955001325894468e-01
3.172746548061866623e-01
2.965811482002261301e-01
-6.929902261667846008e-02
1.238569988799646665e-01
1.786201540416361699e-01
-3.895829569487641031e-01
-2.732428015326627824e-01
5.270103378447821285e-01
1.844047437956966018e-01
-6.377679346389887594e-02
2.642598247742876105e-01
-4.304163696361509306e-01
-2.364642794607495491e-01
2.815723425542078773e-01
5.722446640161345244e-02
5.214637779102231363e-01
-4.015115333681475440e-01
1.640155932480050205e-01
4.481963229973169871e-01
-3.847166340387982164e-02
-4.609730511552536103e-01
-1.672775592080632048e-02
7.121856539613180548e-02
2.172404604713201182e-01
5.425622546762650517e-02
