6.873221137108991297e-01
-2.451368382800723222e-01
-3.289576857917634323e-01
-3.764185501609999540e-01
-3.793458966561176204e-01
5.200591915140708732e-01
3.332973433333800695e-01
-7.730586007238826607e-01
-8.602782935155455224e-01
-4.434590888129045227e-01
6.669372160413005179e-01
6.441718703257777179e-01
2.693007540849762238e-01
-1.000000000000000000e+00
3.076978153535636640e-02
7.106492756853444170e-01
8.933963176187496025e-01
-5.706524817546397843e-01
-2.913554970823414303e-01
1.000000000000000000e+00
-1.998649445754199505e-01
-1.287201990995462397e-01
1.000000000000000000e+00
8.862515739050620400e-01
-1.079703007218389965e-01
7.558433254170545679e-01
7.022717332451140493e-01
-3.813977747905764604e-01
-7.810519738284060764e-03
8.985086292871552471e-01
-7.551336508204409270e-01
-7.509901662779272513e-01
1.575425845233271727e-01
7.190519918717683812e-01
-4.954569038626515098e-01
-6.796926900898749846e-01
2.686029665992235582e-01
4.823039875107876240e-01
-7.154349040698398943e-01
-4.695973008666926019e-01
-3.446180642535440763e-01
-2.807834205317882303e-01
2.385442676375993665e-01
-6.798794030431087876e-01
7.365747729802419874e-01
-6.101713412560800798e-01
-8.185445300670464164e-01
-7.624876891962510950e-01
-6.715970180484687191e-01
7.151220504666044864e-03
-1.224510714322742250e-01
-3.664457995060214635e-01
-1.000000000000000000e+00
-1.000000000000000000e+00
6.207001102936636761e-01
-6.180364023476105917e-01
-3.860524867767395341e-01
7.625696139428860265e-01
8.623228782201567411e-01
8.713837587189445788e-01
-7.755273959556299168e-01
-5.829337421686511256e-01
8.534101519920900270e-01
4.543191163507113162e-01
1.000000000000000000e+00
6.031898840950267182e-01
-9.714476691639620798e-01
-9.499471690328467610e-02
5.157253873035836378e-01
-3.295236366777873904e-01
-1.857478912734787380e-01
3.033617767149463518e-01
8.457139275389409239e-01
8.569533700984959257e-01
5.671210821761323018e-02
3.598636869262672455e-01
3.041163597037706001e-01
7.811886290040073177e-01
6.410852145217810216e-01
-3.777227106250802269e-01
-4.018834566177907908e-01
-3.635816076942974817e-01
-1.542287881908402380e-01
8.768717073371820048e-01
8.090557508935192210e-01
-1.000000000000000000e+00
-1.081765182003943115e-01
-6.988275253558255962e-01
-8.670294349548951507e-01
-7.472307643570373914e-01
-4.522626247388087384e-01
-9.354804701677259526e-01
-1.250086137517952833e-04
9.350542822554305245e-01
-6.646762854647605412e-01
-6.196981799058656204e-01
-4.885107661843371418e-01
-1.971091098026475363e-01
-7.193012902020372579e-01
4.449783771913278230e-01
-3.119421370483168587e-01
-8.230859030915074204e-01
1.037112466924893645e-01
-9.169825489071166125e-01
-7.719074782894863596e-01
-2.085767743001292751e-01
-3.053253456913302966e-01
-8.800175878459396417e-01
-4.430788426077848507e-01
-6.295196899135434565e-01
3.340923622638476420e-01
3.945548879618518967e-01
8.648995613928076032e-02
8.737514735506084484e-01
2.509996358222049695e-01
6.657726979982626636e-01
-4.106734650578369727e-01
2.917574816976784557e-01
-5.968553696641019091e-01
4.898001923240486999e-01
-9.623696751009445105e-01
5.227271346966760879e-01
-7.060093417703483532e-01
-6.920168107084743170e-01
-6.220949115972973509e-01
4.669095412163929426e-01
5.746132521213187516e-01
-1.388906046279918260e-02
-6.517506231546201789e-01
2.207182294368488784e-01
-3.802390610332035958e-01
7.829584973340020237e-03
-8.351384884858625846e-01
1.688127749476562300e-01
-3.141721780827763655e-01
-6.829228346320812548e-01
-5.786053169226259563e-01
7.972625639919020957e-01
1.000000000000000000e+00
1.804487860766840202e-01
2.996058583865401914e-01
9.314922671969521062e-01
3.988491907308049367e-01
-9.888940221185263946e-01
7.540007332866875966e-01
-6.380675072986280449e-01
9.014147271813099938e-01
-8.659802039508290861e-01
-3.617477849069996587e-01
-4.486292231081951964e-01
4.269164401453657831e-01
-1.286048963967622305e-01
-1.271512121515898097e-01
-1.143646768478585596e-01
9.084199077160967084e-01
-7.708063005309221394e-01
-9.609476873506890282e-01
-6.926195604197109557e-01
-9.066873878923790986e-02
-5.589832975677196947e-01
5.764169545640503989e-01
5.849647161204412082e-01
-4.912595440395867152e-01
-2.842270493710268298e-01
6.896216749792168921e-01
4.446957148946095728e-02
2.284751183092514071e-01
-3.236710501366120152e-01
7.118425728353909854e-01
1.000000000000000000e+00
4.972271594104726855e-01
6.790042964770193201e-02
8.486902318257009137e-01
1.350143934369407439e-01
-7.443263230180090506e-01
-5.403066924850630226e-01
5.309199750319859579e-01
6.374333500196071034e-01
-1.236887620411045580e-01
-9.329188641478003419e-02
-1.000000000000000000e+00
4.808607696247231278e-01
8.817198340982010940e-01
-6.043276989660156806e-01
3.585030103797881007e-01
-9.969416574014809962e-01
-4.935429186490564168e-01
7.950219351458747141e-01
8.784156507688158921e-01
1.470547663306021879e-01
5.840722695750669713e-01
-8.864270005332642866e-01
-2.951598578290793862e-01
9.342711642172210063e-01
8.649585149429261932e-01
-4.843710136914831099e-01
-5.596451083453410913e-01
-5.298943953242830629e-01
2.476756556751114891e-01
2.129210335739482041e-01
4.503840760791361642e-01
-8.647282735501577999e-01
-6.116351812513312058e-01
1.000000000000000000e+00
-6.897484982482887661e-01
8.211913384125293369e-01
-9.213297957673294292e-02
2.555801383032982876e-01
-2.238038296445051811e-01
3.152620926895895181e-02
-7.683463811608909344e-01
3.537580788798427855e-01
9.580430501098695650e-01
6.677145619851351244e-01
-5.170107709421410958e-01
9.445529337375868639e-01
2.193622196163849125e-01
2.789291345608138073e-01
-2.838373188447804729e-01
-3.101648268274698195e-01
-1.720005363212744331e-01
-4.274826539256252333e-01
2.964017942157362029e-01
4.158174858522016848e-01
-9.044129168989051282e-02
8.037832119551007182e-01
4.193191608502768730e-01
1.000000000000000000e+00
-1.751309370397245990e-01
6.091732127042797096e-01
1.535911550236284673e-01
-1.009553141172078311e-01
-2.707884498837218601e-01
-5.921706301534844785e-01
8.913315602581350916e-01
-5.695826438875181141e-01
-1.000000000000000000e+00
-3.364298704510916282e-01
8.372226901405434019e-01
-1.000000000000000000e+00
-5.044285767420356725e-01
-6.693633482706073945e-01
-3.033241687297950628e-01
-4.053461893128521010e-01
7.799542410965587536e-02
-7.274212936693581488e-01
-5.398953975593295818e-01
-9.021375699781526425e-01
-3.679136968945963537e-01
1.954224053023533303e-01
2.652884836059356544e-01
4.153998468640633379e-01
-7.507812052083282506e-01
-8.682655833190209282e-01
-8.067625543469845173e-01
5.676281683276166445e-01
-9.357053310718480565e-01
-6.229066119014381453e-01
4.870690334227758544e-01
4.026743931130444820e-01
-1.000000000000000000e+00
-7.221562343843805909e-01
2.044654638102237632e-02
-1.102526337457163663e-01
6.596066697617432029e-01
