7.827863152670968550e-01
-2.927736680412273973e-01
7.623444411178323943e-01
2.399805772528593173e-01
4.842568651813496938e-01
1.276423141865232203e-01
8.972251153150634373e-01
1.452341987109302401e-01
5.646516899233314790e-01
-7.557902850145774565e-01
1.193389508996356152e-01
5.793711327640226338e-01
-1.442732168071310939e-01
8.587223604020334522e-02
-9.185943247272593259e-01
-5.174319537851084227e-01
6.975685126301623962e-01
-4.081652318822707182e-01
-5.394017755166063965e-01
6.158084096106897221e-01
3.283945110196679479e-02
1.630732351130564362e-01
-4.292480241368635818e-01
-7.418456703219240556e-01
2.418587448670729279e-01
-8.500775397265422084e-01
-9.966633841662688731e-01
3.492797179648062245e-01
6.447594870765115393e-01
6.100837896170357988e-01
-4.344518699231945114e-01
-1.490995612934124248e-01
1.728953852005131030e-03
1.606541063608529774e-01
8.548119315800659646e-01
-1.663710440163500281e-01
-6.609741383049353436e-01
9.814627655179830601e-01
2.635526150850293625e-01
-3.843551792313353310e-01
7.370618534547952461e-01
8.741524894507823884e-01
4.315234058126139471e-01
4.716307932760479549e-01
3.893958715550414618e-01
6.447119939430796531e-01
3.341604681167242297e-01
5.686775552442356885e-01
-3.568412587014081483e-01
7.741972063650416347e-01
-5.659052414349564908e-02
-4.356093874168096014e-01
8.163875351852983853e-01
-3.920252307666134972e-01
-7.173122444478735593e-01
-3.255063998258866942e-03
-3.526046517008662451e-01
-8.697511204275066854e-01
-9.471891155066817225e-01
6.680261089690654464e-01
-3.519466071132577034e-01
-6.406265736158981428e-01
2.978071975331703647e-01
6.747261875942118792e-01
6.439850955956281098e-01
9.572621663995813934e-01
-5.765162420611287253e-01
5.842350550137864751e-01
1.795296010460794289e-01
-4.633171119554903017e-01
8.454405976558337921e-01
4.192428210820848267e-01
-7.937418014964655599e-01
4.625365584636166316e-01
5.162136293335671811e-01
2.718890709204699885e-01
-6.154891435483809126e-01
-7.475106558638996423e-01
5.334607671326426770e-01
6.847571829921829389e-02
4.296527305855248891e-01
-1.585635744452449925e-01
-1.355937952447794359e-02
2.014491685554223310e-02
4.540915861977201096e-01
-3.009652905880667029e-01
2.411374796572308687e-01
6.716338560669363744e-01
6.467963919082352353e-01
-3.271573038006809764e-01
7.536165806096826181e-01
5.248787198770048512e-01
4.093585294514995310e-01
-6.766872338169800660e-02
-5.998867692916561717e-02
1.033932149196354899e-01
-5.921142450786108791e-01
-5.242724884699545562e-01
4.328366380357805965e-01
4.992261504438246789e-01
8.325536526904490087e-01
-3.876143876182550629e-01
5.443136935687684641e-01
5.830799744295294129e-01
-5.712032907837214513e-01
-4.337352080715590752e-01
4.528837255426561570e-01
-4.904409127827747961e-01
4.384925535637817506e-01
-8.055635878038037712e-01
-5.258781039252615752e-01
2.033195302384491199e-01
4.618770437042383215e-01
2.573519171425084906e-01
-3.339455227486343158e-01
-7.552790367165199692e-01
-2.877098388884457431e-02
-1.393617586681673015e-01
-4.639232642247129723e-01
-7.907174205800203692e-01
-6.056811353427441480e-01
5.847639752383843037e-01
5.113724061569209223e-01
4.947814433333816431e-01
-2.248404818930303528e-01
-3.959596585486803710e-01
-6.047147835954035794e-02
-5.358227031066942203e-01
2.724186293398533909e-01
-3.051180633877065285e-01
1.791223340292337762e-01
3.007555454694006425e-01
1.860839452640195360e-02
9.772957631207397355e-01
5.463883032672810502e-01
2.901980536088445001e-02
9.403952615100809043e-01
4.568425215459893662e-01
-2.927161920993913147e-01
-3.400948323272479090e-01
6.737718311769060886e-01
-2.237666719858417697e-01
-6.326924717130028020e-01
-5.806174017068796989e-01
-1.789274681346280371e-01
-5.385273497240046225e-01
6.590101767756899598e-01
5.948577363398358520e-01
-9.193098389291138872e-01
-5.423985923842590262e-01
-6.300423822624169334e-01
7.830252765999873299e-01
-3.867689761632359668e-01
-2.382601072748935234e-01
9.378005404739866435e-01
-2.137828835422950907e-02
-8.132108799493593665e-01
-1.653459505635127003e-01
5.012776625877890524e-02
-3.029989513027790959e-01
8.540332719329149502e-02
8.481587164601296358e-01
-7.109103377038401561e-01
4.277051420334797571e-01
1.825693254845346669e-01
1.976960691072500165e-01
-7.331340963957243551e-01
-3.181958772001204361e-01
-1.065309610147219810e-01
8.231153787304129610e-01
-9.809538060900551137e-01
4.222541661160377768e-01
-7.770338680332264381e-02
-7.107745606355264645e-01
8.147373762777801454e-02
7.953322336350974187e-01
9.169018935424085859e-01
2.474950954107286993e-01
-8.940410878692900409e-01
4.753071186175629737e-01
2.232780044074972048e-01
-2.476735143753365509e-01
-8.583061946061251724e-02
8.021448334459495566e-01
5.656534938633110965e-01
-5.998075305242331901e-01
5.682302726423018591e-01
8.464752031301395752e-01
9.172180496413875339e-01
3.262496982421489999e-01
-1.071658176391898643e-02
-9.644663794155694525e-01
4.990791153901814048e-01
3.274153108855157313e-01
-4.438508176360370094e-01
6.739999240706772143e-01
-8.167141681314712409e-01
-7.381921548244343434e-01
-6.501744645750798801e-01
-1.064566569737899759e-01
4.661627179538690990e-01
5.076086981541635401e-01
-7.925754877515619468e-01
9.897211355866328830e-01
-6.902112697300426536e-01
-5.246076007089772730e-01
1.089469179239291596e-01
-4.515386759137597905e-01
2.205137430259326292e-01
-8.849081209613211818e-02
-3.338008499901359838e-01
4.063436996714711591e-01
5.342814932307815567e-01
-7.891732103999496983e-01
1.253982315597730046e-01
-7.425358428999071503e-01
-9.748601092205747554e-01
-1.565866412540444508e-01
7.650462765073068327e-01
-7.647827540475062025e-02
-9.993230827592834986e-01
2.645798930519931980e-01
-5.898418695187649385e-01
9.062480643301611405e-01
5.921867512265142214e-02
8.165971459658993847e-01
-8.778345786530293848e-01
4.750887398176554810e-01
9.734108337496914787e-02
-9.906121631956532614e-01
6.770987817345907045e-01
-3.979237387879064891e-01
9.961524300215597316e-01
-7.291188621911942613e-01
-4.067752227788398733e-01
-8.319306763171085972e-01
9.236009490466309257e-01
-4.013439670119570146e-01
8.694704796519798773e-01
-2.429793923140493583e-01
3.904998785459009580e-01
-7.404613144751998055e-01
-2.044694618642478312e-01
4.270871919745381495e-01
5.239055250416930765e-01
-2.183894037943933109e-01
3.612789408618071185e-01
-1.296695095487692961e-01
6.251709275628113405e-01
-7.389163103392948351e-01
-6.808076682936138324e-01
1.877712055511357725e-01
1.833449122954418919e-01
-4.875613157647500917e-01
-6.313227253017126284e-01
-8.933767935625563927e-01
3.488020095866761761e-01
-1.292203483441477785e-01
-9.646253709636409823e-01
-7.523890980131645589e-01
-7.297134810934652327e-01
-5.286125207852815366e-01
-6.189733594896779101e-01
-8.133741573965126426e-01
4.607372920441406006e-01
