8.273187272299863115e-02
8.995186103646742870e-01
8.840280540568840051e-01
-7.359439004785370275e-02
-5.707916365688324722e-01
5.129677075716010393e-01
2.813630802947606480e-01
-9.981934079415653027e-01
6.319881669731840512e-01
7.073170002217009644e-01
-6.918387042656567454e-01
6.280741688461695116e-01
8.045688040429870291e-01
-1.795644741436351888e-01
-6.772334812892022438e-03
-4.355695779999737005e-01
-2.333897468230179406e-01
1.527912520238915994e-01
-7.946676581164174857e-01
-2.662712244818107865e-01
-3.604093731179199289e-01
-3.251751526750199517e-01
-3.461935318723917132e-01
6.312586628903285035e-01
1.530408397186505676e-01
7.577890238033929693e-01
7.567290091825755738e-01
-3.382749417991774421e-01
8.708832180835289760e-01
7.588704582876756310e-01
-7.333008523450419425e-01
-5.396447951116026820e-01
1.000000000000000000e+00
4.022154437624531065e-01
4.681121566040652993e-01
9.221825255216512529e-01
7.412809183136405411e-02
-8.091681738750027275e-01
-1.453954558589429236e-01
-7.064289066754607660e-01
-1.507712463994068108e-01
6.307591164560040209e-01
7.326169667171726907e-01
8.377515048991650559e-01
-8.938854290107798306e-01
3.619299048843133693e-01
-2.668170070010269512e-01
-7.317784643286837643e-01
8.852817533353266599e-01
-7.909601063100767382e-01
-4.143077819353731539e-01
-9.264112315642455409e-01
-5.424498990287026506e-02
4.115912077337163244e-01
-7.372175756478425157e-01
3.118607445927469302e-01
8.580116959520692754e-01
5.734287311292530775e-01
-2.561443479155565139e-01
8.221034643936364628e-01
-2.752064383398626912e-01
-2.985088908422602882e-01
2.677889485647263479e-01
-6.402287486960357432e-01
-3.931550104961473169e-01
1.133014084311355918e-01
7.416129677558724875e-01
-4.866743754695104784e-02
4.326506195568204927e-01
7.056074339161333420e-01
-8.295897549208481880e-01
5.203159699742694322e-01
-2.404882753354372904e-01
5.601285785012332097e-01
-1.000000000000000000e+00
9.554024476475986294e-01
-2.026972938076947173e-01
-9.180346257016415157e-01
2.374742411459291325e-01
1.000000000000000000e+00
2.223539964517415313e-01
5.718667557552495895e-01
-7.562435729943639551e-01
-3.200604285732989718e-01
-1.373497266374129055e-01
-8.917421425579522554e-01
-4.913209980326135873e-01
4.687318378701213484e-02
-4.748244393091872739e-01
-1.877620055791129061e-01
-1.000000000000000000e+00
7.946117450861123199e-01
-1.498206351990745144e-01
-8.484421742525061205e-01
2.200487034042593881e-01
-3.709606704646817854e-01
-1.069983968999469875e-01
-5.091307093914496790e-02
-1.331122519718534181e-01
9.212607921846137637e-01
2.204318734345411535e-01
-1.000000000000000000e+00
4.652113492021805463e-01
-1.591864939473822127e-02
-1.000000000000000000e+00
-9.006661853635828940e-01
3.818002930271139350e-01
-1.136967359612090223e-01
-3.775436497127080404e-01
6.220061993090930663e-01
-7.008907149003151815e-01
-3.943643278945461184e-01
6.736271789657130027e-01
-8.750694049939522490e-01
-7.559979824043869812e-01
-3.702325155576204341e-01
4.168434478262932341e-01
-2.163421174192961538e-01
1.000000000000000000e+00
-6.451004507715727421e-01
-7.688466449924441504e-02
3.457214045359333077e-01
-5.668573346923088119e-01
8.619617473660027285e-01
9.704327733348444562e-01
-5.093632860903979376e-01
8.363508850625496205e-01
8.939378350284460373e-01
1.252774100119103950e-01
-8.507925318208153787e-01
5.248553620289616584e-01
-1.737605479583663182e-01
-4.430078440024322328e-02
-8.695668123618212064e-01
-1.000000000000000000e+00
3.621988182257656064e-01
9.555342855147752612e-02
-8.115941033288742723e-02
-2.339606544750792438e-01
3.379662002668407661e-01
5.312156125223905789e-01
8.056812458030679913e-01
9.072080269649643869e-01
1.277906455127072183e-01
9.522760112506510610e-02
-3.412909553680918973e-01
-8.211116018979343067e-01
3.945962132741679951e-01
1.000000000000000000e+00
-3.525419480990317767e-01
9.800199133278600372e-02
2.029741813720548627e-01
2.566544389082908717e-01
8.302050011940674823e-01
-1.456888471194984769e-01
2.593222887617359085e-01
-3.475907871044613406e-01
7.847248390015872099e-02
4.872850802273920312e-01
-1.435360987088448448e-01
-6.652475592987762143e-01
8.447937117820690789e-01
-2.228339152853908434e-01
5.423001994835744410e-01
-3.301286173661294177e-01
-2.705977764798765395e-01
-2.307849299747117278e-01
-1.089874157987765768e-01
4.629023142151111325e-01
5.700405381861693987e-01
6.920174600074661120e-01
-6.870828590180372286e-01
-4.308372089698392360e-01
-3.812869556456804365e-01
-4.777784943303703402e-02
5.329911087827234883e-01
-6.004286776419164307e-01
4.599738761853271463e-01
-4.558727234401200312e-01
5.260314784471461502e-01
-1.000000000000000000e+00
5.410355551385911399e-01
-9.553271961518093880e-01
2.582874906822908434e-01
1.796102251238624326e-01
4.949306363367620976e-01
-3.185989772806285258e-01
3.056488898224137829e-01
-6.690319809338713952e-01
-7.659996303250575789e-01
-3.296100232587830248e-01
-5.650530460754352724e-01
-7.009373980490731793e-01
9.266495219493353641e-02
1.093913380596303747e-01
1.295491652348219613e-01
-4.821342012421268031e-01
-4.035257410605572193e-01
1.341179747933778088e-01
-3.732122495583927724e-01
-4.116688485975605327e-01
-7.796283506318192336e-01
-3.113178009652726730e-01
7.170732197536500152e-02
-9.457334554802220017e-02
6.008395032032446403e-01
-9.483984327085627219e-01
-5.454622889095107618e-01
-1.025170653809072824e-01
3.385293150387188588e-01
-2.380720305233000322e-01
-4.104010694605524368e-01
8.913071236390973651e-02
1.000000000000000000e+00
-7.717027514410121913e-01
1.000000000000000000e+00
-3.752778663593609454e-01
1.101676939980445052e-01
1.829607071001140839e-02
1.589389025540126621e-01
-5.564382293563856496e-01
1.067307983428316398e-01
-5.985258273287176189e-01
-5.297388062221515259e-01
8.519908758367589208e-02
-3.289576613873732569e-01
6.583992571079815281e-01
4.026385510833531134e-01
4.089996768372013980e-01
2.589243763423112465e-01
-3.640521944984438929e-01
-2.053638820028965695e-01
2.899099354718225052e-02
9.157240302640938800e-01
-9.899812420247018629e-02
9.555135167330749968e-02
4.886028375145161640e-01
1.000000000000000000e+00
-5.868037963463987872e-01
-5.487068447497444046e-01
-5.285287381215307834e-01
1.437446930655325861e-01
9.942559964998557431e-01
4.125375757421172462e-01
3.044570554472386670e-01
5.124659756863250010e-02
1.045720999415968022e-01
-8.102563243560931827e-01
5.257015562693700961e-01
-9.299525279380136400e-01
9.473014899990873650e-01
8.311416551697949906e-01
-8.678339615458796619e-01
-3.903062315297813889e-01
4.136492382647369848e-01
2.708486668274581732e-01
1.326901955678940481e-01
8.221017181264030915e-01
5.882909715595366906e-01
9.243738694145106072e-01
-1.393276384491348718e-02
-8.481865382298593437e-01
6.446694257325763511e-01
-3.000665270959744502e-02
-1.850762786014561456e-01
