7.113877334249599782e-01
-7.826985704505744490e-01
-6.252207716349028610e-01
3.116826612098614335e-01
2.183201979990033736e-01
-6.826698998908935501e-01
-3.337018220473354502e-01
6.671521907569166743e-01
-1.000000000000000000e+00
-2.055405227155442383e-01
-1.661428845228651863e-01
1.000000000000000000e+00
8.111016102589994059e-01
2.161410779777923619e-01
8.907082164479515063e-01
-3.763260775094409705e-01
5.106255352883040111e-01
9.649418066153477858e-01
-8.122194663513347956e-01
7.346321441655843110e-01
-7.199037702615560530e-01
9.050024077206348938e-01
-7.133763481715564847e-01
6.574422503569637977e-01
-7.522797345440935812e-01
-8.630416250219083985e-01
7.761967377791358924e-01
-8.900285044440543469e-01
-3.297253544445581941e-01
8.086345554939032843e-01
-6.845248993612711441e-01
2.147409151720319209e-01
-1.874489744063068120e-01
-7.225132643218573625e-02
5.935485583430172296e-01
9.581689200975158638e-01
1.000000000000000000e+00
3.461154649009072770e-01
-9.708587978650619066e-01
7.063653841316326343e-01
-5.965551412954870347e-01
9.396456012144103198e-01
-3.454042848151370748e-01
3.636141717514111971e-01
-9.754266456285609621e-01
-3.730627427485935232e-01
8.084294443475901204e-01
-9.751109801293211810e-02
1.683550636168962278e-02
4.453646724300079907e-01
1.000000000000000000e+00
-3.495513221372424303e-03
-3.836164593259505096e-01
-3.672926568242916856e-01
-7.969157119521447230e-02
6.512244023843896112e-01
1.398141764161198175e-01
4.950159939702301060e-01
-4.902007106483458054e-02
-1.750390155142596826e-01
-1.000000000000000000e+00
4.908113765008944585e-01
1.688346998814729272e-01
-7.662568370697511178e-01
1.000000000000000000e+00
-2.556901345616929833e-01
6.130008271618978544e-01
5.547097838116357149e-01
-1.511551943956992439e-01
6.718984464939303791e-01
3.366633527148010230e-01
-1.000000000000000000e+00
-6.801729508195270002e-01
-4.881631273221052059e-01
-4.402543183727720688e-01
8.241638026822035723e-01
6.846513769875208766e-01
5.769622353262031655e-01
8.136242296798874563e-01
4.487096756946600262e-01
-1.000000000000000000e+00
-2.868782963343579628e-01
4.132877634405163203e-01
6.899790524603621744e-01
-4.007127130246867508e-01
-2.684498069494847261e-01
7.900646468214416185e-01
-5.997368987662966555e-01
2.854041538021367952e-01
4.528945767128987887e-01
6.339456779527498087e-01
-9.400508111664230837e-01
4.760333236071158658e-01
-4.653655874466547937e-01
2.349539025606854348e-01
7.250002012359536563e-01
4.457863255677909642e-01
7.469190745487541694e-02
1.000000000000000000e+00
-1.072008385687363008e-01
2.557973130495750924e-01
-2.800016591208147609e-01
-5.041586215192819243e-01
-2.623426368636259109e-01
-1.000000000000000000e+00
-5.437471996104393801e-01
-4.781141110756583767e-01
1.000000000000000000e+00
-2.403874487695911721e-01
-8.694512015329984855e-01
-1.000000000000000000e+00
-3.900170689667603607e-01
-6.383600423381377009e-01
-5.691982138445768058e-01
-3.758588247228620838e-01
-5.939579963443246680e-01
-7.908976515975482124e-01
-9.382614445782713197e-01
3.498233714558962593e-01
-7.771495144605955474e-01
-1.174455853443410330e-01
6.411031627630712215e-01
1.850218175772200269e-01
-1.742680644201562157e-01
-7.932145509785534232e-01
2.622101783875567804e-01
-9.552775384521065005e-01
-3.888126677757683947e-01
-9.342203121575740621e-01
-1.701076988203946705e-01
2.941836947804598035e-01
6.739468560829280364e-01
3.384582518680425700e-01
-1.088653547072948591e-01
4.578567080538864520e-01
5.418166624227014339e-01
-1.457423833691074977e-01
5.211176414608632568e-01
1.394023170468847717e-01
9.931501300906517837e-01
4.461965574826371461e-01
-9.596626353045478730e-01
4.363006868085401169e-01
-6.362904020536430671e-01
-9.531099895861649962e-02
1.000000000000000000e+00
-6.594505184074097581e-01
1.129000985237691435e-01
-7.697339420691369227e-01
-9.965553973858978232e-01
7.446556269646344983e-01
7.519561772487974860e-01
-2.683050100072617017e-01
-2.836219455805495393e-01
4.993527084984077380e-01
2.929623918747970013e-01
-9.332912623969040755e-01
1.894941243217995452e-01
1.131364545004772126e-01
-8.965013534491430569e-01
-1.411101198188441930e-01
4.964045218145755611e-01
1.668460835232886963e-01
-2.609036375057224300e-01
-5.889400965703988078e-01
-4.847962727296228902e-01
-1.884508492035966154e-01
-1.590674086641576668e-01
8.898063354053709073e-01
8.790456957202609223e-01
8.996884346400024768e-02
-4.200454171407965176e-01
-9.216035431094068420e-01
-2.974116844306228802e-01
9.003549831516585167e-01
6.469458412614120801e-02
-5.759734269039140653e-01
4.996496202021729616e-01
9.845923126689695160e-01
-5.828780960067235783e-01
-8.371012394690526826e-01
-2.962107648091268919e-01
-1.266470371905921155e-01
-5.018415951443293554e-01
2.452711128486904091e-01
-3.313278494249491390e-01
-4.969417828926920855e-01
4.103104048268161885e-01
4.638860632072726031e-01
-8.966234300928517253e-01
8.609461894978500673e-01
-1.309027195360892293e-01
3.231216673899955927e-01
-7.591855457302779664e-01
6.985106755668568645e-02
-9.744582013025507861e-01
-4.109157443870399828e-01
-7.620690201386048912e-01
-5.674214336925731406e-01
-2.134362260563590907e-01
-2.844041312785033915e-02
-7.500233445923187858e-01
3.806240676221304686e-01
5.506101899026096813e-01
7.595289692596305375e-01
-7.608296076394425178e-01
-6.217194927540488081e-01
-3.317620289642184694e-01
9.677597880056740820e-01
9.933669466682835125e-01
-1.000000000000000000e+00
-4.075533490871476872e-01
1.000000000000000000e+00
5.080653358507627448e-01
5.139014134852657456e-01
6.918892589552558814e-01
-3.592756869605344683e-01
-2.665568413116774504e-01
1.000000000000000000e+00
-1.434619757363463366e-01
-3.611134112709907251e-01
8.750952965008444995e-01
5.011304017001270150e-01
-8.452658801362127328e-01
-2.837180284499423166e-01
-7.188890632159881111e-01
4.775846353727881133e-01
7.767404099850321320e-01
-6.697118600193139315e-01
4.823781504725739300e-01
4.779199544633666585e-01
9.712175566085679002e-02
-4.401295375140161781e-01
-6.628913282857649136e-01
-9.115998622908122462e-01
5.658627746008346726e-01
-7.024376645851070355e-01
-8.237184341382360053e-02
-9.086214043972394849e-01
-5.477070639339400859e-01
-6.269503749328666498e-01
-3.258573625026607301e-01
-8.629155434769731903e-01
-2.580792917870649572e-01
5.906780241701117262e-01
6.980664179717285256e-01
-5.871978789045431135e-01
-8.984683607102685876e-01
7.389432032250082827e-01
-6.098666420137121014e-01
-9.135546526352924523e-01
6.941125939773997722e-01
6.019225638107535137e-03
5.558810885914923228e-01
2.068637216480972152e-01
-2.977681613562227492e-01
4.479168908349584477e-02
6.222234205793445438e-01
1.941759822845315897e-01
8.435099462412791738e-01
-2.915989934206306700e-01
-7.583398283338366186e-02
9.296351675780405444e-01
5.574646257584109366e-01
5.693793973319576374e-01
