4.746316804571831804e-01
-9.256322230221381009e-01
-6.681759244691463095e-01
4.504241376540038533e-01
3.573438141351433228e-01
-7.085878831458412019e-01
-5.933754292094913785e-01
3.261730766005610516e-01
-9.608160570549119095e-01
-6.638094949801595090e-01
-1.078060541664728755e-01
1.000000000000000000e+00
1.000000000000000000e+00
3.808940824603520570e-01
7.930587051756716743e-01
-5.020171492951224640e-02
3.187389874416843849e-01
7.390629313758432239e-01
-8.377287022305103248e-01
7.644776084130419092e-01
-5.748527061401782490e-01
5.988611598572211037e-01
-7.030352114667552943e-01
5.758791058885291969e-01
-7.205058149558043468e-01
-8.621587448813422538e-01
8.365948642846328109e-01
-5.959829328002369531e-01
-1.344756727185974499e-01
8.998365755738169103e-01
-7.915262106899977335e-01
3.346065203033641855e-01
-1.143566475170042507e-01
-1.733695156094267609e-01
6.015263912007713376e-01
4.262070324752945116e-02
9.815450199268612730e-01
4.185196953428648170e-01
-9.552915393248180287e-01
4.611521105535830722e-01
-7.893145728809259909e-01
1.000000000000000000e+00
-2.022484563159088200e-01
1.706506384176853797e-01
-9.553289550370710481e-01
-5.920361944925247588e-01
7.243897554535065897e-01
-1.631686035337542307e-01
-1.697354368137795610e-01
7.782170779282516770e-01
9.766321895391121277e-01
3.716953759270972824e-01
-6.864903502388006729e-01
-4.395697045829802252e-01
-8.203920366705752532e-03
6.419846356678120536e-01
8.058884009089278821e-02
5.213239598474923575e-01
3.664441653473601845e-02
-1.237519858757230584e-01
-8.813866398494791810e-01
8.857918368741937165e-01
6.896409341180524954e-01
-6.973772143811569624e-01
9.619080756121631826e-01
-1.856328379899835346e-02
4.724974507884618369e-01
8.842577795540270680e-01
6.853516714502198848e-02
2.804917459023448800e-01
5.104918797220830973e-01
-7.188007394408760797e-01
-7.188060993835425627e-01
-5.396458576642757521e-01
-5.348838525776786756e-01
1.000000000000000000e+00
7.529675030813260950e-01
6.519486998780532616e-01
1.000000000000000000e+00
3.627062620616955391e-01
-1.000000000000000000e+00
8.370982332331332321e-02
5.514137035318912305e-01
7.754408229479813341e-01
-5.089786133814697133e-02
-5.015627721545197204e-01
7.826630277903268151e-01
-7.005724185105207669e-01
1.004967943684219323e-01
-6.295572418825817751e-02
7.177701967243901304e-01
-5.274207412614472235e-01
3.013985469864054467e-01
-5.044362419931113228e-01
5.241854782636583554e-01
4.927433620876174314e-01
1.744415977959543618e-01
5.233742816027753264e-01
6.961203027106358521e-01
-3.277039145010364196e-01
1.163711740346336232e-02
-6.389916256728411792e-01
-7.354434933908040595e-01
-1.163854099209213344e-01
-6.927876916899818882e-01
-9.495336481073712864e-01
-3.337661680044525236e-01
8.807861349998917788e-01
-2.664688501645859353e-02
-8.495630010347010597e-01
-9.700201233808621870e-01
-6.912371813667075870e-02
-8.380491191227904535e-01
-9.169602733893000845e-02
-4.511514257985899667e-01
-9.169678998147377802e-02
-3.903502729592454035e-01
-1.000000000000000000e+00
4.234894708270728336e-01
-9.463919625168059069e-01
-3.857929087205383412e-02
8.467836911404583722e-01
-1.346938334180064756e-01
2.764381426146628878e-02
-8.598270935685937699e-01
1.342969041834718713e-01
-9.987582699900893202e-01
-5.640609876050022287e-01
-1.000000000000000000e+00
-1.944706073413538516e-01
4.288195213772059144e-01
9.154762557495189634e-01
2.052044547755834947e-01
-4.865987288456062321e-01
4.872639597592876015e-01
5.093660193523089630e-01
-3.141734328564436129e-01
7.742687561526147011e-01
1.914756649967084834e-01
1.000000000000000000e+00
5.038970974619499943e-01
-1.000000000000000000e+00
2.357382379074349499e-01
-6.039033248038416790e-01
-1.799477179107201175e-01
9.431944057848811180e-01
-5.544646229164815754e-01
3.507745530703647585e-01
-8.178227053929301160e-01
-9.276843122586463375e-01
1.000000000000000000e+00
8.304285630899180815e-01
-1.693744683458917322e-01
-3.208468240122022697e-01
5.166176527617022396e-01
4.110795571832949191e-01
-7.172408193636590212e-01
-4.125420926446097813e-01
2.436887790114291297e-01
-8.413390753819054435e-01
-4.598330068753045397e-01
6.452563327743813248e-01
-6.923582456021799836e-02
-4.100916687902389501e-01
-8.076325365887193630e-01
-6.865646990545215544e-01
-1.440137463767906523e-01
-2.002163538300542889e-01
8.329802378946485897e-01
7.731414616103784443e-01
-7.910999556977266201e-02
-5.365126637546338007e-01
-5.265503172140320043e-01
-6.526439839499993401e-01
2.700474671432464557e-01
1.193401916957176484e-01
-5.346251796952474766e-01
3.554201469913362277e-01
7.066559123391951136e-01
-5.703095517423512062e-01
-7.881130280062599303e-01
-5.515619373570040951e-01
1.214987801187861899e-02
-4.582084542270026262e-01
2.376656554051091441e-01
-1.059631594705073565e-01
-6.286007389694054925e-01
2.474574800607934055e-01
2.452636966633443827e-01
-7.546377036173245179e-01
8.204160790578313156e-01
-4.599019474560918641e-01
1.470200307191324440e-01
-9.372183939410647646e-01
-3.478489865526344094e-01
-9.129101312734795304e-01
-1.822726991021540177e-01
-6.242130261346535702e-01
-1.456916621519636079e-01
-1.421116938466245039e-01
6.992475788344630627e-02
-8.106610333079337094e-01
9.574532394807559743e-02
3.647794883347805217e-01
1.000000000000000000e+00
-8.077735205544883668e-01
-9.837378393158757728e-01
-4.424218961164371744e-01
7.728869039784013184e-01
8.829521360641940930e-01
-8.286100141964638510e-01
-3.278221004248104697e-01
7.108190786536406902e-01
6.931348848272955721e-01
6.466245492499748115e-01
7.848864138130257073e-01
-7.493972316842547610e-01
-8.855759896176057522e-02
9.699375647088710473e-01
-2.405435298601945604e-01
-5.244796048638339370e-01
7.826640901534878125e-01
5.387846763526026317e-01
-4.167664780885978471e-01
-3.546598128022830920e-01
-9.781709359153143435e-01
5.130713688195079891e-01
9.209221613027943620e-01
-4.590907989230675335e-01
1.967614301597202520e-01
1.027390304699882517e-01
-7.389358915630706015e-02
-3.885179825481320237e-01
-7.600637031657926368e-01
-9.750826193271068254e-01
5.525191541558593933e-01
-9.185011146878798716e-01
-9.831845103848116385e-02
-1.000000000000000000e+00
-5.116534568867037169e-01
-9.479068403616532912e-01
-4.776179417567192886e-01
-7.360992652395784708e-01
1.994657890183385573e-01
6.644897690055774353e-01
3.553481493211608777e-01
-7.633951616540772811e-01
-7.979408604767038726e-01
1.000000000000000000e+00
-3.058359138239311048e-01
-6.988973731185950111e-01
6.414659074559104779e-01
2.396163809125668315e-02
7.215020528563883540e-01
2.594581353009826064e-01
-4.565110490942775323e-02
2.127589544435187496e-01
5.406993247245748258e-01
4.851401346601613707e-01
1.000000000000000000e+00
-5.928365764752002720e-01
-1.532072132598109593e-01
6.419771725175410504e-01
3.258187738057782834e-01
8.688729523149435474e-01
