5.785646068558051303e-01
-7.823580872981445999e-01
-8.825972261385413020e-01
2.458259605540895065e-01
2.749602228087494327e-01
-8.213382976498821986e-01
-4.777125993837719742e-01
6.716590510407682846e-01
-1.000000000000000000e+00
-8.314216325223215964e-01
-3.710227954195699507e-01
1.000000000000000000e+00
1.000000000000000000e+00
2.145144600467173979e-01
9.145366780231722892e-01
-3.137617165758500026e-01
2.214927460761385303e-01
9.341366960682857545e-01
-7.666561212304172646e-01
7.487186949965751737e-01
-6.763257710940511203e-01
7.405715791775675516e-01
-7.659662640722305627e-01
7.168026319262298385e-01
-9.016546343772626759e-01
-7.802553556944609170e-01
8.913977602897605879e-01
-8.367671797608395856e-01
-2.859845257445994826e-01
8.545852878638428018e-01
-7.602529824171303519e-01
2.147409151720319209e-01
-8.620739757777407322e-03
-1.796928212869949859e-01
6.903030527259628180e-01
4.889971792444706700e-01
6.988045895911816352e-01
4.171517140436986626e-01
-1.000000000000000000e+00
6.285405321532437917e-01
-9.243126021094851819e-01
1.000000000000000000e+00
-3.303917920901167649e-01
3.046153418312304573e-01
-9.382526817748736425e-01
2.808728979671859527e-02
7.043329655610641726e-01
1.600559939928094810e-01
-1.056286967553013781e-02
6.746055705893636567e-01
9.670303002365552292e-01
1.158052742027935594e-01
-4.800170862495576896e-01
-4.547846125070303946e-01
-1.717444066496420785e-01
5.023545751776414825e-01
5.985292501489188066e-02
4.950159939702301060e-01
1.633830622552561729e-01
-9.521400847462917205e-02
-9.967402289619305966e-01
7.368757730595212330e-01
3.516270478203203931e-01
-6.533611158662857576e-01
9.949072833729356580e-01
-2.715415697843006626e-01
4.749087827477017631e-01
5.280961607641982969e-01
5.671471690309673463e-02
5.293784176040978728e-01
4.502294487440348103e-01
-9.396301204608920044e-01
-7.401835174378645910e-01
-5.453840719111545665e-01
-5.641528577203223094e-01
8.963144969357078606e-01
6.996109201033073877e-01
5.958213271367081010e-01
9.058964920862613290e-01
4.826126644688462086e-01
-7.946529786740472723e-01
5.320045514630000749e-03
5.207184721421510565e-01
8.046001407349268053e-01
-3.475546185935083909e-01
-3.317294890135248364e-01
8.856976790231065877e-01
-9.265437021784059812e-01
2.603782949645387923e-01
3.084907354855265793e-01
5.004485873731858714e-01
-7.287168712137349624e-01
5.334020582453418147e-01
-4.126919217724877020e-01
4.000694228691337173e-01
5.592941915032867417e-01
4.007525793182894480e-01
2.004173867455934510e-01
9.839429534668386879e-01
-4.350738484698401520e-01
2.828976584819502538e-01
-6.008207290115572530e-01
-5.683921726265965813e-01
-3.539117714135982529e-01
-1.000000000000000000e+00
-6.036002054096412106e-01
-3.312418869521733256e-01
9.109379790633828078e-01
1.605934054950285961e-01
-8.219320421458780057e-01
-7.162411780597607303e-01
-2.818772056854780272e-01
-7.789898557068991591e-01
-3.449898564943167933e-01
-4.317746868268113603e-01
-5.239591192306887191e-01
-6.518318598633673355e-01
-1.000000000000000000e+00
5.353534149974189527e-01
-7.005831182512723965e-01
-5.941065133227389772e-02
4.145722129498320419e-01
9.579907899489520373e-02
-3.935226144869195808e-02
-8.908274415188313089e-01
8.530140659518919977e-02
-9.422882199231722433e-01
-5.470963940247958179e-01
-8.811387758368294243e-01
-2.042486261111737256e-01
4.307136171719468942e-01
7.953024420624634772e-01
1.473895890251592233e-01
-1.088653547072948591e-01
4.825076629055635169e-01
5.924622063865531141e-01
-1.548084615177591494e-01
9.783687779085963321e-01
3.198755630678987716e-01
9.931501300906517837e-01
6.297288289568289121e-01
-8.978782417570773111e-01
5.404190071148430308e-01
-6.686058019526206486e-01
-1.701957535827439139e-01
9.555042787546744742e-01
-6.647985557115818622e-01
2.258398351007711025e-01
-7.230421557571571345e-01
-1.000000000000000000e+00
8.882248324119121907e-01
8.265803948738585927e-01
-1.708679349998037944e-01
-4.052626638294009043e-01
5.544071745847758415e-01
5.100388310438905837e-01
-8.210407566312870609e-01
-3.061762445818938527e-01
1.448577817814236390e-01
-7.270624244748485898e-01
-3.782425305510014879e-01
6.992430209350947168e-01
6.049582396143421414e-02
-2.799631603119598910e-01
-6.215461126601392605e-01
-5.180084301819826154e-01
-4.496909229864596291e-01
-1.543625928341533782e-01
8.451090382443882110e-01
7.294163751236867332e-01
1.455300590269990590e-01
-4.576244660467475023e-01
-8.396379520990887579e-01
-2.974116844306228802e-01
7.007050927773107452e-01
6.469458412614120801e-02
-6.208771852006066405e-01
3.643840737833475285e-01
7.551534341793972871e-01
-8.072375921935813770e-01
-8.852567155103499008e-01
-2.446362368047105273e-01
-1.266470371905921155e-01
-5.018415951443293554e-01
1.984537405270794252e-01
-8.495764450309628568e-02
-6.412110984921319812e-01
4.315322351013868851e-01
1.233634924205714856e-01
-8.709502481501644189e-01
8.592410841840257829e-01
-2.001732810468656032e-01
2.827371782070288164e-01
-1.000000000000000000e+00
-4.120439582304293302e-01
-1.000000000000000000e+00
-3.382719725110494013e-01
-7.094088376956282360e-01
-3.615929140542774589e-01
-8.318925465798546193e-02
2.918671591553478328e-01
-8.936004025489683311e-01
2.243901912680267285e-01
5.506101899026096813e-01
8.117634953139738485e-01
-7.666113673500090098e-01
-5.069777863322026956e-01
-3.042264798899873557e-01
1.000000000000000000e+00
8.400156494197006385e-01
-9.573823810932232670e-01
-4.075533490871476872e-01
8.019741017639717695e-01
5.431376497871867048e-01
4.711196358329161615e-01
7.590680491192642876e-01
-3.592756869605344683e-01
-2.183825742501634692e-01
1.000000000000000000e+00
-1.434619757363463366e-01
-4.801829813856216544e-01
7.410970508800622802e-01
5.088006148242281146e-01
-9.150685475151923987e-01
-1.996806969165200174e-01
-8.827447731746429493e-01
5.681200680516091950e-01
8.487011908695256679e-01
-5.733036447278377912e-01
4.727475539980131036e-01
5.332979387767983193e-01
4.000295773794405180e-02
-3.298635369937686357e-01
-7.694136303684935285e-01
-8.957047480521485028e-01
3.063723430471431142e-01
-8.556149669915847911e-01
-8.237184341382360053e-02
-9.958298257045447022e-01
-5.675475755275320999e-01
-1.000000000000000000e+00
-5.060185765673211877e-01
-7.962246268682514616e-01
-2.459378059806036076e-01
8.693666079333122187e-01
4.919862685559182047e-01
-7.655443472530042426e-01
-9.381423198850638023e-01
1.000000000000000000e+00
-1.814445050816473892e-01
-1.000000000000000000e+00
6.531651680522115866e-01
-2.365544190943252856e-01
5.675279630241304440e-01
2.987350511861230906e-01
1.213475411532365239e-01
2.408008098677740794e-01
5.592268881829771665e-01
4.967995411588598254e-01
9.792478247322139451e-01
-6.311331003334936796e-01
-6.026312019216169269e-02
7.911475173235131830e-01
6.372584626271655672e-01
6.858529967608600897e-01
