-2.817570361192259232e-01
-1.201487659229387717e-01
-4.842598857516271504e-01
-8.026024138702061439e-01
-9.572943580684677434e-01
-8.184582361376422366e-01
-7.321772522349556667e-01
6.315747945219170045e-01
3.968420355415106515e-01
-2.091083003858508482e-02
-3.540374791173174773e-01
8.589241195205519208e-01
4.295348735534262330e-01
-5.679133675850298602e-01
6.952816873144868071e-01
-5.322374158997152938e-01
2.386422255137616855e-01
-2.873446564433200789e-01
4.613101581154683273e-01
3.294070102875327199e-01
-3.535942039500997724e-01
-7.738679082700947731e-01
3.124452640664760472e-01
-3.189453012619659078e-01
2.431256403053429771e-01
5.839078479163583024e-01
6.420007412286773407e-01
-2.571986196841308803e-01
1.654110043221140303e-01
-8.222328820241741054e-01
-7.127350377217275823e-02
4.758329458796437539e-01
-5.199385683496154931e-01
-4.068663928498461035e-01
-8.149615454454874897e-01
-5.699486778359681427e-01
6.775947597665954447e-01
4.440516305487459126e-01
-1.017906163027450933e-01
-5.513578123703747336e-01
-6.044264451051412079e-03
6.805234247015471416e-01
-7.535598593040759852e-01
-5.768893325732452615e-01
-1.956563510932546046e-01
-7.657338627101218931e-01
-1.903103590033436987e-01
8.074802765534917492e-01
-5.103277170617379621e-01
9.692033199628891094e-01
-6.733949248848336566e-01
-9.819220790007410216e-01
-6.375449452037570408e-01
-1.000000000000000000e+00
4.307270210993880966e-01
3.193754165227197239e-01
2.978813003761375811e-01
-1.056591080622550360e-01
-2.634116110249313802e-01
-3.121541918827059892e-01
-5.501431366026593439e-01
1.208824246255587632e-02
-7.188785090098313013e-01
2.406160857073459669e-02
-4.929698236814659129e-01
5.486854319803058377e-03
-7.100605946272077196e-01
7.764414863845242598e-03
-6.655368373202870114e-01
8.251167976713351671e-01
9.960036579525302081e-01
1.920411168069234842e-01
-9.631877490474077819e-01
7.747359487984752935e-01
6.130410511154436026e-01
-5.806055904638340870e-03
-5.445489460459851383e-01
-1.112298402172636896e-01
-7.145936101490264480e-01
9.335539940301461614e-01
4.276635078194866990e-01
-3.429765987385957615e-02
-7.242751607076636233e-02
-8.187056856239319780e-01
4.898708624924367205e-01
5.644998477012940219e-01
1.253148868753508061e-01
-5.101233652162309173e-01
-2.585381418346525684e-01
8.976860585913701840e-01
1.030084558207399748e-01
-1.000000000000000000e+00
2.713444490857778169e-01
9.920518074257842489e-01
-8.065752554388536666e-01
-7.320376513091456649e-01
-6.671562163046724780e-01
-8.415393672196747055e-01
-8.804692255563619785e-01
3.354769510101034968e-01
1.157019293495831491e-01
-1.234055664421986886e-01
3.598756119741591819e-01
-1.245688504811460900e-01
-1.937363310493421531e-02
-3.069905120690753497e-01
7.302198837779896312e-01
2.717925190915893019e-01
-9.102290921269629020e-01
-2.692041649732019315e-01
4.903139864590571051e-01
-3.620964668632432604e-01
-5.127951946397714400e-02
2.284427891107145836e-01
3.085407532417967502e-01
-7.929358154334309461e-01
4.953095472435211089e-01
6.745831517450804338e-01
-1.000000000000000000e+00
5.133628668970072750e-01
-3.826532589550146746e-01
-9.357635861871604899e-01
6.060976393176242816e-01
-8.828370056801821963e-01
-5.154430507126651628e-01
5.748635185076019644e-02
-3.153386633969059716e-01
-2.320406034376870652e-01
4.738546770215311676e-01
4.794886735363512731e-02
-5.522919381974055186e-01
2.190160636335748978e-01
9.090551833220670286e-01
8.804738824211291170e-01
-9.599241926521833168e-01
9.883481076736770898e-01
-5.246424979969310787e-02
-1.028100401496871985e-01
-8.299513672609459825e-01
5.011931400322950925e-01
5.258314860185887563e-01
-5.564253353371356736e-01
1.928573645725746299e-01
5.446947769188987820e-01
9.924849019642925096e-01
-1.408417878457019767e-01
-1.000000000000000000e+00
5.592730203708274894e-01
9.403759970707755711e-01
-6.626678592099544129e-01
-1.732663578625243950e-01
-1.000000000000000000e+00
-7.930463563374358094e-01
-2.973036986993716699e-02
-1.236835901523502257e-01
-2.139510523451071400e-01
-7.187389564089923244e-01
-9.578008935867883544e-02
3.004558447342220995e-01
-5.168926999957104140e-01
-9.744432336612618428e-01
2.016020111734809217e-01
-3.277518620686309947e-01
-9.396580985141846920e-01
-8.027325940399545612e-01
2.629770161275644114e-01
-3.316836771848664100e-01
7.181557780841546501e-02
-8.057956471432404788e-01
-8.139508496289856732e-01
1.000000000000000000e+00
-8.938012170397064970e-01
-4.276385302086919693e-01
-1.210803102968101286e-01
1.000000000000000000e+00
-5.981554336824201901e-01
9.752016068113755765e-02
-8.391012627751881503e-03
5.274775356007583849e-01
5.703242279260307690e-01
2.527309200713652171e-01
-1.805048371475087565e-01
-4.693550257685001337e-01
5.974237141348053282e-01
2.372242324890874166e-01
9.014597482962201092e-01
-5.638557583439270937e-01
-4.474993186411588830e-01
3.500350881348069931e-01
-6.066359697253975725e-01
-7.217867729345204264e-01
-6.513904073497631675e-01
-6.775689341852217940e-01
-3.973436947776991524e-01
-1.686031079294600388e-01
9.831235032194771684e-01
-1.535705600412723970e-01
3.172911245564206117e-01
-5.214995936924210485e-01
8.588974396530129063e-01
-1.070444052671393476e-01
3.419421597759655373e-01
-5.954155242686900440e-01
9.297373157932692367e-01
6.074188171847905160e-06
-7.894899248604999586e-01
-1.000000000000000000e+00
6.328227933830605778e-01
5.720897398937687672e-01
4.455990891739175508e-02
4.424237135343027649e-01
-2.968667897802088618e-01
8.938960093736094681e-01
8.650267175132929642e-01
-8.443083805542358489e-01
-4.661012154446539379e-02
-7.701528616853536846e-01
4.271074444631953737e-01
3.989624486929863600e-01
-3.220679212363296018e-01
-4.569284724140587617e-02
3.120944683402124276e-02
2.313214889397358642e-01
3.151188110517597618e-01
1.657759962288707645e-01
6.497298140804360633e-01
2.696986662046551575e-01
5.114610180795666761e-01
8.340511342451464860e-02
8.513108500798743927e-01
-8.198471226923405020e-01
-4.278148654359894554e-01
2.022035241741132472e-03
-3.265215907615373614e-01
-6.730577450894973390e-01
9.118902393270953421e-01
9.717258577229663796e-01
9.282315993289022016e-01
-9.750453172789910194e-01
-1.373807701240017942e-01
2.431336934954646811e-01
-2.969882641030630044e-01
5.702341674611535183e-01
-5.435633384792544209e-01
5.558814965547492770e-01
-1.049711219173390386e-01
-3.490258517771291924e-01
-5.147034219511726905e-01
1.938296715779278534e-01
-6.253155106045579226e-01
-9.010118562891650251e-01
5.713601811262870589e-01
-5.477247165288416930e-01
-9.147044103812373983e-02
-2.504438661644918795e-01
-4.963808971606399334e-01
-4.645625471152367569e-03
-8.100922359441621590e-02
7.779797080745612936e-01
-7.806532382693259775e-01
1.704768406551697701e-01
6.889214592807078041e-01
-1.000000000000000000e+00
-5.769568134418197047e-01
-4.311889090246789902e-01
