6.233392778530690848e-01
7.261413910996565857e-01
-7.033779217152476004e-01
-7.082563025912154142e-01
-1.556117872213354791e-01
-1.693438144824207514e-01
-3.749768055240185749e-01
3.512861876410755535e-02
9.223335163797851122e-01
4.190340994069151059e-01
-9.567345758752532348e-02
-6.187683248668233160e-01
8.455324742660648152e-01
-2.344761373444081420e-01
5.204914868976621145e-01
-3.399947893210636396e-01
-7.711430980414559766e-01
-3.943379306053018674e-02
-4.300741793055653517e-01
-3.645867457913653520e-01
-2.081824605689917007e-01
-4.491543131657540489e-01
-6.266186593731435384e-01
1.978499700039638154e-01
9.135510882035255964e-01
6.464251336123967295e-01
-5.862508578824867644e-01
9.472014384485440974e-01
5.079709866702968313e-01
8.737650960521736732e-01
-4.798155576517760257e-01
-1.058126846036153701e-01
8.630280732174083758e-01
-9.841434763976933398e-02
3.086369153996560977e-01
5.428731915000661878e-02
-3.791038339996830597e-01
-4.013024817542527600e-01
7.659350178600394798e-01
-2.717792961697734211e-01
1.299685156312416212e-01
-9.463315544561174963e-01
-3.560236797485936133e-01
9.213866250242808142e-01
5.791832874420008714e-01
-4.413027134070428570e-01
1.016578918354104771e-01
-1.065255552185235821e-01
3.444243960134954485e-02
-1.823396595764330552e-01
-6.501441234336066133e-01
-5.408844804056157640e-01
2.784076991959201219e-01
3.630028401700076124e-01
6.930804854385752556e-02
2.239549598046874923e-01
1.227930900052297686e-01
-7.794151712607355620e-01
-7.766199160830409287e-01
-2.619243843738547906e-01
-3.620754918327966781e-02
-7.911279620911785271e-01
-5.058967775855744975e-01
5.803430049475600816e-01
-1.623788376306456727e-01
5.403163429047060096e-02
-1.955742038389419457e-01
5.693123732732012776e-01
-1.375292224885217296e-01
-5.342707374556996403e-01
1.969809704870191247e-01
3.796749159538281848e-01
-9.203613258518441587e-01
-8.109744125131954640e-01
7.058116718304900949e-01
-1.389888476667066608e-01
-1.286151248645139855e-02
-9.655437980049186297e-01
-8.891137169739828927e-01
9.891454579867489105e-01
-7.438407223142817770e-03
-1.578986719974606601e-01
2.380869210379256973e-01
-9.923821839899831243e-01
-4.365285595204233537e-01
-1.498712506207805495e-01
-8.341696636439071000e-01
3.180042753195608807e-01
5.093525395731093308e-01
-8.808875488710172785e-01
-4.822841265096400321e-01
1.277083070372550533e-01
8.188598734934005030e-02
3.560874050139819502e-01
7.960413558568621983e-01
6.967578586189284717e-01
5.118011892245443173e-01
-5.827643859102934476e-01
2.253336894106531263e-01
5.642466121785266742e-01
4.747816618662137333e-01
1.401967969284165783e-01
-2.694368476043356164e-01
-9.762389601649866799e-01
3.323816911518304162e-01
-2.972883025224906106e-01
2.958363093518991960e-01
-3.070892189892789892e-01
3.712679438625341999e-01
-8.510657631066285145e-01
6.672353980699968767e-01
6.986901274363193082e-01
-4.037506703647517625e-01
-1.549888803946682103e-01
6.071143482951287806e-01
-2.435470123917804486e-01
2.340915355481268390e-02
-2.714569254253815234e-02
-6.402857661441038184e-01
-8.722519146548162183e-01
-3.159989398020464635e-01
-7.330590253220832242e-01
-6.332826463848457710e-01
4.265736422484112111e-01
-3.315015737280848640e-01
7.951061146478402009e-01
-1.441661345558105101e-01
4.127321500582614711e-02
-4.140466614782538635e-01
2.006784604759117574e-01
-9.338620597150810720e-01
4.800068119533336675e-01
6.913160113566276799e-01
-1.638743260997694851e-01
4.595991016065683610e-01
-5.646890751579205503e-01
1.204953890036433162e-01
-6.280626632272665599e-01
-1.060022516299707757e-01
1.079903665204028584e+00
1.658063580053801556e-01
-6.531796036825985308e-01
2.664486813787079189e-01
2.323656103838062925e-01
-2.090638840393540532e-01
8.905186221766963062e-01
5.771116027573270912e-01
7.701818831182656311e-01
6.794245837524237608e-02
3.801476687637062035e-02
8.319763453034154654e-01
9.163975296074404753e-01
9.848278952737536951e-01
7.489229217686076412e-01
6.696276421583127192e-01
-5.987525159188826773e-01
4.283882309058442139e-01
-6.168985442891772308e-02
-7.877817452321093095e-01
-7.039980117379303071e-01
8.237783141862311531e-01
-8.353244407329507570e-01
-7.304826979085772276e-01
3.178140568981119296e-01
-8.744424438211053641e-01
-8.276998306708769348e-01
-6.458019915562684954e-01
1.012025334719522940e+00
-8.341351820116555960e-01
6.948878968543485968e-01
-9.587480635592564582e-01
-3.326803258917894190e-01
1.275257247533898575e-01
-4.409628842425323825e-01
1.562884099094485890e-02
-2.871390802701312417e-02
6.609717239763610586e-01
2.771225240628134578e-01
8.332192740237354123e-02
1.766471358982504292e-01
9.618714362324130018e-01
8.222326400677106850e-01
7.954655437582094368e-01
5.611055274793369518e-01
6.979867958287053753e-01
-6.855927359637250043e-03
4.403447685062171768e-01
-1.970695177613779325e-01
2.113153503937579281e-01
-4.545596385536005979e-01
8.085004253908447680e-01
-3.996760439518773911e-01
-2.479560208821043332e-01
-7.707392303349738238e-01
-2.552358740890623423e-01
3.420443217151150073e-01
-8.259441302200809520e-01
-4.666779297965748530e-01
6.173668466008959133e-01
-4.051082959823171237e-01
2.092244288467120794e-01
-9.021139409435814382e-01
-8.486302676961069436e-01
4.663088803456140186e-01
-5.668517286292458213e-01
1.900831441420158807e-01
-3.919706914990535029e-01
-4.949219976052354752e-02
-6.254645810130319283e-01
3.826418384159924191e-01
-1.754465325595462311e-01
-7.945550423419887043e-01
3.968803439999824684e-02
1.733665721708270713e-01
3.796030125431208990e-01
8.413061027017157967e-01
-5.944647868420186443e-01
-4.344293809227901537e-01
-1.619801851050894359e-01
-5.792184789621470653e-01
-7.336702511595107890e-01
6.043521360917514240e-01
-2.037655568456775423e-01
-2.841558529842408420e-01
-3.126962093109983964e-01
3.794595260546373972e-02
3.522745344721422978e-01
-2.498598941662801831e-01
8.824518489716437486e-01
-7.270738908030736081e-01
-7.629509657742188367e-01
5.246151437729227318e-01
7.465675558924365074e-01
9.327316574730183385e-01
-3.109299679715322728e-01
5.616054593971311348e-01
3.726052949296987382e-01
5.385585980536071737e-01
-6.787133161470444431e-01
-3.281970331857276824e-01
-3.729982440561037116e-01
9.977303295567410135e-01
7.048023326786706511e-02
7.286886173602437067e-01
4.271186705123989347e-01
9.802210391772936404e-02
5.767945086833452528e-01
-7.486658509940513628e-01
3.499308913190423698e-01
-6.659530980257185595e-01
1.228420620960619658e-01
6.862905951817790395e-01
8.614783486347865615e-01
4.326044116175840060e-01
-7.403157209824308138e-01
-4.108582660894279093e-02
-2.700504765970721532e-01
8.098292103999974456e-01
4.878964164562689665e-01
3.874372772913334817e-01
3.701411471890976301e-01
2.055625305186319085e-01
-4.237126653593595305e-01
-8.325027281306854876e-01
-5.145944253372123356e-01
