3.886116762906344224e-01
-7.452041740117568702e-01
-2.321586354001443642e-01
5.440461139539563007e-01
-1.287626130321688489e-01
-9.800677942388511532e-01
1.556725285712809992e-01
-6.975156624974701014e-01
-2.838735099263249295e-01
-6.531760786476470404e-01
-4.031992693085051371e-02
1.147274022331616905e-01
8.945748381693846563e-01
3.678172197002310129e-01
2.212765659061444179e-01
4.704857631363716930e-01
6.686435420901963855e-01
5.708818910375164091e-01
6.158927826037489117e-01
9.979450902932470724e-01
-6.872653729451388971e-01
1.594036855637315231e-01
5.197810770947777215e-01
-4.240077140509332931e-01
4.075735550739292279e-01
-5.100991218665955618e-01
4.618752122990190667e-01
-3.151485970384877433e-01
-8.345292730880290999e-02
8.309416399117441898e-01
-9.118854691331375051e-01
-2.093430068945096867e-01
-4.493028468134583342e-01
4.367297920156325564e-01
3.254070294987283507e-01
-9.484833449488965229e-01
6.180865841272820127e-02
-3.981078131511330831e-01
5.204797276972168429e-01
5.598737497618222481e-01
-4.967479231202573398e-01
9.507830600967088763e-01
-8.615203407998279772e-01
9.114468044752577214e-01
-3.764552116372670287e-01
8.699261461717859856e-01
8.909508766364899746e-01
2.269529670499801366e-01
-3.743991392840766430e-01
-9.993438386602508938e-01
7.113129563605331551e-01
6.999004837005207147e-01
-6.535425941245027737e-01
-5.390488649135281030e-01
1.271244535264267617e-01
1.220714125078672385e-01
1.926526916094517539e-01
9.878557998999424328e-01
7.989453193927826824e-01
-1.847718625139795900e-01
5.531793740902746226e-01
-8.109654284563092563e-01
-9.485466907114603607e-01
2.347065920504033676e-02
-5.512755148064705235e-01
6.259535906430464536e-01
-9.771981440896775339e-01
1.830527813357799571e-01
6.286524725739177644e-01
-5.401965672867869994e-01
4.999586785545979684e-01
-1.732784505916729056e-01
6.160712714542215807e-03
-3.444879822726123475e-01
7.933688250013817278e-01
-6.806611560692865659e-01
-7.630231356368435969e-02
-6.134541119246252894e-01
4.779317717441211588e-01
-5.843481047672098860e-01
7.514642200693476548e-01
-2.749835415411405748e-01
-2.336060349870353048e-01
5.130363105251826150e-01
2.318185685099988791e-01
2.815894305553180432e-01
-7.028293016018185568e-01
4.980824284004081726e-01
-1.000000000000000000e+00
3.906365989619466905e-01
3.300594641766432247e-01
4.480862048330092051e-01
1.000000000000000000e+00
9.991783975508132798e-01
-1.732113648534661099e-01
4.579335881024184651e-01
8.707562741966529130e-01
8.706622274368862602e-01
4.292169721096585899e-01
-4.103597057898134004e-02
5.403026359843758897e-01
2.383839933853446613e-01
-7.807257444161095350e-01
-4.827016135323460855e-01
4.835584326078135042e-02
-8.361476578756087408e-01
-6.275179655519913524e-02
-2.856362880329279541e-01
4.362536619067817756e-01
-3.399752764086327872e-02
-7.307928338838251547e-02
3.142861782890822298e-01
-5.337314250050448905e-01
-5.674687908556343974e-01
-4.325054330637247979e-01
-1.462744398151034075e-01
-8.464906509349388042e-01
-8.354556564052630918e-01
7.815886601643766696e-01
4.998030707016318797e-01
3.538281408005421458e-01
7.835114734878607656e-01
4.100386443076198262e-01
1.652495075070505859e-01
-1.008909029210276476e-01
6.912619523654630616e-01
5.278668286196968040e-01
-6.669310149095969420e-01
-9.829105320773111609e-01
1.006071354593173622e-01
9.415149786153664824e-01
-6.626875274022392404e-02
-5.258786701714053269e-01
-2.352300175079738709e-01
-9.362485789373753420e-01
4.236057203076399880e-01
7.819429577091536743e-01
-5.989610822471620466e-01
1.423305558683530536e-01
1.617181581722999528e-01
-7.722902300284413268e-01
9.965114873901632642e-01
-6.663069722057142208e-01
2.559802699403221915e-01
-1.956642778870822941e-01
9.631590749487892178e-02
9.155621585953566122e-01
-9.245314020635266861e-01
-5.998881335626733424e-01
-9.771207533273273960e-01
-1.529405753836810822e-01
-4.504334984887949367e-01
9.755487359422087001e-01
-5.284063640931053740e-01
6.718556521028649087e-01
-4.528352176883789770e-01
-3.986463762842055725e-01
3.043564361779051985e-01
2.823253368136734442e-01
-8.034156882456611193e-01
-2.441788876265857944e-01
7.153651605339761410e-02
-9.907680176008322182e-01
7.102285670475173562e-01
9.145088643076615398e-01
1.657233373547557509e-01
3.017057781962058094e-01
8.870023044517383326e-02
-1.697694705983177066e-02
-7.711631891560122298e-02
-3.108008657559082621e-01
-2.091940227526329910e-01
-6.550537752279350645e-01
7.741244150395185653e-01
8.838237643079908112e-01
-3.091849461442306435e-01
-2.540551199677740235e-02
1.000000000000000000e+00
-9.891612702149199521e-02
-2.894258340552008368e-01
4.557089792311599385e-01
2.143902493525955966e-01
8.273868812153604146e-01
7.318004688271650959e-01
9.966878456404250075e-01
-2.084962206714391364e-01
-7.273015080487450490e-01
-4.488465890759519850e-01
2.258358615391014568e-01
-8.417436247565819318e-01
7.066434482198138411e-01
4.975702872120035258e-01
5.280959594259750922e-01
7.954559788253887653e-01
9.772343095415092495e-01
2.357311211325239242e-01
-4.908449496315641092e-01
5.553136721623579408e-01
-5.383226509655305581e-01
-4.986224579605158524e-02
-7.020816664189094558e-02
9.635255061769714136e-01
-1.000000000000000000e+00
-5.710734935719781191e-01
3.464570116715599557e-01
4.060092595626622614e-01
6.910951417179425071e-01
-4.215977066875766233e-01
-9.084509717813187279e-01
-2.186713584512468000e-01
8.823539216659348483e-02
-5.950057809893627425e-01
4.538288000284249613e-01
1.000000000000000000e+00
7.786310611046479702e-01
5.588518722647555226e-01
-8.293319520582871363e-01
-4.737071694410917022e-01
-2.077373651915066510e-01
-5.355016401191321496e-01
4.203445739851459084e-01
1.000000000000000000e+00
1.000000000000000000e+00
1.302025743317917761e-01
8.693706242097587467e-01
-7.959754186527263631e-01
2.736327360365429229e-01
-3.032533409056448193e-01
-3.655162505203620182e-01
2.180658541737310330e-01
-6.999036316314896089e-01
1.598913811571767152e-01
1.422196543017875126e-01
2.815171645324523464e-01
7.175384790801107027e-01
-9.173134661347299712e-01
-9.565206072182346198e-01
-1.047851619319706273e-02
-8.943427435176753981e-01
-1.561204449748354595e-01
-9.233536778757116537e-01
-8.119837484460450394e-01
-9.556002357912918299e-01
-5.406250416799949221e-01
8.926555151168360513e-01
-2.513806065970773385e-01
5.371732871503689388e-01
-4.476233931108146158e-01
-3.027104155524711349e-01
4.330304040311299119e-01
9.019787958530496308e-01
-9.728223539017541999e-01
-4.792867226560669214e-01
1.000000000000000000e+00
-8.930098636459915529e-01
3.370878598065943921e-01
-5.724250195579276834e-01
-3.122549037414961148e-01
-6.589578473896331445e-01
1.000000000000000000e+00
7.660148525492491700e-01
-9.688884589034647554e-01
1.393399835822610733e-01
-2.011865169749441906e-01
9.294279643330867202e-01
