-2.275740226537759925e-01
-8.405284988159579251e-01
-5.185472189905179774e-02
-1.111471087005524438e-01
8.371691769713422993e-01
3.183535424438295736e-01
4.516346504982453047e-01
-9.511412408442027067e-02
2.490768748448035086e-01
4.523539717730322152e-01
7.388941331512282051e-01
6.644779671526291898e-01
9.375846165201491278e-01
-9.973414922920990078e-01
4.890984535934419508e-01
-8.138031671844803139e-01
9.073645617512692274e-01
-8.491264651321949186e-01
3.799807515870068375e-01
5.501772974554413054e-01
5.675966144489383858e-01
2.156776259137885288e-01
-5.931677990616395224e-01
-8.249546473668013524e-01
-2.950850000598459477e-01
-9.591625897241842225e-01
-6.500395478553366857e-01
-1.000000000000000000e+00
-7.185199529432614862e-02
5.088184257085295314e-01
9.608904260920644314e-01
7.374781318213353698e-01
-5.517522376547646656e-01
-1.000000000000000000e+00
3.118751979772051985e-01
-4.297919291050832369e-01
-7.829983811930760762e-01
8.063915875969156488e-01
-4.109532344930055814e-02
1.938407809588371666e-02
-3.441880343578812562e-01
1.067017747880661116e-01
-4.303816396080245577e-01
1.546924889640779177e-01
-7.756669850447792669e-01
-6.256549533324281542e-01
-9.072992235325370025e-01
-4.336483701652008027e-02
-7.092232981441708439e-01
-9.581220943287194203e-02
3.410514386422307531e-01
-5.250997231906155971e-01
6.375200444407125300e-01
-2.024012593689597239e-01
4.016541817280642190e-01
-1.091584594519695167e-01
7.586762196042748929e-01
2.924406725809163832e-01
4.811547398449707580e-01
-2.413520491550484037e-01
-3.092107312255590323e-02
-7.287196743870399951e-01
-7.687809853288590789e-02
-5.689564598951581953e-01
5.577029180673077624e-01
-1.566062080363549436e-01
3.700714495966164752e-02
-2.478451079667000623e-01
7.481992689701268129e-02
2.866303481130687003e-01
-8.618960318680448651e-01
-1.000000000000000000e+00
-9.161176040685599098e-01
-2.443130660362634599e-01
-5.785528950484474658e-02
9.171897501842608547e-01
5.368390353742028553e-01
-3.263483731112314379e-01
-4.254380932206700550e-01
5.985456293724702448e-01
-6.260646052893028557e-01
-4.894136253246717527e-01
5.720225816766351112e-01
-6.459497135743902385e-01
-8.596375318602710036e-02
-1.691679214161830869e-01
-2.845311874678975173e-01
5.849274408046446494e-01
-1.885360535133201454e-01
2.393740961030980663e-01
2.525720297624280963e-01
-6.043124062314918499e-01
1.000000000000000000e+00
5.123153247266484245e-01
-4.517457323501328781e-01
1.737812412058026557e-01
8.795896230980166930e-01
5.186207546262889823e-01
-3.942513286966595754e-01
3.653701237432843141e-01
1.000000000000000000e+00
-8.830093714304976249e-02
7.672045894620269646e-01
-4.823427915499582941e-01
7.243982802889816774e-01
-9.532411601431521886e-01
7.420955781634703818e-01
7.631931517538405041e-01
-4.170485336418614519e-01
-5.409536451209350227e-01
-4.878197562440955704e-03
8.004362490724945545e-01
-6.802891809054026906e-01
9.347232512289999073e-01
-1.722350728891164362e-02
-1.271937752591894844e-01
-5.981169951970515264e-01
1.000000000000000000e+00
-5.421246991554382055e-02
4.817948705799236786e-02
1.508738725738036079e-02
-4.415148487170127978e-01
-6.125963851790721115e-01
-6.002265060310371103e-01
6.649680752946321993e-01
1.896638101402083332e-01
-1.570395783618584729e-01
4.607689673619023152e-01
3.775909637866853297e-01
-1.326442686617980427e-01
-7.465704754861145209e-02
-7.588350017809031289e-01
6.985122418121028076e-01
-3.466943628076307737e-01
7.812461870678439890e-01
4.750047828474693312e-01
-5.747296876649768960e-01
-5.257127918280182222e-01
-7.828396742359595706e-01
-5.351805614502764818e-01
5.142969317032914933e-01
-2.191450040575082525e-04
-7.825428499226717571e-01
1.337356665852568183e-01
1.372210929156146564e-01
9.980880125282700632e-01
3.365398255438507014e-01
8.163467505696465620e-01
1.538748799797074185e-01
1.371639632205044063e-02
-7.873409233254076156e-01
1.057016189025804104e-01
-6.678128272896347584e-01
-9.861013828059060904e-01
1.739831373784936353e-02
4.791439191972807765e-01
4.542702194326347365e-01
-5.053139383700077092e-01
-8.630524213932213584e-01
-2.357289603607776174e-01
-3.688612472357224448e-01
2.115532249313297752e-01
2.557380994468372859e-01
9.323542486149838382e-01
3.163687268197675762e-01
1.664314906614625389e-01
2.960509400604818264e-01
-7.739135969791315350e-01
9.805755904851096716e-01
4.045527447341653038e-01
-2.652397802596742626e-01
-7.924145725288690434e-01
-4.707858094107603142e-01
4.562068296007696921e-01
-4.770015773836235873e-01
5.627297366977757065e-02
7.733725515181580912e-01
-4.583938567549989407e-01
-3.596475464553672285e-01
7.128889882332809513e-01
-1.294017132610885690e-01
-1.497680420907750165e-02
-4.219404021828945806e-01
6.953949317504469763e-01
-2.636060634312302198e-01
-8.863231978075853945e-01
-3.407632961176360054e-01
7.427482673353634768e-01
9.126815401083737678e-01
1.119867019336670544e-01
-7.105018077639997376e-01
5.568536129533108170e-01
-8.047576577976944812e-05
1.000000000000000000e+00
8.559186174007324954e-01
-1.994682769691618063e-01
2.668674841255317398e-01
7.406903867778957817e-01
5.816701536342768764e-01
-8.922109354776741608e-02
-4.477948919538343731e-01
6.822011275045110068e-01
2.418557206310847363e-01
1.444413332400217298e-01
2.495199497268730249e-01
-8.226590569752159632e-02
6.229068858240160989e-01
1.585943971496504012e-01
6.879181282217030624e-01
-3.259008929922230235e-01
5.385340244271337173e-01
-1.470025770341500393e-01
-2.646207506977225066e-01
8.333954603600502997e-01
3.842270991008805425e-01
2.443809982165291439e-01
-5.522940498178230406e-01
4.301619890320053097e-01
-8.567471184966588549e-01
7.749969853535887410e-02
6.931431395026967923e-01
2.394824074984769346e-01
4.760036197005754199e-01
-6.805834810532789270e-01
-5.864889458287732005e-01
4.063391901733384715e-01
9.652343971219363716e-01
-5.354560619493928808e-01
1.739194345215547000e-01
2.513139412081510926e-01
-7.284547249042772066e-01
-6.070050631280434761e-01
-5.197367258372920240e-01
-6.708623585211570539e-02
2.150887787520174566e-01
-7.250265515120877247e-01
6.716372650191763105e-01
1.210527103916249347e-01
1.000000000000000000e+00
7.343010314605241673e-01
-7.420321234865172588e-01
9.357607015313651466e-01
-6.272377427211447976e-02
6.768392933910898357e-01
-2.898201689575944859e-02
-5.621653106653201615e-01
6.576523484903227246e-01
6.745830487867457981e-01
-3.127866690723246079e-01
8.208301894984173508e-01
-6.445659229324582906e-01
-6.963810977828167603e-01
-3.907226627501947380e-02
-6.928743741377836329e-01
-9.323644254824572375e-01
8.192288330621569914e-01
-6.267985943202551979e-01
3.400525243308674672e-01
8.170099092337730351e-01
7.471443397179226009e-01
6.848471915409706234e-01
4.138745893690462530e-01
-6.303322209027656386e-02
-5.386349098180486239e-01
-9.236004196292783852e-02
