-8.112818957668648245e-01
7.892511945219636837e-01
3.944282964166144767e-01
-8.936744285044890823e-01
4.311519043465428247e-02
-6.014142590825507506e-01
8.235461289540897400e-01
5.639211237961796463e-01
-3.574917754661068869e-01
7.523785622034840914e-01
3.680072256873575531e-01
5.985520898748646346e-01
5.406557347096275778e-01
1.318255217610382612e-01
-4.028938506440155609e-01
-4.031807432440129291e-02
-3.845260307298213331e-01
6.473460622721920465e-01
-3.097113143970984805e-01
-6.408563996620050829e-02
2.076002449450247977e-01
-8.301735666212382014e-01
-4.889407017559941893e-01
1.578486352044760066e-01
6.820739488716727195e-01
-1.651609069356663184e-01
6.485711699548865061e-01
-1.000000000000000000e+00
-2.232639692792164898e-01
4.934981883999767227e-02
-8.514123215823682367e-01
-7.120344230905927274e-01
-6.878488329424563563e-01
-6.588071102243342470e-01
-9.399769997363668361e-01
1.175492636155205661e-01
8.536498966635773511e-02
5.975344946928482504e-01
4.012315478908824451e-01
-6.606759506903236989e-01
4.122958020071114671e-01
8.113565609518823551e-01
-5.942943057583989219e-01
5.405671171440257217e-01
-1.000000000000000000e+00
-8.304330153622031530e-01
-5.514335743723118854e-01
7.732023210622809284e-01
2.297220311148701066e-01
3.555383137514869230e-01
3.053514732626498307e-01
-3.544608812934360587e-01
-4.653299201109756256e-01
9.030557969661944240e-01
5.883816453359661525e-01
5.532027896433173719e-01
6.257303333329532480e-01
-9.939824370071764781e-02
2.508065735711592081e-01
-4.372243999193636266e-01
7.624946983101278386e-01
9.644070044111699991e-01
-8.701495473107065948e-01
1.147225031692529484e-01
8.610742830454071184e-02
-8.973038570353510934e-01
-9.345356403352894636e-02
-3.078617015873712504e-01
-2.599818499108568631e-02
8.414981028133096119e-01
-1.727200837127396138e-01
4.109622129536239510e-01
-9.495106393543342183e-01
9.199203600915939472e-01
-3.488334670067951837e-01
6.185469954483017174e-01
-2.175919262302661583e-01
-1.787376730786016665e-01
-1.000000000000000000e+00
-6.723148917308700012e-01
1.000000000000000000e+00
2.625562713434773654e-01
-2.303813058473576092e-01
-3.103212008684025358e-01
4.846354320627971890e-01
-3.196740292820540175e-01
1.505650063650857406e-01
-2.254494143168327414e-01
-1.000000000000000000e+00
-7.799840913561595368e-01
-5.995813799364311247e-01
8.630797093940711928e-01
-5.380695896604483774e-01
7.007360861253902895e-01
-5.290885262460599536e-01
1.000000000000000000e+00
-8.352260719472071049e-02
1.195096023864900825e-01
-1.017850921775534379e-01
3.069786714434334929e-01
9.780779326669910567e-01
3.383288752248257980e-01
7.077006316366764027e-01
-1.969157872696696010e-01
1.683432491835172851e-01
-1.439424984416795283e-01
-7.812733798771398508e-01
-6.062680193327542044e-01
-8.665883106943359504e-01
7.773942692456949910e-01
-8.402664282527571027e-01
-7.433279397595373705e-01
-8.047644822026293054e-01
-1.000000000000000000e+00
1.000000000000000000e+00
9.546396940483969917e-01
7.047817655611643417e-02
-8.511377855465300790e-01
-3.960981222586167361e-01
-3.865252089303093386e-01
-5.517918387392428681e-01
-2.155275233195416140e-01
7.928419057996226593e-01
5.652855807053741577e-01
-6.448052565510941081e-01
-1.000000000000000000e+00
7.987746847293229757e-02
8.815540487935952241e-01
-6.317335981106655396e-01
-1.268270573726133499e-01
2.221877378582317597e-01
7.278193697542149898e-02
5.128806029344593620e-01
1.128808062628831460e-01
2.060983831225713103e-01
1.241056094544223942e-01
-4.540904873997179958e-02
-2.714948554103468470e-01
-1.000000000000000000e+00
1.826597097442128059e-01
-4.622747958605288865e-02
-6.100620043142932492e-01
1.179750939663125608e-01
-7.581256557347744174e-01
6.629146597876183211e-01
3.623326938785640938e-01
-6.459179804559265214e-01
-8.490619307483013856e-01
1.225318620657926960e-01
1.000000000000000000e+00
5.587323780249265903e-01
-5.671326168817110158e-01
-8.642672934552169117e-01
-2.602866775519343534e-01
4.754601265301113266e-01
-5.742272427031300808e-01
-2.090706133872068939e-01
2.238968120838219777e-01
-6.582889071222587374e-01
-4.032259372497264405e-01
-6.573223543783390799e-01
7.381323205342396054e-01
-3.754443059050686093e-01
3.801192396669193507e-01
-6.306236071422846035e-01
8.448898790310621632e-01
-1.624251827040671947e-01
5.434813762944401550e-01
-9.492944003315624268e-01
4.759771559690429976e-01
6.931392048608338019e-01
8.289566916233385152e-01
-2.158486936695419300e-01
-5.631036878429928061e-01
-4.216575325658358797e-02
3.506810587959524605e-02
4.496124653759945300e-01
-2.172852367779087857e-02
-1.340534333093899577e-01
-1.170339827010185574e-01
1.708282270378536361e-01
4.152952737229253510e-01
-5.371499386486916494e-01
6.540065919871291822e-01
-8.793422302602935670e-01
1.000000000000000000e+00
-2.432962345863023124e-01
-7.776223140389484367e-01
9.606616066360081918e-01
6.097503492613480791e-01
-9.168385121215438804e-01
-1.000000000000000000e+00
-1.000000000000000000e+00
1.733414927227552860e-01
-6.726176735574000976e-01
-6.227392177854274014e-01
9.719033680794562091e-01
5.894040364592861847e-01
-4.143175392053764505e-01
-6.901633785021549228e-01
-1.208720603191992815e-01
8.484300444759379500e-01
9.474181783441403271e-01
-2.277925428368379190e-01
9.389068158949699372e-01
-7.768928225648784602e-01
-5.838870488949755577e-01
-3.616866355359814045e-01
1.425620029187451843e-01
-5.001069742681490959e-01
8.676094713057933561e-01
-6.321946538139533445e-01
1.000000000000000000e+00
3.372267339629083094e-01
-6.936966629766532222e-01
6.425758181260889934e-01
-2.213925819993135813e-02
-5.117230467555210216e-02
1.171170064196147553e-04
3.828631168608305213e-01
-6.617679300251142482e-01
-1.746886679676800946e-01
1.000000000000000000e+00
-4.469471135343809909e-01
9.429923666592167075e-01
-3.738617274078488983e-01
9.894204362888814330e-01
6.439318919919325701e-01
-7.252562631938683779e-01
-1.066412379427045254e-02
7.411991638492834156e-01
-8.322908880809700705e-01
-5.264355763260095689e-01
7.672906115218879330e-01
4.838147505244628777e-01
5.573778852937022465e-01
8.963812534440409596e-01
9.156984565935285536e-01
-7.715237463434803100e-01
-1.046208153641034894e-01
-1.000000000000000000e+00
9.667721323694407065e-01
-2.112706000147893948e-01
1.266446875844378372e-01
7.658708650902729120e-01
-1.000000000000000000e+00
-6.013331075214392030e-01
-7.571384482789810244e-01
-3.884959757104172184e-01
-4.876118560482688435e-01
-6.492780832795180812e-01
-8.690291169213980593e-01
4.339123010317385010e-01
-2.972270180833368192e-02
-9.186263715720113798e-02
3.391206244100783973e-01
-8.082339360525983007e-01
-9.205934130983243202e-01
-5.845753552586234747e-01
-3.259354563439306740e-01
-5.428160098586573001e-01
-8.435101099557005266e-01
3.392069081169486466e-01
2.796731650034174899e-01
-8.834072601909966904e-01
