-4.101148259666813067e-01
9.715063700459595220e-01
-1.000000000000000000e+00
1.154235663428176822e-01
8.252618645842050293e-01
-1.564914901199858932e-01
3.145238175356177557e-01
2.254189036137898561e-01
-2.906380918661355395e-02
-9.282761124517178164e-01
1.503034923827231695e-01
3.074302624098050885e-01
-3.670602851474296102e-01
8.487077564043373767e-01
8.943850078923055724e-01
-9.759467339327139168e-01
-4.546489686566139721e-01
-9.466649935009685546e-01
8.692686776364223489e-01
-2.607038558540972772e-01
9.047631382350115326e-01
3.726619357650965414e-01
5.874917171621605316e-01
-1.930545848157161903e-01
9.716630080986706774e-01
9.762289238458621288e-02
4.803738725536910170e-02
2.118035834592831568e-01
5.235731718549085922e-01
-6.983247671366901166e-01
-2.851952656380397078e-01
5.990922965126848077e-01
4.246408423462976200e-01
4.497493205984985920e-01
1.780368111328204661e-01
4.965601059298561659e-01
1.535491209061953799e-02
3.350449292284336522e-01
6.309938003631558878e-01
-1.518051501515752799e-01
-4.055274740088991026e-01
-9.395317144963701850e-01
-7.075517824147038448e-01
7.665426215539010713e-01
3.975580394307102750e-01
-8.951463739853650348e-02
-1.546406090913507170e-01
-6.823846276949523393e-01
-9.963686063329075804e-01
-3.566816522844578063e-01
-5.908907767483778661e-02
-4.741708371722466175e-01
-1.000000000000000000e+00
4.660816518069147985e-01
-1.000000000000000000e+00
2.323265846175411875e-01
-1.968898458772192495e-01
-1.000000000000000000e+00
-1.584116369220385512e-01
9.764086797811504237e-01
-3.432067479533279508e-01
-7.222382840738601484e-01
9.897704494034434974e-01
-3.770123308027055753e-01
8.318818663034133198e-03
-8.390868256476871068e-01
-2.035646954784498253e-01
4.338200643316484501e-02
6.063184703124828712e-01
2.385282019968698042e-01
3.907871845642053588e-01
9.613229677549679497e-01
-6.055683734915973115e-01
2.629360644575589046e-01
-6.407547105395764442e-01
7.422005579449874046e-01
1.000000000000000000e+00
-8.251710510909699980e-01
-5.583239885382385026e-02
5.224124652803876501e-01
-1.837695187651625095e-01
1.363608481575710740e-02
8.470981556881320707e-01
1.546388781651110433e-01
-5.349442989778002699e-01
-9.359113309889580679e-01
-9.441943705591493430e-01
-8.161667760927121540e-01
-5.593339833200164923e-01
2.574318636623524892e-01
1.015987529074342532e-01
7.772092595182794605e-02
8.403609684731405682e-01
4.948254900238538423e-02
-4.650441475616543530e-01
6.696970744067699544e-01
-1.000000000000000000e+00
-5.056478240545735359e-01
5.600025881574655084e-01
2.397132993512283150e-01
1.000000000000000000e+00
2.249013517933049489e-01
1.693503387897210000e-01
-5.840010193587112930e-01
3.100050549344817163e-01
9.708305930526079930e-01
6.340002450538004819e-01
4.021647186479475056e-01
5.131029053071805013e-01
-4.710021726733543690e-01
7.821949837003769890e-01
-7.742633620857586330e-01
-7.493632594668060420e-01
3.174503073979195178e-01
-6.522220822746250812e-01
5.136792307579642891e-01
-9.460550821198981941e-01
7.450532159053302461e-01
-2.731011582445070918e-01
6.710733599102118863e-01
-2.441958263527731765e-01
1.414784910444628063e-01
-9.400039897758671881e-01
9.855946381969992176e-01
-8.541800237971844956e-01
-7.399506194923879399e-01
-6.561361525072541001e-01
-4.780697802719047207e-01
4.462589294711402088e-01
-9.365640539042869861e-01
4.795640710399622364e-01
-2.712549851268681311e-01
3.410902785161443879e-02
-9.702713437263583707e-01
4.420921454558255359e-01
-7.541824941344005273e-01
-1.752290625831438575e-01
-2.324369319758148311e-01
-4.932599000917541332e-01
2.432863892228840363e-01
6.803468828084664466e-01
-8.123128352641804106e-01
-8.883459086626288581e-01
9.667067417357741999e-01
5.228946502246039074e-01
-3.466530889707244989e-01
-9.637496463247599010e-01
-9.987834828628727735e-01
-2.486061650683651647e-01
-2.397892921134635313e-01
-1.000000000000000000e+00
-7.505003606455880050e-01
5.193944349082615375e-01
9.204886821222146853e-01
-6.623135333629988075e-01
-2.512336413565248172e-01
-7.244711676939197265e-01
6.775616347153902153e-01
5.377992781630142050e-01
-8.110462050863909145e-03
7.496366439660422376e-01
-6.905296526162956194e-01
-2.055853081077644307e-01
-9.910189468097407861e-01
-3.692983875384339698e-01
-2.210582847331200029e-01
-3.513568869725626764e-01
-8.819902436236646270e-01
-4.577537620422875708e-01
5.385956816816052095e-01
2.085584229333076745e-01
4.633912843822327043e-01
-9.936427520598917207e-01
6.604933617471352436e-01
-7.122013211639588448e-01
-1.638394337408085322e-01
5.560765479939626665e-01
-1.000000000000000000e+00
-9.052620848675650700e-02
-2.370012155580964938e-02
7.294056565756757982e-01
2.998516418191899402e-01
8.059190787605169382e-01
9.651116234774217428e-01
1.000000000000000000e+00
-2.570594669168763113e-01
-4.106431140735951613e-01
-5.625262698120280236e-01
3.927177115662653373e-01
-3.047861095788000421e-02
6.392360100956133717e-01
3.226820758157359359e-01
-3.264469793527642327e-01
-5.372545642848201020e-01
5.815328785934681388e-01
-9.679184797455118172e-01
2.337032825413545845e-01
5.649388003438687855e-02
2.771004622423658414e-01
2.067253907082682862e-01
2.254967300910662442e-01
1.324057491391912589e-01
-1.752111828345540578e-01
7.343510067939744701e-01
-7.943509700867914525e-01
4.792181619376618684e-01
4.863973928551449388e-01
6.168260009582275938e-01
-4.179885970818730812e-01
-9.734134485395400382e-01
-3.179331209152946869e-02
-1.000000000000000000e+00
-1.684279064133056281e-01
-9.757035683799737680e-02
-4.553573191409021614e-01
-7.457540454616997661e-01
4.640213501202588020e-01
2.601181235510513501e-01
6.387484766345985499e-01
5.906852915660604220e-01
8.348840292867710788e-01
7.598803365450863545e-01
-5.877495229285826239e-01
-3.125698212536754950e-01
-1.000000000000000000e+00
1.000000000000000000e+00
1.869131329323758806e-01
8.145814995408248160e-01
-4.229163217738693969e-01
8.380703304086238870e-01
-6.436020049044899327e-01
7.486666300730067114e-01
7.963273421351044767e-01
9.403890121220489506e-01
7.168317267248542901e-01
5.389042240642754056e-01
-5.844711257395325266e-01
4.634727830840532636e-01
6.429108599622558318e-01
3.233292069211324837e-01
-2.689448689259500008e-02
-1.000000000000000000e+00
-6.303345643633045947e-01
4.882233580616184843e-01
-5.470686880357898962e-01
-3.642217970174019270e-01
-5.289537039661875717e-01
6.867597200123524148e-01
5.461171463952836369e-01
1.187748412241224766e-01
6.109581860768963368e-01
-6.041518245718133784e-01
-8.716692969934731750e-01
-8.261713198039990491e-01
1.000000000000000000e+00
-3.110872899436967765e-01
-1.562507780964256243e-03
-1.532428210509507449e-01
-4.527369733804036955e-01
-1.000000000000000000e+00
-4.256601738546295088e-01
-4.202992963787889891e-01
-7.825052445891063080e-01
-4.460848082536065379e-02
3.447304328348020364e-01
