5.714690636076473762e-01
8.005762973724077636e-01
-1.015402416484723069e-01
-5.310492676961486858e-02
3.219383859098975398e-01
-3.772043357703456223e-01
-6.398655651132664213e-01
8.536733291318854278e-01
-7.934762842034693842e-01
-8.815903233442126119e-01
4.619188354950967135e-01
-3.197605155787699438e-01
-3.698573892640395488e-01
-8.897648906722901430e-01
7.493352154458123859e-01
-4.507435013709549798e-01
-9.806063427997755433e-01
-5.801169524796234711e-01
4.384956039356717739e-01
-3.294778354401415310e-01
-5.808846289427056497e-01
-5.445804680361869821e-01
4.507400074538199797e-01
-3.765542186817301129e-01
5.349776601527245212e-01
-1.250468237517035064e-01
-2.871445565855097470e-01
2.732610656270872962e-01
-2.083759013648693870e-01
5.795644160828329339e-01
-9.549410897200223403e-01
1.615314280036146410e-01
-3.601159675364140611e-01
1.764467787369219387e-01
-2.328247895110959753e-01
-7.453738736062729409e-01
7.155795600476806406e-01
-4.075899218336496155e-01
8.648394283522800041e-01
-3.945241078561356751e-02
5.393344546880936008e-01
9.080776031871161669e-01
-7.859998608953353560e-01
7.175175860686796581e-01
-1.000000000000000000e+00
3.951950783732234296e-01
-8.144524248602191818e-02
7.615833533923344056e-01
6.073665063146955756e-01
-2.451311538326299555e-01
-3.478084671895202984e-01
7.317707059825384608e-01
-1.000000000000000000e+00
-6.311967138102065888e-01
1.724950885617664298e-01
-3.038326744790248446e-02
-5.358737052696413983e-01
-5.167158031999916634e-01
-5.103730380051587634e-01
5.388771808877097502e-01
-8.901534631971734779e-01
-3.721145570728561225e-01
-9.695405906471628033e-01
-7.009052767718833010e-01
5.052246625695477888e-01
-1.184669446216188859e-01
-2.749156532005392894e-01
-1.477401395393161954e-01
3.670199987067526148e-01
6.015823406107865257e-01
-9.530994118799585024e-01
8.951530769026705414e-02
-6.771034851681154709e-01
-4.215252764038297517e-01
6.682270137642748464e-02
6.185146828227374716e-01
-7.050288741571280049e-01
-1.715917129454536116e-01
-4.455603853201692832e-01
-2.493531089845737458e-01
-5.504105197733805133e-01
-8.036534378131880985e-01
5.620837511036658185e-02
4.284912535981857395e-01
6.358972938815867781e-01
3.542118759099061043e-01
8.438096510665228367e-01
6.597417028760785840e-01
2.931067994835097057e-01
-9.160450405703576271e-01
-5.093471081844060944e-01
-4.206072965076804171e-01
-1.241693305178426243e-03
8.535018231320625759e-01
9.858131675620090961e-01
-5.801081827213971920e-01
-9.188186297129607993e-02
-5.586391004567039520e-01
1.646324574684896458e-01
7.931184050745243574e-01
-8.182539729168472054e-01
-4.750373781831276343e-01
-5.000362758790055651e-02
3.922812083251059345e-01
8.584045667968887017e-01
6.857532556565693049e-02
3.308029299736028328e-01
6.050682675700717050e-01
-5.871391102569556431e-02
8.031765598486280133e-01
1.892803237348148482e-01
-9.788924264431582423e-02
4.814219059398729961e-01
2.088077539941039507e-01
-8.835756774096241717e-01
9.764824536737148897e-01
5.658498987852311757e-03
-8.663313489686712554e-01
-9.525509303723509458e-01
-5.820550382081148832e-01
-6.969956509827324176e-02
-9.912475447585953336e-01
-8.302285498748120940e-01
-6.402104898992796445e-01
-4.463464249280528762e-01
-8.224791727994151813e-01
-1.000000000000000000e+00
-6.009730672661035555e-01
6.396340271266920396e-02
7.051542771900145556e-01
3.879167741353339860e-01
-7.043612556505723932e-01
-8.386599497502029710e-01
-6.728193563312009351e-01
-3.703430947593731037e-01
-2.317641825210448037e-01
-5.789035097392014606e-02
-6.658045391536997482e-01
-7.357929511583340965e-01
-8.551358739329727454e-01
-5.122686285682609419e-01
7.716762524418718794e-01
9.982005728816679968e-02
-5.736125423417788305e-01
2.777187567648893296e-01
4.737566999850966187e-01
-3.505805052492589891e-01
-8.220293742797253334e-01
2.188849504466650053e-01
8.813951301982723141e-01
-1.289089214768837088e-01
-9.839585847118548223e-01
2.561688993951223292e-01
2.003635512372556882e-01
7.840062799104772218e-01
-8.544687787475585550e-01
-6.872656992831635003e-01
1.534288105348726727e-01
-1.000000000000000000e+00
1.480651587569696837e-01
-1.480806804963664125e-01
8.005056189339685435e-01
-8.577141258700047288e-01
-4.883317743999107119e-01
-7.566735901237052753e-01
1.550203127251349178e-01
-6.175786928133206732e-01
8.702644753096264729e-01
-1.544961746840955996e-01
-5.455157116979600929e-01
1.956398848153064751e-01
-8.273339802317734026e-01
-3.907777967414829412e-01
7.634851103838888875e-01
2.639520213169443963e-02
3.541923111821455583e-01
7.628974793244461261e-02
-7.652129094660442554e-02
5.785356776505010679e-01
-4.359486642740484363e-01
-4.022441365331741459e-01
-8.181545062911450561e-01
-9.739657163569299669e-01
2.348723834090103713e-02
-7.600575990338926946e-01
6.335587329504108745e-01
-4.845321845344789935e-01
-1.722536170160755553e-01
6.255437750217549553e-01
7.844597538382445112e-01
3.051797682658269339e-01
4.138070934020543490e-02
-2.141661983537777869e-01
9.499472636668104819e-02
-5.269859692410274743e-01
2.366985171979869573e-01
3.236843882470941680e-01
9.955730695413871345e-01
-5.095338809266034552e-01
-4.740517941538409108e-01
-1.947407705528366451e-01
-3.296521098669211725e-01
4.924934902771516132e-01
-7.270246173214895968e-01
6.066070466849422527e-01
4.648331795484790807e-01
-1.756222220288543578e-01
7.176143107250303466e-01
4.562840237608254412e-01
-8.306009043028952377e-01
2.175808146675236032e-01
-1.385516017345178597e-01
2.198258780061081996e-01
3.424073278824073530e-01
-1.034357507701741397e-03
-8.874656062640056131e-01
-8.547717124905052088e-01
-8.985193681042111802e-01
8.261179528516238157e-01
-7.337258297916087191e-01
5.929428283725639570e-01
-8.171316124831169425e-01
-4.838575622391856346e-01
7.961429163248630037e-01
1.790785259340068603e-01
8.861914932009106183e-01
-5.641109182894223917e-01
6.000658148701619732e-01
6.852636899250021951e-01
3.697896008494372388e-02
-8.492805529946294563e-01
9.337971338531314558e-03
-1.238241574354506103e-01
5.800582501902713517e-01
6.389602575852159072e-01
-2.065594131497514585e-01
-4.697328050229483409e-01
-3.078268165065378703e-02
7.083568266593214258e-01
7.141949319346136971e-01
-4.418185065236179820e-01
8.568298520598268686e-01
-3.961843961264610581e-01
5.614912166939491911e-01
1.479831195803300581e-01
-6.666869441708334065e-01
7.067534676005828853e-01
-4.062815332440925520e-01
3.545864002112182334e-01
3.889812407958808116e-01
-9.495770723071121910e-01
5.730622579585653575e-02
-6.344149742631488564e-02
-1.000000000000000000e+00
-9.544047288898973580e-01
-2.949203554637946922e-02
5.937830573669662382e-01
7.433041096287389404e-01
-8.118526264931333891e-01
1.000000000000000000e+00
8.981184122991403562e-01
-6.559294111655105119e-01
4.948001758857363264e-01
-5.095923845254664020e-01
9.745571130416431638e-01
