9.484660759120450146e-01
-2.126629906662080294e-01
-8.080580500327199100e-01
-1.000000000000000000e+00
6.367543044975216837e-01
-2.458693606059210723e-01
-9.033607335926440163e-01
-5.531876505789471432e-01
7.182255641207714314e-01
2.449087606603259637e-01
4.606356976611919452e-01
-1.000000000000000000e+00
9.036017425109647005e-01
-2.389530557237847519e-01
-4.838683915489578879e-01
-3.646087422390964505e-01
-7.962773035656842691e-01
8.011036551196398792e-02
-3.878854550163875481e-01
1.443057086719618798e-01
-4.287373457734329207e-01
-4.093876623165115802e-02
-7.712208591611277586e-02
5.855339531538608089e-01
7.945052771575231709e-01
1.000000000000000000e+00
2.012841615883510515e-01
-8.065223039583229170e-01
-7.755885963011205364e-01
-7.839731092356265751e-01
4.227024625258600787e-01
-8.952115920932410820e-01
-3.271636425322674846e-01
-4.772267498317559475e-01
-1.000000000000000000e+00
-8.481713726417963173e-01
-6.054649876764577332e-01
-1.854882514796347137e-01
-4.724828102294981180e-01
-2.321968673875893230e-01
-6.225121866426946982e-01
-8.785012710784383116e-02
8.299641844705176741e-01
-1.000000000000000000e+00
-1.000000000000000000e+00
5.876061512636974182e-01
-9.312020431131854403e-01
-3.329721311833993003e-01
-5.850518803584608962e-01
-6.288761387855446028e-01
-4.260211629739553141e-01
-6.285429277435746753e-01
3.274289838961884636e-01
7.950492727035310958e-01
8.690295894146859990e-01
4.503731653292832871e-01
-6.027589398880081606e-03
-1.600052911108029718e-02
6.128357509396095693e-02
2.447857263094208036e-02
2.676467355032717266e-01
1.000000000000000000e+00
-3.715096137033216395e-01
7.276792113733739908e-01
6.751971110893557615e-01
9.780438656222081306e-01
-6.151216757715753936e-01
1.808718318271473890e-02
-5.580527163262011259e-02
5.959064215913993934e-01
2.121758476730555287e-01
-1.000000000000000000e+00
3.909135121832756354e-01
8.526622256391582777e-01
1.000000000000000000e+00
-1.052418816646449873e-02
6.840730044264142773e-01
8.315018688313727813e-01
-1.925471610209323337e-01
3.403032684920346274e-01
-1.953628075371247608e-01
-3.817498616656039845e-01
-5.782639714554138610e-01
-1.299103388220320121e-01
-5.384918243124752202e-01
5.340875761423866663e-01
7.272133992479874465e-01
-5.692735532417920741e-01
-1.000000000000000000e+00
1.011164967299068018e-01
1.355409704171720575e-01
-1.450169062662300945e-01
3.823323837230849787e-01
-8.855610368872450788e-01
-2.072211934871459604e-01
-7.961397849772053892e-01
-1.000000000000000000e+00
6.434986281346116721e-01
-9.011732813816637488e-01
-7.282391203403802971e-01
-2.395386848520011935e-01
-3.752973353761148712e-01
-5.870216597150583748e-01
-9.678174721248000711e-01
9.162669968119175889e-01
6.213460579642613446e-01
3.421944851712862556e-01
-7.865809876226624864e-01
5.813973176960717248e-01
8.287656028511225514e-01
-6.892355058876744600e-01
1.000000000000000000e+00
6.222858181364299135e-01
6.163769634918399472e-03
7.001370570078667699e-01
5.067496915986016148e-01
1.000000000000000000e+00
9.299664830212054367e-01
3.079192922909891328e-01
-2.418056137886123447e-01
-9.306072273749674828e-01
-4.492376852706273654e-02
-3.105909939997852365e-01
-8.323509017393290188e-01
-7.420678322787919168e-01
3.322671899932806427e-01
4.196204119110347741e-01
3.578762824346972682e-01
-4.082701492415020672e-01
1.867981055415391944e-01
6.424700015872497616e-02
-3.006383536837998749e-01
-7.821931923855078850e-01
-1.391742361036432118e-01
4.326121826408385607e-01
3.871383927154822824e-01
-5.999983437057563318e-01
-2.145388042237350579e-02
8.256069677727984057e-01
-5.354466928147634253e-01
-8.312727853927659449e-01
-1.333449230037320743e-01
-1.000000000000000000e+00
3.286028571961927547e-01
-1.000000000000000000e+00
9.430230887840551635e-01
-1.739490256465778817e-01
-9.007510719346047967e-01
7.310833121436347559e-01
8.388162511054956250e-01
-5.189815163846807078e-01
-3.988912881806289112e-01
-5.886848966157389729e-01
-3.764061771870222950e-01
7.275820501839445065e-01
4.126923038397760646e-01
-9.989681267924896968e-01
8.160392701550565064e-01
7.016276757180632817e-01
-1.558612264299235051e-01
6.983808798216788460e-01
1.624245978865244966e-02
1.000000000000000000e+00
7.437848809233529312e-01
-9.255450250730967721e-01
1.907421952291659673e-01
-6.727234976427318713e-01
1.911827146261078081e-01
6.826882916786371214e-02
-5.044202639625376960e-01
-1.000000000000000000e+00
6.877566687276057689e-01
1.000000000000000000e+00
1.000000000000000000e+00
6.937507032150889152e-01
-9.408880567268160799e-01
-9.610985395240125850e-01
3.839861280147649492e-02
-1.746507795371391447e-01
1.888951881354561380e-02
-3.326128176701391714e-01
-8.636748943594354522e-01
-9.902322205836644464e-01
-1.612755841373201826e-01
-2.244651223698115317e-01
-6.637606327586142996e-01
1.000000000000000000e+00
8.048657321308005930e-01
-3.586327006859924005e-01
-8.214436837224752264e-01
-7.220218550865120655e-01
9.942358696037273402e-02
-7.900432615600048170e-01
-8.156840286937749873e-03
-4.537648045501634364e-01
-3.646151947326632392e-01
-1.472419677861760423e-01
-4.413201097881359614e-01
9.800698487292245353e-01
-3.867319012851528348e-01
1.592522545514387655e-01
-9.988623658700118702e-01
-2.826977410664457402e-01
-4.478486206949933712e-01
-5.658435732550404218e-01
7.283049292843113420e-02
-2.715615758346545672e-01
9.226197327638763213e-01
-8.264770733422031057e-01
-1.000000000000000000e+00
-4.277616502274461108e-01
1.237371187313744958e-01
-6.485608941094823665e-01
-4.611233877063365405e-01
-2.849191405750590711e-01
-1.000000000000000000e+00
-1.085796827276403198e-01
5.110898218315907959e-01
1.069009156029898655e-01
3.714425324800247896e-01
-5.865831431599999313e-01
-8.043232128901727229e-01
1.994719927373514168e-01
-2.382210780279371831e-01
6.743633498772747537e-01
-8.637395593928663962e-01
-2.089183773433063718e-01
1.258125664670473043e-02
-1.000000000000000000e+00
-7.030698469632465919e-01
-1.277565052653630850e-01
-1.619791101022832747e-02
4.748004775276520872e-01
7.966188802250111500e-01
1.000000000000000000e+00
-2.410661591411924348e-02
-9.725114427971342373e-03
7.448568363705776463e-03
6.868048289689145935e-01
8.922598645489550062e-01
-9.579223377527712469e-01
-2.291885578756862607e-01
9.123109633720477563e-02
5.669869721674117846e-01
4.630461701685422149e-01
-1.510642061904059474e-01
8.122032694374513584e-01
-6.480895555479365688e-01
-2.375281739282978366e-01
-9.764531414067270099e-01
8.243995713584025831e-01
4.561282108382738176e-01
7.123022004053924938e-01
4.885305368459957331e-01
4.171813884208260825e-01
-7.724375071628064582e-01
-5.244930981374760215e-01
4.948177630383390202e-01
-5.998894041984668135e-01
5.758507839987274668e-01
1.000000000000000000e+00
-7.865236412356571005e-01
-5.186716579880445988e-01
9.697629672570327042e-01
-1.000000000000000000e+00
