5.714690636076473762e-01
7.870450879369486064e-01
-3.215346018611309198e-02
-2.461872888105601925e-02
3.715814599920659322e-01
-3.772043357703456223e-01
-5.427626153350610938e-01
5.232322849459418723e-01
-8.967646793894865631e-01
-8.815903233442126119e-01
9.135309961924802380e-01
-3.197605155787699438e-01
-3.247104724872829085e-03
-9.096092764969081479e-01
7.493352154458123859e-01
-4.171513353736451268e-01
-9.806063427997755433e-01
-5.801169524796234711e-01
4.637636861947523892e-01
-1.649057737780574573e-01
-4.453839099792205047e-01
-5.445804680361869821e-01
3.989640409889212425e-01
-2.705215060381959691e-01
6.468952985214311280e-01
-3.557511348356285907e-01
-2.871445565855097470e-01
2.732610656270872962e-01
-1.969561168206752644e-01
3.847916717556267852e-01
-9.549410897200223403e-01
1.615314280036146410e-01
-3.601159675364140611e-01
1.764467787369219387e-01
-1.194331335823663048e-01
-5.609977227940443623e-01
7.155795600476806406e-01
-4.075899218336496155e-01
9.709649640560452655e-01
-6.657229617840657032e-02
2.406389395925990771e-01
9.213075076928729512e-01
-6.019692989525502469e-01
8.221855630761847333e-01
-9.820396920492685533e-01
3.951950783732234296e-01
-8.144524248602191818e-02
7.615833533923344056e-01
6.073665063146955756e-01
-2.451311538326299555e-01
-3.171660474495278659e-01
7.317707059825384608e-01
-9.827203944942568548e-01
-6.311967138102065888e-01
1.577894292507378560e-01
-1.508004797912973483e-01
-5.358737052696413983e-01
-3.496347553978716438e-01
-3.108651006982022791e-01
6.504726991191058794e-01
-1.000000000000000000e+00
-3.721145570728561225e-01
-9.346679065370941952e-01
-7.383294961977799886e-01
5.052246625695477888e-01
-3.914481679978850520e-02
-4.961651453467672557e-01
-1.162360522928334028e-01
3.919081223250555635e-01
4.899606026909040790e-01
-9.530994118799585024e-01
6.294002508716527167e-02
-4.886410920417478820e-01
-4.729501948977929415e-01
-2.536982500890743730e-01
6.185146828227374716e-01
-7.050288741571280049e-01
-1.715917129454536116e-01
-7.393844002334153398e-01
-2.245439240355981969e-01
-6.028028673263308157e-01
-7.746674968250959470e-01
5.620837511036658185e-02
4.284912535981857395e-01
1.761176327400050534e-01
1.858592570344563821e-01
8.043837651230900665e-01
7.269225012938964614e-01
3.217438171166209782e-01
-9.828196355424930752e-01
-5.093471081844060944e-01
-4.488260819353370734e-01
-1.241693305178426243e-03
8.068203929111279482e-01
1.000000000000000000e+00
-5.801081827213971920e-01
-9.188186297129607993e-02
-5.586391004567039520e-01
1.646324574684896458e-01
7.931184050745243574e-01
-7.225795009762159271e-01
-4.750373781831276343e-01
2.661782000116567626e-01
3.922812083251059345e-01
8.093306086091930363e-01
6.857532556565693049e-02
3.308029299736028328e-01
6.491830957936683966e-01
-5.871391102569556431e-02
8.525229388815863674e-01
2.961192741409972573e-01
-5.578813364732981839e-03
4.814219059398729961e-01
1.015724398996864508e-01
-8.835756774096241717e-01
9.567666954530538170e-01
-1.414259422968270619e-01
-8.663313489686712554e-01
-9.525509303723509458e-01
-5.820550382081148832e-01
-6.969956509827324176e-02
-9.912475447585953336e-01
-8.051469206651425958e-01
-3.239638163970897100e-01
-4.510934224855740471e-01
-7.690863506480991596e-01
-9.163382142233674754e-01
-6.115278335276566057e-01
-5.498424446076224936e-02
8.511499242476596727e-01
3.879167741353339860e-01
-4.836576389800826270e-01
-7.725164312573502556e-01
-4.718491269008908140e-01
-1.665567721553995462e-02
-2.317641825210448037e-01
-5.789035097392014606e-02
-6.658045391536997482e-01
-7.357929511583340965e-01
-8.145024256069983704e-01
-5.122686285682609419e-01
6.230002745833946864e-01
-1.228585720162045369e-02
-5.492675939581558309e-01
2.777187567648893296e-01
4.737566999850966187e-01
-1.504920972922391686e-01
-7.985414905093779492e-01
8.580334789476368185e-02
8.513510375214400350e-01
1.716212736847633202e-02
-9.839585847118548223e-01
2.561688993951223292e-01
2.003635512372556882e-01
8.681193410601206750e-01
-8.651551157918386803e-01
-8.039392403094737238e-01
1.531214979466311021e-01
-1.000000000000000000e+00
1.480651587569696837e-01
1.744058188359410289e-01
8.005056189339685435e-01
-6.922029107138842896e-01
-5.394391481545948164e-01
-7.325655883322312878e-01
1.696980937093992559e-01
-4.554969119822085410e-01
7.797737028207357701e-01
-1.544961746840955996e-01
-2.936039557300960112e-01
1.956398848153064751e-01
-9.458658913633714027e-01
-3.907777967414829412e-01
9.968453859986822208e-01
1.251842230862872454e-02
6.645405394494123819e-01
-1.730199766420199570e-01
-2.024794798026601783e-01
5.785356776505010679e-01
-4.899659670150711133e-01
-4.123914831929861302e-01
-9.517783362469053321e-01
-8.928500912484154117e-01
-2.747781833660152273e-01
-7.600575990338926946e-01
7.003313670719102380e-01
-4.845321845344789935e-01
-1.722536170160755553e-01
5.410195098788623813e-01
7.844597538382445112e-01
3.727708425840972062e-01
4.138070934020543490e-02
-5.510959799583121932e-02
9.499472636668104819e-02
-5.025864607077044077e-01
2.448493214029256737e-01
6.855076238252204579e-01
9.955730695413871345e-01
-5.095338809266034552e-01
-4.740517941538409108e-01
-3.441324480692196097e-01
-4.092254389453461871e-01
4.924934902771516132e-01
-7.270246173214895968e-01
7.722574345040185140e-01
5.683682197161028515e-01
-2.428833380156838473e-01
7.176143107250303466e-01
6.336028940723577030e-01
-8.306009043028952377e-01
-1.299491147631626209e-01
-1.385516017345178597e-01
2.198258780061081996e-01
3.424073278824073530e-01
2.782606580860743639e-01
-9.759150316143735404e-01
-7.923573987308654143e-01
-8.985193681042111802e-01
8.261179528516238157e-01
-7.337258297916087191e-01
5.929428283725639570e-01
-8.171316124831169425e-01
-4.838575622391856346e-01
5.860027407475794092e-01
1.569509071399610434e-01
9.203068351040100126e-01
-3.436821408171252257e-01
5.899505647067395664e-01
6.852636899250021951e-01
3.697896008494372388e-02
-6.713978982350465863e-01
9.337971338531314558e-03
-1.238241574354506103e-01
5.800582501902713517e-01
6.525460367710737009e-01
-2.065594131497514585e-01
-4.697328050229483409e-01
-3.078268165065378703e-02
7.083568266593214258e-01
6.255416111450544658e-01
-4.418185065236179820e-01
8.445228772164976583e-01
-3.961843961264610581e-01
4.908576284875141305e-01
1.479831195803300581e-01
-2.773778750190312170e-01
9.955422256869568276e-01
-2.319134866195367017e-01
3.545864002112182334e-01
3.889812407958808116e-01
-6.883741768740061495e-01
5.730622579585653575e-02
-6.344149742631488564e-02
-8.933952443032102675e-01
-9.544047288898973580e-01
-2.949203554637946922e-02
5.937830573669662382e-01
8.637979768477094256e-01
-8.118526264931333891e-01
9.842769133329349884e-01
8.981184122991403562e-01
-6.559294111655105119e-01
5.032942356027413355e-01
-5.466884206712715466e-01
7.284560268817990014e-01
