6.788986924078697083e-01
-6.417414952618223367e-01
-2.674838794122957886e-01
7.249898265049777857e-01
-4.509504211663400430e-01
-5.975709386101786258e-01
-2.296310663336602054e-01
8.831025848765764463e-01
-3.624747327496220528e-01
9.285295363837484661e-01
8.064247000993443049e-01
-5.307883367385921591e-01
4.362737549556714445e-01
-3.404553533390720643e-01
-5.666607704928542377e-01
-6.246349453626386383e-01
-9.503504499520707416e-01
1.000000000000000000e+00
7.747134534178640175e-01
-6.012348984383774075e-01
-8.655629881995778874e-01
1.000000000000000000e+00
7.010245410077408090e-01
-1.559068352894764191e-02
4.212631441078398264e-01
9.288884222366806664e-01
8.745833335511044027e-02
-7.938537123529023631e-01
-2.659208869227946970e-01
-8.082776950428072205e-01
-7.418897003003386281e-01
7.863846388090321993e-01
1.431541049394047249e-01
7.001418760418407494e-01
-6.097587488270324041e-01
-1.567793821367601259e-01
1.000000000000000000e+00
7.212445258124705605e-01
-9.390266175337639298e-01
-1.801418228075419847e-01
-1.807841328495521649e-01
-2.512318323101865869e-01
-6.246665620550873044e-01
-1.841673154081784058e-02
4.832952757325655740e-02
-1.000000000000000000e+00
1.000000000000000000e+00
4.981527082059470368e-01
-7.759815102728964131e-01
-5.528133768245060420e-01
-4.301790404368323606e-01
4.599059296745923175e-01
-2.428596470524322093e-01
-2.591956058623811621e-01
7.155569865878869118e-01
-2.228342983682032874e-05
4.379899544729028982e-01
-5.340712432807262489e-02
-4.419420394210721859e-01
3.897183518554565018e-01
-5.087674996770383262e-02
-4.752036859997137985e-01
6.466417782467402953e-01
1.745757757947449529e-01
-9.544566550253482662e-01
3.877517942942114160e-01
-6.596304707964785463e-02
-1.241700362684835246e-01
8.801118152866210798e-01
-6.014315795823407251e-01
1.234627080075935829e-01
2.711110320820169783e-01
-7.297031634405990452e-01
9.344198144647846149e-01
-4.793714601597041103e-01
7.740514819224489917e-01
2.550760350508632368e-01
-2.784033338272300928e-01
7.734242751097687441e-01
2.302616591154449666e-01
-8.426038694490315395e-01
9.725327410903608083e-01
-3.560232012971265569e-01
5.362275895879804466e-01
-6.549510292475623219e-01
1.021313000072971711e-01
-1.227250960508910610e-01
-2.251786032842287566e-01
8.906089468629027062e-01
9.714310196791811070e-01
3.895228239790115010e-01
7.131484520669673088e-01
-7.817743825522582846e-01
3.367857964407479643e-01
6.479047752275922667e-01
7.895341238002884232e-02
2.835506293895102004e-01
6.137427184027219873e-01
-2.420849037595672326e-01
-9.396222286547642466e-02
5.109265419219171100e-01
2.865015250176744521e-01
-3.424596043393820510e-01
4.714234981265107843e-02
8.717147786715425672e-01
-3.614933974307141251e-01
-1.000000000000000000e+00
-6.126541377367533681e-01
3.370054791534793370e-01
-4.887673151701426577e-01
4.843924738604948182e-02
-1.000000000000000000e+00
9.526568449188376198e-01
-7.299808337000242009e-01
5.006787673780116465e-01
9.669645981542135393e-01
-4.796673681469620365e-01
2.103410756214905974e-01
-3.136350959382939729e-01
1.000000000000000000e+00
-1.879800310145455788e-01
-1.000000000000000000e+00
3.099728261476905056e-01
3.987233585218723508e-01
-9.640561711772420717e-01
-1.009628582704609201e-01
1.044900001763858673e-02
-8.913900311403325505e-01
6.225576367004522771e-01
9.476263346452982184e-01
9.886788566171583748e-01
1.552843544329283731e-01
8.840744753424160107e-01
6.117268971655693416e-02
4.400506967134474867e-01
-9.137786277246261468e-01
-7.757518366656231956e-01
4.902098965732970548e-02
-1.000000000000000000e+00
5.726753065521876795e-01
1.553549855243561706e-01
2.919137153019306652e-01
6.778589780576280699e-01
4.600352036286993740e-01
-6.519278435238230474e-01
-5.797061477391614037e-01
4.401071679597754471e-01
-3.254312470915279171e-02
-6.744140358820579495e-01
1.349331199320772667e-01
-9.890815959358671972e-01
-5.091264458128952342e-01
7.178387008902812338e-01
6.043766746220612385e-01
-7.398795951193812837e-01
3.744006055334503369e-01
-9.098951925515811334e-01
1.510288919623944959e-02
-4.706682019499545122e-01
-5.509420897154730934e-01
-1.451277102640936567e-01
-3.668988222646160646e-01
1.000000000000000000e+00
9.122635009794737293e-01
8.070461559950954378e-01
-9.565037577532504720e-01
-7.640891620379419713e-02
6.350364892840230091e-01
-7.763233784446373908e-01
8.808398841934543810e-01
1.209152007229113146e-01
1.225024012477209517e-01
-1.650244696513404330e-01
1.868577430922667149e-01
1.259067915950821126e-01
1.970089950607641083e-01
3.102896904940493639e-01
-6.302810876635601967e-02
5.127733340370632664e-01
-7.887694988602688140e-01
3.159647871727028767e-01
-7.289018820830932555e-01
-1.810080716922685684e-01
-1.243323662816526592e-01
1.357201175788279590e-01
-2.457567443765000248e-01
-8.431629042862806012e-01
7.035743339474067604e-01
-9.511791207531241632e-01
3.067728811670037969e-01
-9.856410519912995882e-01
4.018478532742242315e-01
4.046188023261103606e-01
-7.013660703698529897e-01
6.805020183041144977e-01
1.780449760734809928e-01
1.671427596653611569e-01
4.348654561185755774e-01
-4.218953137211291504e-01
-7.507997797939109930e-01
-6.524187869960607067e-01
1.000000000000000000e+00
1.000000000000000000e+00
6.379778087236173123e-01
9.066957304262176498e-01
-5.610849006098924674e-01
1.000000000000000000e+00
2.918118302153878130e-01
-1.704844830492741881e-01
-2.709275767817309055e-01
-6.526604050132936985e-01
7.663018517076107816e-01
9.076755565497106604e-01
2.544451894433303885e-01
-9.431304761174122975e-01
9.996314307297886614e-01
-9.600478899492267404e-01
4.632336077424505927e-01
-7.952655391977901944e-01
-1.533788127642636279e-01
-4.279993060025477081e-01
-8.067050036788566691e-01
-9.751021192429867313e-01
4.918748376947775780e-01
3.591549995600630818e-01
-1.000000000000000000e+00
6.963915807926165380e-01
1.553934924278789487e-01
7.720790328460812590e-01
-5.715141476327092462e-01
-8.244175914865545240e-02
4.265921111951340855e-02
-6.330408621824061832e-01
-4.784023388693219858e-01
-6.799480563354862866e-03
3.398150893145132634e-02
-2.045101296009551040e-01
6.168857501928636244e-01
-1.844130938950872545e-01
-7.716573859116917511e-01
-8.719084408918706397e-02
-8.742087980893301635e-01
7.978432120498846203e-01
-7.219639378665083651e-01
9.813993351261067755e-01
3.296292282909258353e-01
2.367980847878590200e-01
-2.532359267721723262e-01
-4.970605771578080756e-02
1.518378740353178713e-01
-4.740326341850356617e-01
-7.644401198542244424e-01
5.283751581766696903e-01
9.458754489337833915e-02
3.501473385017368489e-01
-4.111534319265137127e-01
-9.779904754261166122e-01
6.156185487668105472e-01
-1.884596257889042600e-02
-4.793035789580646355e-01
-4.443750687748093120e-01
-1.708400739962649406e-01
-7.146076022758982571e-01
1.465671415609729467e-01
5.717005497191600671e-01
