2.885142337911048571e-01
-6.442240677859797371e-01
-6.817305232558468209e-01
-1.003660189158081639e+00
-6.877820991903951797e-02
2.417113972272251221e-01
-6.766858335577849992e-01
-4.033237963679371374e-01
5.231907344954384032e-01
-4.493892980792139058e-01
8.886596252305375421e-01
-3.235098822187336687e-01
-1.053408243481723128e+00
2.258192571779311653e-01
7.544122953452738756e-01
2.197574185930544488e-01
-4.640388321882959466e-01
-4.813966028417805965e-01
4.025854314684074176e-01
7.377951114713297009e-01
-8.586809705502180812e-01
-2.670164660071008278e-01
1.673789693473294871e-01
9.817596362061664639e-02
-6.818003984577962751e-01
7.469657401277989273e-01
-9.058389884794302294e-01
7.660619403431869756e-01
-7.279604922402499456e-01
3.415896700792229179e-01
-8.962691259865145366e-01
-6.944211736942369484e-01
3.158044220799299112e-02
-1.028663255209725236e-01
3.489584687840531219e-01
-9.166443306090386045e-01
-1.808492922221798804e-01
2.707358806223633674e-01
3.435570818736946030e-01
-5.902906837900223636e-01
2.958135656894724796e-01
-6.553969977115496892e-01
4.787357510662327287e-01
1.426776182659924841e-01
-2.331803323294066033e-01
1.289295669437868774e-01
-7.937086110927991101e-01
-1.631616306825771079e-01
-4.096385517996663506e-01
-2.863773139591683226e-01
4.200383238662406260e-01
2.488203800090199869e-01
9.027811027124805765e-01
6.380001751321814352e-01
-7.244131618765723424e-01
-8.413471585398855090e-01
5.476969114925871462e-01
2.787519578811709087e-01
9.011141785124219261e-01
2.447184166294888719e-01
5.390881535926561607e-01
9.297493164363213047e-01
-1.045883213223413710e+00
1.031375418882263251e+00
-1.956992833371871132e-01
-9.321475907259779703e-01
-4.294676447721276213e-01
2.928046296294506412e-01
2.502622093103176737e-01
5.579600485158286993e-02
9.436200542012238568e-01
9.887710941203541326e-01
7.905930568199374120e-01
7.363970481692276859e-01
3.040903652506452004e-01
7.353232008663221908e-01
-3.444482573524749736e-01
3.742271350105855765e-01
-8.876093374350304543e-01
1.977467207832355189e-01
-7.260430413605392097e-01
3.859766526130992137e-01
-7.085519756097187205e-01
-9.406745083788919937e-01
-6.024718526206696012e-02
-9.858422527963103810e-02
9.256874063227928939e-01
-6.624197677083265567e-01
6.343002488868109134e-01
5.839170439410450442e-01
-6.459760336431059624e-01
8.674501848792102177e-01
-2.496668475883026816e-01
-4.131109854154070837e-01
-3.741670580719119177e-01
-3.787469477277028984e-01
9.872133397111810815e-01
3.033186468470592256e-01
-1.775169696570434164e-01
9.713571889589101005e-01
6.124852938970218874e-01
3.687269694293468514e-01
-4.611231624764697834e-01
5.827630419113472016e-01
-8.285146865767394342e-01
2.544069545406411059e-01
3.664114449444679789e-01
-7.642563997931332009e-01
4.969236691206929124e-01
8.283954287288737284e-01
2.847234155670587130e-01
4.060497127969018294e-01
9.671566032244647282e-01
7.885286419719031992e-01
-2.573728546188652766e-01
3.913153806608704599e-02
8.702900414871874712e-01
2.309446325357895069e-01
4.068649961230812462e-01
7.470849834925856747e-01
7.105450966806129420e-01
-9.011541165532120923e-01
-3.677478103921629771e-01
5.699896731741868061e-01
7.560476029907030604e-01
-4.035846649809515796e-02
4.729102401087703633e-01
-8.980204521040644483e-01
2.498262253401335453e-01
-7.210556657907487565e-01
7.645796047590039946e-01
-9.946223280765560393e-01
-4.628062467754385789e-01
5.290825298826604683e-01
2.084071522145209965e-01
6.363258912534144329e-01
-6.200818758005407494e-01
-8.081969611516599539e-01
3.156838304509258508e-01
1.271027366632680455e-01
1.303726485016540870e+00
1.399064363750440465e-01
-4.368358162215724150e-01
1.089937418173313688e+00
3.715217370282831721e-01
8.447815443908313071e-01
-2.077235663045347014e-01
2.529703710136735340e-03
-2.943082418026593539e-01
-7.058858390634881186e-01
8.865327743063904364e-01
5.064528515197463943e-01
1.755445430517385552e-02
-3.969351031836442223e-01
-6.281868385611276695e-01
-1.270824952939072050e+00
8.047324786177738609e-01
-1.196900253279196136e-01
2.846667711813424262e-01
-7.086232938092233979e-01
6.527317039700211154e-01
-9.843997868811925345e-02
5.929354261818433613e-01
1.031003415780049615e-01
5.664685776962297137e-02
2.314287293404839740e-01
-6.202690601963171124e-01
-9.840491207417069175e-01
4.587274693791701385e-01
3.549692286869898794e-02
4.437306481939126135e-01
7.776241534000103428e-01
3.835137509458941829e-01
9.059577003395663519e-01
-5.037012044575053249e-01
7.715410569706152577e-01
1.100624476043095962e-01
2.370767852628774541e-01
3.250409937043854391e-01
-9.118053855474625990e-01
1.793044251075764373e-01
-1.879960977578536419e-01
-7.678155562165923931e-02
1.171166479540868416e-01
4.226952231561354467e-01
-7.019767291436234125e-01
3.280196516593246736e-01
-1.858050818085405509e-01
6.481055784664725428e-01
3.069515006932549417e-01
-2.916648022195820200e-01
-3.131963113620628847e-01
-2.465662494251830150e-01
3.684832530342780355e-01
7.973495428105481508e-01
-5.622716240805041288e-01
9.435233921637573573e-01
4.138252862890136607e-01
-8.078056935196158417e-01
-2.329611591428264461e-01
8.026914568663852112e-01
-1.261938051089732116e-01
4.252430100645801514e-01
-9.808137560470697736e-02
2.822487735170445267e-01
1.015541621193763872e-01
-6.292108668119711368e-01
-8.324565019397020538e-02
-8.449897154118981568e-01
-5.467615224990924894e-01
-5.066259410882749670e-01
-6.744999943764140582e-01
8.854374031501477393e-01
9.619225353913434251e-01
8.648642035014628693e-01
2.391567433033969237e-01
-8.591701310371602229e-01
-3.778585648766300542e-01
6.437547455734264901e-01
-2.059938119748858931e-01
6.943026563325299660e-02
-4.545873921632501702e-01
5.023075546085591370e-01
1.426054218555908859e-01
-4.712787135336269362e-01
-6.815011106168604726e-01
-6.943931004286844066e-01
-9.549699483691997948e-01
-8.865502427177562872e-01
2.569775587085016966e-01
1.826100175394800573e-01
4.351092092447254589e-01
-8.364337522632971922e-01
-4.988957839470595790e-01
-8.168249830741468598e-01
-1.941079270503700549e-01
-1.084928871812623097e+00
-4.484923787721161181e-01
5.936531287410240498e-01
-2.797561875775054219e-01
1.746290454815477844e-01
-8.769348951726912977e-01
6.598785930329138516e-01
-6.968228338890517515e-01
2.175084003729098325e-02
-1.665769404773365103e-03
1.380309273296218553e-01
-5.711395990819070345e-01
-3.513337030968037289e-01
-5.946999724888775152e-01
7.061420227897368118e-01
5.173713968491346904e-01
-1.073691883194971997e+00
8.590543060832442901e-01
5.923238911938464302e-01
1.880311976042954303e-01
-6.553922863527434917e-01
7.879182186352232664e-01
4.408879564937115969e-01
8.561044642392761084e-01
-4.130924640107055401e-01
6.870711348194984414e-01
-3.994995683430890843e-02
-2.583958850771228555e-01
-9.596763625025757083e-01
