-3.608952206433518883e-01
4.333305582531981059e-01
9.749694064446545738e-01
7.676921815378886516e-01
2.196123817104482234e-01
8.939212544419754547e-01
-9.363833524652351858e-01
7.826864584529169555e-02
1.000000000000000000e+00
6.011534877316486725e-01
-9.188936331178165773e-01
6.773426049157970086e-01
-6.092889755522983286e-01
6.239428800747822690e-01
-6.649383342815090581e-01
-4.402166255217968560e-01
-3.995678232445236122e-01
-3.798476124652906960e-01
6.540715617394510240e-01
-8.748035588537452778e-01
8.129937654109948841e-01
9.991339412201722947e-01
7.901685851018164231e-01
-4.424359465900520316e-01
1.975219735901395657e-01
4.201592242206212968e-01
-9.206919650573344160e-01
5.633397655347460731e-01
4.282802444447721957e-01
8.199790406581778379e-01
9.555100326452942161e-02
-7.402183886545258273e-01
-1.579290377026532077e-02
-2.296034169630714883e-01
2.409068370312356100e-02
-3.374020224884504149e-01
-1.710287670508916502e-01
2.010610592442052813e-01
2.943692394090876574e-01
3.780226949422254012e-01
8.861086170161012188e-01
1.795356699642798870e-01
2.675785399052427183e-01
7.749129881805488784e-01
-6.339973306866291125e-01
-3.579288745134475702e-01
-8.057726633036275121e-01
9.994265559075379279e-01
-8.126197422039871388e-02
-4.479359090211654237e-01
-6.316838162583018335e-01
-1.916300259194370914e-01
-1.153331469633900735e-01
-6.398898977114639841e-01
-8.326325045442223294e-01
-5.646574733375370192e-01
5.922864615492402507e-01
1.000000000000000000e+00
-6.785843251079894944e-01
5.145623420044587171e-01
5.021246013033620059e-01
-7.841450283273521116e-01
-4.283557216353739427e-01
-8.044914265532969733e-01
-6.565194332013037926e-01
5.839937051316512751e-02
-2.588740772018121028e-01
6.386835042549718899e-01
5.164549913836272155e-02
9.182381499893449428e-01
3.336894091398623363e-01
-4.321277221023657189e-01
4.700080741935003803e-01
7.479231593502257969e-01
-3.797474547414176893e-01
8.136442968164512290e-01
-1.177174031978268920e-01
6.243032743367392667e-01
7.994746780290097332e-01
-5.089294740024826735e-01
8.068474267040848247e-01
-1.013446233512658584e-01
-5.947171350854593697e-02
4.905127952249369039e-01
-8.701910412350220003e-01
-2.897964084651412087e-01
-7.219173200636883614e-01
7.117888590174143992e-01
-5.999967116719764348e-01
3.419671852613307417e-01
7.661211169949520006e-01
7.340273881226155872e-02
1.267825268880508061e-01
-1.678707508736981824e-01
7.407699797852231871e-01
-1.718772804168148816e-01
-1.544330825058054246e-01
3.220846075628630567e-01
-2.226174572568495325e-01
-8.274095477974710566e-02
5.573604363728257294e-01
-2.790476979250362533e-01
-6.153682430062558106e-01
2.804058898425287882e-02
-5.587437697820203386e-01
8.852927542253132831e-01
-7.196662042523815916e-01
-9.028914932350319278e-01
-5.925050502369844097e-02
3.559017890950618712e-01
-7.063071794923042601e-01
-9.729118069948552439e-01
4.863783678685689171e-01
3.495790036563350967e-02
4.496860730558054353e-01
-7.877292275046483550e-01
5.657079263435682570e-02
6.702942533814618686e-01
-1.167395920745346316e-01
-6.898300655603351039e-01
9.494812577396265496e-01
-1.763791527812797466e-01
-3.428144483628599026e-01
-2.493073242858989680e-01
-6.222247754004142095e-01
-7.002291318206065318e-01
-3.259870660682876453e-01
-6.498100510970155064e-01
-7.983607619978569936e-01
-3.296952609976477322e-01
8.381282817459053680e-01
7.126945867306659910e-01
-9.312127153198217488e-01
-9.463458312333212774e-01
-5.642098876145088537e-01
-5.785492157058713669e-01
8.260993952881559022e-01
7.679873214452390684e-01
-1.129695090051516804e-01
5.250733842863333223e-01
-3.011936838632047753e-01
-6.581675303500543750e-01
5.871611607832424307e-01
-1.000000000000000000e+00
-8.455980943405854156e-01
-9.964325250417078728e-01
7.593389728708865860e-02
8.068305843212362216e-01
6.061969262233303235e-01
-9.393536014422465552e-01
-9.333724917708634550e-01
9.296944014906267650e-01
-1.000000000000000000e+00
-7.619309171596945207e-01
-9.467027269073255979e-01
7.419528521853913094e-01
2.576040242823621762e-01
6.849623044965634788e-01
2.112587638495207198e-01
-7.877246845602061676e-01
-1.000000000000000000e+00
2.425541304474974069e-01
7.765768819491318808e-01
1.417493592241864109e-02
3.706364714537072613e-01
-6.508710725899569116e-01
-5.169406787713107798e-01
-7.949030722113455960e-01
-6.812815744778462079e-01
5.486674377953482118e-01
-8.352004318522742166e-01
1.000000000000000000e+00
-8.287546930307555515e-01
1.963792297081041194e-01
-6.614243675241437970e-03
9.098190490604304292e-01
-6.668441663448390067e-01
-1.422097119574450286e-01
1.343571587897063324e-02
-9.389435514233072100e-01
6.110170789705448025e-01
6.157203240350204998e-02
7.007883474551380720e-01
-7.415694782718793565e-01
-9.828609956583300722e-01
-4.203359083968973842e-01
-2.378145341436033178e-01
6.975262609935193314e-01
-7.029458113542775832e-01
-3.081602379613000986e-01
2.401551732713205212e-01
-7.934842275840991999e-02
1.892729934925921342e-01
9.464995891286243079e-02
3.646868096306753182e-02
-1.169196694363772993e-01
4.228403036588878616e-01
-9.281909898551272686e-01
5.575013416717715664e-01
-5.197479996978187078e-01
1.585838941000501656e-01
-8.277617488864368323e-01
5.972317498195722774e-01
-9.616211191149761639e-01
7.183498856228651697e-01
9.176217246328526311e-01
8.493779103691940779e-01
-7.002715292087562382e-01
2.496271151457808979e-01
4.202552499228300320e-01
-4.883230783585718049e-01
3.892861947174767190e-01
-5.219296058280962214e-01
3.839351324371987340e-01
-9.492748073578369805e-01
2.276761798889758714e-01
1.628636243657797245e-01
2.200376885456941101e-01
-5.153317603647047385e-01
-1.755080658068299271e-01
-1.722789837938739632e-01
-2.060420605543396011e-01
-4.897554730839601689e-01
-5.083826912924598318e-01
4.602228033434564436e-01
-9.083119261464742689e-01
-5.132790986844408820e-01
9.098599996350091867e-01
9.933866473000143582e-01
-3.295973731674299856e-01
-9.629049361908450511e-01
-9.002477581218830682e-01
4.450295160684629714e-01
4.150780619412437478e-01
8.439454038337156350e-01
-4.532825391293378026e-01
1.941421781933993507e-01
3.513216606449822144e-01
7.085640251039319049e-01
8.188872314791696416e-01
1.000000000000000000e+00
-9.427022047762911861e-01
2.408660100536619275e-02
9.104162082326519023e-01
5.574597651232137130e-01
6.952411032868413554e-02
-2.208996196229229270e-02
1.488551307520965539e-01
-3.906195367916121680e-02
-8.126931025561550115e-01
7.387558002125111933e-01
-4.566042511372512824e-01
8.983922225129528094e-01
9.063535589366128464e-01
-6.511314751458524563e-01
1.001132441444507748e-01
6.600779406364829516e-01
-3.063904763337638518e-02
-1.000000000000000000e+00
1.235584953624035975e-01
-3.855026036136556256e-01
-1.276891949801387260e-01
-9.363891720991406320e-01
2.344911401449376598e-01
2.233464080929401518e-01
