8.901538405683614430e-01
-5.084838098811228502e-01
7.814115249520620088e-01
4.024400275912449199e-01
-6.404253831716464340e-01
-2.779471302134584043e-01
1.659170315570486220e-01
-1.781114356632816989e-02
-7.432467957606201381e-01
5.905960173587356810e-01
-5.834315053219069069e-01
-8.609893939448681754e-01
-1.000000000000000000e+00
2.802476550470082151e-01
-5.643990218326971897e-01
-2.201948765699625332e-01
-3.788613004603091916e-01
-1.343465414196407526e-01
-3.584923266338514436e-01
9.676670564556810739e-02
7.626241447256364436e-01
7.061854221955509159e-01
2.223442880092829366e-01
6.931302470327846965e-01
2.828522634295708160e-01
1.983595972247429173e-01
-9.109821099329346028e-01
5.211954363693954706e-01
-8.613579627445256959e-01
1.836459052559414884e-01
-1.000000000000000000e+00
1.000000000000000000e+00
6.078804584326247262e-02
1.019206934306369078e-01
4.447927860140271639e-01
8.617396803378669645e-01
-2.568305536403591161e-01
-7.777210104519299838e-01
-4.964330441224511226e-02
-3.136528560180082414e-01
-2.217211822366647045e-01
1.232936993447764223e-01
-4.428528756085208795e-01
-1.902032993799066540e-01
2.585170605220705742e-01
2.243241856455795435e-01
-7.327011035739351419e-01
-1.279602386081978294e-01
1.263311305680579477e-01
9.364111423730236972e-02
3.456665875682205513e-01
-9.184705201386903495e-01
-8.888105305443885773e-02
2.839491823527442449e-01
-9.169889411600873341e-01
1.301494048773333967e-01
5.318619909263850865e-01
6.550259863367512425e-01
3.311464982439377147e-01
4.867936857113721594e-01
7.334381146821580266e-01
-3.475014109709199661e-01
-9.564075319499028005e-01
-5.650500523703396727e-01
-3.287507225612190109e-01
1.652463017122429434e-01
-3.832999191394005911e-01
-6.725797796234926906e-01
-4.181161868167969642e-01
-1.845111346578748313e-03
-2.722937898968738613e-01
-6.920282470385813456e-03
8.668026821144576566e-01
1.000000000000000000e+00
-7.437458064096512667e-01
7.239104910976598695e-02
-2.172720515986501233e-01
1.343284943045011115e-01
-6.560592986301787555e-01
3.210621093687340277e-01
-2.054978468151619775e-01
6.252982295883405817e-01
-2.304113639350041098e-01
-7.334204455224213604e-01
-1.167019805485622619e-01
-4.385879756937256513e-01
-1.530885781578918969e-01
7.010704356079545674e-01
5.452959520019837747e-01
7.238990002324993123e-01
3.403072110906677494e-01
4.196575559661018251e-01
4.267919699980703974e-01
-4.840838581600929724e-01
3.733098503193147399e-01
-6.983906192130854285e-01
-2.684350406907309861e-01
6.419338109066937692e-01
3.974502802365229570e-01
1.537014869999663302e-01
8.875102262069185788e-02
8.008667597305167973e-01
-6.266113234928888387e-01
6.467566558784360042e-01
-6.380757590189708450e-01
7.934894655304581823e-01
4.033368684465696297e-02
1.060413104137475637e-01
-2.512012406731954917e-01
-8.900198284420296480e-01
2.795268905024652084e-01
7.280130401240751947e-01
2.230951375501603051e-01
-5.202336086997869646e-01
6.735566652976954227e-01
7.372975788897769833e-01
4.581920091578414733e-01
-8.456527954898687138e-01
-3.885927832275638538e-01
8.073044079251221472e-01
1.000000000000000000e+00
-6.342534470606654429e-01
1.364193386190923341e-02
-7.727758355283477210e-01
3.324070510477086238e-01
7.835816886081565791e-01
-1.000000000000000000e+00
5.616858231593448991e-01
-4.006360583607881942e-02
5.410360085713605827e-01
3.182893079807235237e-01
-1.000000000000000000e+00
-7.341827286240096839e-01
-7.822342236923875147e-02
-6.661908353472096866e-01
3.044584193875650713e-01
-3.425664826438865607e-01
-3.079231311589693543e-01
-5.451822446648273424e-01
-6.790124558604592186e-01
2.780683378674762007e-01
-8.267634438233328886e-01
-8.269659777044706672e-01
3.484072953111039261e-02
6.834304404508131370e-01
-2.557641095164018274e-01
-8.632434045158734470e-01
1.000000000000000000e+00
-2.372249652979754320e-01
-5.786921637617630232e-01
1.736181329885217450e-01
6.453173679176686939e-01
8.193536846077352775e-01
-3.956455560765154700e-01
1.000000000000000000e+00
2.192189318767423512e-02
-2.852903605685810917e-02
-5.475700393744564742e-01
-3.613065743387217088e-01
9.921396094925778453e-01
3.258618129646768669e-01
1.486568991437183795e-01
-1.502785869769383553e-01
-1.167285827079818927e-01
-5.709455902630068691e-02
6.940909416231207940e-01
8.846666368318445439e-01
-1.000000000000000000e+00
-1.505540847131259241e-01
7.676143501225045629e-01
5.745144365573527923e-01
7.765228928496693550e-01
8.939350857661733096e-01
4.850301743852422631e-02
2.355996617425942796e-02
2.885309975748678868e-02
7.688769406832037800e-01
-1.031117525782881267e-01
6.499561922381001944e-01
-2.471397220252999349e-02
-6.005768654648385718e-01
-5.364195811974518113e-01
1.000000000000000000e+00
-8.486764357859464258e-01
9.818012108039309016e-01
-2.228237648117734615e-01
-1.000000000000000000e+00
-9.753331956649422541e-01
7.542880132940733562e-01
-3.585696896001808742e-01
6.798474166723200707e-01
2.164838162331443605e-01
2.781325257869851075e-01
5.336749368950086669e-01
-2.002456263856777774e-02
-1.401112126711367978e-02
-4.156822613155435331e-01
-1.437488114471244249e-02
-5.193418887213771540e-02
-2.928755735048632625e-01
-8.340184940879636910e-01
-9.214528686166290061e-01
-1.045070636838422440e-01
3.110867283142227935e-01
-5.362959052945444061e-01
5.441650163687022923e-01
-6.339157834117825630e-02
-4.635127967877115118e-01
7.652089089289629831e-01
8.459402025654712276e-04
3.763660501912838297e-01
4.336649462328368565e-01
3.678848854520747752e-02
-6.354739841433911796e-01
-1.000000000000000000e+00
-5.307035140071175716e-01
3.980122834916730579e-01
-1.315459063646767790e-02
2.221604540504445446e-01
-5.830580104204768910e-01
3.328063170906120916e-01
-4.332688543418533600e-01
7.419279072474662673e-01
1.000000000000000000e+00
5.261299407571837783e-01
-1.775646091837658758e-01
-3.803023479794268025e-01
-8.362265699372828376e-01
5.426837206321244444e-01
7.745278021096625443e-01
4.892689710602838860e-01
4.165062963737854451e-01
2.482012027243510333e-01
-1.438458374151812824e-01
1.490531399081236885e-01
5.400676591140249894e-01
-3.575359934217599567e-01
6.095894606106850855e-01
-3.943974961091172293e-01
1.478650792282961146e-01
-9.734551464076010019e-01
-3.832282757659192240e-01
-8.653916548560383060e-01
-2.761796637159625867e-01
2.863766570758741747e-01
1.000000000000000000e+00
3.184115617062758252e-01
-7.147719882254646162e-01
3.228738477659404138e-01
-4.028634115705871377e-01
-5.140118472925468696e-04
5.919460011388841814e-01
-4.731504096465143361e-01
6.429168136716132409e-01
6.563362766986881036e-01
1.367962636719115832e-01
4.731639960459315120e-01
1.058433246724245491e-01
1.000000000000000000e+00
1.000000000000000000e+00
2.830374410308784255e-02
6.828554305693023130e-01
-5.511290953943993598e-01
5.718368184411936062e-01
-7.637439266468596388e-01
