6.788155399977513493e-01
4.718545929029725472e-01
-1.741110322720586245e-02
-1.688323840010828580e-01
2.229559751994554251e-01
1.832039381180233795e-02
3.004954535142918548e-01
-5.771089232737636188e-01
1.440633821551771110e-01
-6.320776134834980020e-01
-5.363910502151298942e-01
7.586177050697996416e-01
5.439062809732797543e-01
2.170503764262255164e-01
5.571959767105898464e-01
9.502504575239807405e-01
-6.038222113066012975e-01
-2.299069114438552219e-01
5.847944101676577633e-01
9.507872470668380371e-01
2.708635726915566977e-01
-1.796718053902786050e-01
3.474498952352160219e-01
4.940550802957222043e-01
-7.465720823642918447e-01
-9.728275184433768374e-02
1.665426010551380731e-01
-4.428822829134322347e-01
2.155605276978334039e-02
-5.893504783581109407e-01
-3.139728541802555561e-01
5.732516814150168116e-02
2.592242299830514740e-02
4.428123002988706980e-01
1.350710253595459043e-01
8.305774615325224319e-01
5.889218210964987099e-01
-6.698810689435692467e-01
8.059962856771990536e-01
-2.646145503219503592e-01
-2.571953255918001946e-01
-7.507244368620891173e-01
8.200886635634785371e-02
-6.143660149857153030e-01
9.768387853120790165e-01
-4.656377923400524810e-01
-4.289587835773664981e-01
1.173056225748609904e+00
-5.261890002255631416e-01
-9.762248960013417687e-01
5.280876115078025901e-01
-8.845343666616583000e-01
-9.541580608055084678e-01
7.047607573843303053e-01
-9.291592996532126447e-01
2.119898619484496538e-01
9.431035560402206697e-01
9.231139097074221311e-01
-7.892249994314204375e-01
9.744257456025997577e-01
2.483747058546774966e-01
1.501015287968414103e-01
2.514700021939905716e-01
1.157040704204485682e+00
6.440760058920709241e-01
4.283963686611611532e-01
-8.218068028855411988e-01
3.370224510626438352e-01
-3.316925764596363457e-01
-6.894321052861809296e-01
6.879092013805045980e-01
-8.187077633190863457e-01
-3.744386037842847847e-01
1.668390034351602269e-01
-7.623798751695701759e-01
-9.788109692949216178e-01
-7.765979510280760501e-01
-8.236046550087572360e-01
-9.162146750829048836e-01
-1.529802322717550567e-01
2.964855299475772088e-01
-8.057930457302149296e-01
-4.883418143292743707e-01
5.498552124474569425e-01
1.169778409893351134e-01
5.534943208962641581e-01
-3.539617576105520413e-01
6.517324680788008084e-01
5.889255748304609295e-01
-1.764802471289276253e-01
-4.250443172308729922e-01
-3.487312635125459082e-01
-5.457380124990760528e-01
-3.776879049948214107e-01
3.720436256874309344e-01
4.655551662652603340e-01
4.237063442054664897e-01
-6.317177604999173468e-01
-1.673188723654566723e-01
-6.015154188293219129e-01
1.006728527965692344e+00
-2.967556481085101283e-01
-3.709806627565461756e-01
3.307090983370624682e-01
1.272091246711963275e-01
5.319792022249045793e-01
-6.598768829399299651e-01
7.160766845018764482e-01
1.701904023701971969e-01
5.859491730611610105e-01
-7.182597441913317615e-01
4.025762275434592308e-01
-4.938683044895608720e-01
2.076719257527367968e-01
9.684562894960776491e-01
-3.410982048381108744e-02
-6.569521707120598575e-02
9.919225812468646097e-01
9.573009537525103418e-01
6.653407938823927559e-01
-7.387871025530130531e-01
-5.154367053543500443e-01
-3.857796736994822950e-03
-5.862321660413518654e-01
6.117993352421983166e-01
5.517593482101855740e-01
3.482419436849628624e-01
4.784071854190266038e-01
2.944759311112497557e-01
-8.008755800683901027e-01
2.519037072154601820e-01
5.091643483466861131e-01
-8.443210015352813347e-01
-2.575611596745506215e-01
5.499501667795363424e-01
4.936796535406831055e-01
6.625313396467082949e-01
-1.296974829351846270e-01
4.713840303805231779e-01
-6.005400782581465924e-01
-3.706370009173420299e-01
8.193399618114027838e-01
-8.252870600803823287e-01
2.334069973637941664e-01
-6.419801942404499417e-01
-4.741268236462358732e-01
8.022792195715729990e-01
1.027780946389842853e+00
-1.693314973834201542e-01
-3.286305945664230732e-01
2.822724004255872110e-02
7.212758224241659910e-01
-2.312852547952195525e-01
6.643437990441793950e-01
-7.641044820289984996e-01
5.235536879131845733e-01
-6.503303485875251422e-01
-8.220628198156667565e-01
-8.133800339061164619e-01
-8.215194430525878388e-01
-9.358430619124624705e-02
-5.428173835007937820e-02
2.223166729288843513e-01
6.647682447137204242e-01
-1.615392152939147952e-01
-4.430228229297892284e-01
-6.236744657745691978e-01
1.110877468905319798e+00
-1.947740647231978039e-01
6.718842189843313717e-01
1.015632234562823699e+00
2.351119651293591684e-01
6.089458700016061599e-01
8.703429332932697271e-01
-2.657723843736694569e-01
2.366426478580268000e-01
-4.247859041734967089e-01
9.628834551604916747e-01
8.138481340288629129e-01
4.123789457429130056e-01
7.036495879726195612e-01
-7.525261626765329392e-01
8.899861843752502333e-01
7.257604156498986825e-02
-8.420466715380137135e-01
-8.286015151958041614e-01
-1.069599635022651096e+00
4.535918819196750329e-01
1.956919052821337601e-02
8.613797371189368945e-01
2.546139966554011314e-01
-6.852811357518988622e-01
-5.075835366077501298e-01
-6.460552279366474915e-01
1.744425122747915724e-01
5.984562432748186112e-01
-3.624096419441547035e-01
2.813848669944465919e-01
4.101904605710532947e-01
3.195557528087664689e-01
3.455264230320507224e-01
2.288826048296445648e-01
9.394917727130991381e-01
-4.090525285290476654e-01
-1.166058804614173161e-01
-8.883972183137400780e-01
6.451710326527975159e-01
2.691363136454467120e-01
5.817354528026672522e-01
-6.723480170540949707e-01
-2.817860501522001515e-01
-6.764409001489340989e-02
2.520414406363480353e-01
2.289633207684869109e-01
7.102448068301260298e-01
8.825975684780055230e-01
8.295715884191552369e-01
1.966116854583603302e-01
-7.446278715635608059e-01
-1.357103013581170137e-01
-8.313184732978905478e-01
-4.290017004524797617e-01
-7.137874807437128988e-01
5.626226260965138531e-02
-3.920812458225380048e-01
-7.097869405297724255e-01
4.939648623156787099e-01
2.958855907071546998e-01
7.643916558197230149e-01
-9.342108416271426297e-01
3.132588835607494904e-01
-3.804353107325505468e-01
7.735561694214498907e-01
9.177311423634326726e-01
6.951491797744091539e-01
4.199739163662892238e-01
-4.048820332049898330e-01
-2.850212271969430056e-01
5.743016928061208670e-01
-7.402750130899613534e-01
8.337689525676158508e-01
-6.073920087264335077e-01
9.561670559053085938e-01
2.134110000798057349e-01
-8.881730312462839949e-01
-5.515871807913577118e-01
6.577029239553702222e-01
6.954392388096244382e-01
5.594655966075510189e-01
5.879412487001928200e-01
-1.197044957405687948e-01
9.776195380124252932e-02
-2.766750101730320877e-01
2.402362929110701817e-01
2.627352092723025390e-01
-4.253647382990033421e-01
-7.455256835449103336e-01
-6.648732817964733144e-01
-7.826206385165037638e-01
-5.516472630633826313e-01
4.863027237747519216e-02
-6.267145205411007725e-01
-2.827911351431424691e-01
-5.053802659593313873e-01
6.632743227272237529e-01
