5.731809831158666269e-01
6.164474777321511390e-01
1.581069632335359021e-01
-7.288677009819413133e-01
7.407090498363041453e-01
-6.745018879637205700e-01
5.850515381469791887e-01
-8.140448135106003180e-01
4.805537745451413656e-01
-8.713235288129622669e-02
3.308959886636344550e-01
9.670116163269548704e-01
-4.398869014507228448e-01
7.895553354930893164e-01
6.043594615031071537e-01
-9.041958955127515907e-01
-1.522863144438640903e-01
-9.599253044277622493e-01
-6.817917234897364898e-01
-3.553565687360016323e-01
-5.151242793817125687e-01
3.873539697724490138e-01
4.125451323020745686e-01
2.544881417863542605e-01
3.081653826221740222e-01
3.292160390411927318e-01
-6.337023593777495190e-02
2.427188090892741165e-02
-3.300509380353582323e-01
5.103473769955300110e-01
5.010185182921003677e-02
-2.997340933790656470e-01
-2.375365481627980113e-01
-9.433196883001404576e-01
1.199871989241570458e-01
-5.822577512296396307e-01
-3.893918908237241627e-01
-5.822153585811425947e-01
-9.168493975401016405e-01
-4.664066732726093178e-01
6.741916472833591190e-01
2.442131167493228339e-01
-7.781868778657820007e-01
3.172274111885954873e-01
3.947960286037122679e-01
-1.922445275184552216e-01
-2.693109335653540160e-01
9.498924438676300541e-01
3.695904229034276400e-01
9.895821179909545240e-01
-4.380732104086263456e-01
6.180703023765734549e-01
4.754364752366382896e-01
-7.693012409829640408e-01
-1.927127005614654998e-01
-5.128203982284532114e-02
-9.683754795350372202e-01
-3.857312835610683388e-01
1.018217866156496676e-01
-1.967433129118878465e-02
-5.983298289582990037e-01
-2.750989270387862451e-01
6.354912511831903865e-01
-2.639685506670843562e-01
-4.106650681161450045e-01
-7.442850703969061676e-01
9.952674425201262220e-01
5.754373790723263937e-01
-1.072435679415856130e-01
5.245660501966160627e-01
-2.452262143368439951e-01
-3.466279679824833537e-01
-6.009479511367972204e-01
3.821315609732104379e-01
9.471864028240761790e-02
-1.410526689084758978e-01
5.655961543888327059e-01
1.724648440490790802e-01
-2.566855263353169936e-01
7.732619987287463192e-02
1.921357251219641959e-01
2.275716190384957649e-02
-6.745350941805559053e-01
-5.132792043640896917e-01
8.527159738704208625e-01
-6.073758927299522936e-01
-4.238539735379815987e-01
-2.034408682870678109e-01
5.764921047776248031e-01
-8.119670148268196552e-01
-7.941757502195904150e-01
1.336342429406159327e-01
-7.509304934178959723e-01
8.392729746454952178e-01
1.341733778709646996e-01
-3.319556008137252157e-01
3.014574371074386638e-01
-2.194487332268550694e-02
-5.761978073744424833e-01
3.772120020431346532e-01
-5.396927050141835380e-01
-9.807892229542963802e-01
-2.370561712589140946e-01
-4.659820825902335484e-01
8.242503544958248440e-01
-4.121098636543943372e-01
1.701211990363144244e-01
6.103829346537367750e-02
-5.034622794900579512e-01
1.823252321144550603e-01
-2.938387818888039682e-01
-7.901199790494127795e-01
8.812830636579094268e-01
9.114309111059843982e-01
3.731462997685148775e-01
-2.240918191053782871e-01
6.746021299104518754e-01
-3.237143499845769323e-01
-8.626164367261899280e-01
6.434975428107330142e-01
6.109809539433158632e-03
3.624222959755546980e-01
3.315854894599630232e-01
4.108732664567821269e-01
-6.679075003804565425e-01
-2.220804479882731441e-01
-1.000000000000000000e+00
-8.637232673426445961e-01
3.129802516692335446e-01
-4.801690420874720755e-01
-3.005344047100633187e-01
2.374030194143590400e-01
-8.580053355222597711e-01
-1.064787751921110193e-01
4.349916665676736849e-01
1.000000000000000000e+00
-3.875253474331473713e-01
7.265344659707810848e-01
-5.624846098053243315e-02
-2.035545758119392534e-01
-7.925860763716089386e-01
-5.640557508339032466e-01
-5.447030343373382433e-01
-7.889111760402637286e-01
5.893977019840193066e-01
7.258239343956052192e-02
4.907317956012856308e-02
1.188481683670351702e-01
9.645835520035026533e-01
5.606542127693391331e-01
8.628245981940956266e-01
9.604629673672127055e-01
-4.968302283466823344e-01
7.985025369361939962e-01
-3.814553259797980878e-01
6.730091822513142308e-01
2.364555755139028936e-01
-6.535538827744090673e-01
-6.213032418203389140e-01
-8.071470479253343155e-01
9.164555752769535379e-01
3.464983416228044621e-01
-1.802151804263326107e-01
3.920104276546425570e-01
1.313254851810968238e-01
-8.264412613905294247e-01
8.136156078029063710e-02
-7.446972754402422234e-01
-5.089999156436796346e-01
1.448477461940567701e-01
-3.588623235995899163e-01
5.095571483243773736e-01
-1.665338255855463578e-01
-8.740448317634552655e-01
-7.143923296705323445e-03
2.153939881804142198e-01
6.585996529159416912e-01
9.800054685083936512e-01
-7.012291534681325267e-01
4.863974201022175925e-01
-2.859906727907598478e-01
-5.463714268867128077e-01
-2.597168050986457533e-01
5.258160093685935177e-01
6.932127033213324463e-01
8.375004525630984631e-01
-4.136742926810217380e-01
-3.028292781498713726e-01
1.893172628371976030e-01
-4.179876924665835158e-01
3.150043954855753503e-01
7.936046511195327113e-01
-5.019286411757112321e-03
8.046755911859018173e-01
-4.263556716146709169e-01
-2.110838638966257008e-01
-3.390129603580664952e-01
2.984951555771048759e-01
-9.055928207194194890e-01
6.623109480152788997e-01
-3.315901656837778599e-01
2.470326279803565228e-01
-1.379872928727876313e-01
-1.172245312109048143e-01
2.894057882257292658e-01
-4.227911606792991162e-01
2.508326601508273912e-01
-7.116366504381741453e-01
1.547856133136355228e-01
-1.000000000000000000e+00
3.715582017359786438e-01
-1.862106628715889667e-01
2.773570343731921461e-01
3.040481573569981388e-01
-3.528821347852793000e-01
-1.000000000000000000e+00
9.591714951056659055e-01
-3.212654975761214393e-02
-5.857212956444081131e-01
-5.661799594976937300e-01
-6.701797012254868680e-01
-4.279030142233282707e-01
5.767609623976169830e-01
-6.378111927176838281e-01
-2.132621815676003785e-01
6.663713950305623357e-02
-6.221494480549012440e-01
-1.369961373665449511e-01
-8.979363264975932513e-01
-8.400683945839514388e-01
1.224531736141788868e-01
9.656441745686703548e-01
5.127167468749902479e-01
3.190244775102660246e-01
8.107829190899841221e-01
-6.173084249164781934e-01
-6.869455689794023989e-01
8.746944801331535402e-01
-3.162246141907723018e-01
-5.983288303687330778e-01
3.652028755484244549e-01
1.082927045711492564e-01
4.153531514884688525e-01
-5.621137797262076852e-01
7.087429815157876289e-01
-2.729929118099204688e-01
4.331537264203149107e-01
3.951311448050141006e-01
6.391948314683022492e-01
5.980402818266169485e-01
3.044621591147486650e-02
-5.873100703312806870e-01
-7.768409748916866864e-01
-7.999759772444485773e-01
7.518376964284287922e-01
4.406286208426681839e-01
6.786067545507955545e-01
6.528656785680868602e-01
8.985233475782017365e-02
6.310057322107025524e-01
-4.333798820326714707e-01
-6.976189244076727580e-02
3.000286191367584898e-01
4.631555604033665285e-01
-8.286401377774782473e-01
