-8.860929601344001982e-01
-4.973529832889532765e-01
4.388460759329586569e-01
-9.597109251942665953e-01
-7.330152590582809935e-02
1.284438629896441850e-02
7.179674714582362505e-01
-8.592981884346517774e-01
-3.833027610597838919e-01
-7.311641058883454614e-01
4.187660296403701299e-01
-1.913866327416007818e-01
3.762961321745670329e-01
3.116743415206573720e-01
-6.400055165353345510e-01
-7.606113406806190858e-01
2.841156359050368563e-01
-5.793960261881517804e-01
-1.349090091750366205e-01
-3.142533042402617660e-01
-3.415806815558363740e-01
2.182110479583256324e-01
9.378997168004570284e-01
6.951736578920961751e-01
-2.880460316428445910e-01
4.309228467193715328e-01
-2.354722479931913581e-01
-3.983970779817948560e-01
3.099189233555593725e-01
-7.199194139290213679e-01
-8.083659086967289742e-01
-2.241525146743278407e-01
-3.772897836528225635e-01
-4.766480110668324666e-01
7.203139302677238343e-01
1.144391732840854964e-01
-9.561541477296681135e-01
-1.826183021377947302e-01
-2.728567762174943234e-01
-8.785755754044007049e-02
-7.559240592882250365e-01
1.575523983234175529e-02
2.576371989130891160e-01
8.664420552839655620e-01
3.045770587378883176e-01
7.812151334920926227e-02
-6.177274033297204259e-01
9.637309464560997463e-02
6.968766515806266992e-03
4.981010999252935001e-01
1.744218977030241591e-01
1.223731904943899801e-01
-3.892380109486958673e-01
-6.734514077026645951e-02
6.252127530644067122e-01
2.717573056966743339e-01
-4.808425345320945787e-01
9.783943628849559593e-01
-4.034378302948542494e-01
7.464483775340292615e-01
2.593786054962998189e-01
3.277618199227533835e-01
-1.000000000000000000e+00
-7.704260926385747554e-02
1.223520657173431808e-02
-6.213659080479985164e-01
1.655234382564560736e-01
-9.713846080077831457e-01
5.356170130818572322e-02
4.857691048376729381e-01
-2.062675337064415193e-01
-7.080037076791483308e-01
-4.660603992850425037e-01
4.781642914318018911e-01
-2.302571616034339852e-01
6.586179975589191438e-01
-9.352936529539888078e-01
9.198522089423462056e-01
-3.547169605641261048e-01
-4.725251373457759613e-02
-9.595833645948328439e-01
-2.229477714160693069e-01
-2.535314709878085382e-01
-6.151858553433552368e-01
8.583292664026446195e-01
-4.116998907782405404e-01
4.974521032955573907e-01
-9.984919180493517787e-01
-5.060501886006574246e-02
7.595338663369204379e-01
-3.079684961884150418e-01
-2.206958714986561876e-01
2.734549040442903478e-01
-3.206483182602530846e-01
9.208488632497359161e-01
-5.182973861704593538e-03
-7.381628791541093582e-02
7.827812219981218622e-02
-1.954745729730850146e-01
8.424373524134652902e-01
-5.936200460237968102e-01
-5.207868313243674274e-01
-2.258139529311199989e-01
4.459210083462829544e-01
3.780120837437240811e-01
-4.355652559970139559e-01
3.325847429864836058e-01
-5.296711752584053468e-01
1.162666396198771962e-01
-7.057329208972936696e-01
-8.874344161546053877e-01
-9.551902558250102704e-01
6.509735495736346245e-01
-2.118795832144453606e-01
-3.198770999653134384e-01
-3.526591017560566366e-01
-7.278842549783701710e-01
5.029056730301603162e-01
1.837331988423005630e-02
9.182266709958717410e-01
-6.463670152233906840e-01
-6.185988208535896371e-01
7.165818969080092193e-01
3.411119336203505825e-01
9.130301075625748553e-01
-1.463524798709533448e-01
-5.887440675618249575e-01
4.923660498688147702e-01
-6.294685514425211181e-01
-5.053757497138287036e-01
-6.350389439707123662e-01
-1.589613749763044148e-01
5.444922976267031478e-01
6.605358632995449453e-01
9.633542302526101331e-01
-2.810355120676342189e-01
4.343427155996665845e-01
4.142567410487403845e-01
4.332750454434651233e-01
-2.956604978801539163e-01
-1.994817027663818298e-01
-8.432721833727087057e-01
-5.328245169582171425e-02
-7.942184690690927695e-01
9.765637271253883034e-01
-2.601456655983263033e-01
-7.386992979075932553e-01
-1.332656452359404220e-01
-7.815881367444380001e-02
-4.090404285311250443e-01
-8.662845221821480202e-03
2.346352856169820200e-01
8.868463077751584933e-01
6.783444863307515060e-01
-1.014777259254329017e-01
7.466776695172615552e-01
-7.591851641713720511e-01
7.089477316602252888e-01
-9.653080457496822087e-01
2.957059842714573894e-01
7.740918726124893512e-01
6.623217671888491642e-01
-8.890425383161743023e-01
-6.859818527925211074e-01
9.848575854939459751e-01
4.110677280632795694e-01
-7.196537124579579503e-01
5.002915396243871188e-02
-3.984690001880529520e-02
1.613200413878262962e-01
1.371827957605249171e-01
-1.217911122834640196e-02
-4.428889537335436444e-01
-6.050450612011941676e-01
5.183273399979230200e-01
-1.856086498184965627e-01
-5.240830480706844263e-03
1.012016649373460142e+00
-9.939715391396809485e-01
9.909133751386390854e-01
4.021643470042685631e-01
8.055414095788306916e-01
5.201720309602461123e-01
1.957101040013106419e-01
-3.427964048864557967e-01
9.592783269978547578e-01
-5.881885279703471525e-01
4.573719217756921918e-01
3.065996725237851162e-01
4.590086293413093155e-01
-8.129158538290141012e-01
-1.505922366201287166e-01
-9.434213699730872316e-01
-7.137163843587305267e-01
-2.244597386517029058e-01
6.638948788491024766e-01
-4.953154299352759415e-01
5.137587134237169284e-01
6.715221463562631721e-02
-9.996668606714044225e-01
5.951608119717346490e-01
-4.227861710646370619e-01
-3.178832551475709312e-01
-2.855144755905631437e-01
-1.393239398571735066e-01
-1.442311561312462909e-01
5.992371146937811588e-01
-9.561383346454118692e-01
5.576880241041290986e-01
7.775313138994607298e-01
2.109542443756960983e-01
-6.193743556879120760e-02
3.308559013878729083e-01
1.000000000000000000e+00
1.134454238850729213e-01
8.976634007880288646e-01
8.428432889279736939e-02
4.045222069798039000e-01
4.439239084201357377e-01
1.726711632437755994e-01
-1.878625583025633483e-01
-8.666887213247176369e-01
6.489261892059335901e-01
-8.801338512743690501e-01
-3.712083930142217464e-02
-3.519090197310534851e-01
7.441455030485547573e-01
2.663838090338023767e-01
2.860339839923131122e-01
6.319829876531399826e-01
-5.146468695705172514e-02
4.138862050948232119e-01
-2.731849403608608839e-01
4.574138939848228502e-01
7.979184297149151117e-01
-1.892905824375630819e-01
-1.922964802342926882e-01
4.248463292295834304e-01
-7.256359558249497743e-01
4.580633116752911294e-01
4.549022943824493903e-01
6.378285022438386909e-01
-5.058013644235029860e-01
-3.865514541706622231e-01
-3.463726003693984312e-01
4.120327393250237669e-01
-6.252569115186086268e-01
8.299465101892939956e-01
-9.543527493520173044e-01
-3.080221456104059174e-01
4.148125774356183904e-01
4.640254072033728749e-01
-6.019409604191613417e-01
9.740692887511431808e-01
-4.639907648028957290e-03
3.394773706492770216e-01
4.309095137429637123e-01
-3.216243663467748815e-01
-2.485686961693806263e-01
1.011150902907817783e-01
-6.868259457743510765e-01
-2.127877852742639242e-01
-2.252592718742306432e-02
1.037880415880912677e-01
-9.722241894406588036e-01
