-9.058490661383089559e-01
-9.372682725281595850e-01
-2.507215587982198901e-01
-5.446462492634435160e-01
-8.157243333924800721e-01
5.760856530816953480e-01
8.131687059926617778e-01
-2.673019846312159054e-01
-5.019314304147232120e-01
-4.046325936936934764e-01
-1.171727908176632554e-01
-3.939800178214439841e-01
1.229985121926500807e-01
-5.066713671193829871e-01
-2.971439408256097703e-02
2.658298111831707833e-01
-6.007457492503801566e-01
6.632845228915558167e-01
2.554278133045114751e-01
9.467418179350788332e-01
-7.784490505436503227e-02
7.805128862854259220e-01
3.918122723137329455e-01
-3.846167454340820857e-01
-2.883230583308824535e-01
5.630835582933727546e-01
-7.025810075763287976e-01
6.640340090761223113e-01
2.550116220350385765e-01
6.900187162908798244e-02
4.208393939923920080e-01
-1.951365650492489778e-03
-5.104360880802925049e-01
-8.672004428278549115e-01
-5.871430775976287098e-03
1.171891683823663433e-01
3.090227997869979260e-02
9.865433837727446420e-01
4.956362773389828558e-01
-2.800440458955705814e-01
-2.135150356210115952e-01
-7.930896709422987634e-01
-3.894208304574501289e-01
-6.819094962039652374e-01
2.418841207684918893e-01
3.379629338462641908e-03
-7.324201185490419874e-01
-1.305369258369556279e-02
5.655102520816844835e-01
1.211018108271377791e-01
3.742287689860872013e-01
-1.910111635787692386e-02
2.008214795895069821e-03
-7.856532856359785821e-01
-9.137910761618988076e-01
7.810258891448197405e-01
-4.880420774367627557e-01
7.821367880777519987e-01
-4.145503466857198838e-01
-4.055937145110135034e-01
-8.984838528866662122e-01
1.582421250060954687e-01
-5.723930145325017982e-02
4.890974915797965950e-01
5.199311095510998904e-01
8.690811331645127424e-01
-1.956946154010221761e-01
2.748894356050406440e-01
-5.584417450932717131e-01
8.527206265876337010e-01
-4.421890141927330431e-01
2.881283089715737100e-01
6.562534492218022875e-01
-7.208837213274712497e-01
-8.334780981446164860e-01
1.284320161873164778e-02
-1.690254233934345152e-01
-6.797699436692139496e-02
1.141603421870505952e-01
-1.891826584567397607e-01
8.138242901023123865e-02
7.865929893413747820e-02
-3.024047502792894804e-01
-1.040855418003075794e+00
-3.509941580125925387e-01
-3.371175696747328310e-01
7.168853546368931795e-01
2.429425364121136077e-01
9.254944632787824865e-01
-7.129607472039165561e-01
-5.419120568785577019e-01
-1.005400804739792764e-01
7.713118154634839296e-01
-4.169673554285529549e-01
2.131321345278398005e-01
-9.730838112725026523e-01
3.594770404271445396e-02
-5.254613649320248880e-01
1.013286498794608859e+00
4.303580639013699916e-01
9.924273906318312743e-01
1.040896447933528535e+00
-7.911974112064205089e-01
-8.490077712370438512e-01
-2.481469266675402074e-01
-2.460906890027450833e-01
-9.558153733889391823e-01
-5.895636438501505872e-01
1.347448938398857210e-01
2.869780017776376035e-01
9.476556593170216702e-01
4.361374237571047918e-01
4.097103250892192294e-01
9.516057501763087734e-01
-3.555931521408203233e-01
4.787848010971305079e-01
-1.721533034268661888e-01
2.045737729329863142e-01
6.023841709921616827e-01
-8.057775022511820540e-01
-7.207858895628638241e-01
8.831202521325778321e-01
6.576076076867269915e-01
-8.348548084836195926e-01
4.170790327809324460e-01
-3.225588311334751657e-01
-7.767139686148859523e-01
4.421723017239356790e-01
5.203587272305619793e-01
-8.545976070445708839e-01
-2.737590503759037008e-01
-9.764443728632694608e-01
7.066758684618241748e-01
-8.806269061395050057e-01
6.408609644719162057e-01
8.294893229261147694e-01
5.844987342692341270e-02
3.771018932900299658e-01
-6.023238133133292926e-01
-5.189881211302336261e-01
-2.419868318496889437e-01
-7.510159435101713132e-01
4.157154703706481547e-01
4.697083337474694531e-02
-4.670347873102397851e-01
1.091901651511814730e+00
2.879439480198138224e-01
7.902721008392348256e-01
-1.026705772708665698e+00
-1.644578594706242458e-01
-8.684129007018681623e-01
9.038626822615583034e-01
9.429728031677513389e-01
6.286749183685884645e-01
-5.279820550641066701e-01
2.003498440953550563e-01
-1.890355181677321195e-01
2.838914464894188305e-01
-5.369862942080805279e-01
-2.610033403964587273e-01
-3.965986838971018447e-01
-9.316470308746056528e-01
8.966889019037089792e-01
2.721714078931711245e-01
-6.892572251032887953e-01
-9.103584429341868844e-01
6.641650340408969955e-01
-3.107605067309666680e-01
8.289108609204677292e-01
-1.958109884917713650e-02
7.957701199446995943e-01
5.817206688988924013e-01
-3.181368027461108916e-01
9.610482752660666206e-01
-2.575509444515098334e-01
2.037670466794656160e-02
6.031284105756247182e-01
7.945850668161247299e-01
-6.127103781574496644e-01
-5.693720620359877804e-01
7.288306170460149280e-01
1.187032693954259699e-03
-8.890521696691365827e-01
-1.070640953514056415e+00
5.029750344222905234e-02
2.670567048880287953e-01
1.912092383916948191e-01
6.167071752017636577e-01
-3.616423045857299901e-01
8.254337812078811343e-01
5.444223342118471587e-01
-3.431809231877893662e-01
-1.005545889719623720e-01
7.972548339759365499e-01
9.516551576536034229e-01
9.762155759758661677e-01
-9.721308420783674187e-01
4.987668819803894316e-01
7.864006612264827778e-01
-5.100061445725974085e-01
-7.528482607022419781e-01
-2.836831701969625974e-01
-5.467571693108482789e-01
9.068112764494442590e-01
-1.028985268420166355e+00
6.875020237773779019e-01
9.349906660888444854e-02
6.827629351815038827e-01
-6.647097982143155281e-01
-3.242680065866203609e-01
-7.978932097350573960e-01
8.751818780821893906e-01
-2.033691667697477279e-01
8.192353455804216589e-01
7.105301602421190132e-01
-7.385541472368012395e-01
-4.675123840967694289e-01
-5.908075823543899041e-01
-9.606679756447072949e-02
-2.478497547451848360e-01
8.564263090498148712e-01
-7.693316689698169730e-01
-9.343013965863576908e-01
6.199493568870810822e-01
-8.721564849299219269e-01
8.377206441279950733e-01
-5.446685703495246500e-01
8.023888461253743110e-01
-3.186471000859048552e-01
-1.059896970691375673e+00
-1.200858538139993659e+00
7.045347410788072029e-02
1.103514897874667278e-01
6.851732170231759067e-01
-2.484599813177611194e-01
-6.065659455524459176e-01
-2.460217977720113858e-01
-8.265816248495885254e-01
-2.197482557523431357e-01
2.659845751913638701e-01
1.004906138756348266e+00
-2.530158320175379671e-01
-3.488971359489685398e-01
9.079631139912659465e-01
-1.003484337464870535e-01
-9.310215733974056551e-01
2.863832343846648421e-01
7.173841669852006886e-01
9.138725297052391339e-01
3.812268777983224277e-01
7.431642004492609033e-01
2.731654655058977643e-01
4.965893811754043541e-01
1.043506173933596237e+00
-6.474099094243990216e-01
5.197641564305410800e-01
-5.876446468201198536e-01
-3.806988954125678504e-02
-2.199044995134174785e-01
1.944802347317005353e-01
1.175328077823108164e-01
-6.902298612054730276e-01
6.000396526262703478e-01
2.425978876218561342e-01
-3.809742566736643021e-02
