9.656547479239070420e-01
5.096099549439746523e-01
-6.870134852866774944e-01
3.765340078277800151e-01
-3.665324887905613838e-01
1.372667174706784787e-01
2.560641070738516739e-02
-2.365373004762138520e-01
-6.397568921504332984e-01
-4.121035722947316016e-01
-8.573373861294315557e-01
5.562804153194376156e-01
9.396760480679560157e-01
-8.418827008373541698e-01
1.762185256543234713e-02
-9.776104171605495274e-01
-2.356675263137780058e-02
-8.195087258211927184e-01
-6.287470997257447181e-01
-6.358832201471757983e-01
-1.000000000000000000e+00
-8.004188669171754533e-01
8.393115367753813949e-01
1.224526344356212521e-01
-5.325738761795103526e-01
5.709154776188849478e-01
-4.508098801975377601e-01
3.097993405739448702e-01
3.602158241354769252e-01
9.731596273778421458e-02
7.707562449902098933e-01
-1.000000000000000000e+00
-5.843790918900012565e-01
-9.269352376585360265e-02
5.697559715566847816e-01
-7.007069778237222657e-01
9.567000621774739422e-01
-9.673839265729983206e-02
5.383507250102066433e-01
-9.840114305872132983e-01
1.444944528878624457e-01
-6.151376835864420523e-01
4.230889948665403910e-01
7.479046478064985681e-01
7.537782842050213539e-01
5.276830676474387749e-01
-2.716761987391747013e-01
-5.041777591540061443e-02
5.926466749260298483e-01
1.094598093081422530e-01
-8.626989388778840695e-01
3.228348341444217118e-01
3.689323690857110316e-01
-5.554506783598243264e-02
-7.163614671028999403e-01
8.186433504983086085e-01
-4.731892448018092945e-01
9.228324482954313179e-01
6.078798521107613428e-01
4.547789887844000400e-01
-9.527869979802749967e-02
5.335279603948805960e-01
2.918858724970088692e-01
2.847906740884407206e-01
4.639069353599513112e-01
9.994179310534339056e-01
-3.926356065235184212e-01
-3.642481839081838091e-01
3.906223493667075886e-01
2.986289231324230631e-01
6.330413448465491699e-01
7.065239964035210374e-01
3.289571493855097395e-01
-3.477824174241506139e-01
-9.161483785246669065e-01
6.626239495876098395e-01
-1.070322903506343848e-01
7.668596227853646807e-02
-2.472235623988559006e-01
-1.307971084148817908e-02
-5.648363777555325260e-01
-3.593567074586068166e-01
-7.538311108853710252e-01
-1.472223996059434104e-01
5.860266576444455033e-01
-5.322261583686207498e-01
5.705619564373879404e-01
-9.552932662381448115e-01
3.461821397075908191e-01
-5.753491921641438189e-01
-1.000000000000000000e+00
7.517902221672517760e-01
-1.158959264977903747e-01
8.643698515592483922e-01
1.156400443288374547e-02
4.812168537148742153e-01
2.149467517145630391e-01
1.209272588180498320e-01
2.600883708264794536e-01
4.039499679507356777e-01
5.623282001637714966e-01
-4.220441649058332967e-01
7.733108772382177865e-01
-3.797339557704440538e-01
3.804872964190996187e-01
-4.867036734510374885e-01
8.768801027612269650e-01
3.051179573293848479e-01
5.344935812684170617e-01
-6.411732384771506865e-01
-8.836243850793569221e-01
-3.685892130480554751e-01
4.839139549540807939e-02
-2.488612794229347613e-01
7.695158016696698189e-01
6.936619162606860733e-02
-5.083924069147074398e-01
1.036544547809136463e-01
-3.853536751175572483e-01
7.233456540295923887e-01
5.569726886985151282e-01
-4.552876929527531757e-01
6.222488705986213287e-01
-8.152889356188275372e-01
-6.676475450824626012e-01
-7.679843006733634292e-01
-6.899794614558342198e-01
8.136238899129760727e-01
4.374243302571687586e-01
-1.000000000000000000e+00
-6.465438190777090810e-01
3.054401865038053332e-01
-8.377009724589803419e-01
-7.278171928519683309e-01
3.114790331893664277e-01
3.100515775728855394e-01
-4.417907188732496104e-01
-3.541492073376713012e-01
-9.360275759034148990e-01
8.994478463231463383e-01
-2.657994407979041851e-01
-3.082858038499489695e-01
-2.892937890533171519e-01
8.820967658316032356e-01
1.958629828515789928e-01
-4.234200387414699396e-01
4.908450505864691560e-01
-7.208033899435566383e-01
-3.911297656665989608e-01
2.266693289249191168e-01
3.332038500984473295e-01
9.609507583248128038e-01
1.590233125448352880e-01
-1.813528401530305895e-02
-1.134028352187015365e-01
7.381114569082525279e-02
4.179340040795512246e-02
5.615508588194153550e-01
-3.377724000915778846e-01
9.234469572688638328e-01
2.399327565919092409e-01
-3.896386166814257423e-01
-4.379823702818778086e-01
3.554773069411243380e-01
-7.648177637790520844e-01
-8.618048636494108905e-01
-6.506971398114826943e-01
-3.414220472302308962e-01
2.963733405982410529e-01
-6.513781638922566675e-01
7.241951661056258982e-02
-2.079170099271779315e-02
6.857038175027638793e-01
-1.891897888967037922e-01
-9.425638828815746662e-01
-4.544919273333064558e-01
4.487583439751560710e-01
-5.060342240107810197e-01
-7.214520758378961673e-02
8.591062470183314925e-01
2.834245868355009246e-01
-5.060092216513909502e-01
5.820258230529287147e-01
-8.769441594858266020e-01
7.333729891116533839e-01
5.176649841105509520e-01
6.054043646835152725e-02
9.296231957001943602e-01
-9.381826267006607711e-01
-6.794989886353658415e-01
-4.678827945879004968e-01
-6.945176097142711225e-01
-9.594375797973347941e-01
-9.818245343068339459e-02
2.991129036917321571e-01
-4.587109723916767412e-01
-4.976717703971048068e-01
-1.931741024686304264e-01
5.647782639302314500e-01
9.469446817784894499e-01
2.089676968246389765e-01
7.966177168682363474e-01
4.935792996005128330e-01
-6.540606979532455068e-01
-2.411003111772059837e-01
-8.308515059881989018e-01
-4.296789580674673648e-01
1.448426104992418806e-01
-8.356735506885249604e-03
5.974850930539811200e-01
3.027704305572351817e-01
-5.448582363994033256e-02
-3.858380638836469423e-01
6.995500247594707011e-01
2.800350642076713248e-01
7.006662805077870093e-01
6.525297344947055267e-01
5.273330770671016410e-01
-7.028918645156291278e-01
9.990507380700595075e-01
-2.177115915818398362e-01
1.885986594056087706e-01
-1.881493778578275378e-01
-4.433948918990369137e-01
-2.126651330990934063e-01
-1.343896379026678356e-01
2.496101560912722395e-02
7.248103224385001875e-01
6.373687058969821351e-01
-6.535637626422785562e-01
4.821348954218591665e-01
-6.275684011397588691e-01
3.247205062770046613e-01
-8.635896731574961294e-01
1.637466131781937229e-01
5.735722719683860049e-01
-4.850942916657700055e-01
2.444181589627605622e-01
-2.942358604964433466e-01
-2.842802283093664450e-01
-6.343646704239144229e-01
6.703572992287739618e-01
-7.450125186418892209e-01
-2.807922156667955194e-01
-7.842218237280115800e-02
-4.044276357499576591e-01
9.410887340833540282e-01
3.974023058653949891e-01
-8.499336371814622537e-02
-7.264618897474509618e-01
-7.524309701065685640e-01
-6.777459868575163027e-01
-5.682905844974646126e-01
-3.651873082155240868e-01
-5.157924042574445478e-01
-5.624560709816206483e-01
-6.661086894368857259e-01
2.862396663427537735e-01
-4.569507419872336218e-01
-1.565612898993626878e-01
-4.324429443727821898e-01
-2.356317536496196907e-01
3.328442640548471831e-01
2.904344459178511695e-01
-7.838327574573302758e-01
