-1.267999286203160270e-01
8.165150727295709121e-01
-1.000000000000000000e+00
6.728970574566492946e-01
-5.901778162810953354e-01
3.647930438413815590e-02
-2.004581855239259136e-01
-4.236870558794019193e-01
4.088810461842090072e-01
1.425156289033674972e-01
1.000000000000000000e+00
6.038415558842119557e-01
4.488833608132475894e-01
7.326192906362442026e-01
2.810551110897878749e-02
7.859105937640253892e-01
6.700232200226461377e-01
1.796437948062907797e-01
-8.592196494691042297e-01
-8.847075417942885656e-01
8.752896930480863480e-02
5.288963624161501231e-01
3.545598736810254975e-02
6.415779398357814856e-01
-5.068654360480939758e-01
-2.858810564673474608e-01
3.328242915931219764e-02
-2.498655925370213138e-01
-3.940771640232682560e-01
-1.002411948117726687e-01
-1.948073505803602778e-01
-2.337767099393924797e-01
-2.135446220353033608e-01
6.048602877810799194e-01
-1.000000000000000000e+00
9.326251483602410186e-01
-3.591476128217787611e-01
-2.250728258131806936e-01
-6.344061877289963736e-01
-4.906829587316333674e-01
8.506980025679909962e-01
8.012987483519762311e-01
-3.287502859693055002e-01
3.903621997493804119e-01
-7.957290250567741752e-02
-7.257327671280970893e-01
4.949450648494063687e-01
1.144484466496564767e-01
-8.554480306801934830e-01
1.166845618883450564e-01
4.449826993798946528e-01
-1.543295213451005288e-01
3.280156853588723775e-01
-4.579772933197516216e-01
-1.443512590804676421e-01
5.397179587697432668e-01
-5.656615932290122162e-01
6.356191657780871918e-01
2.230215258468279949e-01
3.137062162816719457e-01
7.168979551350372903e-01
2.932187437079191161e-01
1.000000000000000000e+00
-5.050315006083503366e-01
4.302432638735884662e-01
-1.000000000000000000e+00
5.431709485486768685e-01
-7.001748416979436396e-01
-8.628890608639535609e-01
3.418948995817337466e-01
4.723184096095266460e-01
-7.024547565527829995e-01
-3.845545148085670606e-01
7.154561603311108131e-01
3.066892063353517939e-01
5.864021210520101723e-01
4.853208467544719573e-01
-2.719002535509050245e-01
-8.561038279928041561e-01
-1.669143219786892729e-01
6.676459600455371124e-01
9.821760731286126589e-01
5.218168023579907722e-01
7.543132630250333204e-01
8.188420418080807894e-02
9.752867327942891240e-01
-7.511605921277000331e-01
-4.196340592041847284e-01
1.607496322824252810e-01
8.854163620590612682e-01
-6.386751544841576811e-01
8.477303759633401103e-01
4.303728393452740941e-01
-9.215874651791615690e-01
-9.513154664421423767e-01
-5.604556049627016368e-01
-2.915786966124225277e-01
6.451484458871094008e-01
-5.191556957829587260e-01
9.592080163682472627e-01
-1.461373061930602291e-01
6.465614943543317450e-01
8.277368166285548057e-03
-6.998686018472177750e-01
1.000000000000000000e+00
1.535682450176040492e-01
5.678980923715758466e-01
6.358413497109404178e-01
1.532739532168102825e-01
2.358014222970483686e-01
-2.161198148560327520e-02
6.925403403393046720e-01
6.359891643641258918e-01
4.351451827224304125e-01
-2.639610260268014930e-01
5.706873155007872178e-01
-2.031560352466537100e-01
-3.032216061144965003e-01
-6.854494166655573650e-01
6.361814246883414903e-01
4.046095917368076056e-01
-5.638454661173075699e-01
-7.757177039861288259e-01
-5.262813268695460955e-01
2.282307820491357719e-01
-9.942512461420900394e-01
-2.645316682766171712e-01
-3.196768603481859317e-01
-1.000000000000000000e+00
6.571759296231359793e-01
1.000000000000000000e+00
-7.556232670307058141e-01
2.367234145048273952e-01
-3.115837928706213233e-01
-9.010894847293993148e-01
8.237077684711412440e-01
-4.475914454779370555e-01
-9.405052201341826401e-02
6.563973046181570403e-01
-8.385155980396088449e-01
-9.996307481661683703e-01
-5.259592783721430687e-01
1.082100069279082755e-01
6.230912594043027664e-01
1.000000000000000000e+00
8.339502215067370328e-01
-2.267877221563345813e-01
-6.571889963453749761e-01
9.851947098109331558e-01
-1.000000000000000000e+00
-7.309494071085838041e-01
4.669668561467671397e-01
2.163589993155194402e-01
9.375045252622876690e-02
1.811223639956286574e-02
-9.397624484225775010e-01
6.020255200252200289e-01
8.265148115350380298e-01
-1.509106508978068639e-01
8.858494024639747000e-01
-3.126904257237504425e-01
-4.528413722887326132e-01
-1.479784465122560566e-02
-9.531028139880146632e-01
6.812783381480997935e-01
-3.886384316246052628e-02
5.824641425993504207e-01
5.004667381351474154e-01
-3.431155186052810557e-01
6.872704877502322507e-01
8.759266165596518716e-01
-2.101325054145762317e-01
-1.000000000000000000e+00
-2.274855300871503339e-01
5.679844426476705621e-01
-1.000000000000000000e+00
1.000000000000000000e+00
4.854400555800881811e-01
-2.230384166833851989e-01
-2.791029895981897435e-01
-9.565318576151284891e-01
-9.026947125223370172e-01
-1.787112470153848498e-01
1.000000000000000000e+00
-5.966329378062943389e-01
3.301709042152921603e-01
7.290822842042030683e-01
-8.107051905265393321e-01
3.435233945627043650e-01
-3.363309995966320409e-01
3.282378754533332721e-01
8.080536642679053694e-01
-1.727482254747605417e-01
-6.347496436963125932e-01
2.737899329932211301e-01
2.283140011916445777e-01
1.878348432960617043e-01
-7.101313339893697840e-01
-1.319301113175708196e-01
8.016237639086879474e-01
-5.672190131387261358e-01
6.070203613800159159e-01
3.218097423611051555e-01
-6.831557334806712678e-01
6.548588243388742125e-01
-3.501218991238586042e-01
3.843927133562818899e-01
-9.050160074170536806e-01
1.000000000000000000e+00
-7.613162313912209544e-01
-1.990635731775381445e-01
-8.120972304035634082e-02
-1.000000000000000000e+00
1.303975473979193389e-01
-5.339808044257783326e-01
8.501281370421459593e-01
-6.569572393734648408e-01
-1.000000000000000000e+00
5.416863713641024702e-01
-3.837976130812669195e-01
1.876645799027979733e-01
6.266944903041922199e-01
5.146998944041900614e-01
-7.120394218246814955e-01
-4.947193568460235280e-01
9.560269461995978268e-01
-9.854874205118694386e-01
3.313858967417120382e-01
3.859865123140107102e-01
-6.447163831059253836e-01
-8.917413321652225555e-01
-8.301191484308917401e-02
-3.867047615900019442e-01
-2.187850855438737419e-01
-7.142615674077981702e-02
-4.083234164306563385e-01
-7.466813671213405890e-01
-9.772583760873425618e-01
4.408453242535719241e-01
-5.578815093015238036e-01
3.215886551445260033e-01
9.214861905473050729e-01
-9.846402369063984583e-01
5.275510941315731950e-01
6.418678099667495252e-01
-9.696854151666212118e-02
2.219473191755974573e-01
-1.795258147197340559e-01
7.095646021894770339e-01
-2.916603543421738554e-01
1.058934157293741490e-01
-5.738437053509558572e-01
-3.096781906522336758e-01
-9.291148780317026734e-01
5.120417024024291885e-01
2.148481376815554733e-01
-5.219165761458250952e-01
4.255610550934488812e-01
6.195766882348909821e-01
-3.770647958439780623e-01
-7.340492509727052362e-01
4.349284193040479085e-01
-1.421419097517308446e-02
-7.454139656830116589e-01
-5.637649047531451130e-01
