8.099974887779730348e-02
2.021549604957164625e-01
9.633966865186150974e-01
8.728576454000853690e-01
-6.079951215725024616e-01
4.786405370822844341e-01
-3.677528751303675847e-01
1.000000000000000000e+00
-2.230064337521148743e-01
-7.605368771253437354e-03
-1.000000000000000000e+00
7.248396525401478163e-01
1.000000000000000000e+00
-5.575025472740290367e-01
-6.520767567361971384e-01
-6.542022510430840487e-01
-9.264664994478926108e-01
-2.523680828448748303e-01
6.171538990193776719e-01
1.818096163566619294e-01
-7.600685888690236758e-02
1.000000000000000000e+00
-7.041328346276874983e-01
-6.212663855616467057e-01
4.377410156938462138e-01
-6.761909381391794094e-01
9.547246427314599604e-01
-8.604146884427163466e-02
6.374983094702996178e-02
-8.142313994358585383e-01
-5.651810565202972647e-01
-4.514855384482063805e-02
2.068133648226571086e-01
8.787298029982693048e-01
-8.080441765026243894e-01
-6.638623580281444170e-01
-5.178266614421143110e-01
6.763965708779401398e-01
-8.573309168084131127e-01
2.238267367722188705e-01
1.377922245654596700e-01
5.005446084329010503e-01
5.088338343176885825e-01
2.238844107805034733e-01
4.924593213935447023e-01
-7.706989428049431101e-01
1.767963209906537603e-01
-2.845675623456800363e-01
-8.547965063327980229e-01
1.381855100218367660e-01
-8.494150272313765182e-01
5.246380148485922934e-01
-2.084304870216107664e-01
-7.789676159484311135e-01
-1.142611565014378938e-01
2.465631645394733007e-01
-5.118079446968649970e-02
6.364222906242456013e-01
4.076220678199227176e-01
-6.776586254541383525e-01
-9.958989789243608559e-01
4.314073409808255599e-01
5.054778492822575853e-01
-1.395538227354253813e-02
-3.386701421997413419e-01
8.769210409549117458e-01
-1.000000000000000000e+00
6.427047476636551515e-01
-8.255189197467480144e-02
3.129696993902078561e-02
-9.132575315206326039e-01
9.117439498928179287e-01
-7.238460182657019404e-01
-6.376969626720696560e-01
-3.670379952440364635e-01
-9.915585842923958504e-01
7.325158932685897906e-01
-6.480927368450093429e-01
-6.769557771053875683e-01
2.149230067388614995e-01
-8.982583905986116779e-01
-3.798362446465321507e-01
-4.809817297688212534e-01
-1.739113245832712984e-02
1.000000000000000000e+00
-8.614082646325099679e-01
3.954801444728370252e-01
-4.953341845950209876e-01
-6.716204761810773416e-01
-5.815868475780194835e-01
3.703615872453251967e-01
8.447661918797945146e-01
-8.539188205375060070e-01
2.348711199054513976e-01
8.471667930695381266e-01
-3.454089960311119700e-01
-5.271656899341639058e-01
1.258723618704786218e-01
4.156798319619837145e-01
-3.005775860225397000e-01
-7.223669665994932876e-01
-1.721088640139370740e-01
-6.751192896270231669e-01
-2.101978116280203146e-01
4.404362816917527512e-01
9.926105494142476449e-01
-6.383742423384837217e-01
-8.253577667438132259e-01
6.753639964606277246e-01
-8.816927811033197226e-01
6.277152244508243939e-02
-5.706099192047164870e-01
-8.839201740406912311e-01
6.749329611476733159e-01
6.941735314742999430e-01
3.393252388178047418e-02
-3.876260567995545303e-01
-4.919921436255329517e-01
-2.610795081171679577e-01
-7.162926996867549079e-01
-1.706144429495547454e-01
-8.708846328905353040e-01
-7.351071445110550773e-01
2.971063344919583349e-01
-9.550571757125194683e-01
9.341600706200665627e-01
1.984951997995969553e-01
-8.905171985511071142e-01
-4.909291934800342760e-01
3.312394482453575595e-01
4.680136853560556975e-01
6.701966853646589006e-02
1.000000000000000000e+00
-2.415931552263690385e-01
6.530785067009007294e-01
-7.490676255539567840e-01
-3.365608625465569825e-01
-3.422500149466431996e-01
5.324298362489641168e-01
-3.471301832692253453e-01
-6.406714641936350763e-01
3.114438853707521826e-01
-8.361405273219016387e-02
9.982480727656737329e-01
-9.595697530295292932e-01
-1.253798398144641002e-01
-1.000000000000000000e+00
-5.590169703395573286e-01
6.514367206148607981e-01
7.369365569105733593e-01
6.034505885077947607e-01
-7.847515272885656756e-01
-4.635374943788506119e-01
3.185089701053273048e-01
-7.062701193423461810e-01
4.135468378641611320e-01
5.898617733532738328e-01
-3.292259356410709437e-02
1.080090278498218315e-01
1.817050802073501004e-01
7.601776193775148238e-01
3.925500311868050929e-01
-7.260310658954034491e-01
3.067091917966883186e-01
-1.008821654450787753e-01
-7.260045620076567285e-01
-7.811003148282218422e-01
-5.755154326456484171e-01
-6.694274915518942937e-01
-7.008621822620968445e-01
2.110409732137299432e-01
8.919966456180473680e-01
-7.523781553217678830e-01
-8.317369051148214565e-01
4.454729194574772455e-01
-7.015443322486633604e-02
-5.159625639488448767e-01
-8.602492345634196180e-01
-2.347454174883794042e-01
-6.495074951949236786e-01
2.935187210814814707e-01
6.917130834419875640e-01
-6.782610181046773157e-01
5.451326904265281492e-02
-6.024575254788782086e-01
-5.916174913863849749e-01
5.224761668165954775e-01
-6.846957034893836891e-01
1.844975636936919128e-01
9.793846430719794771e-01
6.974114460855271869e-01
6.860605818892557828e-01
8.475479421705980343e-01
-4.824929640180937174e-01
9.697700368823487516e-01
-1.590213718707182977e-01
-9.841975325949188225e-01
3.902788374510803848e-01
-1.613029916941957076e-01
-7.932249027095388261e-01
3.389962644821291615e-01
9.353696111112995704e-01
-3.192569104432209093e-01
-6.031171793093128564e-01
-3.441273201398913351e-01
2.319100576901327038e-01
-5.230253685112540296e-01
8.750225689648015726e-01
-2.255364381894342518e-01
-2.581463173645737186e-01
-7.507406749608104279e-01
7.331288479082478382e-01
-3.248442735210488319e-01
-5.908524671360156910e-01
5.639066385301194639e-02
-8.104833540298498340e-01
-3.049065073991241714e-01
-3.286264075326354450e-01
7.242222668523008444e-01
2.940528679450867822e-01
3.394491586202632027e-01
2.724490202166731656e-01
9.757173576590374431e-01
3.627449361286785301e-01
3.239317773515304477e-01
5.912912507013287078e-01
-7.578944935585581189e-02
8.533356260410194238e-01
-4.839328608367493567e-02
-7.651114458463060819e-01
1.788316680471078168e-01
-5.459187319788656456e-01
1.282684671462314130e-01
8.144931145172544795e-01
-3.494855896591360089e-01
-9.242791018244433943e-01
-4.492835344718717483e-01
-6.730705363025433208e-01
-2.124552091425120359e-01
5.230621985038685917e-01
-1.057827624698566282e-01
-5.381141918883476372e-01
-6.483886882864009493e-01
9.688897959409786820e-01
3.282376708718499070e-01
5.924244967689351604e-01
6.013777659068935133e-01
3.655533519935536546e-01
-1.127537600830501724e-01
5.746529028621489843e-01
5.074805287196237913e-01
-6.374470625393429124e-01
-7.024816197628662717e-01
-8.807867367021060545e-01
-1.790431962670797905e-01
2.426490879488892305e-01
-6.649148277638521343e-01
5.707474275617022141e-02
6.249773046388573672e-01
-2.288722167659172357e-01
9.187734756948678916e-01
7.839442003161067873e-02
-6.085041497926135801e-01
-3.979278591163293299e-02
1.178978693202198946e-01
