-1.013887954292819332e-01
8.289182920586519732e-01
-1.000000000000000000e+00
7.377466871424159800e-01
-6.541347341604695220e-01
2.843119138376989236e-02
-2.761523377570710980e-01
-5.368764483610546367e-01
4.730340758057096640e-01
-4.275518290114809633e-03
1.000000000000000000e+00
5.655768914651714274e-01
4.495673921667393547e-01
7.309897419684472375e-01
2.526323250127684994e-02
8.487961047049499275e-01
6.655797670772770624e-01
2.082735436238023208e-01
-9.172438166505785251e-01
-9.189082633432001934e-01
6.839792980817045731e-02
4.314889545429879125e-01
7.503921432394719537e-02
6.371557582853637491e-01
-5.121353014487306510e-01
-2.874586992717813594e-01
1.162331641335850180e-01
-2.532786001317419156e-01
-3.056365894556773433e-01
-1.002411948117726687e-01
-1.685427724316901910e-01
-2.779171477543721513e-01
-2.840666982229926862e-01
6.124812774615537858e-01
-9.738525537987817726e-01
8.930343433445788737e-01
-3.453954335515913576e-01
-2.350780201145222792e-01
-6.260792155494102618e-01
-6.261566957734451266e-01
8.930661513558382225e-01
8.298284069322914291e-01
-3.287502859693055002e-01
3.833327791764859493e-01
-7.957290250567741752e-02
-7.359090847577571814e-01
4.138351546255856217e-01
1.144484466496564767e-01
-8.530002010959536474e-01
1.070529886557533283e-01
4.250159196965943020e-01
-1.688132187806703488e-01
2.509513235904780037e-01
-4.941292798246668116e-01
-1.460558753446163371e-01
5.957814911668430913e-01
-5.614746171899616112e-01
6.642598921384270660e-01
2.496874720040750673e-01
3.702818909944949333e-01
6.964528313411580962e-01
3.156841908107654304e-01
1.000000000000000000e+00
-5.050315006083503366e-01
4.324665072221962059e-01
-9.663585956910198949e-01
5.232174952956877290e-01
-6.723136983450849202e-01
-9.065667376672106315e-01
4.724856472495754800e-01
4.670337052227402364e-01
-7.878952257553226701e-01
-3.951088967989968559e-01
7.200852459020916640e-01
3.549503117010583964e-01
5.783181304544027235e-01
4.848125240265670488e-01
-2.126729722848740289e-01
-8.078453487201369132e-01
-1.669143219786892729e-01
6.203997102284209975e-01
8.800845695695266313e-01
4.441054091409689097e-01
7.261719710562801744e-01
8.651967931353621299e-02
1.000000000000000000e+00
-7.675795603110839860e-01
-3.629820482694656736e-01
2.281797292599356264e-01
8.575910695359763025e-01
-6.053044799044798863e-01
8.406795752705863434e-01
4.954724063312666016e-01
-9.215874651791615690e-01
-9.417278947435231418e-01
-5.838386232111518748e-01
-3.393575261966459422e-01
6.367527398816895667e-01
-5.305925291570130486e-01
9.752953708183462744e-01
-1.764544878139376050e-01
6.465614943543317450e-01
2.226124046954510577e-02
-6.998686018472177750e-01
1.000000000000000000e+00
1.425995789016475113e-01
5.609662614542667569e-01
6.724012227839449851e-01
6.901873596523325216e-02
2.817425950290910475e-01
-5.218665855470649984e-03
7.105193493706098984e-01
8.449835508565296527e-01
4.434533050334093507e-01
-2.430374796011979810e-01
5.516109948206671110e-01
-1.838062185839999807e-01
-3.096819964588952701e-01
-7.107070585275506724e-01
5.952341762053703356e-01
4.256547540612969360e-01
-5.491469637199636322e-01
-7.790853744577440620e-01
-5.456811781135798567e-01
1.525399135680686469e-01
-9.589288835581440962e-01
-3.421050864769151767e-01
-2.393467863018139130e-01
-1.000000000000000000e+00
6.879788576628381724e-01
1.000000000000000000e+00
-6.458313530618861042e-01
2.163261074836433373e-01
-3.134449232845105127e-01
-9.389334148711107053e-01
7.861306950124730131e-01
-5.005071882828658891e-01
-1.148856154867931162e-01
6.809901316095263724e-01
-8.193947880991303556e-01
-9.866355304829669270e-01
-5.259592783721430687e-01
1.065296990090784518e-01
6.295073754921750586e-01
1.000000000000000000e+00
8.339502215067370328e-01
-3.202301654733247793e-01
-7.698141089188317299e-01
9.970259019397137434e-01
-9.732547651012301015e-01
-7.144255604522438130e-01
5.042557735829604759e-01
2.139273614586091887e-01
2.758470336102374770e-02
-6.897934870255058304e-02
-9.306475854830628114e-01
6.902717447265318551e-01
8.711559840402096633e-01
-1.509106508978068639e-01
9.819308665160441096e-01
-3.288580597971427766e-01
-5.824932243643254903e-01
-1.479784465122560566e-02
-9.226457964223424568e-01
6.784198634424587482e-01
-7.906342721499765025e-02
4.733703322949536219e-01
4.565939785408488771e-01
-3.807003991733547421e-01
6.872704877502322507e-01
8.254786254954512570e-01
-2.091505977206042921e-01
-1.000000000000000000e+00
-2.582271841943782897e-01
5.396556957922912234e-01
-1.000000000000000000e+00
1.000000000000000000e+00
4.446200748036324146e-01
-3.012644438722119622e-01
-2.390036020225504432e-01
-9.615350348630600230e-01
-9.346160638731003667e-01
-1.374262869166745227e-01
9.489167041369991340e-01
-5.881379239777436707e-01
3.462310124236720466e-01
7.597975382656952936e-01
-8.080255754379421784e-01
3.515385238181139016e-01
-3.726795985191639904e-01
3.595920420195973244e-01
8.605619303948903731e-01
-1.944024830041775898e-01
-5.664799496951534730e-01
4.045285723842795833e-01
1.754431797676757332e-01
1.527629296970237638e-01
-6.419154204340812298e-01
-2.986899002491349986e-02
8.222222943503131320e-01
-5.917813923940928866e-01
5.789868783372849048e-01
3.720264724998363359e-01
-7.179163043333706140e-01
6.562560284222543894e-01
-3.664863308399871622e-01
3.843927133562818899e-01
-8.511757063974878523e-01
1.000000000000000000e+00
-8.348274814879901307e-01
-2.536462289106506396e-01
-8.120972304035634082e-02
-1.000000000000000000e+00
1.330949142172135335e-01
-6.464580070261867206e-01
8.224372169414178035e-01
-5.869943236051152757e-01
-1.000000000000000000e+00
6.089803735946727192e-01
-4.146126594889582018e-01
2.462324063758682957e-01
6.248725624822605296e-01
5.089001381158244630e-01
-7.094273192033561104e-01
-5.081011826044260493e-01
1.000000000000000000e+00
-1.000000000000000000e+00
3.220039278403261651e-01
4.140042313885244907e-01
-6.999823208483060277e-01
-8.969955393942967703e-01
-8.301191484308917401e-02
-3.889523930394469531e-01
-2.688753942151280163e-01
-8.678992758234443938e-02
-4.069927762971076723e-01
-6.820628115773655908e-01
-1.000000000000000000e+00
4.480282348170038231e-01
-4.993871120510352535e-01
2.982012181989876498e-01
9.837842285591957836e-01
-1.000000000000000000e+00
6.061827561913282203e-01
5.330014660987553166e-01
-1.117178828962543807e-01
2.129173205553254178e-01
-1.403834421393242160e-01
8.348610663999267434e-01
-2.916603543421738554e-01
2.046838000734331753e-01
-5.060849057723333377e-01
-2.542292287587350486e-01
-9.291148780317026734e-01
5.283802696556628709e-01
2.148481376815554733e-01
-5.589551678600985785e-01
4.255610550934488812e-01
6.215738321488903928e-01
-3.972751462320733840e-01
-7.264964057113373341e-01
4.581403237889178914e-01
2.340612482324022636e-02
-7.454139656830116589e-01
-5.711767564201948311e-01
