-1.000000000000000000e+00
-3.246984094371718754e-01
7.988964541887992876e-01
-3.405361903966248605e-01
-8.150048641688896200e-01
5.128826486562372278e-01
-8.412202273504294503e-01
4.480525440131137849e-01
-6.553857479740434755e-01
9.886882958490348372e-01
5.550832472872373469e-01
6.564639117985027195e-01
-6.165355492133595128e-02
3.565526816717443648e-01
-4.366954895713552887e-01
-6.193843517686283828e-01
-8.022610289275048379e-01
-4.370250309357384122e-01
-8.814320767128607237e-01
-7.091341377392756939e-03
-5.362030778521251762e-01
8.326304207572092775e-01
-8.453280704587059491e-01
-7.683162580829023813e-01
5.245948051369289100e-01
9.188527102824004533e-01
-9.513238810486859265e-01
-7.147577253629113780e-01
-6.176252597697207136e-01
1.693511134405905061e-01
5.323954159675647890e-02
-5.691098266862744115e-01
-3.300986864416932676e-01
-6.230249261370834901e-03
-1.958087692942371838e-01
6.130908199188245256e-01
-8.515860386443578900e-01
-2.977307681742074053e-01
-8.644925277067385672e-01
5.206138481547104568e-01
-4.036800738386627785e-01
-9.598991702456955988e-01
-5.608479687670570035e-01
-4.718789604551210104e-02
-3.233766250811105358e-01
1.632656643513690220e-01
-9.719212848558611562e-02
6.855008760619467623e-01
-2.459917955244648735e-01
1.374535798754847882e-01
-1.828143322815047878e-01
5.234114999720429484e-01
3.028981234392946753e-01
4.570410943982541330e-01
2.591543077365110470e-01
7.299497089963153940e-01
-8.301177249236666444e-01
9.163020900229394972e-01
-4.183427084924895567e-01
-8.847127483145122984e-01
1.557376322423822401e-01
9.063888820851206951e-02
7.754042920583301690e-01
-5.751409502311477517e-01
-3.767504182465404305e-01
5.192679604843275509e-01
-1.344063483266827452e-02
2.769018623004386725e-01
3.891848349199586998e-01
-2.350143555851231802e-01
2.521909509137907346e-01
-6.430881629073857686e-02
-3.199563834311416333e-01
5.002563581284358296e-01
-1.682601157917025247e-01
-2.081836988994623105e-02
4.012750137488303448e-01
2.747865033109953004e-01
-3.592876729561617077e-01
-8.810525062853127309e-01
-7.041740234738003146e-02
-2.363124370734730473e-01
3.345739390175160310e-01
-5.667290109718516877e-01
7.279655386912016191e-01
9.409322091737765126e-02
9.491155636579293731e-01
-7.722593942908788645e-01
-4.923049857406582852e-01
6.086705366779823212e-01
-9.414388530736401695e-01
1.022582849921265247e-01
-1.119205891221211058e-01
8.550838846974389007e-01
2.889081104968198588e-01
2.233262247261659228e-01
6.665136249798326862e-01
-1.759704404951845103e-01
7.075575321668736706e-01
5.719676365220038861e-02
1.133018263382911672e-01
-4.570294086791149013e-01
1.000000000000000000e+00
-2.129360806397850858e-01
7.155456196965293003e-02
-7.611492429046136099e-01
-6.005844277384442265e-01
-5.415689007272073141e-01
-7.990171837901289820e-01
9.280055589783700043e-01
6.653750337204602516e-01
2.458869730365598194e-01
-3.166324248562191190e-01
-6.113395494886173509e-01
-5.854528729390224839e-01
-8.016140855087712236e-01
5.415841914400848500e-02
3.413999307074799816e-02
1.085948392953173247e-02
-9.912268508196386829e-01
-6.707534105974386485e-01
2.351051890420887691e-01
-4.045704287299545232e-01
-1.664700153708480457e-01
-7.616645951238851797e-01
-2.733732647744857580e-01
-6.015316732693027912e-01
7.986402642596928114e-01
5.051498650011463365e-01
2.846194479161501256e-01
6.219851567652823210e-01
-7.978113448343810976e-01
8.228049449436227736e-01
-6.291305488993781392e-01
-3.496350785417623452e-01
8.965190246564544996e-01
-8.966142120883615618e-01
5.085711478103880356e-01
9.404031283226950144e-01
-1.807920314990603128e-01
4.639576047238671563e-01
-6.640331452784762334e-01
-3.708760988263439806e-01
-5.042247201579155291e-01
-3.733154606945274789e-01
8.001192711153763681e-02
9.718659153932418526e-01
-5.372300186119183252e-01
5.818870136593521369e-01
8.489979182829860971e-01
-7.924948900916795047e-02
3.434402702762937576e-01
3.027586418182637296e-02
-2.351118125942653070e-01
-5.330783607461770934e-01
-1.762375589057745273e-01
2.602492996844807394e-01
1.000000000000000000e+00
1.083556330391282074e-01
6.656854466100081691e-01
-8.359638750688058728e-01
1.000000000000000000e+00
7.115505141481932583e-01
-7.297962436509887185e-01
-3.881096654580005190e-01
7.393905984785460461e-01
-1.905293588697702933e-01
-5.513112087742388923e-02
-9.157767661930749092e-01
4.594607863819482052e-01
1.927662944112753518e-01
9.987594120806189135e-01
7.443608069032223717e-01
6.146885284499878921e-01
-1.915615245046038417e-01
-4.005118370392621863e-01
-8.284808126766438630e-01
3.943441317470397500e-01
1.633761355324530040e-01
-3.875957636480393820e-01
-8.946746073698204071e-01
-9.296708854363926466e-01
-3.807588321693382571e-01
-7.015573592440926820e-01
-5.357137522274371122e-01
3.218744457298927664e-02
3.873344989749378797e-01
-8.231960053394495880e-01
3.923911685397274418e-01
9.968952405202642364e-01
-8.409261958301912365e-01
-8.818979876875221446e-01
2.616752788897438453e-01
-5.199074079460073161e-01
7.074933979117807858e-01
-1.718469762245267152e-02
-2.552092966810683983e-01
5.742391452951408626e-01
9.503707483963215186e-01
-4.637817213782582382e-01
1.788230357179916297e-01
-4.796983074612020670e-01
-7.290325066585918723e-01
2.023189885814333788e-01
-7.945023545320095693e-01
-7.031907974895830193e-01
-4.391228448844253229e-02
4.256885503341278909e-01
-2.755133364038533372e-01
-7.275106990353177316e-01
-7.142957486887098195e-01
3.208549604212194151e-01
5.036859080862865490e-01
6.779170629749911026e-01
5.547745760302169593e-02
5.345820616716001616e-01
1.000000000000000000e+00
7.900141326465273117e-01
-5.343283323712739730e-01
2.772621057826955560e-01
9.873235428653399648e-01
8.290556402462774255e-01
7.106948317006978044e-01
3.208917462852379221e-01
-9.325869618753315216e-01
4.048436065528222549e-01
8.420800801276939751e-02
-2.563713745812326028e-01
-3.493359831063245213e-01
-2.764451361965529763e-01
1.644099777937623463e-01
-2.288635874095008571e-01
-6.000129129041202880e-01
-8.926024552921263400e-02
1.621746186712875737e-01
-9.534364189573727444e-01
-5.667499174606105417e-01
-1.550445506653980177e-02
2.207520293748308493e-01
-8.583351796728002636e-01
-9.341611349379641549e-01
-6.392088070166070946e-01
-1.000000000000000000e+00
5.498020783724890670e-01
-6.764319968110952264e-01
-1.000000000000000000e+00
-4.353960763071098583e-01
-2.674939287295214907e-01
-6.844292495983044233e-01
-7.677699645792352978e-01
-3.035932844993343149e-01
3.718459925752570783e-01
-2.702061452821107324e-01
8.994596127283165377e-01
-3.424435135265464503e-01
-4.274283136154388707e-02
8.599722293661171690e-01
-5.722173358817177480e-01
-4.807776566989421796e-01
1.083660205550018851e-02
8.905791572034065240e-01
-1.930949574831553051e-01
-3.995604074458514177e-01
-3.186692170664726653e-01
7.945682952667869614e-01
