-3.481095037042676310e-01
7.403589297446777628e-01
-9.202719111346882030e-01
7.721837404562488238e-01
-6.355488111076423863e-01
3.647930438413815590e-02
-2.761523377570710980e-01
-4.004177502221168972e-01
4.088810461842090072e-01
1.514752031412764932e-01
1.000000000000000000e+00
6.378147119436223811e-01
4.172186367240042770e-01
6.249437944405714651e-01
6.371710404779468151e-02
7.859105937640253892e-01
6.700232200226461377e-01
1.796437948062907797e-01
-8.592196494691042297e-01
-8.470311943188241210e-01
8.077069870945594032e-02
6.141125233731687949e-01
-1.035602018565228988e-01
6.371557582853637491e-01
-5.121353014487306510e-01
-1.973957008766873411e-01
2.093771481356860864e-01
-2.425495998857665203e-01
-5.929335347095165965e-02
3.873592068843900726e-02
-1.948073505803602778e-01
-2.303334564361103620e-01
-2.678294521766220182e-01
6.124812774615537858e-01
-1.000000000000000000e+00
8.404127541647901101e-01
-3.591476128217787611e-01
-2.978524856956448752e-01
-4.283901784646779731e-01
-5.284330565845125616e-01
9.121207851670508626e-01
7.939811153408344868e-01
6.918369903460867831e-02
5.419216354399214453e-02
-1.001521898851371883e-01
-8.945641927727927545e-01
2.341502415914733515e-01
1.144484466496564767e-01
-8.530002010959536474e-01
-2.941461909353937365e-02
4.449826993798946528e-01
-1.688132187806703488e-01
2.396425218301718729e-01
-4.579941424098907810e-01
-1.443512590804676421e-01
8.256744510753003530e-01
-5.112144174975876698e-01
6.354409767632691608e-01
2.615277300495931212e-01
3.702818909944949333e-01
7.446435076703410427e-01
3.546321854154412812e-01
1.000000000000000000e+00
-5.050315006083503366e-01
4.701394245676961958e-01
-9.242026005850498827e-01
6.233943487485511525e-01
-6.999373334910854449e-01
-8.933867045676979757e-01
4.452461698775274090e-01
7.209425846634770485e-01
-5.376651123790006093e-01
-5.296402209939177208e-01
6.799795340817664790e-01
3.549503117010583964e-01
7.095892833840935499e-01
5.387490891224042677e-01
-3.999424753626070750e-01
-6.264463769979835561e-01
-1.669143219786892729e-01
5.996146355095298697e-01
1.000000000000000000e+00
4.789441909966329902e-01
7.543132630250333204e-01
-1.733552616168667626e-01
9.698968755301913269e-01
-7.675795603110839860e-01
-4.220444123283502158e-01
2.295034260881680943e-01
7.643021992829928113e-01
-7.022053550660498633e-01
9.846020324240576382e-01
3.566040602327028020e-01
-9.215874651791615690e-01
-9.528130054813777061e-01
-5.704972270194377248e-01
-2.915786966124225277e-01
6.377452615298238037e-01
-3.791971524938817506e-01
9.752953708183462744e-01
-1.438206075518738136e-01
9.434626552231503149e-01
8.277368166285548057e-03
-7.425738767661809181e-01
1.000000000000000000e+00
-4.912038891423697873e-01
6.840901119569231525e-01
6.857959017945375324e-01
2.778616142603917427e-01
2.925477865977952341e-01
-7.146118815042018513e-02
7.212786731453111333e-01
7.734644159921906237e-01
4.351451827224304125e-01
-2.223006201842652185e-01
5.516109948206671110e-01
-1.625492532879503349e-01
-3.772832289927505744e-01
-6.775402368860496960e-01
6.106060294882398320e-01
5.210027776097130303e-01
-5.638454661173075699e-01
-9.577907775556433467e-01
-5.262813268695460955e-01
2.104179797571639199e-01
-9.589288835581440962e-01
-3.399574644330507489e-01
-2.668685710971918645e-01
-1.000000000000000000e+00
6.962123524677508168e-01
1.000000000000000000e+00
-7.175302186545657879e-01
3.409311171016593534e-02
-1.392424503117390966e-01
-7.222231944172259333e-01
8.240805072160400924e-01
-6.052032274935162937e-01
-2.161883314148781432e-01
6.563973046181570403e-01
-8.385155980396088449e-01
-1.000000000000000000e+00
-4.016982647051120514e-01
1.082100069279082755e-01
7.713436448051425032e-01
1.000000000000000000e+00
7.131468447021258594e-01
-2.358599544039844953e-01
-7.698141089188317299e-01
9.670076610801963124e-01
-1.000000000000000000e+00
-6.142368730587848269e-01
6.288721970261554883e-01
2.615739689286056269e-01
1.835155220349957983e-01
7.456645361419628193e-02
-9.458293385236116180e-01
6.020255200252200289e-01
9.882505981493545644e-01
-1.509106508978068639e-01
8.097411388284423417e-01
-3.465091312197789986e-01
-5.544458408597390253e-01
-1.479784465122560566e-02
-9.516057508316673186e-01
8.603775375409299375e-01
-5.070579159423277416e-02
5.461210910885077041e-01
6.111701524243184913e-01
-3.756153663548635890e-01
6.872704877502322507e-01
8.107416268746708843e-01
-2.091505977206042921e-01
-1.000000000000000000e+00
-2.274855300871503339e-01
6.913561822421334657e-01
-1.000000000000000000e+00
1.000000000000000000e+00
4.854400555800881811e-01
-2.660030798141679309e-01
-1.378215393032605485e-01
-6.889058943898608289e-01
-1.000000000000000000e+00
-2.069249560501621454e-01
1.000000000000000000e+00
-5.354263586215854964e-01
3.443538123621899261e-01
7.290822842042030683e-01
-8.394422265634803315e-01
5.500887468445982975e-01
-2.442159491475783817e-01
3.282378754533332721e-01
5.884203581089160195e-01
4.013271162033593686e-02
-5.633631660530806773e-01
3.057083127731505257e-01
-9.957198291859009620e-03
1.033170163149660092e-01
-6.208370070659061657e-01
-3.467003507590726841e-02
7.872983506125879050e-01
-4.663888100979645124e-01
7.206749776195335855e-01
3.658229049591349424e-01
-6.831557334806712678e-01
6.543750367840452942e-01
-5.764302384872717067e-01
3.843927133562818899e-01
-9.577373739877568237e-01
1.000000000000000000e+00
-7.165124862125273886e-01
-1.333510660853606811e-02
-8.120972304035634082e-02
-1.000000000000000000e+00
1.621409462973519844e-01
-6.839387112081367626e-01
8.224372169414178035e-01
-6.417744011636363766e-01
-1.000000000000000000e+00
4.539385405612125224e-01
-5.640591718014760225e-01
1.402358653185684645e-01
7.496111697320799738e-01
5.146998944041900614e-01
-7.382109520464539276e-01
-4.947193568460235280e-01
1.000000000000000000e+00
-8.762000106635349228e-01
1.165022906914910672e-01
3.685004520202899148e-01
-6.859882479991288307e-01
-8.176669756471907080e-01
-9.397490746191761168e-02
-3.889523930394469531e-01
-1.779824143517105828e-01
3.614611565160719131e-02
-5.296940697812317911e-01
-5.570069802193073905e-01
-1.000000000000000000e+00
4.408453242535719241e-01
-5.673087759377508643e-01
3.279115748221388404e-01
9.522336597491432020e-01
-9.864371685478436902e-01
6.061827561913282203e-01
3.913908859214300096e-01
-2.197887033756793507e-01
2.986491559004755825e-01
2.228634752750708881e-01
9.742891412037928411e-01
-2.595433311804213883e-01
1.800328833805719397e-01
-5.719010767410872553e-01
-3.096781906522336758e-01
-9.171744926181193414e-01
5.332729531101467746e-01
2.148481376815554733e-01
-5.715030191690606554e-01
4.255610550934488812e-01
6.265551916574018110e-01
-3.537843219816347862e-01
-7.340492509727052362e-01
6.107913985176756100e-01
2.340612482324022636e-02
-7.454139656830116589e-01
-5.637649047531451130e-01
