8.099974887779730348e-02
2.021549604957164625e-01
9.633966865186150974e-01
8.728576454000853690e-01
-6.079951215725024616e-01
4.672105623364481986e-01
-3.677528751303675847e-01
1.000000000000000000e+00
-2.090862887365495248e-01
-7.605368771253437354e-03
-1.000000000000000000e+00
7.248396525401478163e-01
1.000000000000000000e+00
-5.575025472740290367e-01
-6.360389832336723615e-01
-6.542022510430840487e-01
-9.264664994478926108e-01
-2.523680828448748303e-01
6.171538990193776719e-01
1.818096163566619294e-01
-9.183001664934865860e-02
1.000000000000000000e+00
-7.041328346276874983e-01
-6.212663855616467057e-01
4.377410156938462138e-01
-6.969969675514359198e-01
9.547246427314599604e-01
-8.279210439609357985e-02
1.158134095996607438e-02
-8.142313994358585383e-01
-5.651810565202972647e-01
-7.971013589129849475e-02
1.796192437106123030e-01
9.012889531453928127e-01
-8.080441765026243894e-01
-6.638623580281444170e-01
-5.074832308721346497e-01
6.823327369393086261e-01
-8.573309168084131127e-01
2.367757600020175823e-01
9.108406888179490513e-02
4.724237320847429755e-01
5.088338343176885825e-01
2.082521146761411590e-01
4.876290843310975842e-01
-7.963514628881860347e-01
1.767963209906537603e-01
-2.833495080359257345e-01
-8.560861972268040132e-01
1.366195384130650947e-01
-8.494150272313765182e-01
5.186938964691824028e-01
-2.084304870216107664e-01
-8.180340900186301445e-01
-1.142611565014378938e-01
2.465631645394733007e-01
-5.118079446968649970e-02
6.364222906242456013e-01
4.076220678199227176e-01
-6.609969654538226935e-01
-1.000000000000000000e+00
4.314073409808255599e-01
5.054778492822575853e-01
6.558853962789614432e-03
-3.615315031722858841e-01
9.515357698427511224e-01
-1.000000000000000000e+00
6.596345018562060902e-01
-8.255189197467480144e-02
3.171473058540601186e-02
-9.132575315206326039e-01
9.117439498928179287e-01
-7.238460182657019404e-01
-6.376969626720696560e-01
-3.670379952440364635e-01
-9.915585842923958504e-01
7.376479383805573109e-01
-6.480927368450093429e-01
-6.769557771053875683e-01
2.098020750200415840e-01
-8.982583905986116779e-01
-3.798362446465321507e-01
-4.805418362309939462e-01
-2.282085556688442235e-02
1.000000000000000000e+00
-8.520454189389846666e-01
3.769283125896147335e-01
-4.925971452044052290e-01
-6.935362743195987445e-01
-5.815868475780194835e-01
3.774101761378012565e-01
8.447661918797945146e-01
-8.539188205375060070e-01
2.348711199054513976e-01
8.471667930695381266e-01
-2.943569565520631204e-01
-5.599436907010547637e-01
1.521440706966844802e-01
4.156798319619837145e-01
-3.005775860225397000e-01
-7.502627514496317263e-01
-1.721088640139370740e-01
-7.239653349192332055e-01
-2.322891483616764674e-01
4.666864988025438143e-01
9.841700252976298691e-01
-6.212395692404162340e-01
-8.253577667438132259e-01
6.891304717998001372e-01
-8.816927811033197226e-01
2.929306693334440478e-02
-5.933842633190177240e-01
-8.753339497728649388e-01
6.661287232568525729e-01
6.655883776002723407e-01
3.393252388178047418e-02
-3.876260567995545303e-01
-4.841188946019496231e-01
-2.610795081171679577e-01
-6.696671245524767890e-01
-1.706144429495547454e-01
-8.708846328905353040e-01
-7.351071445110550773e-01
2.971063344919583349e-01
-9.550571757125194683e-01
9.566309013074221212e-01
1.984951997995969553e-01
-8.905171985511071142e-01
-4.811730976029327533e-01
3.119596582978240162e-01
4.499539193240782442e-01
6.701966853646589006e-02
9.751237137356203455e-01
-2.415931552263690385e-01
6.530785067009007294e-01
-7.490676255539567840e-01
-3.365608625465569825e-01
-3.422500149466431996e-01
5.387900833109293686e-01
-3.960175215422975792e-01
-6.814194764998517950e-01
3.072589135712941455e-01
-8.361405273219016387e-02
1.000000000000000000e+00
-9.595697530295292932e-01
-1.714486588301603054e-01
-1.000000000000000000e+00
-5.590169703395573286e-01
6.514367206148607981e-01
6.899459012004306446e-01
6.034505885077947607e-01
-7.847515272885656756e-01
-4.635374943788506119e-01
3.084901445590749192e-01
-7.062701193423461810e-01
3.811762221929624883e-01
6.672041389699062686e-01
-4.980162694893500164e-02
1.080090278498218315e-01
1.817050802073501004e-01
8.391239949659550224e-01
3.925500311868050929e-01
-7.107820139407367011e-01
3.067091917966883186e-01
-1.008821654450787753e-01
-7.165672647023765274e-01
-8.076909731409052107e-01
-5.755154326456484171e-01
-6.694274915518942937e-01
-6.987419580070158842e-01
2.133359880566650657e-01
8.919966456180473680e-01
-7.523781553217678830e-01
-8.450782406466129659e-01
3.702723688018009218e-01
-1.373119349687417223e-01
-5.159625639488448767e-01
-8.553354060430009564e-01
-2.529179157680644385e-01
-6.495074951949236786e-01
3.368159326526670716e-01
6.917130834419875640e-01
-6.782610181046773157e-01
5.451326904265281492e-02
-6.024575254788782086e-01
-6.081052140943171702e-01
5.468345097421822842e-01
-6.974775296632028665e-01
1.547267368072826055e-01
9.793846430719794771e-01
6.974114460855271869e-01
6.860605818892557828e-01
8.475479421705980343e-01
-4.803574520828329253e-01
9.697700368823487516e-01
-1.590213718707182977e-01
-9.912779970032437049e-01
3.398907403266876459e-01
-1.699986812527787272e-01
-7.968369119387752608e-01
3.389962644821291615e-01
9.353696111112995704e-01
-3.192569104432209093e-01
-5.924598937517244757e-01
-3.436872898680506938e-01
2.319100576901327038e-01
-5.234822819500403179e-01
8.750225689648015726e-01
-2.255364381894342518e-01
-2.581463173645737186e-01
-6.808974450410877344e-01
7.331288479082478382e-01
-3.248442735210488319e-01
-5.908524671360156910e-01
8.060633852511207842e-02
-8.104833540298498340e-01
-3.309574134472680895e-01
-3.286264075326354450e-01
7.226829176241704733e-01
2.940528679450867822e-01
3.394491586202632027e-01
2.724490202166731656e-01
1.000000000000000000e+00
3.581785645570857435e-01
3.239317773515304477e-01
5.912912507013287078e-01
-8.698603680856764608e-02
8.533356260410194238e-01
-4.839328608367493567e-02
-8.023101417221475407e-01
1.752891572715371271e-01
-5.640577510113508053e-01
1.282684671462314130e-01
8.006089697572500441e-01
-3.660210477783891747e-01
-9.224643827034725296e-01
-4.492835344718717483e-01
-7.018741487021982195e-01
-1.457151290809208799e-01
5.230621985038685917e-01
-1.057827624698566282e-01
-5.438904625542836380e-01
-7.175941180725911028e-01
9.597468969968294683e-01
3.282376708718499070e-01
5.909438622668236052e-01
6.013777659068935133e-01
3.655533519935536546e-01
-8.265719924654191253e-02
5.524667902961277743e-01
5.498086663493804149e-01
-6.424681117246801021e-01
-7.024816197628662717e-01
-8.899659864457205583e-01
-1.663072282854617667e-01
2.353063024631476263e-01
-6.649148277638521343e-01
5.707474275617022141e-02
6.249773046388573672e-01
-2.288722167659172357e-01
9.187734756948678916e-01
6.508845121068082551e-02
-6.085041497926135801e-01
-3.979278591163293299e-02
1.102013950035788947e-01
