-9.792532951235781713e-01
-8.811181668810766920e-01
-5.238077880676287323e-01
-6.557579933450783383e-01
9.973673339647893821e-01
5.076687330585598623e-01
-5.795831959626672747e-01
1.297527272335330106e-01
4.954833901350755299e-01
1.000000000000000000e+00
-3.834029252604631011e-01
6.980666945532293388e-01
1.000000000000000000e+00
-9.851733839126779468e-01
-1.800149944299092863e-01
2.220297980474034150e-01
7.859448155269739278e-01
5.152339074110918737e-01
-3.156301034270825867e-01
-3.813354551352840516e-02
1.762572471369068805e-01
1.000000000000000000e+00
2.862819500763009728e-01
-4.409642980551353730e-03
-9.126806204914560405e-01
-5.957127149828889134e-01
-9.635094056842744559e-01
4.242160668714376470e-01
-9.133493972264500327e-01
-5.155697286784709510e-01
3.185816796427857200e-01
9.904267270683257962e-01
1.000000000000000000e+00
3.509535193933395192e-01
6.246146646008564618e-01
6.842189440054664562e-01
6.594007938041703820e-01
4.891220972525852639e-01
3.888581413413768617e-01
-8.355760610630713625e-01
7.784151701788338817e-01
8.535063841892015502e-02
3.277211541609070800e-02
1.000000000000000000e+00
8.108636091459832107e-01
-7.795126566520167444e-01
4.456084971940336703e-01
-4.272153617478655629e-01
2.176432482820518377e-01
-3.858285367974844116e-01
9.419598953461012503e-01
9.887208946037229218e-01
-4.239886002741231064e-01
-1.723890793426996471e-01
-3.322092475521716270e-01
-2.202225821747834378e-02
5.920625126793558346e-01
-7.546833565084001272e-01
4.213988908532310257e-02
-1.437996726306756123e-01
-8.348332588446756297e-01
-7.658708615486571336e-01
-5.549708235916070986e-01
3.481362977333513076e-01
9.491635817737867908e-01
6.705019226152010292e-01
-6.302333294261328600e-01
-2.914597319675404918e-02
9.416819564749763227e-01
-8.169307034008520541e-01
1.178849723573632685e-01
3.040494723368617480e-01
8.349998858416011194e-01
-6.061392071957144578e-01
9.750373824046135729e-01
-9.871867320923203293e-01
-3.212740449617188521e-01
-3.205318320966136780e-01
7.148781136274613424e-01
6.469138296639309615e-01
2.654762609187638622e-01
-5.244090311663955895e-01
9.727832080682631277e-01
3.281731848291964959e-01
4.805670624590136636e-02
6.118368372407940736e-01
-1.204586055792857824e-01
4.208015121277253190e-01
3.251102984899362780e-01
6.043873602704594727e-01
-6.198770837012363977e-01
-9.302990848162651094e-01
-2.411762570358829683e-01
-6.069521966454667350e-01
6.206450524893782905e-01
7.374110405970278892e-01
-9.339697777465088002e-01
-9.579169988576289319e-01
-5.030946382445834475e-01
-9.692141114634603705e-01
9.134603405192870396e-01
7.056678589296009330e-01
-5.570287953169470452e-01
4.642321886263760938e-02
-6.494633905920399464e-01
7.460136447192331488e-01
4.030397169339652308e-01
-1.116258561667649030e-01
-1.000000000000000000e+00
4.486218256567817697e-01
9.944806376576430518e-01
8.633221660562554467e-01
-1.000000000000000000e+00
-9.458010175873325653e-02
4.665449600388552609e-01
3.183106628928878551e-02
9.010859824359571668e-01
6.802557579959771505e-01
5.221480630057843131e-01
-4.185412901432613575e-01
7.052306891032925629e-01
6.477646109565029509e-01
6.899504503960973700e-01
-1.200772106917998155e-01
-5.467353275102482257e-01
9.109526798698125427e-01
-9.086653587211298774e-03
4.852878370579518652e-01
-9.885021892655045939e-01
-9.988691494192593057e-01
8.284794496345061487e-01
2.130618643530003686e-01
9.558780536241124892e-01
-9.318388273285382883e-01
-2.531093026174538463e-02
9.408988180620119213e-01
-2.787856355792159846e-01
2.259410208761370997e-01
-8.829837102973193685e-01
-6.775312311674226429e-01
-1.040757578965116337e-01
-3.131326009757759987e-01
8.839913681398517964e-01
2.186987089057441658e-01
-8.052877416596815330e-01
-5.288966056219503997e-01
-8.108020114470164685e-01
8.780861126761310143e-01
-2.364937237490419564e-01
6.313352113934931342e-01
3.101341082102272440e-01
-1.789576232525929567e-01
1.000000000000000000e+00
-2.904371665332781127e-01
9.021751797297385966e-01
-8.929260614718463884e-01
5.292548863086470323e-01
8.447561496286036808e-01
8.832678923516619207e-01
2.565326879479467026e-01
1.307810613618416162e-01
-4.712949081318677513e-01
-5.489635335340953270e-01
2.244362809317235197e-01
-3.120095505699161387e-01
4.855897882597345339e-01
8.350383580454229238e-01
1.000000000000000000e+00
-7.150710506334333472e-01
-2.800537319412310655e-01
-6.907615456078745053e-01
7.045736549581480546e-01
7.554965416806268541e-01
3.332758424517745510e-03
-3.205569702947553834e-01
1.000000000000000000e+00
-2.703319264249878229e-01
4.843029830650415479e-01
3.661311219570472231e-01
-5.739889095770208671e-01
7.578622044631398991e-01
1.726024542726154465e-01
-3.713599904947577635e-01
-9.100713747523018204e-01
-6.224079887386373411e-01
7.770643194757462791e-01
7.691276712197486765e-01
-1.444960820381140654e-01
-9.884973981738744975e-01
1.689518408893987689e-02
1.000000000000000000e+00
-2.108118459521430288e-01
7.093618452474280689e-01
5.330231538592685725e-01
5.745516541055917248e-01
-8.080900340973251605e-01
4.453952398292815307e-02
-6.944564677486497750e-01
-9.935559452247409995e-01
-1.676036685277544624e-02
-1.497716337033854206e-01
-5.389390798360109702e-01
-8.042507459688821303e-01
-6.368560355243514381e-01
3.735357984903049933e-01
-6.714643776087686478e-02
1.854354669783999376e-01
-9.342455684591396414e-01
9.094397780473998383e-01
-9.408745393971643667e-01
-3.083455657491577240e-01
-6.240276023078350498e-01
-7.899908546283015420e-01
9.508889292657630721e-01
1.460309290598629239e-01
-7.015330831007118295e-01
7.625806480973319479e-01
-8.771178366737661936e-01
5.369339706249067756e-01
1.000000000000000000e+00
-2.648123605442916917e-01
4.723075527686420028e-01
8.151854414536369164e-02
7.839721815526828896e-01
3.962408728428022942e-01
3.219529368796610058e-02
5.609234441562468421e-01
7.121329898194584951e-01
-9.957326263027053148e-01
-9.948957840507313133e-01
-6.899675336696883821e-02
3.911900810540938078e-01
-9.820697533972972959e-01
-9.984878164787136523e-01
3.615877862146311683e-01
4.198218379306017933e-01
-7.310055236278847346e-01
1.455907885488776365e-01
-9.288651706883199743e-02
2.184465535927007929e-01
2.723894704236228814e-01
-7.105605707098272550e-01
1.650475980891641381e-01
9.848610279336382778e-01
2.636388218118291271e-01
5.490879147868730215e-01
-5.141426673846613005e-01
1.000000000000000000e+00
5.806435416346098499e-01
9.279657621291610425e-01
1.703590351788195623e-01
9.970859730982642999e-01
5.416510265429933524e-01
2.296585875250512984e-02
-5.546970272243214595e-01
9.536007502897161925e-02
1.000000000000000000e+00
-3.123502766041432732e-01
-8.215151051304271368e-01
9.624336927656642615e-01
-4.376659113980848614e-01
2.650114906398348680e-01
-2.381534350781044085e-01
1.000000000000000000e+00
2.175267767019824772e-01
