-2.257834970930808205e-01
-1.049095783044495661e-01
9.093837343145452778e-02
8.464170941553453287e-02
1.166108328545615025e-01
-1.565486316334335076e-02
2.792812956460475338e-01
1.870111540242439807e-01
1.756261570610108125e-01
3.061153203646220164e-02
3.301668506303260808e-01
-1.520537771146981132e-01
1.845593632998997480e-01
-1.589374970515390340e-01
2.321888420401957975e-01
-3.866206376510921694e-01
3.000569054457231655e-01
3.083313083187115278e-01
3.404302305346046387e-01
-2.633980480501295351e-02
1.863638235357960027e-01
-8.406842990532048185e-03
4.285651120361952948e-01
2.789325276133519660e-02
-6.920396511036487619e-02
5.556475957582240888e-02
4.622810901612348644e-01
-2.535378319748379239e-01
2.900778297670011385e-01
4.024682773048238182e-02
-5.288901006518967329e-02
1.992298397871303597e-02
-1.820054941893018211e-03
-3.153435179765168850e-01
3.872735537164138653e-01
-2.102774533684572678e-01
-1.851791266488266308e-01
-3.699604367856988985e-01
-3.463575639643403647e-01
3.175499713956689840e-01
2.882919047724291639e-01
-2.161622498832945216e-01
-3.362838450250976718e-01
-5.494457550412692459e-01
-7.469559644884116167e-02
3.136878449784880618e-01
1.997945494891407714e-01
7.865060988191602265e-02
2.647115446312998110e-01
-2.334336363067703868e-01
-5.284808747353141045e-02
1.042863856015165541e-01
-5.345052523722029769e-02
-2.560826636369489262e-01
-1.330145567227132043e-02
1.728076519734090405e-02
-2.689084922678438572e-01
-3.466712105011807710e-01
4.210031602083930125e-01
2.733629597251268500e-02
1.001873813222655812e-01
-3.438297669642947918e-01
-2.337956622982902966e-01
4.809508032246232467e-01
2.225415346678736583e-01
-2.004474003424281947e-01
3.335249907830912797e-01
1.624987545087031027e-01
-1.203860226011893853e-01
-2.566726012240735932e-01
2.628367429291106339e-01
3.428941991317050464e-01
2.037360575791236084e-01
2.123548958973852097e-01
2.893437648398657358e-01
-9.574090359649012338e-02
-1.008130798370665687e-01
-1.107703642554765389e-01
-4.226894942011895639e-01
9.040867134060753124e-03
-5.327284484192652131e-02
-2.544951354159520340e-01
3.490646856364975625e-01
4.933597575195915463e-01
6.550088179491599938e-01
3.048104962272926710e-01
2.908811973640938464e-01
4.625292964293701847e-01
1.046471031754199615e-01
-4.024240662956818371e-01
9.816583640607831618e-02
-1.452764863331304224e-01
5.287497292679547156e-01
-3.114480071028532526e-01
-1.268705327571585106e-01
2.291095812136453025e-01
-9.360617691460465517e-02
-3.985280831930790302e-01
3.649833952857708952e-01
9.975973167307969347e-02
3.450661996032113876e-01
1.149036564670515709e-01
6.117191685562051173e-02
-4.348643741270702967e-01
1.247467765147602242e-02
1.024235764275182453e-01
-1.028908110062726061e-01
3.342913745287476313e-01
-3.218009282861534759e-01
-5.131781451767050140e-01
2.626254085054765541e-01
-1.025768468347249829e-01
3.433137786913896816e-01
2.945893771324942789e-01
-3.374252473711551459e-01
-1.871590041064560145e-02
2.271148624725974619e-01
-6.677993862491649404e-03
-2.886935845639522213e-01
-4.955666759317626235e-01
1.300191990188237223e-01
-5.067655890120399409e-01
-1.712946852499309669e-01
-2.941583506330510134e-01
-2.025028696223805658e-01
-3.156911377154477116e-01
-4.023550840216146285e-01
5.127955560582003747e-01
1.410686116491357001e-01
2.473594188764317858e-01
-3.469796599669779796e-03
-6.781906321103921276e-02
-2.669851636364398498e-02
1.138809862528781802e-01
-2.371482064128603295e-01
3.155476421308846952e-02
6.274496291555500815e-02
7.004722533531904105e-02
4.565959351886816342e-01
-4.627278177565441464e-02
-1.156405235951894761e-02
-1.621341995927727542e-01
5.160229739655551595e-02
4.542654935237503550e-02
-7.033924171487639099e-02
-2.458035710834712839e-01
2.131496813812959745e-01
-1.671740320355417642e-01
-3.414843047193668046e-01
1.054093528468470209e-01
6.984150717948163500e-02
9.152302401158748935e-02
-1.583022447438204861e-01
-8.818466821210604878e-02
6.721016360974148285e-02
-3.690957101447678301e-01
1.213009582010604048e-01
1.135980065597542860e-01
-2.334188533396588938e-02
-1.543329365186830449e-01
2.026236594663019253e-01
1.047318657354173593e-01
4.599765554429664088e-02
-3.116289179604846415e-01
-3.680171559894655775e-02
3.796744430197729891e-01
-1.220845898839328092e-01
2.521711452536622433e-01
3.287431787184217913e-01
5.001287306820527689e-01
3.100645691061612030e-01
-4.560733707794639158e-01
3.059960676135428104e-01
5.244270128619686888e-01
-1.031539970490579078e-01
-2.137291343093328799e-01
-1.507899886115559029e-01
1.377859724103094874e-01
5.426145252003533592e-01
-2.637177974191845520e-01
1.962359724368356317e-01
-2.026159193744858367e-01
5.884912528904834988e-02
5.958204167327167677e-02
-3.285696157040208787e-01
6.495751629325609289e-02
-1.276172263263748163e-01
-2.102534820744531852e-01
5.764764952523876440e-01
8.137381892218691071e-02
-7.475903083283855222e-02
2.531615988846309256e-02
-2.061507435058931303e-01
9.515418030348007927e-02
-3.576007768875478221e-01
-7.386787286624929560e-02
-2.596457397348155838e-01
-5.591774520150034622e-01
1.599479157586854994e-01
9.284525035921119274e-02
5.807318493157132000e-01
3.978398544214575283e-01
-3.623374405222942740e-01
2.730931163578682874e-02
4.094132108613745408e-02
2.376642341579641715e-01
3.536757004528373050e-01
2.816776605452783744e-01
2.117700680003439112e-02
4.674698082671356614e-02
2.048516852425602275e-01
-3.272079986297134480e-01
1.537527734579394456e-01
-2.612121761687912769e-01
-2.123272285168039675e-01
-5.684136878981331797e-01
-1.641259492385358232e-01
-8.017993818934085470e-02
5.532702597255027832e-02
9.468196182611449130e-02
-2.284280837416188259e-01
3.767400950745091737e-01
-3.634779001138228605e-01
1.342980617961200829e-01
-2.642778818296344090e-01
-2.056716471204583785e-02
5.209434152794812506e-02
1.185345208826760477e-01
2.615819870565254390e-02
6.690341826753662402e-02
-6.894235824299403681e-02
-3.110309035095658592e-01
3.256771724297316539e-01
1.828386920020486639e-01
4.450097346716453961e-01
5.062772711162830119e-03
5.275089573447245411e-02
4.349006167335948969e-02
6.840915692226476330e-02
1.413778730785937576e-01
-2.321517133710543912e-01
-3.817548784582238119e-01
-1.826932371316772608e-01
2.699325370328874429e-01
5.292106644657595255e-02
-4.431622081362908694e-01
4.447432115971604039e-01
3.184168807544800195e-02
2.887349845166891082e-01
-3.381226303190561500e-01
5.818311176416370717e-02
-1.315504982774895748e-01
2.513378002850179954e-02
3.452562213761922183e-01
2.749194387106516646e-01
-4.306264600302765755e-02
-5.958321232021397407e-01
2.966561846804342539e-01
3.409780186982103167e-01
2.018215581807435988e-01
-5.720102305257504516e-02
-4.097016282839995860e-01
-6.033455396209375793e-02
3.618623167726244261e-01
-7.029275586634565753e-01
