-4.796946861641008808e-01
-6.040761912210464990e-01
3.450390020709042105e-01
-3.860326256944861534e-01
5.834589748834959622e-01
-1.317881131513019000e-01
8.220798235452547731e-01
7.691285166900148074e-01
-8.033214279568031690e-01
1.218180470417637162e-01
-2.241826274261469465e-01
-5.706797418088143115e-01
-7.945043353668428121e-02
-4.757754167823934899e-01
-4.319431857609072889e-01
-4.689793967550650589e-01
-9.104159274195618989e-01
-5.261143442570845874e-01
-7.869438454951239725e-01
1.000000000000000000e+00
-7.687609279055374056e-01
6.421570551680481076e-01
-7.197584531952192499e-01
8.424714424171230176e-01
8.257059405966658827e-02
3.700138299430963396e-02
6.307061094438745075e-01
2.173503224912964049e-01
-9.111798183723649469e-01
-6.999488461025127339e-02
2.610168862921102839e-01
5.352905110373076258e-01
-3.528212659616437596e-01
-1.918226340819614018e-01
6.497704531971572051e-01
8.687245845272909550e-01
-3.150507498043307320e-01
2.719261904343426295e-01
1.184614698585993303e-01
-8.312979694643533035e-01
-4.546069757647401843e-01
1.000000000000000000e+00
1.000000000000000000e+00
-9.251384218694239103e-02
-4.973574531355591244e-01
9.358857879984655570e-01
-1.919606743792513226e-01
4.053542135317267370e-01
-5.046278344783339254e-01
4.035856811282528267e-01
-1.000000000000000000e+00
-1.000000000000000000e+00
-4.142393701351623769e-01
-7.231079187475899506e-01
-5.916274004021655486e-01
-9.464160458474157878e-01
9.725510509344131860e-01
-1.458917060398741139e-01
-6.577640501370276560e-01
-5.938132814942191917e-01
2.881581961147411386e-02
5.304874958910139604e-01
-1.624602613086378877e-02
2.929750807142458835e-01
-1.000000000000000000e+00
4.046703126558874875e-01
7.631532639681128938e-01
-3.954329222404837085e-01
-6.820432164670942043e-01
-8.676792428462638540e-01
9.364289858841041703e-01
-7.455226284980132068e-01
-4.631595752425829993e-01
-7.078015806643663810e-01
-1.666237548585822736e-01
-4.480876949220733985e-01
-3.148434827471715547e-01
9.637690652498998034e-02
-1.562015220365652601e-01
3.641868735065209584e-01
2.968210231654894171e-01
8.279952320626122741e-01
8.668042699955542663e-01
-1.000000000000000000e+00
4.012130632535537145e-01
5.997841825990233300e-01
7.046345914115814679e-01
-6.236426877476902719e-01
6.687764182476488295e-02
1.091931824326168865e-01
5.584750596673708767e-01
-3.089948917286902130e-01
5.917486077509388487e-01
3.979980861313774099e-02
5.346058877644329632e-01
-4.892912931573641933e-01
3.742387881788242221e-02
9.471084015218331764e-01
2.589581528175708414e-01
7.904299267860621647e-01
5.752747531254580604e-01
9.706177560254870551e-01
7.906603537731846654e-01
-7.182173980898955978e-01
8.769084216379027241e-01
-2.575150201908238401e-03
8.370216828997409930e-01
8.606820632331878551e-01
-7.188789846117495941e-01
-2.644010197346342017e-01
-4.940336690712361922e-01
5.113692638836696558e-01
-5.144721106488936435e-01
-2.890439612035162753e-01
3.216285020383777837e-01
-4.850657251522363378e-01
3.346694783374749571e-01
-2.480330423137238616e-01
-2.695691349272841264e-01
5.269686985134672264e-02
6.276815216465347902e-01
7.595696641452185371e-01
5.048433010470457782e-01
-1.472357048096870624e-01
1.640489200219570898e-01
-4.111353161804731648e-01
-6.775742315525032922e-01
-5.840129615220011061e-01
-6.966855580785831226e-01
-4.562874993408053692e-01
-6.174413358584645017e-01
-1.000000000000000000e+00
-8.509329567678401984e-01
-6.297973471509195065e-01
-1.490213168741934546e-01
7.857395947927783286e-01
5.730232884170113339e-01
-7.790343973657054555e-02
-2.577016016872779591e-01
-3.130549089197404156e-01
-2.913178443228758852e-01
9.518862511427308992e-02
-1.741119120180176227e-01
-1.664593552890698824e-01
-1.000000000000000000e+00
4.910311558504454332e-01
-3.931130037843204583e-01
8.631294519538201815e-01
4.610285426046829005e-01
5.220914809329531003e-01
4.562995677682939455e-01
-8.746857058378553207e-01
1.120879634025744309e-01
5.959980215983784468e-01
-3.733833784471274342e-02
1.043848773809148422e-01
-5.540681944277531246e-01
-2.556158371494324788e-01
5.781303088530240775e-01
2.976878671519861408e-01
8.764890970048263563e-01
-1.172626947613462367e-01
-5.590922159190909735e-01
-4.078027790867391200e-01
2.508501742468368656e-01
-5.007348847618402488e-01
8.999259348082336851e-01
2.332897506167375679e-01
-9.955989342880158244e-01
6.576872442626335857e-01
7.936517824071187555e-01
-4.407143876738432997e-01
7.593924016740126737e-01
8.270824614996082902e-01
2.855783345882376700e-01
7.657021453974879321e-01
9.506108614686669123e-01
3.726215785913514905e-02
-5.368486380391839230e-01
1.000000000000000000e+00
-9.867556471904084248e-01
3.417071325950886695e-01
-8.111561654456704851e-01
-1.000000000000000000e+00
-3.693896687382380306e-01
9.014227525827083198e-01
-2.161704374655425420e-01
-3.775867006377416901e-01
-6.185030449300874533e-01
9.908712352613031904e-02
-5.336013943066366672e-01
8.870696448214709928e-01
-4.925380851979900831e-01
-4.308291620372752817e-01
5.595575011762272677e-01
1.971333042270644320e-01
5.094301738150301961e-01
2.949822451173630400e-01
6.686604731470797702e-01
-1.956992306588110631e-01
5.965592788549486380e-01
-1.406767823240963056e-01
-7.423483736002483013e-01
-3.708193004949301708e-01
7.189783422078510622e-01
5.468075124363082073e-01
1.618363710409031347e-02
5.014817104133134640e-01
5.960278572388292284e-01
7.200453872855272497e-01
-3.189357591593922070e-01
-8.126265523458361395e-01
5.993823294514881717e-01
-3.570742129980622459e-02
1.570219125265087390e-01
2.620403679646405859e-01
-2.304291869865120190e-01
-3.749070015742514417e-01
6.238671518608285282e-01
-5.047433481079139916e-01
1.317952648790853276e-01
-2.509501734793849748e-01
7.968804748851674447e-01
-6.614032296596986660e-01
-4.352606716202198633e-01
9.796691589794065402e-02
-1.511998026973026543e-01
-4.919672522666548309e-01
-9.852535620450602050e-01
-7.081367194439462942e-01
-6.179970969296593175e-01
-6.901429928246679557e-01
-7.305287069664078148e-01
7.868223900991400122e-04
-8.259878955722022020e-01
-9.585910108625177450e-01
-2.026511824321628463e-01
1.000000000000000000e+00
-1.546790065773952505e-01
6.277807847662876251e-01
3.570580381669379855e-01
-1.319635981806810965e-01
-4.128806612906568696e-01
1.000000000000000000e+00
-2.238416290070900094e-01
-4.212473534038518319e-01
-3.603878268281970332e-01
-9.579607203267899163e-01
7.445075337322469844e-01
-5.995346154043521003e-02
-9.076187412319650649e-01
-8.840349245479557361e-01
8.383114868059415858e-01
7.567774376064982933e-01
1.681738765089335619e-01
1.000000000000000000e+00
9.326816548779064409e-01
-8.638910774212676946e-02
-9.541073468834853077e-01
7.512271160784540491e-01
2.539851437311692051e-01
-5.857062116353226600e-01
5.547610231672372993e-02
-5.485657296383288362e-01
5.913423718208135060e-01
