7.426655295065640594e-01
-7.012597403119840145e-01
-4.308693223118390536e-01
-4.706239137062833144e-01
6.989001300999868604e-01
2.550986651616076184e-01
8.819171114205168749e-01
8.278417445332857394e-01
-6.982772633604624746e-01
3.081603278674778235e-01
-1.553247037695106303e-01
-8.245713471655420346e-01
3.358746708208295573e-01
-1.528720516043939881e-01
-3.205394062692525914e-01
7.195714890783611040e-01
-5.415398071565827864e-01
1.588904896355251284e-01
9.730762715669554197e-01
-4.896740125160947699e-03
8.362178623107825448e-01
-7.479590433560625584e-01
-5.782123842419737425e-01
1.433664158599073923e-01
-4.331152616415079315e-02
4.106050013824141809e-01
7.679480364321614738e-01
-5.181442592432019545e-01
-1.000000000000000000e+00
9.625000228870953523e-01
-2.278023786196580747e-01
1.000000000000000000e+00
-7.848046869051715779e-01
-9.625243107397863929e-01
-8.940148303200955437e-01
-5.351623169458631368e-01
5.702833196608803057e-01
4.781381886818151794e-01
6.897147682604820584e-01
-4.011634854019731633e-01
-3.730496690433799944e-01
1.640498841280026987e-01
7.290123640383115999e-01
-8.785634991682433892e-01
3.346863084478999273e-01
1.263076760070459548e-01
2.732547171243289441e-02
-1.225199718622130285e-03
-4.604827572021068516e-01
5.232098718427216077e-01
-4.484978372678030123e-01
-6.173073605520393858e-01
6.211502562427985152e-01
-1.000000000000000000e+00
-6.140177071763289751e-01
-3.846129372382804390e-01
7.612236722452734305e-01
-5.029981137692070003e-01
-8.057982005931951797e-02
4.136585443394205086e-01
7.082865614745055272e-01
-9.328253977709889400e-01
4.786559648110209619e-01
3.787627188292969072e-01
3.507834152779274461e-01
1.480273574222490951e-01
-6.856102218189863429e-01
-9.237712094818856245e-01
-4.970037164550092923e-01
-5.880634120250363139e-01
8.529704468835823672e-01
2.687433706484233520e-01
5.805263953486250461e-01
9.092398005100437164e-01
7.311944058772761323e-01
7.965717608452164145e-01
2.673031322995142456e-01
-1.393193453860042119e-01
-6.863032728322999709e-01
1.932410527508239273e-01
8.416545943307719435e-01
-3.522808035198590759e-02
-9.446394873562399264e-01
-8.951533353561456074e-01
1.000000000000000000e+00
7.016005915743250831e-01
-6.275843887068097704e-01
4.613618292399099957e-02
1.373893331852684141e-01
4.192773019209110053e-01
6.421349961903186632e-01
8.489428977287492017e-01
-5.068714623447347911e-01
-1.949808719354801934e-01
-5.914301878783385646e-01
3.506740172173956616e-01
-1.545694708706113474e-01
-5.518847133943594052e-02
-6.035142795242143254e-01
-3.965981382321155380e-01
5.625619272115691683e-01
-8.338569965001987327e-01
9.398137313553416305e-01
6.585278454640542956e-01
2.296651348918149205e-01
3.589944078575126873e-01
-8.537020357934081705e-02
9.932827693110252154e-01
-9.888291320819873054e-01
-4.713145697248226074e-01
8.659315998368581901e-01
-5.502766771616360852e-01
5.235330592723224097e-01
-1.680814700965801989e-01
-4.590515554441403356e-01
7.605526093051733216e-01
9.929414466207389101e-01
5.804690310874280890e-01
3.537483460656365430e-02
5.690364416904549749e-01
-1.184914664842550702e-01
-6.086844846044718871e-01
1.704864593059939870e-01
1.433202878531538715e-01
4.814106291250344061e-01
4.945746898013754222e-01
-1.679367913899840747e-01
7.843373722088908817e-01
8.322183599030561485e-01
-8.908489501856859949e-01
-4.542861421173137182e-01
8.095513319589127121e-01
-4.486446304914621375e-01
6.742815353851852045e-01
-1.000000000000000000e+00
-8.300130360326054557e-01
3.778567893129157196e-01
-1.192859191753995740e-01
-8.924768983778729181e-01
-6.056325462421000005e-02
-9.446406446789301636e-02
5.639805004721984982e-01
-4.682352722562380110e-01
1.729085355682629110e-01
-6.627045876750781161e-02
1.851157543464505562e-01
2.208461743519807285e-01
2.381430189029221101e-01
8.697915009621202120e-01
1.961851805466545695e-01
-4.628225770450222765e-01
6.506523955000108606e-01
-2.393867743729906072e-01
1.834511299062184242e-01
5.774674427647047414e-01
-7.123474729227177171e-01
-8.248240056867210956e-01
4.134597125401382467e-01
-1.691855940149500914e-01
9.466546922156926502e-02
3.359480171098751522e-01
9.357994556491108229e-01
-3.530533661409657187e-01
6.337507976554649369e-01
-2.397984912388222978e-01
-1.445176981821163498e-01
5.632491005665446471e-01
2.576461888631490504e-01
-3.472547344716383488e-01
-9.586141548207965934e-01
4.222042527398696121e-01
-9.078093822392014900e-01
2.669128995519798320e-01
-5.784894091730453658e-01
4.110277208291842066e-01
-8.568291322474433924e-01
-2.070199395150184862e-01
-2.107709654466237703e-01
8.404350403714874185e-01
1.155570572180319999e-02
9.405310564286288866e-01
-2.330215513810014460e-01
6.669996727087312838e-01
5.709840871253064609e-01
-1.983658220680669104e-01
-1.510990702119711093e-01
6.581227069702884069e-01
-7.026279303233595730e-02
-6.778470363601292181e-01
-4.061134338422220935e-01
4.720975409842544934e-01
7.877279163562367348e-01
3.736127219010607625e-01
-8.354962282421802833e-01
3.678264593038660379e-01
-1.267003135934294256e-01
8.694383585810173676e-01
-5.954856407158066745e-01
4.369777138528980198e-01
-9.257364618356533903e-01
5.963460254965835539e-01
-8.819151042816406605e-01
6.552374679241910194e-01
-6.780348338571110522e-01
8.818593563716261574e-01
3.427658804931734693e-01
7.594842093532141458e-01
-1.000000000000000000e+00
9.214344204505594549e-01
9.496697937982799820e-01
2.883363714937001721e-01
9.941140528821418298e-01
2.458768615188129114e-01
7.653348446863467158e-01
7.198970355858711478e-01
-8.494116151584154562e-01
-2.166141758857815791e-01
2.674013905577827810e-01
8.982268304994469599e-01
6.408492839051465051e-01
3.029140929753981748e-01
-6.232918910037386073e-01
-3.474185995462804599e-01
1.209284179125687947e-01
4.016609834627376530e-01
8.566136070020127224e-01
-7.007752111867750211e-02
2.460736350139172135e-01
-6.202094864475076186e-01
5.644484175778914370e-01
-7.711808641896487071e-01
5.104606529865876041e-01
5.524277261452991139e-01
9.237717134394389795e-01
-7.997145305659787429e-01
9.010438569460370584e-01
-2.168352074732562418e-01
9.685311699925960305e-01
1.800053473915335100e-01
-9.572366822355975469e-01
-9.018624982867239348e-01
-4.080681528712445383e-01
-5.187064411748273929e-02
3.017493324249144182e-01
-2.306643995497743571e-01
-6.538349018257414436e-01
-2.362282012842047973e-01
5.551944168051938799e-01
2.935131052326619416e-01
-6.959116706819806764e-01
-8.312843708534534137e-01
-1.182784633473831226e-01
1.189394753056880888e-01
-5.721438156872852288e-01
-9.642864416184848686e-02
7.162629360171998139e-01
8.792583009388205140e-02
-4.040732658505665209e-01
-6.124577752395835573e-01
-6.693808890043574378e-01
-5.985105735513556180e-01
-8.355295849989748114e-02
3.085377935630371771e-01
4.808210875519027816e-01
2.262807474400219121e-03
