2.298904207531944355e-01
9.355308240414769161e-01
9.540861114467696913e-01
-2.293052059361225248e-01
7.732626712739107955e-01
-3.126346941348461805e-01
-7.713167494281870651e-01
9.019286408319460158e-01
-1.034225868736223575e+00
-5.425659066374790562e-01
-6.636728129523927766e-01
4.016345803401000225e-01
7.608868601041987034e-01
-6.443332330167692024e-02
1.710752118770249020e-01
-5.423697299459159793e-02
2.918679729990059091e-01
-3.287936475168400374e-01
2.602916608986257652e-01
8.067112455696214823e-01
-3.825246494118714757e-01
4.746017328118922185e-01
1.601066581287500235e-01
5.957846281641159258e-01
4.229980265922339555e-02
-6.582994253473758439e-01
-4.735469587725836815e-01
9.630622843132317090e-01
-6.648050904953328732e-01
8.373895804400419696e-01
-6.796188546281168863e-01
4.793358784118156857e-01
6.960990338967563140e-01
6.808586940838727841e-01
-6.081187854075664756e-02
2.024971396048141636e-01
9.120080950466002978e-01
-5.155042203372811604e-01
1.144136363534678846e+00
4.297807590175702352e-01
8.408884153497855340e-01
7.764393267471587923e-02
3.316088245183890781e-01
1.193510562575882117e-02
6.274880825373618798e-01
-6.426966619591019114e-01
6.946419612876446603e-01
-3.824831918724408975e-01
3.569789586539270365e-01
-1.002717419837347634e+00
9.058262937194878628e-01
-1.075842987044041799e+00
-3.338259265107228480e-01
-2.016720821789805829e-01
6.374462070238826605e-01
-3.421027564236888141e-01
9.434686931935337695e-01
9.713113229756790146e-01
1.392999581428077671e-01
7.087679550845352727e-01
-7.177811800040566625e-01
6.935860936406565980e-01
1.813290613686748820e-01
-1.355296626604736154e-01
-4.218171088468988250e-01
-3.244005678462541509e-02
5.968089609465060397e-01
-9.458313061549848966e-01
-5.061674664722403127e-01
-8.830672980400741112e-01
2.894294891467368291e-01
6.313167758861748524e-01
-8.983087561455905812e-01
-4.671337522199592307e-01
-4.124546930345405205e-01
1.869713516950555765e-01
9.134496218462270223e-01
-1.557770652584129500e-01
-1.050815321157623494e-01
2.301906685514882867e-01
1.210420416659701015e-01
6.007894285324510975e-01
-4.122699518492760062e-01
-4.835802190515188226e-01
-2.512814209590415460e-01
-2.098525704956472060e-01
1.941317756403111439e-01
9.030214426342135781e-01
-3.471847280925749457e-01
3.976216790892055375e-01
8.183389046304332393e-01
2.793052938600445456e-01
-2.626215869236451367e-02
-6.733148024449876479e-01
1.789929839806873868e-01
-6.940464868729701031e-01
-7.245835669840611226e-02
-2.996712616230908788e-01
8.435681184979038072e-02
5.235081752299114433e-01
-4.914586501093534121e-01
-3.291705893083155532e-01
-4.150459837225484727e-01
-2.595094736898134191e-01
-5.235143792219895120e-01
1.869373367702000799e-01
7.820444255435834435e-01
-1.742769836425009100e-01
-2.032865535241647897e-02
4.590833404885754643e-01
-2.953862571652286773e-02
8.185777353919982957e-01
-8.721223395802618628e-01
6.561295131587778773e-01
-8.499540546538791874e-01
1.042201324358511816e-02
-5.993107316879755508e-01
8.470476899886728583e-01
7.305573093914101701e-01
2.315866761303222443e-01
3.940554724247589125e-01
3.698778641014913160e-01
-1.246260328272823292e+00
-1.099717435487683526e+00
3.087906535399254082e-01
-7.270012994299024367e-02
-3.929671934768772523e-01
-6.426721234916059622e-01
9.149280951539712214e-02
-9.220138768876906532e-01
-5.204882067311804583e-01
-5.806470835804514730e-01
5.285242112804693082e-02
7.211978123474895863e-01
-5.197681899314157139e-01
7.867502938912639410e-01
4.216975787258148145e-02
-1.884604647153500512e-01
-5.333305381126495215e-01
7.241110265545664948e-01
2.779303238566863676e-01
-1.929532506360107091e-01
-6.540560666953827429e-01
3.576896256047223943e-02
-7.891234704194238780e-01
1.213085061707140228e-01
3.553917159628390277e-01
-7.057127541677172822e-01
9.033276618309881156e-01
1.108895653034924988e+00
1.008416629830769740e+00
-8.765145341886669550e-02
-2.206580856864935603e-01
1.325644752402736770e-01
3.655366465920044383e-02
5.275659217027961478e-01
-3.578709174778316182e-02
-2.751693274063491401e-01
7.173742636929016925e-01
1.705305355383283095e-01
2.643818540198773492e-01
-7.633376195582673718e-02
-2.136211102932556172e-01
-5.041395784324197438e-01
-1.215748827932845666e+00
1.255157743310349183e-01
7.408870540607042088e-01
-5.119389282492519122e-01
-5.840846251725818616e-01
6.141985843577368875e-01
-1.063313468435218123e+00
-7.068167443003536832e-01
-1.973369660044648616e-02
-2.836862744308874529e-01
-1.060260855925065637e-01
-8.852151406471727713e-01
7.569334043178210791e-02
-3.728548105627891296e-01
-3.344517717926515088e-02
-9.865099643936841023e-01
7.536217318334093029e-01
5.654187511405159849e-01
-8.131559724402848133e-01
7.230246154969768857e-02
-9.103428095095245087e-01
4.503767906052561498e-01
7.913531846211322440e-01
-1.455768574022862083e-01
-6.800000080998069851e-01
7.290684076892557375e-01
-2.013385814285863218e-02
-9.419153582289417626e-03
9.593197633381053691e-02
-5.495553875043217573e-01
-8.968676076599966240e-01
1.190584875901120193e-01
7.672144683937653920e-01
7.211176099674559969e-02
-1.002508964973044092e+00
-4.601618402498994231e-01
-1.573795493733078366e-01
-1.007446202205447561e+00
6.619065983624129457e-01
7.068042125651453622e-01
-6.876209389119782023e-02
-5.122775632204762397e-02
-6.471525323145934649e-01
-8.218122237219306347e-01
6.580043471747799577e-01
-8.174794112550225478e-01
7.996364658246112311e-01
1.034112205668688445e+00
-4.681411968079460806e-01
7.553308520057069320e-01
-4.474444754699362647e-01
-1.111356981312279668e+00
8.966227488327920270e-01
-5.824652476238867393e-01
-3.993585250079318971e-01
7.243422542911235329e-01
-7.628318273367420410e-01
4.789130816720266193e-01
5.349453966763169088e-01
1.222939081920731280e-01
-2.935320178034902527e-01
4.709554419286788307e-01
-6.919980865959184380e-01
8.989402747866042098e-01
3.535009089552533790e-01
1.889478732573939557e-01
-1.526687677843825697e-02
-5.549914668116711081e-01
-6.673521374970966535e-01
8.030008790498450733e-01
-3.750261187767248705e-01
6.861531003890428485e-03
-9.448726152313320359e-01
-9.025601992205256607e-02
9.743884021185704736e-01
-6.049464083438567119e-01
-5.720153762667421482e-01
6.876620731783678053e-02
3.709283465668679058e-01
-5.900501531056530080e-01
5.722333754973433217e-01
-1.267471142218312141e-01
-3.189758904750223945e-01
4.002360246263758636e-01
2.672986689370409064e-01
-4.858004647735174042e-01
-1.033598762576206642e+00
-3.517223886592730220e-01
6.457324529253490042e-02
8.282441432857137187e-01
-1.533540844596273933e-01
-4.980077277062379126e-01
3.815047446328856395e-01
-4.730919975626438623e-01
-5.119266968990572320e-01
7.093679561181882587e-01
3.972777721979504628e-01
4.042400768064401406e-01
-6.335571258349600443e-01
-8.353056711271920065e-01
-4.524598333431970598e-01
