-3.990773330047219236e-01
4.155997045762068187e-01
2.166108520078629807e-01
-1.931940977982627983e-01
4.226617714718435281e-01
-3.977316402333893053e-01
-2.255188069791724467e-02
-5.499020414116777972e-02
-1.000000000000000000e+00
9.841047854107845549e-03
-8.818135980242930438e-01
-3.341797532032145246e-02
-6.447920576135599546e-01
4.669345992551035551e-01
3.191855434630505028e-01
-3.275170793364147737e-01
-7.630646710188075943e-01
8.361349046068479174e-01
-1.910569193840357949e-01
-2.375639188670326807e-01
-1.000000000000000000e+00
-6.439506032357701637e-02
-2.788665229709764160e-01
3.780559790626336625e-01
-5.146804120755037182e-02
4.249872479382230672e-01
-8.366553556302065431e-01
1.849515696544967724e-01
-8.987182188148420403e-01
5.895296762731801199e-02
-3.624231147567623657e-01
-9.320534926922515728e-01
-9.201216090385114788e-01
1.044389533299137224e-01
-2.482268742417897689e-01
-7.865431709658042558e-02
-8.776245270312954538e-01
-9.320762145396388476e-02
-3.312613637177224679e-01
-3.206266078082030679e-01
3.412167383513602381e-01
-6.682334118930055578e-01
-1.443474478409538519e-01
3.798201410443541315e-01
-2.521149553093535861e-02
9.477738149024222958e-01
-4.138922998442968182e-01
3.662665428931193290e-01
6.528581927815860775e-01
8.526163365155918772e-01
-3.883485287876379255e-01
3.619659008590097038e-01
1.664899206085102557e-01
5.523309365286205308e-01
3.412859712673989576e-01
2.992883021850079039e-01
4.210262336953374263e-01
-8.233180800418696266e-02
-1.717335548044097437e-01
3.345016410111835703e-01
-2.633281518698679102e-01
3.153494409225401918e-01
-1.042484094709084097e-02
-1.941091225466770875e-01
-4.704315053053239049e-01
-6.408994575720849962e-01
6.317550262122776372e-01
2.244704217286259684e-01
-2.680695361150328693e-01
3.450830863520725211e-01
-6.696652218109815369e-01
-8.001014341409217190e-01
-7.198771357322196474e-02
1.100103405291108366e-01
-6.797444845872697705e-01
-2.108169901786007827e-01
-2.313537848715918332e-01
2.936883075164897772e-01
9.454389278597095103e-01
9.715923715805930838e-01
6.448155725432848095e-01
-7.450228322376047929e-01
-8.331132511800295459e-01
-3.532646584123838029e-01
-1.000000000000000000e+00
3.805502226546926825e-01
7.040926196443839657e-01
9.476724594071592733e-01
4.708730412895468787e-01
-7.401544121244181262e-01
-4.648509192933711898e-01
-3.468943805468066577e-01
-3.345881956160734472e-02
-7.278393973049652743e-01
2.993577678215472715e-01
-5.176740707751567028e-01
-4.302953670700460087e-01
1.000000000000000000e+00
7.691661938469164239e-01
-8.203324451710455323e-01
-3.476579131346068108e-01
2.676107435287559677e-01
-6.257564789318280640e-01
-9.402610001894347036e-01
8.197342665524660621e-01
-6.729851868859857422e-01
-8.518762986910877189e-01
-6.295311383834800711e-01
-8.920698693612659769e-01
-6.873595610460617733e-01
-3.412441015295312186e-01
2.305116003463400509e-01
-2.992851522819993115e-01
7.012625860810742795e-01
-9.881282681907150867e-01
-7.576938970926868494e-03
6.237881928320757607e-01
4.916196345710068805e-01
-8.211311322302164983e-01
-6.860580197664777335e-01
-1.000000000000000000e+00
-9.879799031730578385e-01
-5.657451684249930057e-01
3.171837808928890112e-01
-2.703635730288942440e-01
-8.290628354779976394e-01
-6.019240074172406141e-01
-8.017081875205283037e-01
-9.167934372875720106e-01
-6.430605563796201185e-01
-8.009078701661372091e-02
-9.817251564866416036e-01
-2.581884107108882165e-01
-3.556070683456455384e-02
-7.777787142755686611e-01
5.222787840212881338e-01
5.247437106779755389e-01
-4.340425187290235520e-01
-5.049781398141325317e-01
-8.184155018659527991e-01
-4.971066414568657832e-01
4.528068755644243382e-01
-8.206911725560954718e-01
3.004206400390413978e-01
7.854794023621014531e-01
-9.539052555332419026e-01
-1.000000000000000000e+00
-1.892733018266516409e-01
4.775177063417582191e-01
-7.527649406310090718e-01
-5.783656913666507249e-01
8.295037208273067231e-01
-8.780334828846354522e-01
-1.148119226091619399e-01
-9.739208489699886506e-01
-9.253403397071074954e-01
-2.657065504010759291e-02
-2.035810908246937778e-01
1.000000000000000000e+00
-3.499577742853072770e-01
9.375954412796189130e-01
-1.080170603614925423e-01
-5.843994254419750817e-02
3.921077173284976958e-01
8.026006309170325981e-01
-6.436744741331358322e-01
-5.568010631859822146e-01
3.740195561360723508e-01
7.006039370006075240e-01
-1.881390911539222444e-01
5.626561450941613973e-01
-2.445141392091451649e-01
-9.705163525494531207e-01
-6.768649307081008037e-02
8.433195950648120220e-01
-6.816057878264010217e-01
-9.957537966960178233e-01
-4.762794827254609453e-01
-7.086428039440157978e-01
-5.717775845411885438e-01
-1.000000000000000000e+00
2.360071888659667216e-01
3.188573434798688266e-01
6.558734888718865952e-02
-4.888770215422569287e-01
2.784498553298952461e-01
1.232783436678407951e-01
7.115666886716704997e-01
5.420124872555727169e-01
5.207781702784998190e-01
-8.242662212173592629e-01
-9.221549035079069645e-01
-8.613791185374024550e-01
2.197793429123959599e-02
-6.114761395726292514e-01
3.386006104414684414e-01
8.880110828547580493e-01
1.154603632746647492e-02
-4.377078650900534385e-02
1.489843512733161346e-01
-3.284023846528179025e-01
-2.125962083518566359e-01
-6.970832980977516025e-01
-7.846870432950171503e-01
6.037391798882251193e-01
-5.178923864964582457e-02
5.932580646493501586e-01
1.924354678032310084e-01
-7.995612250820237632e-01
1.792335234195229776e-01
1.713450823740088891e-01
-8.558944888709809629e-01
1.259478392059941998e-01
6.886127549115306223e-01
3.976468373168099424e-01
-5.854615539649248301e-01
1.797398279260077336e-01
5.183968338601273596e-01
-1.029047514409997949e-01
4.011425272971476108e-01
3.368164576129018539e-01
3.365819396056166646e-01
-3.294886074209990579e-01
4.776900630261616265e-01
1.135223550426739739e-02
-2.766602083759999164e-01
8.432784304790847951e-01
4.131306609208632019e-01
-9.335548258356242135e-01
1.920906959631335509e-01
-1.000000000000000000e+00
-8.285504137427854854e-01
2.251754189611701595e-01
-5.118126671045233334e-01
-1.905466951990172630e-01
-5.029241637825260236e-01
8.711733363782226958e-01
-9.338887512742969355e-01
3.302221300856710284e-01
4.552679227057532252e-01
7.770113777865539362e-01
-4.830575616694078867e-01
8.651047436376234634e-01
-2.733259306678074152e-01
-6.753032105260410589e-02
6.661751947006359087e-01
3.020371295622997776e-01
-1.461211894178966464e-01
-2.783263369815494048e-01
6.080326462662808407e-01
1.211360354136490347e-01
9.165374076396236580e-01
1.793839985845186169e-01
7.258529011103659334e-01
-8.700006714197717761e-01
-1.061947556666237857e-01
8.123635303051960355e-01
-5.276255105106517074e-02
-1.752707023428039523e-01
5.973866793312332391e-02
6.466173170200320008e-01
-2.168769017050969916e-01
-2.684259987783647050e-01
-5.249854070647740345e-01
-3.148309405944435535e-01
