-4.205790419259747281e-01
-5.763029764289402390e-01
-9.978042791611583251e-01
4.659577747538583559e-01
-6.398033083310161739e-01
5.903584156893791901e-01
-1.040356300607312878e+00
8.080907679978357461e-01
-9.049087603537657731e-01
6.428755411877901116e-01
1.212225738755010884e-01
-5.033019662887899814e-01
-2.707750494519923223e-01
-4.276966165563963473e-01
1.975572758512573746e-01
9.556600711810508963e-01
-5.699474862046673973e-01
-2.328441639542626340e-01
-6.297651496424334638e-01
3.325792761255584873e-01
-1.183564456260547626e+00
3.828910804912289967e-01
4.213785305671650105e-01
-1.667675650119320174e-01
7.316265282507583567e-01
-1.775931256023241811e-01
-7.360239558594797726e-01
1.900495904281895854e-01
5.245786446941382852e-01
6.632122351500815416e-01
-6.036717898739776128e-02
-9.514925630822739233e-01
-4.636949624584889573e-01
-1.013412989043294354e+00
-1.139132126341366735e-01
3.364757971108338075e-01
8.252877163981119368e-01
-8.256534991224725450e-01
1.614933210809670339e-01
-7.017015604456111610e-01
-9.226264201706471102e-01
-5.912966941710232627e-01
7.211943296896348166e-01
1.036752475361906844e+00
8.261218649696053795e-01
-7.557578456352959106e-01
1.637225457925536865e-01
2.008511480514233172e-01
8.578872471088953011e-01
-5.468476688813104225e-01
-3.325905592321523052e-01
7.867580440582003232e-02
-6.972134686508879575e-02
-5.871277870272654242e-01
5.795992086704936375e-01
-5.541064561195565563e-01
-1.052556400992014307e+00
2.874740967034889461e-01
8.356050542111271850e-01
8.265348446255232906e-01
-2.929236198559972970e-01
4.287699753902319832e-01
6.488069544189252191e-01
8.165045922468835426e-01
6.112898479243549232e-01
6.623211062571228436e-02
1.547931962156953722e-02
-5.593845165502623340e-01
2.675283824386365250e-01
9.911542271768876144e-01
-5.594978177073812731e-01
7.032845366722986213e-01
5.579070826192412680e-01
6.301899524743765912e-01
8.245064963840044170e-01
8.820811965052463011e-01
5.246050629033384149e-01
8.348923051719081556e-01
7.697821808726253989e-01
4.666778320233355148e-01
2.565276311604631765e-01
2.894714270777924980e-01
3.199053964498044245e-01
-8.253968625748505650e-01
-6.323047448979406404e-01
-9.061481275116665124e-01
-7.818952960274008213e-01
1.705350081775578452e-01
-2.900186197736824845e-01
-6.921731550607898020e-01
-3.319196158091091697e-01
-2.716138413098154736e-01
-2.479760167716969221e-01
3.267181193132693284e-01
1.304858504795296525e-01
-7.758219194727320467e-01
3.268924610770673062e-03
1.608551906123731334e-01
-3.052805168095800714e-01
5.038425761659151014e-01
-5.179901487565576890e-01
2.266324685386386928e-01
1.078259796154682038e+00
-4.777414988970736243e-01
-6.214755021716307226e-01
-5.232472551043207409e-02
-6.412100520794203895e-01
2.192889268792462265e-01
6.326347813365529316e-01
-1.247002783716863461e-01
-2.247494123607766126e-01
-6.656351261754179793e-01
8.845883700738869093e-01
5.812023679261406617e-01
4.145278877075150303e-01
1.193410901787997469e+00
-5.486610212868749947e-01
-1.285605257084669883e-01
-3.928185580937495480e-01
-1.624867174506556267e-01
-5.272701921899707322e-01
-8.617526050169238561e-02
3.578368813199437337e-01
3.076800722467344651e-02
-2.780720130627120090e-01
-7.261264096386477185e-01
7.585973606606253306e-01
-9.654413229663521001e-01
-4.191136477965269336e-01
-4.748478646483389465e-01
-1.472329355427553360e-03
-3.533962297120636364e-01
4.834705051676299603e-02
4.576765865130408839e-01
5.248115818749217176e-01
-8.324157914254506352e-01
-4.669496808218427386e-01
-8.248363550349908646e-01
-8.322630183171350060e-01
4.206268534276229598e-01
-2.710406668589113721e-01
2.343121798859633398e-02
8.433908850936790991e-01
2.900394016735118319e-01
-8.355230750334141643e-01
1.483853218804034868e-01
-5.805596943526769582e-01
-2.407426472805984652e-02
-1.538420196555292108e-01
-2.239535469913920274e-01
-1.839821876711238702e-01
-1.703502381034769919e-01
-5.944420533023205833e-01
-7.959755094230199779e-01
-9.508903941167337059e-01
6.902276649761882599e-01
-8.465177647845890663e-01
-3.839988909550724472e-01
7.428060186269650478e-01
-8.341612789844060627e-01
7.024646777761966998e-01
-1.836105846278347428e-02
4.180776587880404849e-01
1.144552991906016004e-01
-1.094449981467049415e-02
-5.277644188547532256e-01
2.648578838080251630e-01
5.114938832840312255e-01
6.393984884879755359e-01
-2.540016212626394765e-01
-5.257546063216226306e-01
5.620103220733891902e-01
-1.579690418802691121e-01
-1.306831690827996439e-01
-1.262385922667333737e+00
-9.070718727760018751e-01
8.953862245540076259e-01
9.113194061963517667e-01
-2.033729402438830824e-01
1.018120266217766412e+00
-4.879631662569837713e-01
1.334297148639622121e-01
9.850558783428911003e-01
-3.067829599678412178e-01
-1.516402967468359897e-01
-7.398123660853547223e-01
-9.844467287562135294e-01
1.588445554227531087e-01
-5.634771414557478986e-01
6.994010225001874304e-01
1.060835004319439917e-01
-4.121650190345501064e-01
9.526763673842804092e-01
-3.692629386979719985e-01
5.805347624879477614e-02
-5.855601243208810591e-02
8.553110874248175399e-01
3.099195189901263747e-01
-9.281634521907224933e-01
6.180101763757872568e-01
8.229539956929530220e-01
6.952171504960225068e-01
5.448356708089812095e-01
3.283436871521507316e-01
-9.087926695899328777e-02
7.015299415377180825e-01
-4.755400781315618497e-01
-3.527646912222315301e-01
7.498906098596009873e-01
-4.134237435193384158e-01
-7.449123151821237521e-01
-6.173789922499228755e-01
-6.846436408100823323e-01
-6.897288109729635686e-01
9.999467606683682952e-01
-2.066430334408030922e-01
-6.026081939344232197e-01
-6.627082490096662948e-01
-1.448580690286343509e-01
1.022821847243565063e+00
1.134805013638137405e-01
-7.363061801298262932e-01
7.007597714025266544e-01
5.387189590047889443e-01
-4.591379059949640684e-01
-8.752136110714978656e-01
-7.190775049384170448e-01
9.311940169862522598e-01
6.222411350156630272e-01
-6.479397573342484673e-01
-1.869989118795718774e-01
-9.460257308274736543e-01
-3.433253505203671674e-01
6.501898883495914605e-01
-4.305379314946311542e-01
-4.865217433185486939e-01
6.662156057965115119e-01
5.885289591325048031e-01
-1.119335554681949174e-01
-5.349722843605764222e-01
4.575324987725255116e-02
-3.292052334021778326e-01
6.198729015674261378e-01
8.209153424178393665e-01
3.322280345680128644e-01
7.692055069061036476e-02
7.534588420880414805e-01
-3.817062206982794192e-01
-7.356325230852321928e-01
-1.417577321911978050e-02
-4.269684379603834734e-01
-9.730115905750981453e-02
7.354208069164784589e-02
4.090928333572993458e-01
-5.158040307577216321e-01
3.871811711677890511e-01
-8.776036191619072113e-01
9.405773701810815624e-01
-4.345052463950676014e-01
8.831668496996456508e-01
-6.403882082447884816e-01
9.327235893218727147e-01
-2.359259678605689914e-01
6.768951268137937127e-01
-2.291080770178817172e-01
