-1.000000000000000000e+00
1.000000000000000000e+00
2.357788165045506812e-01
3.498903153100714203e-01
-4.150006872900124377e-01
7.194491661116619863e-01
8.952401361738883123e-01
5.168685108484850632e-01
2.628186813475491546e-01
2.689240966393101617e-01
2.000248856779713869e-01
8.265465287953754903e-02
2.059369952892484701e-01
4.029095964170868738e-02
2.116004948334360147e-01
5.203661350828114873e-01
3.604501245892324235e-01
2.981159126016159067e-01
-4.549878806168291545e-01
1.000000000000000000e+00
-6.714716691109148261e-01
3.064231596743954844e-01
-5.505896377435799405e-01
-4.531473334835918187e-01
-8.916398787345536370e-01
-7.525987620571789050e-01
-4.053226013410068385e-01
-3.987836545471601379e-01
-1.386796876761964281e-03
-1.000000000000000000e+00
9.926589022892982062e-01
-7.512424605679284273e-01
3.385663512219352356e-01
9.498418960962815571e-01
-1.730922720517380498e-01
3.858855131993711440e-01
-5.995640970189074492e-01
9.171495421294624251e-01
-2.169252990131443626e-01
9.334598182673441435e-01
9.395944511446610026e-01
5.467246854888965224e-01
-4.017550716548322631e-01
1.000000000000000000e+00
9.897686357189396933e-01
5.218360867619813437e-01
-4.455615299392536865e-01
1.000000000000000000e+00
-4.763045024412577710e-01
-2.933493089377945395e-01
1.000000000000000000e+00
-6.791111318419837950e-01
-3.087701152433021123e-01
7.328788523847213909e-01
-6.326178386784778729e-01
-5.063743409937631057e-01
4.933525609221866004e-01
2.611473096523875270e-02
3.842916213344129139e-01
4.290647525364701398e-01
8.902469769375578323e-01
-5.430557366256751894e-01
-5.131010739017797251e-01
4.248610494069375854e-01
5.799994712912314165e-01
3.327330497638409934e-01
1.270952584172548860e-01
-6.435562840596089629e-01
-5.265483143464301241e-01
-8.407602480609369100e-02
1.000000000000000000e+00
-8.794272377726728429e-01
-7.270391372988247447e-01
-1.000000000000000000e+00
8.531647487491382520e-02
3.841098279183031150e-01
-4.480891976255865217e-01
2.007401154411290189e-01
1.724558966896433398e-01
1.000000000000000000e+00
-6.681473736036380728e-02
2.018755450892578129e-01
-2.609311924068745125e-01
-2.153988651721963077e-01
-1.023309844767292254e-02
-8.602832290947908245e-01
-9.047058708394311033e-01
1.806584315340490354e-01
9.106712779142127623e-01
-9.626592198531858102e-02
-5.337622925821770004e-01
5.510138818826186835e-01
1.208958622419717965e-01
-1.273842231199497355e-01
-1.000000000000000000e+00
-8.593792380394369435e-01
3.813774077161508624e-01
4.269680107111416545e-01
3.912537860734635053e-01
-4.046241837067274805e-01
-5.922462840322015865e-01
-1.000000000000000000e+00
5.585407292045178052e-01
2.235890500983522822e-04
1.000000000000000000e+00
9.821257755584937854e-01
3.708670588316034245e-01
-1.446204186424278337e-02
2.286229321256268709e-01
-8.275237251883416079e-02
9.121238913492506484e-01
8.627919872343379204e-01
7.548634760501886642e-01
-8.584981195351537586e-01
-2.146865333937638676e-01
7.427635016794705836e-01
-6.817372974979259981e-01
-1.338728581099870585e-01
-2.819844205976012042e-01
4.918502658072402278e-01
-1.000000000000000000e+00
2.259172643942544689e-02
-7.937382490925740663e-01
-1.000000000000000000e+00
6.249803434278203840e-01
2.527628933621409169e-01
5.855202745460950098e-01
-4.768110016552293828e-01
-1.000000000000000000e+00
-1.000000000000000000e+00
9.110453146864154750e-01
1.813043438782994607e-02
-5.873346678982155344e-01
1.390509993731181282e-01
4.666051410621226969e-01
-3.929042056792624305e-01
-1.000000000000000000e+00
-2.953831361958068058e-01
-9.236756802882424289e-01
-3.248645235580025492e-01
1.063757355800508397e-01
-5.413244706788360450e-01
6.891839608209072709e-01
5.873834439211447211e-01
2.892439725696394071e-01
2.450615185722420097e-01
-9.562882251837727665e-01
-3.727907092701744918e-01
5.574917804701666757e-01
3.518544862589443323e-01
9.774758834254543283e-01
2.233592126461844130e-01
-1.254060564883419104e-02
7.190271767774292222e-01
7.693788836137356313e-01
-2.447760327189207885e-01
-4.034548230658464574e-01
-1.000000000000000000e+00
8.826190498590222866e-01
-2.998493998643751990e-01
6.248852893068017611e-01
-1.000000000000000000e+00
-2.511664393219302238e-01
-5.677488993999010303e-01
4.817000522323457989e-01
-1.525507482245456736e-01
-1.081643895213518503e-01
-9.516960092874413579e-01
-7.829109195980512581e-01
-2.330940375232251616e-01
9.744296747914201751e-01
-1.000000000000000000e+00
4.014224414361290405e-01
1.393397124355737482e-01
-1.000000000000000000e+00
-4.686129293463282552e-01
-8.796601474077989646e-01
4.837013115489212645e-01
7.835905037523889227e-01
9.738375178752455286e-01
-1.325222827885513821e-01
-9.131684848110288577e-02
7.977109605258762004e-01
-1.000000000000000000e+00
-7.673706016993397938e-01
-8.247683838822705837e-01
1.636829079031425493e-01
-7.766062557090550600e-01
6.268124972273179107e-01
-7.663391989882700761e-01
3.697950551924355511e-01
1.000000000000000000e+00
5.275675236564714154e-01
1.595238623404399148e-01
-3.187717382215216055e-01
1.000000000000000000e+00
-8.789794328408686575e-01
-1.390144352804207895e-01
-3.245163324409961469e-01
8.356824218348040123e-01
-8.744200435586221287e-01
1.887937777639512316e-01
-8.181313321654754001e-01
-1.511709963105268284e-01
-1.465060702944836202e-01
8.121860025433991215e-01
-4.937854573645724110e-01
8.108582090912244134e-01
-5.524070057750773977e-01
9.068064184695820984e-01
1.111766476486883981e-01
7.947676576939266546e-02
6.226858449625543024e-01
3.373253365757981070e-01
8.875890013552135693e-01
-1.000000000000000000e+00
8.685274185416013148e-01
-6.660118808996348116e-01
-1.035743885271025455e-01
3.704496859465344905e-01
-7.373068236417164023e-01
-6.536848277444420319e-01
8.526937750834578944e-01
9.682923453655087886e-01
6.069337069784177530e-01
-3.440187417603428610e-01
-1.170093144771186533e-01
4.442802330639845643e-01
-5.443489915895567410e-01
2.517003341285171114e-01
6.666758207329077646e-01
-7.092862629390901397e-01
7.732137054291330358e-01
2.441266773380141586e-01
-7.794270061760757429e-01
-7.069473881865657727e-01
5.507956791311454658e-01
-7.921173212143073350e-01
4.535578793210608417e-01
8.616220079841312440e-01
-4.768448097563247057e-01
2.082948171705917284e-02
-1.000000000000000000e+00
-7.150154494459528554e-01
5.836671797257961813e-01
-7.974240241893166825e-01
-9.284681822762510528e-01
-7.475229054777623450e-01
-4.671245713285665513e-01
-7.444522297115503395e-01
-5.090546227650671884e-01
-1.000000000000000000e+00
-5.646652077344449516e-02
-2.647894941564388205e-02
-3.219529576431017781e-01
1.919878514797279667e-01
-1.000000000000000000e+00
6.134612803796584135e-01
-6.762708733772784253e-01
-5.268462644163138808e-01
1.797102533856424766e-01
1.976148015007458403e-01
3.931927127352568552e-01
1.000000000000000000e+00
1.000000000000000000e+00
