8.741367825697365923e-01
1.000000000000000000e+00
-8.520771697551807744e-01
9.962888925304747012e-01
-2.931246299862070304e-01
1.764566697999210287e-01
-2.893032027526931671e-01
7.086524632711104221e-01
-3.423631346458566593e-01
-2.470627240394767110e-01
5.028714875250046568e-01
-3.402879010002148874e-01
-9.609938126286499127e-01
8.618802464648600559e-01
4.994813269255001242e-01
3.742914571220210540e-01
9.370731529876219490e-02
9.335622982531055492e-02
5.654813528726285732e-01
6.403251892977486204e-01
1.000000000000000000e+00
9.083943425656961779e-01
6.166057562209645848e-01
1.771294257074595979e-01
2.948787756856572351e-01
-7.967661367800955574e-01
-7.086633304412137679e-01
-9.147254762394729788e-01
2.049226712144225360e-02
-3.326352254641535833e-01
-6.160289608300062447e-01
-7.199675122534912042e-01
-5.058883182957389923e-01
-2.497152964156328370e-01
9.048404505449176849e-01
2.844544597653841933e-01
-4.501801146964987677e-01
3.056416729624114037e-01
-9.705547412391246631e-01
6.315798432184793754e-01
-1.234281308691076440e-01
3.201224757447440616e-02
7.349445152982447826e-01
5.052952382578089763e-01
-8.831246191391852740e-01
2.674721757892848384e-01
-1.000000000000000000e+00
-7.080846002806451267e-03
2.653242073816490798e-01
6.958586347585058451e-01
2.378918555388040978e-01
1.428717779441532887e-01
6.178203728888249646e-01
-4.104517612009725980e-01
-4.715777018238773710e-01
-7.185808453996185285e-01
3.395446965027648645e-02
1.067759237246598131e-01
9.541129472379616949e-02
7.648687344934917975e-01
6.427335076351232690e-01
2.767625736351586596e-02
2.685924162023727302e-01
7.595756270730311677e-01
8.535112260268751250e-01
4.956178275003717548e-01
2.014702682813969137e-01
8.290290358644322177e-01
-3.425409404031596328e-01
-4.196921819072010340e-01
-4.445209034447010765e-01
-8.329676656901663367e-01
9.404534836499280903e-01
-7.537576105481553768e-01
-3.096542854363448782e-03
-5.417039413747484211e-01
-2.473189638857256067e-01
7.882339727293332654e-01
-1.685566923044394816e-01
4.043895054404882394e-01
9.286231627452228299e-01
-1.000000000000000000e+00
3.003838061824404271e-02
-4.305369113601198450e-01
1.000000000000000000e+00
4.677487667157975704e-01
-7.629401637329624730e-01
-9.266958822071924562e-01
-4.990505791066575103e-01
-1.357318849558131202e-01
8.577558853978979325e-01
4.579895692466273704e-01
-7.862192227727260452e-01
-8.936469305849445988e-01
3.736788211591173248e-01
-4.185972329113720747e-01
5.354140263979179082e-03
-3.449229277030447793e-01
7.631739626635023477e-01
2.695766828192844855e-01
-2.104638004543215590e-01
-1.104519267235652968e-01
-1.664818551945332903e-01
2.942626362910565341e-01
-1.847527424073391877e-01
9.625677415377609236e-01
-7.642535636203422467e-01
-9.496959002697202834e-02
-1.136151962618532352e-01
4.430547209201471937e-01
-8.880443009577414504e-01
1.269243641085446850e-01
4.383561626157597146e-01
9.847714116711653309e-01
-5.637272022869801447e-01
1.121225749081031786e-01
1.928858062027392073e-01
1.000000000000000000e+00
3.923404388253992625e-01
-4.698415793401282681e-01
-2.791703825401127825e-01
-4.099246577643462786e-01
-2.477114527962442914e-02
-5.591766493174081809e-01
-4.186263078477425736e-01
-4.006662715028663779e-01
-2.959708548544126572e-02
-6.283555996137808464e-01
-5.377126064491168922e-01
-1.635143296539387503e-01
8.000045465117642252e-01
7.552676041733730194e-02
-2.407884221709013506e-01
5.805520217730713028e-01
2.483314046031088740e-01
-4.676603053599526216e-01
9.153875331381506886e-01
9.008744411293672094e-01
2.558202807032226023e-01
7.190476272787547918e-02
-1.284673961340379034e-01
-4.350375292701544883e-01
3.648916750644028983e-01
-7.641264749635888753e-01
-4.212257811639497085e-01
-4.112350286840980029e-01
1.896276558714586891e-01
-3.024374347321927559e-01
1.000000000000000000e+00
-9.359347212697068930e-01
1.000000000000000000e+00
-9.829137206668298044e-01
4.870100927702480931e-01
4.807330759792929342e-01
7.955374319823844687e-01
-7.656963302104033975e-01
-5.503261805835737430e-01
4.558624213830952954e-01
-8.348054941317737399e-01
-6.503377274588353352e-01
-4.134844635775789534e-01
8.259362965688039626e-01
-1.000000000000000000e+00
-9.850569424526947060e-01
-3.071784307419338500e-01
-7.438412669367691077e-01
-1.000000000000000000e+00
-6.780671784554759274e-01
2.502561269271329492e-01
8.262046098463893262e-01
3.398157147144262868e-01
-9.027168233856037727e-01
-9.449944408649433303e-01
4.694032898493878392e-01
8.576678208806769454e-01
1.148284127221321782e-02
2.237452849470018545e-01
7.090959664465417145e-01
-5.855711458236227962e-01
5.203805771651328627e-01
-5.298630058041904345e-01
-1.000000000000000000e+00
8.314613633992407049e-01
9.730735905526814999e-01
-7.728879213133637016e-01
7.707749276052664467e-01
-1.000000000000000000e+00
-1.306740109594071164e-01
9.051042493197081207e-01
6.375764788040820807e-01
7.865790447343852243e-01
-1.000000000000000000e+00
-9.472459992225172876e-01
-5.251385333998728200e-01
-6.128202001857729897e-01
4.837288862177584470e-01
-7.734443803151029861e-01
-5.654104067330514294e-01
2.793343730681432380e-01
-5.171633233737873425e-01
7.166665670429512858e-01
1.000000000000000000e+00
-9.473481271626775779e-01
-1.065829415442465233e-02
7.171461350230787790e-01
9.977873216294292913e-01
1.129805747107486269e-01
5.809123238194051631e-01
-3.227519938624167084e-01
-1.458702354692023029e-01
-9.325274183168079656e-01
7.617658972358252178e-01
3.574824553339597255e-01
-9.535375293789238871e-01
3.948015805033289194e-01
-5.677806364917303839e-02
-6.270006119217512719e-01
4.930398125366202144e-01
8.669949140094077578e-01
1.756557593358420988e-01
-5.310271596038464992e-01
-4.258439186100184681e-01
9.781761748167165926e-01
4.374910594146141918e-02
8.706109410113616054e-01
-3.967385803061900251e-01
3.978003792299038555e-01
6.945437441134338918e-01
-6.896129494876359622e-01
2.123944094526986071e-01
-2.835908338086856606e-01
3.105027263812687455e-01
3.494078023252107368e-01
3.956065461883633283e-01
-2.695669401268034893e-01
-6.592848045623753706e-01
-2.731211479555142319e-01
-5.401484667990741340e-01
4.346681043350510976e-01
2.966413721881804300e-01
-4.351793274786969201e-01
-6.849536249015619749e-01
5.895533564939361426e-01
5.378868427074667835e-01
-5.439900469316452103e-01
-3.665806875320991587e-01
2.490901326878340871e-01
9.619396207871664384e-01
5.778457605445983525e-01
-7.423717410123402694e-01
-8.247957194393449321e-01
5.605824479683398920e-01
-3.356203425933647067e-01
3.448424282254981543e-01
6.454381889986009480e-01
5.393077398640158115e-01
-3.673794450505192266e-01
-2.558001775208280648e-01
5.818868948024498167e-01
-5.939785525227549989e-01
-3.153971190086242160e-01
-3.456889506963798375e-01
7.162528435054351661e-01
8.536656446046020363e-02
8.937963632355747645e-01
