-9.947567209028794766e-01
-7.063149115197963068e-01
-7.425591644451361439e-01
7.697655767828870399e-01
-5.147131340544375266e-01
3.778491811239116371e-01
-4.287787396147359487e-01
2.080073311245822787e-01
1.551476902123610779e-01
1.561117249055024581e-02
-8.684903486256106975e-01
-1.563719220764500373e-01
5.348541826261463683e-01
-6.818538159993430270e-01
-3.647643319795649264e-01
6.990405438514765146e-01
-2.373426105885721449e-01
6.464780520151638399e-01
1.885945995646203660e-02
9.830866510090268129e-01
-7.035093422361567983e-01
-1.058613888274536202e-01
-3.874370554561609725e-01
-2.935891685563650766e-01
7.211692306574266631e-01
3.310677059063780181e-01
2.682493632332507705e-01
-9.335177423378754336e-01
7.557352273374161600e-01
9.710440634879435873e-01
-9.931880797258285654e-01
-2.113562233820566461e-02
-1.753111302311147202e-01
-1.000000000000000000e+00
-6.936780029754346932e-01
8.999382170777815437e-01
1.000000000000000000e+00
3.864358102363185110e-01
-4.912013708239351684e-01
9.800617342785418185e-01
8.189642753869144642e-03
8.098843373468749274e-01
4.568558375899800517e-02
-1.000000000000000000e+00
-5.565446684625147133e-01
-6.868620163001146195e-03
4.752504853152939024e-01
-1.986508710146007994e-02
-6.414578038320640774e-01
-8.555656719885637029e-01
1.000000000000000000e+00
-8.078649668155596375e-01
7.096817100227817976e-01
-7.266048467320485038e-01
-8.071425029659315409e-02
3.375212454868277701e-01
2.713531205895520770e-01
-6.568986563504305431e-01
-2.693573254328220368e-01
7.951887829942376751e-01
-5.404297660471183429e-01
1.916630852971356047e-01
-3.067005668394161555e-01
-4.903334059789419830e-01
4.922323741730883495e-01
-4.478484742475580260e-01
-9.167981645193937768e-01
-1.000000000000000000e+00
1.719564113035744746e-01
3.588777218079593490e-01
-8.130546705650032457e-01
1.655001552350619798e-01
1.503306352770551468e-01
1.000000000000000000e+00
5.533213874564311130e-01
-6.780336519507547122e-01
-9.571221077152246570e-01
1.000000000000000000e+00
-4.244826875965236335e-01
7.903148958777668209e-01
1.000000000000000000e+00
-1.723640244012718259e-01
-8.945857074145788790e-01
1.803173199058507592e-01
5.763314058437871701e-01
9.224646247809570321e-02
-3.511015759705454764e-01
-3.294886032394727660e-01
-1.210496864066339523e-01
-1.713414136401671395e-01
-2.410361788206232259e-01
-5.278527552410363644e-01
-1.000000000000000000e+00
8.012210670540509394e-01
4.971161064057475487e-01
4.586587247029269565e-02
-5.043327628685472241e-01
6.960409974469723426e-01
3.560343559154376392e-01
-6.465269398897183217e-02
-5.444804479683522658e-01
-6.828140301395152489e-01
7.107879265873761065e-01
3.056407989553342475e-01
-5.032302221567267475e-01
-7.474862470892733590e-01
2.261495108316321778e-01
-7.786359895403475173e-01
4.280640963939967292e-01
1.040654533260068071e-01
-9.693655692042913996e-01
7.157405878632218110e-01
-1.327384569551580962e-01
-1.000000000000000000e+00
-5.199707951667720263e-01
-1.000000000000000000e+00
-2.934946196005981944e-01
6.290518670516916933e-01
1.000000000000000000e+00
-7.563626234399631887e-01
-2.789206578361558275e-01
1.000000000000000000e+00
1.377747328512941849e-01
6.694531051681301692e-01
5.909683901652178495e-01
-9.596207703176131698e-01
6.486123769959929453e-01
-4.542136500958648404e-01
-7.654129885858473870e-01
-6.654079899667515452e-01
-4.990131213163304658e-01
8.369267652519801759e-02
-8.541759967179842761e-01
-8.403789670075496598e-01
-2.603943360099842397e-01
-8.881131052556506811e-01
-9.868905985860978447e-01
-1.000000000000000000e+00
-8.875782133778042926e-01
-3.812726329627061927e-01
-3.187577319037120938e-01
3.805220544845391850e-01
-3.321831842516450028e-01
-1.000000000000000000e+00
3.676605671268189379e-01
1.553239817102773368e-01
-4.412555541757797600e-02
9.467723067315727548e-01
6.013357568715765877e-01
-8.124910376674011614e-01
4.747013872774790144e-01
8.111825359330545604e-01
1.000000000000000000e+00
-2.907408502462126010e-01
-3.127184908086604875e-01
-4.471108200720137482e-01
-7.115465912623433198e-01
4.631308578346142180e-01
-2.303518966413806157e-02
-4.445192977933927203e-01
-1.000000000000000000e+00
3.299840763292973822e-01
1.000000000000000000e+00
1.624180997999526699e-01
8.728507890369288091e-01
-2.463771242013603757e-01
4.261762080233205130e-01
4.021711716330951258e-01
2.963760066838732055e-01
-6.603186295291161301e-01
-6.478649487784109429e-01
-5.438474811961998556e-01
-1.127678644000035951e-02
-7.252526201383311388e-01
-9.076361991787339489e-01
-8.379218727310580594e-02
1.121724857243887319e-01
3.390655561105006544e-01
1.497746025469538500e-01
-3.755465723463446981e-01
1.607253897917668706e-01
7.820558519683983301e-01
3.099273297299334762e-02
-4.667171260728331106e-02
-6.259246033216397942e-01
-7.337213055106982518e-01
-7.053901866499640017e-01
-9.641041465986996961e-01
1.779384585016031972e-01
6.430621625277257447e-01
-4.481365092188811516e-01
-7.782720495895145696e-01
-1.876619820432713082e-01
1.445856492049873154e-01
-7.057282912009611442e-01
8.953891397471465119e-01
-2.762740359614090369e-01
7.163727744322974100e-01
5.569716157236812570e-01
-5.578086713706168487e-01
8.110853983532418932e-01
-1.000000000000000000e+00
2.021309689166881363e-01
1.955898344067663053e-01
-4.224650657023826250e-01
-8.809033514925115882e-02
-8.636547869181415704e-01
2.995506344998376536e-01
-9.862862757733645847e-01
4.557872943038849267e-01
-7.718876854086025308e-01
-9.815551641313943754e-02
3.387955956137803648e-01
3.038125262022999262e-01
1.000000000000000000e+00
1.066414238927390623e-02
8.898763354725327535e-01
-1.185424559595327637e-01
-3.441823268042065731e-01
-1.258775178626574676e-01
5.405075258539011607e-01
7.498528084419578965e-01
-1.196810278031467528e-01
3.049453611083944304e-01
-3.717655712115879307e-01
-4.045326641857506234e-01
-7.119389553645647517e-01
7.361457289817556759e-01
-2.947507835832426926e-01
-7.368292637311937288e-01
1.524227267966237198e-01
-7.972708504700057874e-01
-5.391247359429482966e-01
-6.878890059711590954e-01
1.000000000000000000e+00
-1.000000000000000000e+00
-1.809401359976164914e-02
7.074193114864794074e-01
6.846567067313582555e-01
3.615202850483091868e-01
7.101424771167016425e-01
-9.938940661752233563e-01
5.901300971222611658e-01
3.774649726561400964e-01
-1.000000000000000000e+00
-3.786092284295035082e-01
9.563338936196261741e-01
4.669039146980079047e-01
-7.522493057172969788e-01
-1.000000000000000000e+00
-1.285067994949154746e-01
-4.173483361325426855e-01
-8.345131054432107787e-01
-9.642166937860089382e-01
-9.483856997691444413e-01
-3.021646913708745386e-01
8.959552219666011563e-01
9.874604066196321916e-01
1.903816227750861900e-01
8.452339160951681807e-01
-7.330962104886296071e-01
-7.875068385969807849e-01
-1.000000000000000000e+00
3.809712262602678590e-01
-3.287556967315298229e-01
