-1.000000000000000000e+00
1.000000000000000000e+00
2.092143144094208707e-01
4.476795400342162834e-01
-2.316969939931689537e-01
7.613431787244967497e-01
7.821392110153877475e-01
6.244973748132325309e-01
4.454543892021282647e-01
1.243241687954735192e-01
2.313246396209742151e-02
1.185980516560834197e-01
2.335899731239182153e-01
-1.537550367033782006e-01
2.247313314522197403e-01
5.121970568234439636e-01
5.858469256362190958e-01
2.981159126016159067e-01
-3.907069611623832373e-01
9.411431542912687132e-01
-6.453264195341894549e-01
3.218122396392963380e-01
-5.703224845602464788e-01
-4.003585948838325748e-01
-8.916398787345536370e-01
-8.994584887179939425e-01
-8.058816729356786945e-01
-4.094874287177804328e-01
-1.386796876761964281e-03
-9.974969853274274767e-01
9.212660509253345342e-01
-7.512424605679284273e-01
3.643652942925400540e-01
9.498418960962815571e-01
-1.911965706017189071e-01
3.858855131993711440e-01
-6.214152611622908440e-01
8.368215451863499910e-01
-3.627549428639810225e-01
9.842653657325939331e-01
9.987070415388659139e-01
4.801965695145417046e-01
-4.473552068318052966e-01
9.051485230758171685e-01
9.907548597358023512e-01
5.154558824868453737e-01
-7.968086568459009644e-02
1.000000000000000000e+00
-4.856566029994610623e-01
-2.933493089377945395e-01
1.000000000000000000e+00
-7.385548253248097605e-01
-3.350478351785454723e-01
6.884828398890735501e-01
-6.244236445383335443e-01
-3.087168797585683189e-01
4.933525609221866004e-01
-7.774544257188768792e-02
5.491024148648939729e-01
4.290647525364701398e-01
7.863184677151703328e-01
-5.430557366256751894e-01
-5.434989004822678993e-01
4.434591218409885682e-01
5.799994712912314165e-01
1.900344513372029254e-01
4.055034597447837452e-02
-7.196123954212523266e-01
-5.482086209884853290e-01
-8.407602480609369100e-02
9.755260379425332307e-01
-9.044594256338531757e-01
-7.168063722025127538e-01
-9.395902938968102580e-01
2.058382518092278790e-01
4.317586939429882698e-01
-4.480891976255865217e-01
1.911342897003080188e-01
1.137595729242505960e-01
1.000000000000000000e+00
4.108181562362879513e-02
4.177337025887356559e-01
-1.302743853014237119e-01
-1.584165343268953419e-01
8.156038564053126605e-02
-7.924309430971435697e-01
-9.670983212415822372e-01
2.135137621678410424e-01
9.106712779142127623e-01
-1.519418946553451333e-01
-5.064483617386380532e-01
5.510138818826186835e-01
1.208958622419717965e-01
-3.399150483858880967e-01
-1.000000000000000000e+00
-4.018005871080778113e-01
4.057709524885987906e-01
7.161824017540486809e-01
3.138381691966796172e-01
-3.124585380768802878e-01
-6.702151101370659170e-01
-1.000000000000000000e+00
5.898315176199913079e-01
-2.203242402382806775e-01
1.000000000000000000e+00
9.950175156154966727e-01
3.391394837836076981e-01
8.800752677619209929e-02
2.294008084064401987e-01
6.822037702067985931e-02
9.107245348611535674e-01
8.627919872343379204e-01
7.548634760501886642e-01
-8.584981195351537586e-01
-2.146865333937638676e-01
6.966680253786678989e-01
-6.800520871626187791e-01
-2.109640456413595933e-01
-3.040160180171162518e-01
4.746239073133727837e-01
-8.362393549731881315e-01
2.259172643942544689e-02
-7.937382490925740663e-01
-8.854082627613908407e-01
6.311678501575871403e-01
1.055021285327705782e-01
5.855202745460950098e-01
-4.869884316341926422e-01
-1.000000000000000000e+00
-1.000000000000000000e+00
9.450748532219338527e-01
1.813043438782994607e-02
-7.716575305396177198e-01
1.870294830707203149e-01
2.896374158243291141e-01
-1.733121199588390504e-01
-9.777697382108928581e-01
-4.215699142252204989e-01
-9.236756802882424289e-01
-3.898964483332564845e-01
1.063757355800508397e-01
-5.493792571727608154e-01
7.814206970696097043e-01
5.731061175789519124e-01
2.892439725696394071e-01
-6.271274055552668314e-02
-9.562882251837727665e-01
-3.185133796292188846e-01
5.350788100658031565e-01
3.518544862589443323e-01
1.000000000000000000e+00
2.371220579221681168e-01
-5.840417915900974338e-02
6.716180046658180025e-01
7.218727680604023478e-01
-3.776360994815355920e-01
-4.320270334049025607e-01
-1.000000000000000000e+00
8.826190498590222866e-01
-2.998493998643751990e-01
6.248852893068017611e-01
-9.897043950947229662e-01
-2.173487487721911804e-01
-5.692607047269074849e-01
4.817000522323457989e-01
-5.837194757640296050e-02
-7.577611924660171416e-02
-9.649729975296538198e-01
-7.848107338557807067e-01
-2.479468568406672790e-01
1.000000000000000000e+00
-9.945024642616330235e-01
3.254169217101020584e-01
2.397871231531247538e-01
-1.000000000000000000e+00
-4.686129293463282552e-01
-8.796601474077989646e-01
6.017014025665301524e-01
7.835905037523889227e-01
8.873283161622990134e-01
-4.450449384120033769e-02
-9.131684848110288577e-02
7.468686165045216319e-01
-9.053079345542133227e-01
-8.802323110101133441e-01
-6.956185456409321732e-01
3.464315417478341930e-01
-7.517472435141488996e-01
6.238142341448085215e-01
-7.381336523289788731e-01
3.233044128528945738e-01
9.838778342952418932e-01
5.275675236564714154e-01
-3.323313268267332754e-01
-3.187717382215216055e-01
9.846578134583986452e-01
-8.789794328408686575e-01
-5.786156899826087885e-02
-3.306489620498342386e-01
9.179780570297619846e-01
-8.465340663885650985e-01
2.482723873852425434e-01
-8.689513909819346349e-01
-1.861267221033375552e-01
-1.718150416711008155e-01
7.101446983245700562e-01
-4.716474452182314869e-01
9.543425292444249752e-01
-5.556334452257040146e-01
9.068064184695820984e-01
1.242999341390646773e-01
-3.040220726243675342e-02
6.780517322479839848e-01
3.427893232505249133e-01
8.875890013552135693e-01
-9.483122609314129647e-01
8.685274185416013148e-01
-7.038095335537983832e-01
-2.030484571331132582e-01
3.422689264030188139e-01
-7.853332576513204488e-01
-4.874873629030601618e-01
8.490005582558692865e-01
1.000000000000000000e+00
6.491978753401712599e-01
-4.633588746586571050e-01
-3.442558934319851494e-01
5.322400097758195336e-01
-5.457246021480559595e-01
2.499679191202908157e-01
5.855700137529388227e-01
-6.610422523403617356e-01
7.967577574251817341e-01
2.441266773380141586e-01
-9.854511072578601150e-01
-7.728080128780125957e-01
4.877192150997708420e-01
-8.730456357471815254e-01
4.708001760188627594e-01
7.709128463079158999e-01
-5.639048824545367378e-01
9.098089016617869063e-02
-1.000000000000000000e+00
-6.560619335037861655e-01
6.957372835565859281e-01
-9.460294850753679929e-01
-9.284681822762510528e-01
-7.299718855423538155e-01
-4.671245713285665513e-01
-7.444522297115503395e-01
-5.090546227650671884e-01
-9.879411837777430927e-01
-5.646652077344449516e-02
-1.489612201506679279e-01
-6.128856344294834890e-02
1.919878514797279667e-01
-1.000000000000000000e+00
6.134612803796584135e-01
-7.407814795319443979e-01
-6.058434001417828396e-01
1.712712641752561771e-01
3.300220158988087515e-01
3.231641950012290598e-01
8.207447564498662196e-01
1.000000000000000000e+00
