-2.910205681572686220e-01
-2.007286790169964252e-01
-1.968723447550855266e-01
8.949725074951970782e-01
9.981566717406331612e-01
-7.135654061223853928e-01
-7.350329591716666666e-01
-4.152574139212938942e-01
6.906673414338442285e-01
4.130511259417803949e-01
-2.205004295919892332e-01
-4.432939548130614971e-01
7.154802963248312331e-01
-8.144580943831876141e-01
6.907108653437357138e-01
-1.000000000000000000e+00
1.432215313236864240e-01
-7.655347042292750537e-01
-7.331403871083006507e-01
5.189776410957080977e-02
4.425987788690504132e-01
7.369436111782293186e-02
-8.312645439357861932e-01
2.397519339758469870e-01
-1.763182180968145829e-01
1.255036003698370983e-01
3.763959586401626201e-01
-4.356976966912691207e-01
-1.000000000000000000e+00
-1.000000000000000000e+00
8.919914249366296399e-01
1.088956318571656645e-01
-3.418087390329278552e-01
-2.827245151879449470e-01
-8.486105336289271328e-01
4.083898745718133050e-01
4.138525682562290697e-01
-3.250410365466223084e-01
-5.939413034328158147e-01
-9.873558381020481889e-01
3.537625906185114522e-01
-2.615715968658258728e-01
-1.000000000000000000e+00
1.061001389841578213e-01
8.602428321491658592e-01
1.266420673604926050e-02
7.421851174051858901e-01
-1.492004661978221236e-01
1.000000000000000000e+00
-2.001608736131725852e-01
1.000000000000000000e+00
-8.282521845679124972e-02
1.571911143901201235e-01
5.200048708806568332e-01
3.470382929867248389e-01
8.972683729663133434e-01
4.804179518558358009e-01
6.347872441839164104e-02
-7.415319327071943079e-01
7.350030540862462214e-01
7.793102821322349660e-01
6.776285939414614656e-01
1.612582514914947529e-01
-5.548245293411757650e-01
-6.098776965776639969e-01
1.523298593343114238e-01
4.699243324737827354e-01
-1.126377770728383965e-01
-5.438536259208393009e-01
-1.000000000000000000e+00
-1.000000000000000000e+00
-6.419693838107531914e-01
-1.000000000000000000e+00
-9.874976191459214903e-01
6.637621163927772683e-01
6.656462421175826094e-01
-4.447343819143132482e-01
-5.870206473745713804e-01
8.457189111837415396e-02
1.000000000000000000e+00
1.000000000000000000e+00
-8.719353784341183911e-01
2.840263374174440969e-01
5.311843025824081188e-01
-9.796037064448763765e-01
3.406752454120630103e-01
-3.113708705565901846e-01
-1.032106247839605917e-01
3.693381782969126781e-01
5.410582898105512628e-01
8.570740712687068275e-01
-4.244360346885138746e-01
-5.326791627739425605e-01
3.795172283977689132e-01
-1.648131956145015842e-02
1.358564707549803074e-01
4.950569009547566013e-02
8.069027685865373112e-01
-9.875635032780871736e-02
1.000000000000000000e+00
-7.972588269495159974e-01
9.567021054948114944e-01
6.734181975802886466e-01
-7.450052992709912392e-01
-1.000000000000000000e+00
2.033962941620095499e-01
-4.908374900823964659e-01
-1.000000000000000000e+00
-1.000000000000000000e+00
4.174351279194778996e-01
4.259529761005731441e-01
-1.347829714696969217e-01
2.190878316811524229e-01
-3.583228058095040414e-01
-1.866230911533126591e-01
2.510916621457821574e-01
8.153746100318131074e-01
-4.702988999236019652e-01
-2.401728412287953418e-01
9.997090944346754826e-01
-2.739788304945153796e-01
-1.912684786084721811e-01
-2.347245269581659244e-01
-1.000000000000000000e+00
-7.918270360984669409e-02
-8.561739356938253831e-01
-4.471545708886872639e-01
-8.764943268336784499e-01
5.914482492575723338e-01
6.841587180049049088e-01
-1.906075997671023980e-01
5.024410405443102690e-01
-2.253657871964218629e-01
-8.240271054730434752e-01
5.849170494741486870e-01
-2.764870744455752982e-01
6.679650328448484276e-01
-1.000000000000000000e+00
4.998266711000933782e-01
-6.986873490134553055e-01
-7.272550425197393809e-01
-1.000000000000000000e+00
-1.000000000000000000e+00
-2.475990931130036543e-01
-9.465875206936391617e-01
-5.150943593990260361e-01
7.488660028880327335e-01
-4.548090358350096452e-01
-1.000000000000000000e+00
-3.192949628501378645e-01
8.614785790511116925e-01
8.878234928099980605e-01
4.614152385962952962e-01
1.373466933720481897e-01
1.034277324993095049e-01
6.520917397843697394e-01
-9.378532982686982322e-03
-1.000000000000000000e+00
6.544414941270695341e-01
1.000000000000000000e+00
2.840397812803518995e-01
1.385831560085508674e-01
-8.878079367844200487e-01
8.520737815968413287e-01
-4.630530490343536254e-01
-7.869174950185178208e-01
-1.000000000000000000e+00
-9.658976133090371174e-01
-8.548764610816199649e-01
2.871971148322663425e-02
-9.265645678407474772e-01
-1.000000000000000000e+00
-2.503876572208985074e-02
-2.545170549627582268e-01
6.368905413901482238e-01
3.859280900353421195e-01
-1.000000000000000000e+00
6.895723901587775817e-01
-8.616059573183496578e-01
-3.451947744846164956e-01
-7.456150788000428520e-01
-6.971991194281608184e-01
3.731489058635906186e-01
-3.629888748395009301e-01
8.832145617570841267e-03
7.742645411963130497e-01
9.991196553066283847e-02
1.000000000000000000e+00
6.522063053043325453e-02
1.000000000000000000e+00
-1.000000000000000000e+00
-9.718181146445066254e-01
9.547762382640812007e-02
-5.295033138322298161e-01
4.468320842736608345e-01
-1.000000000000000000e+00
8.017748786950102957e-01
3.716994376093984975e-01
6.009748056263863880e-01
-6.351082805749421745e-01
4.911479494193220496e-01
1.000000000000000000e+00
-1.000000000000000000e+00
-3.203727045855657707e-01
4.823042633724747841e-01
8.520114497245997454e-01
-9.492769615735618949e-02
1.000000000000000000e+00
-4.362010439320461175e-01
-5.871762033896685828e-01
1.867510589528955656e-01
8.806989202679706974e-01
-4.576257059431425578e-01
9.729509434800065470e-01
1.990485960345447225e-01
-1.000000000000000000e+00
1.000000000000000000e+00
5.582733294167481208e-01
5.059138938451646084e-02
-3.439417227922662579e-01
2.545122908791245253e-01
-8.949908271587314612e-01
-5.494451262559953975e-01
-3.026996334216331963e-01
2.573884867165479040e-01
-2.231363820624187588e-01
7.060567566827988806e-01
3.892206658796161234e-01
-2.304822132647268429e-01
-3.451870324756467490e-01
-6.537924840939348670e-01
-5.008531600323602451e-01
3.877168439481273321e-01
-4.733796212069794063e-01
1.000000000000000000e+00
-4.689662248255928034e-01
-7.840611441585920716e-02
6.774760519073594889e-01
9.458525190649071934e-01
6.458130374347537117e-01
-6.303148874127129098e-01
-2.546551165001829653e-01
6.294802075603296299e-01
2.989395774628940128e-01
1.000000000000000000e+00
3.383888742030012331e-01
-6.887441435719491301e-01
9.491422334081147660e-01
-1.000000000000000000e+00
8.255055435830532806e-01
7.152070253573156178e-02
-5.591779099860654245e-01
2.481632284730970195e-01
1.000000000000000000e+00
2.395801358989504415e-01
-7.007820134447423355e-01
-5.922903575832756395e-01
-3.871660694029676053e-01
-1.000000000000000000e+00
3.893402690379679232e-01
-8.878696964178094397e-01
-8.855751071996227353e-01
-1.000000000000000000e+00
1.000000000000000000e+00
-9.066319156286838377e-01
