8.473765918130562458e-01
-6.106426283874670791e-01
-1.376523797641197588e-01
8.669697732566100656e-01
7.918032568238551061e-01
-6.206003616608694040e-01
1.593040452459101308e-01
7.985657799626643127e-01
4.024177201865430931e-03
-2.735932964793402755e-01
-5.146198307255138715e-01
6.693561460741079827e-01
-4.061142066457452682e-01
1.053281106857464067e-01
6.162986621600765602e-01
-8.165348438496327077e-01
-8.719803910752102483e-02
9.510275289730845127e-01
-2.062691374931850397e-01
9.183881527915480625e-01
7.735418100842155198e-01
3.919337003325712443e-01
7.056673640150136206e-01
6.925414417308055626e-01
4.940102280006918312e-01
6.274077319779631789e-01
8.448482590729753383e-01
4.125962863299763583e-01
-8.489303947253978855e-01
-7.571744597535022825e-01
-8.257846839672179362e-01
-6.418605549818797718e-01
-1.000000000000000000e+00
-9.455223338174131298e-01
-8.671157910281210857e-01
-4.435160773346185081e-01
6.540228411371105111e-01
-5.335731692609655408e-01
5.684010706937556723e-01
5.263444765911466927e-01
-5.874706368821428493e-01
-5.449707735919520069e-01
-1.628010078150052831e-01
-2.738079894455956453e-01
2.099400430997947209e-01
3.556494920504501556e-01
-7.692581649782498365e-01
-6.194005655936946075e-01
-4.362357757327465779e-01
4.883708367596634181e-01
9.405865132734222422e-01
-7.370855043305790666e-01
4.790375960010171963e-01
2.044196224494290171e-01
-4.397539180247396762e-01
-8.739752123367399150e-01
3.616061588026775464e-01
7.567815017549026080e-02
-8.549349408830184682e-01
-3.153349144836696261e-01
-1.885724870617395965e-02
1.917041614581280196e-02
-8.878208148730198923e-01
2.294985920975501914e-01
3.404890504939481199e-01
2.409627491437638103e-03
5.111159268864039484e-01
-5.549437853545144961e-01
3.962487534755010365e-02
-4.565092696106490266e-02
3.068459819712654468e-01
2.034903720556020534e-01
-6.191426575371885566e-01
4.492447377734110070e-01
5.499148012991051937e-01
-3.428902081824581893e-01
8.473362672033616372e-01
3.016663970416968987e-01
-4.994168723705383894e-01
6.826981573558562610e-01
6.621732181582751231e-01
-2.231768203194818834e-01
-4.897035793683560678e-01
-8.214809898874326777e-01
1.277874785390064882e-01
9.242593995742559576e-01
3.197833339486719773e-01
1.000000000000000000e+00
-1.355753187785907754e-01
-1.764342910994441127e-01
8.991828181522695251e-01
9.832766982923928367e-01
-2.577305290445633390e-02
-7.206079411834693804e-01
-2.253487955455335534e-01
9.438450897198005229e-01
1.743485812941316659e-01
-6.825071750011274530e-01
5.478406174525375649e-02
1.892277186045757675e-01
3.662815000319559755e-01
7.528209230283001707e-01
6.168570728751165966e-01
8.178634239339810375e-01
-9.652070110520004631e-01
8.180521333783498106e-01
-9.867152814662354388e-01
6.434581744505514234e-01
-5.349614748148059235e-02
-3.213514708928712493e-01
-1.460706253147618927e-01
-2.968020896006829945e-01
-3.723472088518368084e-01
-1.960184732769308935e-01
4.469956744216468936e-01
-5.344359195777446114e-01
-1.991661242617944194e-01
2.557716028364822591e-01
-1.834206413077593689e-01
-8.877442212506853059e-01
-8.510588077296216136e-01
3.636966285789280384e-01
-1.893536943876977241e-01
-8.456614659066339357e-01
6.727490958236840290e-01
-3.673631125290927057e-02
2.900957886350051529e-03
7.459262110405864288e-01
-5.907356281831466216e-01
-1.000000000000000000e+00
3.277580903751315389e-01
4.608788503742206055e-01
4.743421656303689060e-01
7.818952143798634236e-01
-1.601295079303999280e-01
-6.669272577635290133e-01
3.728018091910789700e-01
6.003569061780664740e-01
-8.575577988845517474e-01
4.907587951753817346e-01
3.305927571771232198e-01
-8.030259003960720232e-01
-7.201419247680220792e-01
-6.032958694465878624e-01
-3.449746556091999317e-01
-7.828919086058513388e-01
7.702208538363579660e-01
1.677734249006778144e-01
-4.693465257039637906e-01
-6.731264601617725774e-01
-3.584934380148194766e-01
-6.872751068623123016e-01
-6.038901895229727979e-01
-1.776845297182029493e-01
-7.288993732648937351e-01
5.931926446600691571e-01
-5.149820858746660956e-01
8.869300365163544919e-01
6.735259816050207515e-01
2.258188936043839523e-01
-8.395242296403468973e-01
-8.782358419484505019e-01
9.176606362106306536e-01
-1.000000000000000000e+00
-1.973915919144907383e-01
-4.097271110130232263e-01
7.186387994216704156e-01
-7.887570364804133982e-01
1.711312504022493020e-01
-3.449956594694417733e-01
8.383212389672025644e-01
-4.945428405251701964e-02
6.062220220001982574e-01
7.157959378022094032e-01
4.548338071470624522e-01
2.889016820667048013e-01
-8.105545208787709455e-02
4.680850604618336797e-01
-6.746187807489967270e-01
9.837914588158883644e-01
-9.519211176095095928e-01
6.647007452062910771e-01
7.741548412783825217e-01
-7.752969779570316744e-01
1.016780603287164020e-01
3.483162776396913074e-01
-6.265114647969929340e-01
2.505153477757819935e-01
-6.424348160168356081e-01
-5.971837684427935278e-01
-2.999833326925281374e-01
1.000000000000000000e+00
2.850716099343762050e-03
1.453905024843958060e-01
-8.677250552898861935e-01
1.303868462519246485e-01
-3.662772409319445810e-01
-9.695901183772621668e-01
4.469295400703506838e-01
-5.968654116962278655e-01
9.434406024908781330e-01
-9.397436320867935677e-01
-3.434762650511872795e-01
5.770673691932318716e-01
-8.197759611412153147e-01
-2.975530997653559329e-01
4.916121011102141947e-01
9.471427836484200835e-01
-7.335848721562571173e-02
-2.125498250735132766e-01
3.315106376797841148e-01
-8.932823897972878846e-02
3.147568082066916628e-01
3.644798853031169239e-01
-5.617302397748022980e-01
-1.000000000000000000e+00
-5.365111728634102128e-01
1.977172188378160111e-01
-3.290269092678850260e-01
-7.287908933132777323e-01
-8.257218819026123091e-01
3.005568434835524938e-01
-6.767904372377455680e-01
-2.963012674185160344e-01
-7.941544083379361574e-01
-4.763544342584727365e-01
4.252256888317843542e-01
-3.854014758389854856e-01
-1.876704592753594136e-01
8.839151939408651515e-02
-7.900284063392484235e-01
5.437549888376856932e-01
-3.854574309267838061e-01
4.289457338827420418e-01
4.070676578089739150e-01
-6.215763247499926925e-01
1.000000000000000000e+00
3.167719147102590616e-01
5.327812571036022460e-01
1.000000000000000000e+00
-5.650175147278289067e-01
-5.222643390225422122e-01
-4.363787105432999358e-02
1.024164171844571952e-01
4.649771960400203019e-01
-5.687633442495638736e-01
-4.979022880008423524e-01
-4.592273816240491358e-02
6.230891099368542907e-01
-4.147925919592594136e-03
-7.091807888993061360e-01
-1.000000000000000000e+00
2.257495023547539392e-01
-1.639937310210877186e-01
6.285693386928087323e-01
1.849128142298884503e-01
-1.553631381918132992e-01
8.492241414410176548e-01
3.486425768339591613e-01
-8.641932261536311444e-02
3.347407033866002801e-01
6.917095513991149414e-01
1.070872376594521058e-01
7.093334520456738845e-01
3.451280788720449966e-01
