-9.032026430449372478e-01
2.083972691077401462e-01
-4.525645765815541344e-01
2.468287739778809442e-01
-5.441831251206914466e-01
-3.435856360017397471e-01
-2.416526239905101292e-01
-4.932416753628077188e-01
5.915372865884350739e-01
8.456118789617321774e-01
-3.649525433110665240e-01
1.000000000000000000e+00
7.419568449839251123e-01
7.044692343817552382e-01
1.788645813653342298e-01
-3.822716223118230450e-01
-2.035189235623517945e-01
2.312698208592580684e-01
-1.041250651437931329e-01
7.518977913536204483e-01
-7.172707230921246402e-02
-4.034918449975322674e-01
-1.000000000000000000e+00
-7.319428962079577161e-02
-8.536522072667195316e-01
-1.000000000000000000e+00
5.080512176140448144e-01
9.864259122205898400e-01
-2.242515709432814364e-01
2.576989917490608017e-01
-1.000000000000000000e+00
-3.859512185358544012e-01
-1.700535418650563901e-01
-6.796480283927756882e-02
-5.024349027476635587e-01
5.454444131361027015e-01
1.000000000000000000e+00
-8.461933441550710810e-01
5.029471418527464710e-01
-4.076912638562858460e-01
6.472441000156162749e-01
8.941204700996983057e-01
-5.815485846259059732e-01
1.762014318344528596e-01
2.931520015891675435e-01
-1.000000000000000000e+00
-8.669814918805917037e-01
-2.899368291359000205e-01
-3.227538431976200162e-01
8.951327205387316077e-02
-5.365429799725651705e-01
3.798555993206929049e-01
-6.643282240916872361e-01
1.353894835205353697e-01
-7.587235042034896626e-01
7.037209338873435804e-01
7.492004401346847864e-01
2.957835420668675219e-01
6.368505638310614225e-01
6.865038395827716133e-01
2.994453487730912022e-01
3.223967663564156760e-01
-1.000000000000000000e+00
-9.489485800404617866e-01
-1.926137543148201126e-01
-3.078841515353127334e-01
-2.008619012673354964e-01
-7.515166737121159457e-01
4.482571762686548000e-01
1.000000000000000000e+00
-6.773152524251369044e-02
-5.630796102132212821e-01
6.459518714575361864e-01
1.000000000000000000e+00
-6.743560004292254995e-01
8.944101067795504623e-01
-7.934526711268370391e-01
-6.893544222211428485e-01
-1.899811935613842373e-01
-6.953824987175549754e-01
-1.512530861463501353e-01
-2.027194171042799586e-01
7.443999449795386525e-01
-5.391614555829213895e-01
-5.431019849381355513e-01
8.476819413066051245e-01
-8.548897967345703286e-02
2.483018743278194440e-01
-7.259727542738866335e-01
-8.172761616670131124e-01
9.222936338142223578e-03
-2.660605418392100185e-01
1.996049297965287739e-01
2.970131500115894552e-01
2.776366670471459575e-01
-5.640546276667348646e-01
-8.006149493085293889e-01
3.841220340358308949e-01
-7.395827793821483365e-01
8.526680171834193356e-01
-1.000000000000000000e+00
-3.741216358226430172e-01
2.823213468632104206e-01
4.624717762633535068e-01
-3.574120865887715492e-01
-7.602275929724924275e-01
3.204179091293946624e-01
1.669803371622897159e-01
1.866512552650185508e-01
5.160118541311953244e-01
5.406750274697731395e-01
2.458699800900325250e-01
-3.224887588671681016e-01
1.000000000000000000e+00
-5.625986892338208367e-01
-1.211482563428360471e-01
3.426777609168953909e-01
-3.087970382697620142e-01
-4.650678308504407887e-01
3.448247288032895153e-01
-8.137117868471653859e-01
8.284729791490511586e-01
2.345330413763498378e-01
-6.307075878895185284e-01
9.277904350740071582e-01
-5.063342634247228746e-01
3.015514604880514815e-01
-9.278481790186874356e-01
4.127469804934399966e-01
3.621281322770876776e-01
7.468941298807366680e-01
-7.386194161326670171e-01
9.921027039226724131e-01
2.378006168972764123e-02
3.246818597339617973e-01
2.711868076354460588e-01
-3.554818781400015948e-01
-7.147689550296223437e-01
-8.398266098307752836e-01
-4.978569740900470886e-01
8.569470824559809463e-01
7.105199491199654105e-02
7.318566556594960915e-01
-3.379248251737493325e-01
-7.133963749090267426e-01
-4.947792867418772111e-01
-2.027431271659131673e-01
4.091063233055409754e-01
-7.720513750537878472e-01
5.698101453127555338e-01
-1.688157339393642209e-01
-4.207350151439482322e-01
3.924419598953658994e-01
1.138796650287999951e-01
5.055705146120608173e-01
5.672736907383038041e-01
5.665246435017352589e-01
2.176720855242279262e-01
-2.655892422564209432e-01
-1.000000000000000000e+00
-7.781327081193882833e-01
3.152553246709974832e-01
-1.922456985726268830e-01
4.148372887598696934e-01
5.144332313885980890e-01
2.851284875246634654e-02
2.674002221635346510e-01
-2.809343180209212809e-01
-2.022433158224991312e-02
-5.114114681875436830e-01
5.960843632166783479e-01
8.423310484798171016e-01
8.992786516141632047e-02
-2.517259570664642787e-01
-3.852122035483296347e-01
5.979166970992499941e-01
8.804947680990951042e-01
-3.361918455406824879e-01
-5.342757116634800907e-01
3.488918657637029019e-01
-4.408111865032566801e-01
-6.374998970499576867e-01
4.851256661230564649e-01
-7.817120408578822621e-01
-7.921304540979290376e-01
9.591234183986284689e-01
7.359116515056483010e-01
8.428245097657537377e-01
-1.000000000000000000e+00
9.476890732804783557e-01
8.411952701587657177e-01
-2.455131253048505879e-01
1.000000000000000000e+00
-2.742729431694819198e-01
-2.024377330876180603e-01
-5.015419433906435076e-01
-7.687136580148872245e-01
-4.611195455768098972e-01
-7.016136854123542488e-01
7.121266805057754334e-01
-2.337204983519278190e-01
4.349063067406296335e-01
5.239772505644854084e-01
3.620735231168566992e-01
6.293623241111869770e-01
-8.723860774982870048e-01
-8.290730767264635759e-01
-2.209941521454451829e-01
-6.409155773010664081e-01
-5.115655755035631858e-01
-1.000000000000000000e+00
1.876767300216570789e-01
2.665407574032895299e-01
-1.656225649445260406e-01
5.704774647556635214e-01
6.701724738161717321e-01
-5.611779348531328315e-01
-3.088206063548083469e-01
-2.226113980658911418e-02
6.407716788008941400e-01
-5.278753910256360760e-01
2.488536313795922938e-01
3.336459058646384923e-01
4.672282816941379924e-01
-3.201926004714791274e-01
-1.000000000000000000e+00
-6.798688527156991901e-01
-5.308450934014551370e-01
2.203640134590822974e-01
6.351118949187340990e-01
-1.000000000000000000e+00
3.184041439081271019e-01
7.779817125631757202e-01
1.000000000000000000e+00
-3.205595595991531654e-01
-1.525217120874886589e-01
-6.607924800396529352e-02
9.574709554157585512e-01
-8.145090194802269146e-01
-5.517922311192710039e-01
-1.917308921965686919e-01
-4.143258843944011560e-02
-1.525011004790363112e-01
-3.569361905576340366e-01
4.374080047284066852e-01
-1.000000000000000000e+00
-1.352351290741249379e-01
-1.216264062221858802e-02
-3.054950335951329699e-01
-8.791558808041291528e-02
-1.289513530888588833e-01
1.122607278736826725e-01
4.344536198936334026e-01
8.486215274249169216e-01
-4.454989901324197810e-01
3.640350512100953839e-01
1.255304501618367818e-01
2.950521857334589826e-01
-2.815885077815968307e-01
1.347178584346139796e-01
3.538303993341008757e-01
-1.447254949284543790e-01
-4.840499328027780823e-01
5.803009653020123615e-01
-7.347375551428254603e-01
