-4.067845200372403602e-01
-5.529899163513404270e-01
-5.318259243956386939e-01
2.810905858372574895e-01
7.889235199780540997e-01
-1.000000000000000000e+00
-4.289781953723197372e-01
4.547542281928618757e-01
4.933198055046353891e-01
-5.441756544948654906e-01
-5.442072347935825727e-01
3.705079175365225685e-01
8.434627519252946293e-01
-5.060950917106596947e-01
-8.890956466124496638e-01
5.310476487007611546e-01
-9.143309536363755097e-01
2.994816139574454361e-01
-1.853418393042109424e-01
-7.468330372876055279e-01
-8.392114422639482818e-01
-7.100762414050980631e-01
1.145041818519113158e-01
-9.274861882399283441e-01
9.007664491407241236e-01
1.684003702499353716e-01
-3.299598725134276767e-01
-5.540317306845121692e-03
4.291554765812426453e-01
5.154052361258480985e-01
2.528019871098201588e-01
-8.662569210586017476e-01
-1.922526738277519909e-01
-2.009275308251701198e-01
5.991388236286969426e-02
-8.258753334074543373e-01
3.084996630693568331e-01
8.279473447788430196e-01
-6.271979599105709235e-01
-5.119928645813507512e-02
-8.096371604384070553e-01
-6.068238180722351771e-01
6.862442961046946177e-01
2.481749704498976139e-01
-5.080691337801116481e-01
-9.770234080593781512e-02
9.392227655271279119e-01
4.602309410131524836e-01
1.435415109158574842e-01
7.056738510465100367e-01
7.263455044792883619e-01
9.549964582025538551e-01
1.000000000000000000e+00
4.112804741580272649e-01
-6.035276153605051430e-01
8.474836509136826068e-01
-5.999041953698455165e-01
9.636341160575980780e-01
5.178984723818504943e-01
-9.720168485303184447e-01
8.469594644218763069e-01
6.781890444271514440e-01
9.854629577207216773e-01
-5.728346532103397726e-01
4.952968706103512142e-01
-4.098754166099796148e-01
5.305205521018527826e-01
8.737281464980957146e-01
6.386701239680193654e-01
4.523057406972821881e-01
3.471394720824396707e-01
3.939710942945887084e-01
3.242289974315176737e-02
3.144014523905855896e-01
3.124512291180372436e-01
1.701020716752593143e-01
7.760742552444623854e-01
4.576214309710349704e-03
5.644741823043578632e-01
-9.816939430050428683e-01
-5.627709824630640068e-01
2.745950021082509962e-01
-1.348491049826004984e-01
-1.845542956644955490e-01
-7.057263695813698057e-01
-8.725013430831025651e-01
-7.601570051580160969e-01
9.928323741712776762e-01
-6.613756549052469680e-01
7.554753277992519445e-02
-7.070233646137364936e-01
6.254391081585278789e-01
7.789660688071481376e-01
5.721506202154262866e-01
-8.280338825697038940e-01
-5.019176424220594956e-01
-1.258109058224239352e-01
-6.646149305533134433e-01
4.498288545202056565e-01
-5.116643843505930267e-01
-2.917020493637930145e-01
8.995159306642400709e-01
4.817473311837205951e-01
-2.028923055284256316e-01
8.234916634422759785e-01
-1.029740476329682186e-01
2.695554618268333202e-01
-1.513209013887907295e-01
5.791632206906427438e-01
-1.072747269915740043e-01
-1.000000000000000000e+00
1.000000000000000000e+00
-7.656426913172277304e-01
-6.556191988621573596e-01
-5.366961404452430529e-01
-6.314639983485021979e-01
4.596736638516582540e-02
4.795468974043745614e-01
6.489245643749022019e-01
1.193509854168079143e-01
1.129266840277198813e-01
-7.676871514772377614e-01
1.190952389829699060e-01
-5.759327614007602181e-01
-2.403406043032479400e-01
-7.927567392279615266e-01
-2.416487358024465570e-01
-8.902900324680194932e-02
3.348733201253512037e-02
2.148472590021628381e-01
5.441911120464392182e-01
-1.526823290828208113e-02
-5.172242377634612698e-01
-5.611159397657020653e-01
5.723302704194357382e-01
8.291159382554422752e-01
-2.852931746721335537e-01
-6.463015760968601198e-01
-8.363271633108417813e-01
2.695881619311868427e-01
-5.241918963960923161e-01
-2.180677951517730195e-01
2.815092502152063414e-01
8.027256199167054351e-01
-5.362414952592874373e-01
-2.105486853062179253e-01
8.935818525060663653e-01
3.694800983692759777e-01
-4.564641892301433135e-01
-5.184278561024912024e-01
-8.709714764620926086e-01
8.721522478239227549e-01
6.435994522739733048e-01
-5.442323879139076004e-01
-4.164170236305678174e-01
-1.001449389645783922e-01
1.000000000000000000e+00
-1.698747011729338507e-01
-6.808581449041217759e-01
3.832757085529664431e-02
9.049434783612676503e-01
7.049203549852985917e-01
-5.881779931216413182e-01
4.627124552152777071e-01
-4.526480447089388792e-01
-4.904639527165479684e-01
-6.271065312370353029e-01
-6.076843548172277121e-01
-3.290265954737361942e-02
-1.943941924542938460e-02
4.560002773582768065e-01
1.000000000000000000e+00
6.099790015444922497e-01
-3.509617369342979409e-02
-1.657991399335698723e-01
3.863083051661535539e-01
1.683470158418404194e-01
9.348820529992182826e-02
-6.846903103168455740e-01
2.163316404346642408e-01
2.444636057109458305e-01
-5.320174912280917212e-01
9.660875943318880665e-02
2.590108459593480350e-01
-2.187903754299318493e-01
-4.826120841847234555e-01
-9.224290402128636490e-01
-2.812034842248308242e-01
6.669920811910956537e-02
-3.134983799512935931e-03
-3.475633240573555161e-01
-6.336097826077273787e-01
7.221051016797951361e-01
-6.719287493289214375e-01
-6.403657552665829034e-01
-1.377730439367229054e-01
9.675245863125765400e-01
8.054388859829295644e-01
-8.564017327500755838e-01
7.138840746369768953e-01
8.460808914758711774e-01
-7.592781022971085703e-01
-3.941386408551676018e-02
-2.765329461512752163e-01
-1.922420021049112693e-01
-5.100115758767780338e-01
-9.078672463720999231e-01
7.113229883048814983e-01
-5.300931234207635345e-01
-7.542310535486570489e-01
6.652446653411240307e-01
-4.409062386154993796e-02
1.681344042307368891e-01
-3.998184895679928741e-01
9.244449035296120609e-01
-8.439220107525355896e-01
-6.690091438543204205e-01
8.077458680712692463e-01
-3.286684672317805589e-01
9.883446826043742472e-01
-7.587983452691640096e-01
7.221563006814395447e-01
-3.322165301698106754e-01
-3.917212769560703967e-01
-3.931359955352766722e-01
-6.768197699123182920e-01
-2.285947624378078524e-01
9.571810057089887025e-02
3.060932815335290491e-01
3.066474232074352102e-01
8.658444003285210577e-01
-4.297583425873380270e-01
-1.000000000000000000e+00
7.543306858010093707e-01
6.772903434265946654e-01
7.029205937629071643e-01
3.543364454723481050e-01
-2.438472694495044113e-01
5.238628314101705374e-01
-6.488297643228985168e-02
1.000000000000000000e+00
-8.594426810700919184e-01
1.755945807041021656e-01
-1.831939665266842932e-01
-1.456231760546466969e-01
-1.791379828496793558e-01
9.176380683710569919e-01
-9.909053996790945229e-02
1.000000000000000000e+00
6.096450639842935226e-01
3.423237321520973264e-01
8.569245199215388409e-01
2.258577517542588176e-01
5.534532905345413978e-01
1.404453531154502555e-01
-2.810531188012328485e-01
8.623519897772299325e-01
2.281901471723385144e-01
-1.739887385284459020e-01
2.220008543930279132e-01
-4.364689658346363466e-01
7.331248313413051276e-01
9.151928272705276424e-01
4.734618809941288919e-01
2.160636706415843822e-01
