-1.240262351106755090e-01
-8.782693715910647736e-01
1.452520354618023757e-01
9.492006543587452327e-01
-5.145866270177059665e-01
-4.217418677843349784e-01
3.907976976277220960e-01
-7.522136010789217675e-01
7.485757387023412868e-01
-3.015213844538682797e-01
1.000000000000000000e+00
2.299538102565610864e-01
-3.150087701591630096e-01
5.319022802763989644e-01
9.652390606045812005e-01
-2.097654596255627835e-01
1.000000000000000000e+00
5.710617693704094222e-01
-5.511217657227813760e-01
-8.434766630641933327e-01
7.653094371179041122e-01
-8.221197070520028238e-02
2.621598570573689391e-01
4.120833883209368276e-01
-6.836807296684985769e-01
1.000000000000000000e+00
-6.523890876071003486e-01
9.518809810258943571e-02
2.602681982346519152e-01
-1.319490255625055397e-01
-6.497458798125883561e-01
-8.950030067462940719e-01
1.000000000000000000e+00
7.246796947730440586e-01
-1.582752768597031068e-01
-6.718681427871759926e-01
-3.698034095937265953e-01
-5.852022557324187968e-01
-7.230129583312725483e-01
5.519772373956937095e-01
4.326168897077879993e-01
-1.000000000000000000e+00
8.275781747229014884e-02
1.083438045559086405e-01
-8.730092044744306445e-01
7.816667316892499384e-01
-3.578916596898979452e-01
-6.053778810804706367e-01
5.139720361540306426e-01
6.375761091174100281e-01
-7.756398059821028035e-01
6.231738699976372420e-01
-1.000000000000000000e+00
-2.781278064865974620e-01
5.754435791008458700e-01
-9.844822408466521457e-01
6.603370339781333698e-02
2.076955088336810973e-01
3.426928829561632917e-01
5.745716385400697623e-01
4.285226164106815672e-01
-6.860280263084693742e-01
4.289157082123866704e-01
-4.358838746134226505e-01
-1.000000000000000000e+00
2.019383077366417312e-01
-9.696190253842407181e-02
-4.052664400164256442e-01
7.093130759515338113e-01
7.620902884623497187e-01
4.066834583558939231e-01
1.000000000000000000e+00
-1.428885206124310137e-01
-2.250877303048189060e-02
1.000000000000000000e+00
-9.353320114423395726e-01
-2.223043041322072533e-01
9.464508085812843863e-01
-9.709303045864208226e-01
-5.567581271768722306e-01
3.899191371823423902e-01
7.219189360230827690e-01
9.711923801455520922e-01
-5.071670451676042468e-01
-1.802891926671568723e-01
3.600970149084217198e-01
4.054990659741665171e-01
1.047019692822828141e-01
7.299860712627543879e-01
4.196272762263857370e-01
4.112759513440004122e-01
-7.129823476072849608e-01
2.229967581934749754e-02
3.261711640080312002e-01
-9.997221634558559611e-01
-1.000000000000000000e+00
1.304931357054829044e-01
6.307111420154570824e-01
1.245598410379004234e-01
-1.000000000000000000e+00
-4.686977690435328303e-01
1.378410239578402030e-01
9.693592565754935997e-01
-3.747234284567572682e-01
-5.307917525394199032e-01
3.810135431499448444e-01
7.867259832019664056e-01
3.814869431228117835e-01
-8.023693549322775675e-01
-9.306544358795815208e-02
-5.793247993102975668e-01
-7.870706733412732303e-01
-4.863201014458548022e-01
5.593414485180374651e-01
1.000000000000000000e+00
-1.520771407757818827e-01
5.966370843735179230e-01
9.523397601468053253e-01
-4.357696191471697178e-01
-1.796233059275170740e-02
-4.022533772884195891e-02
2.070740157812763771e-01
-5.174069792606453833e-01
9.219930233225499538e-01
8.124540839108154167e-01
-2.836489659791788243e-01
1.614527023717790000e-01
8.151847138595067488e-01
-9.176121649247301892e-01
9.690747753865052161e-01
2.337656532838799928e-01
1.931476410158561308e-02
5.173010718437854871e-01
-3.353120613843671993e-01
5.170852498143314602e-01
-6.037642055456026169e-01
-5.549224795059486404e-01
1.552380823207798466e-01
6.875292105134436227e-01
-5.015466653908975392e-01
1.797566846801434970e-01
8.073474080261907604e-01
-9.751104468398807956e-01
6.968577399430908592e-01
-7.923730520272835864e-01
-5.262671246647772083e-01
-1.000000000000000000e+00
4.088704982511908170e-01
-3.140961726514563956e-01
-8.674137319636640031e-01
-8.117292564503268693e-02
-4.975198930827189336e-01
-5.020085033083943049e-01
-1.576793401928755500e-01
-3.539680659801146545e-01
-1.000000000000000000e+00
-6.697310794422804969e-01
5.518582125241977554e-01
-9.506962725009262538e-01
-8.555203866645844091e-01
-6.775394148111826276e-01
1.645537765363775384e-01
-4.508755548926794976e-01
-1.361735666298594105e-01
-7.525442515603363303e-01
-4.024597190384991419e-01
4.080574628428552675e-01
-1.754628926777385134e-01
1.000000000000000000e+00
-1.964576763118350278e-01
-2.981815472174570436e-02
9.222433741208860836e-01
7.447457694564937891e-03
9.478603090930217689e-01
-5.004916347253808295e-01
-5.326061287486572038e-01
1.296155899246092535e-01
-4.210838545398105648e-01
5.611969080553224076e-01
-7.265516511352905216e-01
9.721363315172405484e-01
7.387196995593210413e-01
3.665401201847383605e-01
6.140180179589641574e-01
4.305258507316434002e-01
-5.844847399354524686e-01
1.198879729032109875e-01
1.000000000000000000e+00
-7.979933998095118941e-01
6.166222637792833083e-01
-5.353382130402150052e-01
-1.325775339689495569e-01
-2.627051886768790867e-01
9.864557003862359785e-01
-8.900753380762542744e-01
1.000000000000000000e+00
5.264921898772163544e-01
-8.885759534545101257e-01
9.026982745533453922e-01
1.124566589257827154e-01
-3.107453485519348080e-01
-1.165531147801334155e-01
1.000000000000000000e+00
-4.417613993676330897e-01
-5.893333835158485190e-01
1.000000000000000000e+00
-1.750701411560773024e-01
1.106953016294627279e-01
8.255282957371242736e-01
8.616314799601842989e-02
5.644017763919689790e-01
1.000000000000000000e+00
4.236070429539688931e-01
-5.549762960246888976e-01
-5.053526410689511694e-01
7.880884919072335126e-01
-7.688889843958555126e-01
-3.065500020680257398e-01
5.448127205043733490e-01
-5.861961542112201773e-01
3.484145365984145370e-01
2.281826136871830113e-01
8.675786182780274025e-01
2.055281650746212385e-01
-4.612049723006202973e-01
-2.793986897194871699e-01
-5.331362686453763322e-01
-4.292322264679264143e-01
1.925064948414431654e-01
9.852953790173794024e-01
-4.417699140278757985e-02
2.695070300871147961e-01
6.196909874392575457e-02
-2.480338815343735570e-02
3.496245195598693400e-01
5.519870899140555398e-01
-9.362134952159179013e-01
8.018342326440784928e-01
-2.656234353976680840e-01
-2.178398971868516776e-01
7.632383073422672748e-01
-5.243315281286473062e-02
9.316124045428468836e-01
-6.990971650095889611e-01
-7.034530607576516825e-01
-1.288153064914671075e-01
-4.709197557259316991e-01
9.472461610107898444e-01
-3.251932794498033630e-01
-6.679778251272502354e-01
-6.310743998769091645e-01
-9.942647572701359682e-01
-2.899394772885883764e-01
1.000000000000000000e+00
3.203901209899535640e-01
-9.183123430968082035e-01
-3.058684025673165663e-01
-6.261947313916008673e-01
-8.441041975908976092e-01
1.123931820563879858e-01
-1.000000000000000000e+00
6.867373226400448338e-01
7.906476389606307276e-01
1.157521935663505530e-01
-6.185230057535362480e-01
