-3.392775052125837632e-01
-7.584345257183358058e-01
8.157976284952082047e-01
6.283294054812416096e-01
4.013348453232767898e-01
6.436625280050313203e-01
7.339614896696533553e-01
-5.444591062951956856e-02
1.755367242606988287e-01
-8.511025449865663450e-01
-8.269691312069644695e-01
-2.621939189575328566e-01
2.832184890581461723e-01
-6.501635764093909309e-01
1.999994845304328139e-01
-5.590349507672823792e-01
3.955229981793004779e-01
8.542642758225547084e-01
8.618291879745498818e-03
-1.734493112905710621e-01
-5.635178895384591602e-01
-9.439048190937306959e-01
-1.795168104551025934e-01
-7.180012751648835456e-01
-7.128794678390062423e-01
4.205217821830602443e-01
-1.720847115963106133e-01
-2.558299447527170312e-01
-6.183791239536626794e-01
1.950960550859990317e-01
2.230956167283426606e-01
6.964766588346562592e-01
-8.488514165046736615e-01
9.177745384739477430e-02
-8.504662253695274288e-01
-1.759224574259181662e-01
-5.089598322153239263e-01
-3.738827927510279814e-01
1.915652281336408802e-01
-1.552331174048797724e-01
-2.540855232824457133e-01
4.847428980000370036e-01
6.776907087366432769e-01
-4.910725995305880165e-01
-3.300216546059608902e-01
5.752024983891055321e-01
7.071017198665949799e-01
-8.081645868486488915e-01
-4.191547979452707740e-01
6.124628235826231615e-01
-8.537418196899757561e-01
-7.426070990742764666e-01
6.916915978198348025e-01
-6.591583472534922050e-01
-6.729098112786806585e-01
-4.014664846399650378e-01
-7.989531319099716367e-01
-2.277449911650139547e-01
1.812355145643356202e-01
4.854492436071038419e-01
5.369121940882743971e-01
7.818751819759464095e-01
-4.856673032067648776e-01
9.246030980262180954e-01
8.685416379695489741e-01
9.099353666797030948e-01
7.415820010216442881e-01
-6.274256720277847643e-01
-1.490040317389040858e-02
-3.033139625971670861e-01
1.272739628029559977e-01
-8.111582968090874646e-02
-7.219735044483048814e-01
-9.454911748863279453e-01
7.924341947652405738e-01
-7.929912597648555161e-01
-9.926479341624779851e-01
-7.442560864408942489e-01
8.289823882892091156e-01
3.104616923157779151e-01
9.306847053061270691e-03
-5.584855342681507295e-01
-8.110123353221441178e-01
-3.189396860137980738e-01
-8.853312996703338600e-02
-1.000000000000000000e+00
3.758842059393119328e-02
5.215210789200256380e-01
-4.802949064201555984e-02
2.790949207663424581e-01
-6.603645222739956688e-01
-3.440864155198117835e-01
7.553490943118874590e-01
8.129065540033688642e-01
6.257511762079307482e-01
-1.232193922651403373e-01
-7.520506528108075184e-01
7.561982145830297153e-01
9.367703411174796990e-01
-4.471513214384614798e-01
7.874353601741426179e-01
-2.879654475905046862e-01
4.998664646444317405e-02
9.575724294754842658e-01
9.103830335795954909e-01
-1.444799435196970627e-01
2.640209013504258850e-01
-6.249763760239033239e-01
-6.177530481873760859e-02
2.617898685455742336e-01
-6.323421381160108101e-01
-4.574717319795757464e-01
-4.757113860478101586e-02
-3.792855271317676635e-01
3.213274904525571518e-01
-3.272155078564498165e-01
4.357538257362704726e-01
8.488345936023862226e-01
-2.407661086855206189e-01
8.620248367421350366e-01
-2.396536721184748531e-01
-4.682177761808254957e-01
-6.075565429140132867e-01
2.722983971847661167e-01
-2.201567329240758930e-01
9.216054458042064468e-01
-9.085361079429141729e-01
-4.201489502299247114e-01
-7.609607484973612834e-02
7.979981669949014478e-01
7.731137163935639656e-01
-7.711081227681584327e-01
-9.388404557750977819e-01
-7.546872315860180258e-01
1.926615189018421326e-02
-9.989524529654414398e-01
-5.253102677623293637e-01
1.068296740211709395e-01
-9.459656141405743401e-01
6.310767210209446976e-01
8.999286530529464478e-01
-6.303873275677733812e-01
-3.036338041130965393e-01
3.748497940127175632e-01
-4.091888199721283037e-02
5.212273754960619065e-01
-3.669312466180385535e-01
-6.399321821205883332e-01
-7.048706140474718662e-01
-9.859349714219931560e-01
-9.871180880743297692e-01
6.081236924940505162e-01
-9.088155989282946656e-01
-8.875420310461845652e-01
-3.553983408213398643e-02
-8.618704376532075884e-01
6.977404597710504253e-02
-4.577804884399394592e-01
-2.589847873053474081e-01
-9.782352426349141261e-01
8.036394004038063255e-01
2.393047196779058972e-01
2.456114883958528949e-01
-2.364005602033747433e-01
7.944043127728583897e-01
4.383994803212460933e-01
3.529989610090056296e-02
2.714741626136207842e-01
-4.027756835666911339e-01
-9.952460234553006657e-02
-4.884412158453889097e-01
-8.127109347944774242e-01
2.982368823202149466e-01
-7.394068916290776894e-01
-2.399783226220237875e-01
1.495920795150489369e-01
3.641564865547690655e-01
-3.930659143737775252e-01
7.170935701610505753e-01
4.560433761527656060e-03
3.112991053552032206e-01
-7.319309735687561380e-01
7.218948084626026773e-01
7.568563570230888438e-01
-4.173656488492707428e-01
-6.522396793607180276e-01
-3.793394055424981204e-01
-8.861433890894332421e-06
-7.698754214023373343e-01
-3.216806755447829680e-01
-4.697884516037309499e-01
9.631118241722058659e-01
-6.736580884009796266e-01
-4.838072363050869296e-01
-3.439083001454146249e-01
8.939593283953104486e-01
-6.848698397823017592e-01
4.674036032597055357e-01
-2.557067349110784260e-01
4.488644128951488899e-01
-4.091165031213188641e-01
6.799571859810560337e-01
-8.844902880617577789e-01
4.619830055383584710e-01
-8.450842088219984172e-02
4.746723982925968865e-01
7.287399961793561420e-01
3.446515300124041725e-01
-3.042847208445300655e-01
4.371562375302414649e-01
1.924048872726239201e-01
-9.406605614767333812e-01
-4.574989614407696248e-01
-8.186576338133695341e-01
-3.940864850793800445e-01
-2.746334788161679530e-01
-1.114057977109665643e-03
2.843515829556779728e-01
-3.576010341168640583e-01
-8.453822459732696082e-02
-7.344282952843506074e-02
3.908446009983788105e-01
2.529230391981540649e-02
-2.392088730231634319e-01
-2.195887668871745468e-01
-2.812532901087829718e-01
-3.622156363318997929e-01
-6.141458294339074975e-02
-7.609565536402447261e-01
7.362542380337055992e-01
-7.216432132793126897e-02
-7.973666096245253243e-01
4.241744195996947075e-01
-9.085728059606319462e-01
-1.739086111036711735e-01
-8.578200741968502463e-01
-5.162759109983137140e-01
3.461961835491603745e-01
8.772659170411434282e-01
7.183109456440346374e-01
-4.085167069900501602e-01
1.592723598709202548e-01
-5.601732655350954992e-01
2.063220194274657249e-01
1.222137617416292066e-01
-9.716889019560617236e-01
-5.941694737495908374e-01
4.732006693273152487e-02
-6.397474925793548151e-01
-6.514051330659937911e-01
-2.998024357257391692e-01
7.947754200125523028e-02
7.182051724452103159e-01
9.119512980004169656e-01
6.044054065130606279e-01
9.966816206871103034e-01
-8.274150688253700814e-02
-4.688576332686708592e-01
-6.058225002982444707e-01
-9.294356281029720890e-01
-2.613186334442805028e-02
-8.397957764562851146e-01
7.507938370693376662e-01
8.105685262027707561e-01
2.897508183146491056e-02
