-3.356074598299130241e-01
-2.542121394008627355e-01
7.524449124727714544e-01
-4.621684777226877650e-01
2.069622781139579537e-02
-6.280357337255528805e-01
-4.198029596384433848e-01
-6.317980701105249119e-01
1.156662226271323091e+00
5.038360265359252965e-01
-6.011062041438431924e-01
-5.402411357341632137e-01
5.575233220038753323e-01
-7.788963669528865541e-01
-7.843872705182546312e-01
-2.863520899169188505e-01
-1.329059002209495299e-01
7.445377650603020037e-01
-3.395516197744297138e-01
2.543303993165278998e-01
-5.787098892963598029e-01
6.096409051751927599e-02
8.714326206369149563e-02
-2.841175004807519056e-01
3.417945416945957771e-01
-5.113616527229982722e-01
-7.021455907969892385e-01
-9.499536335007067178e-01
3.797774424381350489e-01
-5.489375990799991722e-01
-6.016186672947119174e-01
-7.594347240049617032e-01
1.188629486779635425e-02
-9.779205612363972566e-01
-1.910545437239819233e-01
-2.163126457140613912e-01
-3.683967104401283943e-01
1.414974685028197454e-01
5.956251589673404734e-01
-7.379036989039278183e-01
4.539087045568556134e-01
6.376170442584875309e-01
-7.250059152980317112e-01
-8.710833581480148524e-01
9.278047859562914557e-01
-7.215172409242041063e-01
-5.163877093880799851e-01
9.522647268722860270e-01
-2.602096498433617011e-01
8.642601648859612462e-01
-7.676347317979397289e-01
-6.201194627226325196e-01
-7.181256649649749857e-01
-2.367428411945419753e-01
6.719996368882852344e-01
-1.826855486500240100e-01
4.871112021551242677e-01
7.936576808877582323e-01
-5.585352871332598390e-01
-9.841995232451334896e-01
1.137877861665917839e-01
-1.077911204491960762e+00
-1.568920389376689262e-01
-9.600669061092987899e-01
-3.443364764811171486e-01
5.889044508150264035e-01
-2.167424282521188683e-01
-5.414450175774476737e-01
-4.841100655882737414e-01
7.834249849131069698e-01
-2.937279042577991550e-01
8.689068045427187359e-01
8.049228789220137514e-01
-4.198364280250625469e-01
-2.202735890388873852e-01
9.587700805342961319e-01
5.775801597295665557e-01
8.100035362757964652e-01
-9.156594924383802958e-01
2.957341127160067473e-01
-4.582999539641516851e-01
1.001873384492995900e+00
1.979454249996182025e-01
-9.226542932689680843e-01
5.082473365939865761e-01
4.899766932097590066e-01
3.051252363649583632e-01
-5.242692078322361282e-02
-8.257488513018764742e-01
-4.210568257164325479e-01
5.504479029247433264e-01
2.679440697571818797e-01
3.025417716482763364e-01
-8.154489934315753974e-01
-7.906285503504776324e-01
-5.534083833760170545e-01
6.809876525614777520e-01
-8.227319197742133383e-01
3.593421142400438084e-01
-2.875820141892652115e-01
3.984009794978760066e-01
9.159815063742946517e-01
-8.492850751823146638e-01
-1.874298805313845406e-02
-3.044363778978800839e-01
7.640846987465752527e-01
1.175515223184710578e+00
-2.244845761110370042e-02
-2.999459101578812181e-02
-8.146376298023796370e-01
7.518627880114521211e-01
5.235242194135133476e-01
-3.282142541773041544e-01
7.985368597700931437e-01
6.694214068236340465e-01
7.751544884617105335e-01
7.584344945858387810e-01
8.115437563323521508e-02
6.994425177834477925e-01
2.858847384712897566e-01
-8.137732117943129451e-01
-7.277557499837881139e-01
-8.969081963141349867e-01
-3.948032041671256653e-01
5.869081176275251499e-01
2.771239472781393820e-01
-2.054170523640180268e-01
-3.242849387946931117e-01
-9.514105350432505714e-01
-1.807339981129458262e-01
3.451878372719843768e-02
2.943184918616648105e-02
-6.173108119178872810e-01
-3.279657351253652542e-01
5.445905832522357493e-01
-1.876216175816014520e-02
-9.524267727210675716e-01
5.851102394584739574e-01
7.777068901022544667e-01
-6.426643241583585020e-02
7.174015909582589501e-01
2.458190472868116982e-01
-2.393745029453240303e-01
-3.926118339748762565e-01
6.646327732525649790e-01
-8.035755607926110544e-01
-7.714286046765856941e-01
8.025756370126289063e-01
7.914943426969663909e-01
-6.423210541391651818e-01
-8.785254499662361605e-01
-8.519299544579337358e-01
3.323886648653220366e-01
6.557338227154989596e-01
2.481587430819578166e-01
7.206358683118217756e-02
6.100316622741646100e-01
-6.684488447873494499e-01
6.852678037820199020e-01
-2.438259276573706558e-02
-1.589519380861374453e-01
-4.370917356118855235e-01
-3.720427277732044069e-03
6.208254256822041128e-01
-1.994484193737816324e-01
-4.670776706583978921e-01
5.475940299440418269e-01
-6.159321172103706665e-01
4.050573435915483245e-01
6.721047848798280544e-01
-2.351404555576805944e-01
-5.196552968805143724e-01
6.872215379673605185e-01
5.467559653505911221e-01
-6.531065760036020018e-01
2.626782058708635459e-01
-8.902836943010036808e-02
-4.288304624016516797e-01
-4.563588617964151606e-01
-6.792985572297570718e-01
-6.083629999283097778e-01
7.201877274614235103e-02
-9.281211573649801316e-01
4.089119013001661640e-02
8.690558061128194067e-01
-4.614717703158375262e-01
1.212961141395423048e-02
-5.345533239232953815e-02
8.447389251671316712e-01
-9.074252094187552631e-01
3.892037979037228368e-01
-8.140241892385552402e-01
8.343098294167461404e-01
-8.150785078386636462e-01
1.017786723052811926e+00
6.047727527416262294e-01
2.226422739364479764e-01
6.159108887092819007e-01
1.394690509888780738e-01
-1.087567179329287814e+00
-6.799471190830178591e-01
1.515869263598720040e-01
-2.750383472443022059e-01
5.854107070485942144e-01
-5.718188821410625788e-01
5.790779625428751354e-01
7.516319426075581678e-01
-2.037477580854838433e-01
5.400282256971626893e-01
-1.062941654610437825e-01
-5.991523523900517123e-01
7.728112391321029229e-02
8.450022655441806751e-01
5.472536760879744833e-01
-1.731495046359112777e-01
3.297845574817137582e-02
-5.276736954291634252e-01
5.772238367042696883e-01
4.640734286443449763e-01
9.855306192743412685e-01
-4.409930516250927246e-01
-1.541426870202022847e-01
6.380653140385171840e-01
6.910548154468649784e-01
-6.642766179760610790e-01
-8.174575995135419104e-01
8.640766936411048427e-02
6.360895901587482193e-01
-7.574444774909858680e-01
8.027489577651524266e-01
-1.016088314188425157e+00
-6.754913813805902834e-01
-4.019005356611249913e-01
-4.309059122859912883e-01
-7.305815538946963672e-01
-1.653190052711368818e-01
-3.377328284292162586e-01
-9.070377022521903809e-01
7.536093089645294896e-01
-1.078760188552432275e-01
5.119531710446975081e-01
3.185602575920605806e-01
6.426015439504498827e-01
6.239383686294064368e-01
-2.875894660286492099e-01
7.901454781059310539e-01
-5.239346530602471130e-01
-1.823934660441555722e-01
1.002082530988520181e+00
-4.884403194035784601e-01
1.229799425641290744e+00
-3.487209161264539503e-01
-5.755369544923518710e-01
9.357510015429154615e-01
5.714999037987396058e-01
-8.589098423486106748e-01
2.048458687982630810e-01
-4.419835322728561666e-02
2.908099191534911920e-01
-4.705094930350393057e-01
-4.478073170755445531e-01
9.293489099499319117e-02
4.904284405360107013e-01
7.806393615507483119e-01
8.219825824914237522e-01
