-8.930673228667745933e-01
-5.237128982114793718e-01
-3.283328074804696128e-01
7.353495706157027190e-01
-5.138703241058304449e-01
8.995713768284998579e-01
2.119515099255135926e-01
-9.159773979820455825e-01
5.464010727941763790e-01
-8.080213744176719670e-01
8.704023713860311595e-01
3.647471226351925999e-01
-5.403959769860711138e-01
9.981110828539790925e-01
-7.231407913993446179e-01
-2.233423426371416998e-01
3.879456968693728025e-01
3.412818810985456253e-01
-4.991601438096309185e-01
-7.401836899260003655e-01
1.822839993738689657e-01
1.901283677348737378e-01
1.000000000000000000e+00
5.619022481746890341e-01
9.312839352959819683e-01
-1.160545463026071561e-01
-3.545468848023700659e-01
-3.892649878486907356e-01
-3.046668693799196026e-01
-4.302659375408486309e-01
-2.639283662550253595e-01
2.048731208693726213e-01
-6.524002362208759509e-01
6.859883517429296029e-01
7.757924000872500336e-01
3.654442055484805607e-01
-8.733782722347576133e-01
-1.000000000000000000e+00
-5.379550280875318169e-01
4.707363824827452414e-01
-1.687073729337917882e-01
1.000000000000000000e+00
1.914660981060665179e-01
-2.356217332925711894e-01
-7.455150950593879555e-01
-3.089172096914249988e-01
9.283130511778623362e-01
-4.489403271235173909e-01
-5.296187550101014718e-01
5.849166219955230783e-01
5.979445156680134321e-01
-7.095837961805210314e-01
-4.684260544089751677e-01
6.728298679775255309e-01
9.846177664898650983e-01
-7.124886726299525241e-01
2.708571853231860338e-01
-6.722369384283101157e-01
5.615339556990506242e-01
-1.383623634051694140e-01
-2.102750171710963678e-01
3.332092122403578216e-01
-5.716619879737290244e-01
-3.797412670216673836e-01
6.316279967266623663e-01
5.046808321380602536e-01
-5.948034211279356054e-01
-3.846719419104788762e-01
-3.263947529566602057e-01
-7.015366507724621892e-01
6.253998910959099877e-01
5.080605498269770148e-01
7.842050515422648305e-01
4.502140494821704197e-01
-5.039823603795845486e-02
3.687580285926842505e-01
4.669735119806792123e-01
1.000000000000000000e+00
7.437294541861250163e-02
-8.709013841095409880e-01
-3.769106744751715699e-01
1.000000000000000000e+00
4.715358098272174336e-01
-6.679632072935781650e-02
-8.592613299679430217e-01
-1.000000000000000000e+00
-8.092315101062412808e-01
3.505037213117614403e-01
-6.318418749734241446e-01
-1.000000000000000000e+00
-6.683781685748962920e-02
7.820150390174749333e-01
1.164089800895725668e-01
1.000000000000000000e+00
7.685725781192509487e-02
-1.211312162620166166e-01
-2.976948810933363054e-01
-6.052069216980515698e-01
-1.168649489237344047e-01
6.647038087721310884e-01
-4.871706819678102429e-02
1.018207211178854682e-01
-7.483260630140665670e-01
2.964444367732577135e-01
7.507086194086755038e-01
-2.900806199917560502e-03
5.428709960714525051e-01
-3.745447457836394434e-01
-3.306316723290581017e-02
9.690777692325841519e-01
8.244369327614187171e-01
-5.000605841729393042e-01
-6.394310401675148414e-01
-5.217357419722123968e-02
-2.222372256337701302e-02
4.110950828450549155e-01
-5.259485426420816845e-01
9.761135673987682004e-01
-6.690587664780001109e-01
2.209048810426521015e-01
9.867409055172098320e-01
7.337371551577287487e-02
-4.218033672005118140e-01
-2.838835418239440411e-01
-4.562960479364514543e-01
-6.952699538467110862e-01
6.583742820638719406e-01
1.547311617792244964e-02
2.976170076431283729e-02
4.217969881916885933e-01
-6.226741021148124444e-01
7.026808145246608017e-01
-1.000000000000000000e+00
3.745438471768538502e-01
4.741378839208924834e-02
6.320871961367654501e-01
7.043493235292426213e-01
1.000000000000000000e+00
2.342310725798643911e-01
-3.078394511056059546e-01
4.032182325644224630e-01
-3.321400878058482498e-01
1.042857601289970404e-02
-3.443291786852840652e-01
5.114774700320201539e-01
-3.680576642216872862e-01
9.072098578128706681e-01
-9.461481020092057381e-01
-1.576624612534925918e-01
1.000000000000000000e+00
-7.675999636435665296e-01
-2.906278740359979906e-01
7.033580416741352925e-02
-3.344321471358469022e-01
1.015179010380691527e-01
3.564046370448371859e-02
2.618953728836677097e-01
9.340292038345619774e-02
1.000000000000000000e+00
8.094059154941917189e-01
-1.739096662486556699e-01
-9.279842651304424095e-01
-5.233546430669593352e-01
3.863572821947970914e-01
1.000000000000000000e+00
-1.998299981739417586e-01
-3.696915445456636640e-01
-1.282814045776302092e-01
8.863321001569522961e-01
-2.790338750805612666e-01
4.995542753257792290e-01
-4.804942789486803534e-01
-6.021901753319153228e-01
5.730358148241860849e-01
-1.000000000000000000e+00
9.203067817031262976e-01
3.781016470190651235e-01
1.261324999547122072e-01
1.492501254988258808e-01
-7.040266676192710182e-01
4.378420233721092014e-01
-7.025104604121437113e-01
3.834301226477307423e-01
-9.722177795368174280e-01
-7.089127391991394411e-01
-8.575379000922347394e-01
-8.959433914752625849e-01
-7.047476341529318455e-01
8.744764758385279446e-01
7.050020282937661253e-01
-3.866317938333818649e-01
-7.524488786170251409e-01
-6.792786384783784381e-01
2.954739647488655585e-01
-6.234736163579385204e-01
3.481392775440768084e-01
1.000000000000000000e+00
1.000000000000000000e+00
6.199061230114140120e-01
-7.361869740689023223e-01
-4.820629654429481326e-01
3.690140233594380037e-01
-4.838117656201649242e-01
-4.961882700432564408e-01
6.985374953887284466e-01
2.546582939196109230e-01
8.249031234287755865e-01
2.523354938241377798e-01
-4.819278858839073226e-02
-3.059143278969281843e-01
-1.000000000000000000e+00
-9.676977920227053387e-01
-2.231657285972558635e-01
8.932011645540746114e-01
3.849776914838308195e-01
-2.322841005118738422e-01
-1.855720784765411274e-02
-7.987095882380494949e-01
8.154547985149815936e-01
2.267477027029392855e-01
9.088299017847512040e-02
5.112812669542572408e-01
-9.620762262243491847e-01
1.851506972163730058e-01
1.004842000876773334e-01
9.992428926751404372e-01
4.120907238026907948e-02
-7.479568301756821525e-01
-2.528657915242316090e-02
-6.187325938007720572e-01
-8.630425038292456608e-02
-1.000000000000000000e+00
9.984313982922081721e-01
-4.722643131926933524e-01
-7.053870792058426487e-01
8.841943050511004154e-01
-2.453422360734604513e-01
2.317941480276446142e-02
3.859957136943267808e-01
-7.271927289535204952e-01
-2.506068145716973117e-01
9.986359363667791644e-01
1.000000000000000000e+00
-3.320789348682288145e-01
-3.803792362496285495e-01
-2.215889855147980259e-01
-6.363622444478569395e-01
3.836196150870505583e-01
7.064998993067944655e-01
8.004325390329130041e-01
-7.144907353073899348e-01
9.110602589559202436e-01
1.729942930355697905e-01
-8.161992006889380313e-01
2.409244131899165586e-01
-1.000000000000000000e+00
1.000000000000000000e+00
4.616100024347101760e-01
1.000000000000000000e+00
2.100163229338030124e-01
7.906952810489957795e-01
-8.721818364019351399e-01
1.551218169158505855e-01
5.065710314778808510e-01
-1.012629910274987916e-01
