8.797623591683725319e-01
7.332461495875378654e-01
-4.446192930154038159e-01
-9.114244733239305063e-01
-1.923440849275408482e-01
-9.805559189731594127e-01
-2.168928919071078654e-01
-7.154079282941729900e-01
1.767102733701495509e-01
-4.063244214596202775e-01
5.225987327230225965e-01
-7.286052803595582938e-01
-1.025841491342402989e-01
5.173300937370010066e-01
-2.524260025668241259e-01
3.145549037512161972e-01
-6.505098763928565120e-01
9.457975966216731756e-01
9.778424989083376317e-01
1.007474570554704796e+00
-2.717380817548165073e-01
8.368484978671009156e-01
7.892612112879060504e-01
9.548362672679324703e-01
-5.198172485050089886e-01
9.380196315207145474e-02
4.820872456209526757e-01
1.038694424530359317e+00
2.313535161749978586e-01
-1.735849471875432481e-01
-7.628749698220066433e-02
-3.327839028212843941e-01
-9.725118513702710743e-01
-6.065840577196222050e-01
3.703376327080887265e-01
5.111792629314229064e-01
1.574101566186118517e-01
6.214807945437925696e-01
6.402179134905663371e-01
7.962717687143150425e-01
6.656780511029318781e-01
-1.088587998961707548e-01
-4.823870866538686464e-01
3.282985204747461139e-01
6.225846601904116984e-01
3.690865349176853383e-01
2.749635185569148099e-01
9.289489997960037604e-01
4.619216956192440104e-01
3.822274596676986658e-01
-5.900088301477167674e-01
-3.565075548843266162e-01
9.241974159204807693e-01
9.615735852638824799e-01
3.397528674847294372e-01
1.668165646242927291e-01
5.665562156874804911e-01
-6.740310012038075449e-02
-6.336858943769392294e-01
7.780495584495188410e-01
-1.002901350253839752e+00
-9.241767636394031538e-01
-9.421946790555283391e-01
-5.883212182167691928e-01
-7.069606912184227543e-01
2.328584300446038535e-01
-3.801106876513582478e-02
1.617258640774046075e-01
5.498969644627473841e-01
-5.685777618035459113e-02
-2.215722159434607708e-01
-9.116454367856607899e-01
-4.791821547681398563e-01
1.613841717757602545e-01
5.685822986762031350e-01
3.867396583242314057e-01
-3.341293274052473672e-01
-9.824831952832970838e-01
9.040075498040532898e-01
7.440068498792500318e-01
-9.843000585879788655e-01
9.207747984521936768e-01
3.422905959214135319e-01
5.576640156144643257e-01
1.550420685158642176e-01
-1.925808660045635889e-02
-6.967173366648382604e-01
7.454231024218251900e-01
7.524798216805523854e-01
5.838952247863149481e-02
2.639338930721539800e-01
3.274919658355728291e-01
1.979486642008509989e-02
-3.703602528809946115e-01
8.837246800109213041e-01
-2.776666253625462155e-02
1.172995013708344469e+00
5.136999900041439027e-01
-4.170199546724866480e-01
-8.651444303784827650e-01
1.039011550652488847e-01
3.006518271229734474e-01
7.838004230695401198e-01
-7.410589957319437815e-01
4.258489757045458290e-01
-3.192509485756630516e-01
-5.162673547558351839e-01
-6.432769776911942960e-01
-9.904137328908353410e-01
-3.427745354964116253e-01
-4.235238140394509410e-01
3.779145923985722799e-01
-5.491884706781564596e-01
-6.814808778035978953e-01
9.873767936646470345e-01
3.216723035987050228e-01
3.711059437075492351e-01
-8.732777820597786844e-01
4.319889948023074577e-01
6.811283700328671920e-01
6.990814875641468973e-01
5.162107449097157463e-01
-9.304131193719259452e-01
-1.359714006435671363e-01
3.064000079450757141e-02
-1.112301258483531230e+00
3.177411644377636790e-02
1.724203537613745174e-01
1.781162938192237810e-01
-4.398498132963091223e-01
6.071271997854008617e-01
-2.693019019718154161e-02
-9.354006273156783013e-01
9.060847234732196664e-01
5.738746111191472821e-02
7.178866491240241121e-01
-6.560672659126420836e-01
7.328863348736179839e-01
3.691996276835307067e-01
1.707703910198422603e-01
-6.016643682270439442e-01
9.002880518431860546e-01
-4.839459845160924978e-01
-5.624529364651620345e-02
-8.191788637983505872e-01
6.903407081370011023e-01
-2.589834669609282214e-01
-4.821322431425427713e-01
1.041127986573386899e+00
3.886999800768053959e-02
7.386768707413174928e-01
-3.877600976806159228e-01
-4.871701249951704282e-01
-5.462284609322692885e-01
3.637715229813932583e-01
-8.863140257759958285e-01
8.646784964868432510e-01
-8.232462609122372932e-01
9.971567917242519785e-01
2.870132934234049804e-01
-6.541281745291447347e-01
4.058816236542828193e-02
3.515132773714207404e-01
-2.882802663647987540e-01
-1.026650678465480526e-01
-1.075897590084468058e+00
1.847332042949949571e-01
6.478927805552570085e-01
6.864841310617525449e-01
1.206984557407173309e-01
-5.029791880733673892e-01
-9.147058794770236423e-01
3.895978348760575916e-01
1.570085661100888430e-01
-6.171692038859258878e-01
-6.893969582046031164e-01
1.842713031492978770e-01
-2.462505068506893324e-01
4.059155987339409521e-01
-8.162487154380249077e-01
9.186546718668850975e-01
1.391428952289104348e-01
-5.983339437507173564e-01
-4.893783734926181461e-01
-4.684414295572154607e-01
-4.542747720396023148e-02
5.347633592475720121e-01
-1.710370013045390269e-01
7.082394317273954520e-01
6.630252767581488182e-01
7.042810939326551445e-01
-5.996903059319864671e-01
4.033491931197196179e-01
-9.634749292173020452e-01
-2.402451661142200323e-01
-5.842045718118380471e-01
2.260507842814656332e-01
4.551871660088556704e-01
-4.338907811333320153e-01
4.424364530894472902e-02
-4.059496147476162609e-01
-5.837814861087269325e-01
3.613047735404772975e-03
2.039904024755028189e-01
-1.086520864712346768e+00
5.068072035358993643e-01
-2.921103063976115966e-01
-3.277808728995045828e-01
-9.977131971597792415e-01
-4.275880200727730784e-01
-1.064933846631695546e+00
3.172678599644573882e-01
1.055805016590257273e+00
7.699804931576661460e-01
7.599439619781114263e-01
1.127394717435303839e-02
-9.792176280698194901e-02
1.157754667442499219e+00
-1.093239313898777543e-01
6.625380805553724439e-01
3.150960610573871890e-01
2.295460140701818808e-01
-7.819678632360402837e-01
1.717057583820206235e-01
5.651795329810012092e-01
1.186825245674875962e-01
8.894903735102959175e-01
5.620736589582001619e-01
7.067629034722384684e-01
2.951059094905802427e-01
9.037484133498967509e-01
-2.248348600230799521e-01
5.350290447291088380e-01
-7.654698669626032181e-01
2.047130960581748926e-01
-5.779877444661044583e-01
-4.307631807398869528e-01
3.646391793999246289e-01
9.442354525966760725e-01
-4.464344176930721830e-01
-5.361415778598479509e-01
2.841970054891531650e-01
5.878512003998672686e-01
5.392579512163300226e-01
1.003558089499970496e+00
8.332856205790946102e-01
-8.354982246553015468e-01
-8.600367439760405741e-01
5.138132870246856498e-01
-8.916387695301231098e-02
-4.493675224281534764e-01
8.606125723277240347e-01
3.895977534138923143e-02
-5.485348158854330691e-01
8.894824604865652073e-01
4.401627713951153376e-02
3.425171329614495885e-01
2.085337809201499581e-01
3.826178485331495072e-01
8.054228733350146108e-01
-7.089685302932615674e-01
-4.571439673733819209e-01
5.430905005405433084e-01
-9.442728078548463522e-01
-2.352320697006786976e-01
