1.113466690379723012e-01
-3.687622021392556459e-01
9.172883898058943331e-01
9.265302344020914793e-01
4.819776729942825133e-01
3.213627795911579432e-01
4.290190690110449734e-01
-5.640365139000034223e-01
1.877050199331068980e-01
4.997229171951099169e-01
-8.951185077511276678e-01
-8.150618084317577949e-01
9.513115591764972345e-01
7.638077089007127007e-01
4.436010390511184176e-01
-6.876820933937468627e-01
-7.742317138705192558e-01
5.831587245950010656e-01
-6.255400689861244645e-01
8.605252546965882487e-01
4.679385212956452267e-01
2.132142963267832925e-01
2.083008406391471945e-01
8.396905057645758230e-01
-4.972993168041260348e-01
1.000000000000000000e+00
7.028643576860948983e-01
-7.566308425361257806e-01
-9.695880394838263250e-04
2.892469560579292998e-02
-4.987236658295347569e-01
-8.283640337598623393e-01
1.365465680972796358e-01
-6.540129695888472483e-01
9.319718732667314764e-01
-1.953215397101446538e-01
-8.839351058732387578e-01
6.688703238856189559e-01
-2.872147991815153512e-02
7.970368078886566066e-01
-2.756275013530276596e-01
-1.288857113210136185e-01
-7.241496024132736409e-01
-3.222808659749744065e-01
9.895629316333350856e-01
5.222859908483986485e-02
-1.816378973593062440e-01
2.760688093232091522e-01
-1.000000000000000000e+00
9.777251926955069505e-01
-2.159700728352695054e-01
1.661972615882870430e-01
6.699742039440699237e-01
-5.319928261525631585e-01
9.256847252252402569e-01
-9.583280933205727825e-01
-7.813207397388615139e-01
3.036470824988751760e-01
6.827209574906250023e-01
-4.117565240710175933e-01
6.331330522413541884e-02
-2.371840589407040178e-01
-4.012336853475795273e-01
-8.002030123048565757e-01
-3.150234686558378572e-01
-5.389539346401115427e-01
7.909888579956324550e-01
-8.393811577151996106e-01
3.930359129420168407e-01
7.531666397534307889e-01
7.201785250914937153e-01
-3.498149303525748821e-01
-3.989424920034025379e-01
-3.008592401205244515e-01
9.867929056569998414e-01
-6.415616999442538271e-01
9.066896490793312502e-01
-5.953177578300001827e-01
-6.268419385518332332e-01
-8.457498600915660525e-01
4.950404293622538976e-01
9.066145478505688304e-01
-7.263216787708999256e-01
-8.803956805199950053e-02
9.167335162674883353e-01
8.081733791256408006e-01
-4.047175067140988958e-01
9.524054993598028984e-01
9.864273236767135966e-01
-7.566389138089656130e-02
1.908772038435189999e-01
-7.195687354672667402e-01
-9.921451368182253594e-01
-4.714046925632158769e-01
4.081373829073629000e-01
-1.038900943593164400e-01
8.073405384343017577e-01
9.610745748472810934e-01
-6.524188683578568959e-01
-1.865230371968201739e-01
-2.428301443427933748e-01
-6.673177605186093597e-01
-2.597865140622696717e-02
-4.839193522398497344e-02
-5.634803970473125645e-01
9.998963410679119201e-01
-2.453504535106620921e-01
-9.175445852694298354e-01
-4.541965957489347838e-01
-6.618714494369235535e-01
2.848199932674153612e-01
-7.648392869905645819e-01
8.844901661625440559e-01
5.253123394269798574e-02
6.540884910669205743e-01
-8.771460986395810400e-01
1.972988115667282938e-01
2.023928935001952922e-01
-8.921079157732275666e-01
-1.000000000000000000e+00
-7.742670907401191793e-02
-2.737219055643148602e-01
-9.904419328253638577e-01
2.300087614680012826e-01
-9.783584985973717840e-01
8.779153568673825347e-01
-5.105751803601510375e-01
9.848507420137225798e-01
4.306787701526438444e-02
7.659535625249072055e-01
9.289677659175995528e-01
-7.743488180794093345e-02
4.803783949070460912e-01
1.054110994311741462e-01
-4.034536137038589043e-01
7.934256418175944514e-02
9.009775252269353052e-01
3.176862085758609955e-01
-4.528828233431513861e-01
9.990862606388437595e-01
9.850308764447986976e-01
6.199441340396644184e-01
-6.959745012000209119e-01
-6.570652733795780964e-01
4.166652934619363147e-01
-7.278670409544387709e-01
9.491338099857155042e-01
7.003927080933949334e-01
2.270868201694800637e-01
9.813789127824531500e-01
5.324979029140667341e-01
-9.598372663477836575e-01
-6.495814627356245596e-01
-2.211027571251950596e-01
7.004820816725102484e-01
-7.579472461958310925e-01
8.895777901013691702e-01
-1.986166126721060909e-01
-5.914166679685749495e-01
-2.120054298003622995e-01
-6.827423803721085482e-01
3.218955160334334153e-01
5.579943570179024537e-01
-3.401222557328876794e-01
-9.710935294330170775e-01
9.517550678131088127e-01
-4.368634786703119444e-01
-1.908202405779426125e-01
8.923708829969825285e-01
-1.000000000000000000e+00
4.718164635902231674e-01
-8.728405565506184294e-01
-9.602473396719198862e-01
2.935279273660676980e-01
-6.944000004023939132e-01
-9.760961809745458684e-01
-1.785258121056003122e-01
7.004074259832113736e-01
-9.883162556316587022e-01
-1.650952854637628975e-01
2.275565579149350579e-02
9.350698958146402839e-01
-9.348830424393317351e-01
-5.095974868050234807e-01
9.230641416989447956e-01
-2.479091180917845638e-01
-8.027583094560359900e-01
4.245610858142714883e-01
-3.458581981444457387e-01
-9.059242582194135807e-01
8.273446898173429931e-01
-9.236635421235165344e-01
-8.609739470604829137e-01
-4.329830564148719474e-01
-8.479009874400987856e-01
-7.518983057207428988e-01
1.218983710934257308e-01
-4.702549049354448063e-01
-9.936604044458665630e-01
9.548907643289138436e-01
6.168409332975318682e-01
3.337363285812817160e-01
5.310490074140062911e-01
-4.424892162539117990e-01
2.678935064082701434e-01
-8.612825152884614477e-01
-1.912232556274880146e-01
7.464857410033165497e-01
9.769666369874721035e-01
-9.926152578065833287e-01
-4.527984105922059355e-01
2.336164076583084059e-01
1.458947178098276842e-01
-8.772516210872449705e-01
7.308350350078378632e-01
6.329760778370648877e-01
1.000000000000000000e+00
-6.640542646914306957e-01
6.826075342150237368e-01
2.645847902623351122e-01
9.688376017923805428e-01
-8.746815636856064557e-01
-3.102302602472959969e-01
5.795724471715302251e-01
1.725181080099829067e-01
-2.342529405555409117e-01
-1.601647750002426762e-01
-7.195930311488530906e-01
7.673163168959036273e-01
-8.367955530090668281e-01
9.672583428465199029e-01
-1.000000000000000000e+00
-1.002077194702492291e-01
-4.301225769726311210e-01
4.697152345139165019e-01
-2.170638414644260605e-01
-7.459538492775757978e-02
1.260636463821307174e-01
9.091444642433718082e-01
-9.650555895702171982e-01
1.553312653391369647e-01
-9.179089379539598914e-01
-8.759650329218987563e-02
3.146187816378308022e-01
-1.000546051508241774e-01
-9.094673149547061186e-01
7.450533960041277881e-02
-7.057828758961289806e-01
-9.813444697103059777e-01
5.738801030419774518e-01
-5.330244441503459996e-01
-6.704878292435845211e-02
1.939790340477847153e-01
8.830207927875275420e-01
5.783283681575703827e-01
1.000000000000000000e+00
-2.958153907943399386e-01
1.109464697815091411e-01
1.200199659739339536e-01
2.075830028716471320e-01
-9.637858450407738031e-01
-3.451342977902265297e-01
-5.903371593164454811e-01
-2.988886878371205813e-01
8.791901775758274029e-01
