-3.136056972773693108e-04
-3.925653889756524628e-01
8.498770645209543506e-01
9.781316986926825718e-01
5.260795177363521979e-01
4.476152518288090687e-01
3.721333263142512227e-01
-5.583479463046788771e-01
2.352642910267972731e-01
4.358611204497259140e-01
-9.182365081462481315e-01
-8.459738081161786161e-01
9.800846584325793032e-01
8.855459981881877995e-01
4.130986360948236125e-01
-7.676763769660355230e-01
-8.123605963246562922e-01
6.178050114300062123e-01
-6.005032348677218357e-01
8.121064343639368133e-01
3.737563304611790094e-01
1.029200301572212872e-01
2.103942978357982441e-01
8.838087340585106810e-01
-4.281117964377812446e-01
1.000000000000000000e+00
6.749894136615074425e-01
-7.207159200034730651e-01
-7.426419561771184508e-02
5.618055444377364344e-02
-3.872237527196720763e-01
-9.003726726339862374e-01
2.519599809041804805e-01
-6.685330998108139910e-01
9.151855412636175080e-01
-9.950682175054059719e-02
-8.640474191487330646e-01
6.114858358906409830e-01
-6.944194236187324620e-02
9.121512361565028426e-01
-1.445003446467771346e-01
-1.139497138488543559e-01
-6.886407507482854573e-01
-2.716978021527466369e-01
9.697102989633827885e-01
1.894769815219388698e-01
-1.636300895529216315e-01
2.870690157177066548e-01
-9.112671693719754940e-01
9.049922110228098004e-01
-1.630698853588421482e-01
1.672224677169898976e-01
6.970286050496558028e-01
-5.579182129589055350e-01
9.057934384664524385e-01
-9.740593279383369385e-01
-8.524686502915104214e-01
3.123856860654612433e-01
7.184521340619399732e-01
-2.737306950876480793e-01
-2.274039920990258978e-02
-1.507138182498536094e-01
-2.898200309129812524e-01
-7.807854281442832001e-01
-2.927817471605508870e-01
-5.981948313730662825e-01
6.937840744701315732e-01
-8.312999007813309804e-01
4.775921302069870422e-01
7.818079925344117997e-01
6.891922050864960347e-01
-5.163464316832178103e-01
-5.309023804956913839e-01
-3.945856225524133620e-01
9.970504007524834122e-01
-6.599597753399196742e-01
8.126104768436821502e-01
-5.723681945476529753e-01
-4.169968253828094662e-01
-8.951312364082268935e-01
5.500209675038866264e-01
9.523206836685047527e-01
-6.941860818906595565e-01
-1.006140225336950855e-01
8.263252575962827251e-01
8.228109588084807635e-01
-3.895432790615897534e-01
9.663898932372382289e-01
9.648283682169657149e-01
-8.307911763324071774e-02
2.504911378547615697e-01
-8.551242778471175310e-01
-9.134028114381970154e-01
-5.170308939824881378e-01
4.184670995498427359e-01
-2.686474919733487510e-01
7.865629825492617133e-01
9.556675401245254831e-01
-6.882687658161842359e-01
-2.998640291403467106e-01
-1.847299418754188016e-01
-6.393129295703426918e-01
-3.680940280942648912e-02
-3.847539132867161538e-02
-6.631509907139109261e-01
9.910577105073556936e-01
-3.217289531700947003e-01
-1.000000000000000000e+00
-3.696824241062345862e-01
-6.131848415320579893e-01
2.885005335245264257e-01
-9.104288156421435074e-01
7.424340794436266044e-01
1.280201680512839668e-01
6.323197634857079530e-01
-7.669966037640022494e-01
2.509371421958755954e-01
1.244716240057798934e-01
-8.939365923414555049e-01
-8.708912184380909194e-01
-1.224132235551959602e-01
-1.795764970982053621e-01
-1.000000000000000000e+00
2.004745347797500243e-01
-9.876843647963171602e-01
1.000000000000000000e+00
-6.260946564306021367e-01
9.993198656899313637e-01
1.491809556314350194e-01
6.722035626072626613e-01
9.327202079562617598e-01
-1.031073116692641789e-01
3.667852397651822915e-01
1.683371153534048981e-01
-3.859427438357172502e-01
7.721066097240118775e-02
9.710050044373006450e-01
3.319776306879368422e-01
-4.392164375156025202e-01
1.000000000000000000e+00
9.773528202816370580e-01
5.051615014011466842e-01
-6.169427649144632042e-01
-5.094213050183243885e-01
4.167840619065585894e-01
-7.139448309994437247e-01
8.676972576560787465e-01
7.744749878463584869e-01
2.519364029225477086e-01
9.208240008425040424e-01
4.116610243273742253e-01
-9.248657327920454252e-01
-7.346910856810181523e-01
-1.446962862915251169e-01
7.183758534786661709e-01
-7.836036675060187306e-01
7.821633111789243475e-01
-2.109683010067206765e-01
-6.141437108467308059e-01
-1.537917555993812413e-01
-5.409453736791589584e-01
2.340178437094136421e-01
5.634289691636722441e-01
-3.911096244834621483e-01
-9.358296248893073210e-01
9.634366210769008676e-01
-3.896320523618113096e-01
-2.526281412367535339e-01
8.858410467455937187e-01
-9.207601898169288646e-01
4.020688975502332285e-01
-8.500092681103975645e-01
-9.174607552863626170e-01
2.879989322545991048e-01
-6.325738775395559621e-01
-9.562431458436582155e-01
-1.991473526367118774e-01
6.895586037067231722e-01
-9.481152252250074630e-01
-7.801357812249831714e-02
2.627756757329078804e-02
9.964796793735343217e-01
-8.877387443810323964e-01
-5.499270532322994010e-01
9.260673792303700802e-01
-2.100976446780004336e-01
-8.684095447494541986e-01
3.751519945380118459e-01
-3.106461321572477896e-01
-1.000000000000000000e+00
8.661261903725372413e-01
-9.213573158650798511e-01
-9.929819133216758464e-01
-3.531009316272204490e-01
-1.000000000000000000e+00
-8.251894084908570903e-01
1.176319942495059750e-01
-3.905084608461746321e-01
-9.957540646482443414e-01
9.934490455461932878e-01
5.239765068443972273e-01
3.944276017231684861e-01
5.135797806423705314e-01
-5.299464090973666774e-01
2.269032002938300707e-01
-8.696204898326809207e-01
-2.377711600846165174e-01
7.768979594862051030e-01
7.435766929297469297e-01
-9.436438897980520268e-01
-5.744544002205587141e-01
2.220091304807234045e-01
2.995078600391530219e-02
-9.548701249571394101e-01
7.592143630575223234e-01
6.731577657124026004e-01
9.857885552479673796e-01
-5.660556814000010650e-01
6.795061508646169646e-01
3.189883983851715121e-01
9.538774792671869118e-01
-8.636539921857586677e-01
-3.590643452090925281e-01
6.076163093017367123e-01
2.171377893905038770e-01
-2.411985784285599066e-01
-1.966476270144381089e-01
-8.413949481134131991e-01
7.921683172370711512e-01
-8.692582732104179311e-01
9.354527822275090498e-01
-9.894487286478248489e-01
-3.044420779891877926e-02
-4.390181559367580255e-01
5.743986617985735732e-01
-1.699281673299327111e-01
-5.523934654157268420e-02
1.458606854532496777e-01
9.871405843026711535e-01
-9.862125352479865770e-01
2.790624470243808775e-01
-9.492474622470735701e-01
1.674496835980196496e-02
2.690262697330805808e-01
-2.797497312361990271e-02
-8.633213520854946532e-01
1.248666078681132108e-01
-7.738545167707538974e-01
-9.552949297491256653e-01
5.708162889022879716e-01
-4.182621555119914181e-01
-9.689712851194681731e-02
1.865682597649062080e-01
8.966347586613373499e-01
3.968681597985918019e-01
9.480182632678226806e-01
-2.643622729627895795e-01
1.099835650242695084e-01
2.431086540342162761e-01
6.992710735050462756e-02
-9.581131371712512390e-01
-3.046348111990165308e-01
-4.708825130722001373e-01
-2.648572192606441500e-01
8.780366293798291810e-01
