1.543178713292798765e-01
-1.458917118054745554e-01
1.000000000000000000e+00
8.296613055986363783e-01
1.328250126313579305e-01
3.776230109919835876e-01
1.000000000000000000e+00
-2.537075999286846351e-01
-6.280546749632964776e-02
4.976350427961029332e-01
-1.000000000000000000e+00
-8.923418376926371964e-01
1.000000000000000000e+00
6.062317636609143578e-01
3.127693091738237285e-01
-6.616024776775768501e-01
-1.000000000000000000e+00
5.047818180338250471e-01
-7.029791293141496311e-01
8.802731398143417429e-01
7.072433710098087190e-01
4.971321997675528515e-01
1.000000000000000000e+00
1.000000000000000000e+00
-3.939299748065598905e-01
1.000000000000000000e+00
8.544108671769909957e-01
-4.641866196268562561e-01
9.182918610452817099e-02
3.140322203893108899e-02
-4.500039700331118775e-01
-8.313238781940557320e-01
-1.104543673846241081e-01
-6.392032135300675932e-01
8.859818160476187199e-01
1.125121915905529235e-01
-9.558394379735697388e-01
7.601904571027917612e-01
-8.369322313805336311e-01
7.774640231624401210e-01
-2.398321345465066479e-01
-1.314853679739791392e-01
-5.233923624149726672e-01
-3.381448860513032173e-01
1.000000000000000000e+00
-7.172803259117181973e-01
2.331902584003504586e-01
2.962589067253349473e-01
-3.160817168785281517e-01
1.000000000000000000e+00
-1.695848916627052949e-01
2.871059791469511291e-01
9.032740382679227409e-01
-5.418555741218069599e-01
1.000000000000000000e+00
-9.698003190404096419e-01
-8.721875269003045439e-01
8.954543785688700019e-01
5.549723816198577353e-01
-3.851501361046931748e-01
-1.797421288144709361e-01
-2.697354180812325808e-01
-3.139465781792731836e-01
-6.168136088119473559e-01
-1.613544644089164315e-01
-8.123069744243522905e-01
8.390146862427201313e-01
-8.864439735179352464e-01
2.672545594650400647e-01
1.000000000000000000e+00
1.210042102228747751e-02
-8.579727955036469123e-01
-2.754535652030616344e-01
-2.770766663851995659e-01
1.000000000000000000e+00
-4.631197046513868543e-01
8.726717392195757483e-01
-2.879102106921129778e-01
-4.585300782534185160e-01
-1.000000000000000000e+00
1.213761491787410662e-01
1.000000000000000000e+00
-6.371696910551170046e-01
-1.211377096159911293e-01
9.629516757974436736e-01
6.270094771546618206e-01
-5.061508037828734707e-01
1.000000000000000000e+00
-6.001025602783527368e-02
-1.361730373888441203e-01
3.148864551842842641e-01
-8.323055182225855830e-01
-1.000000000000000000e+00
-3.611156318387596098e-01
8.419557889820148411e-01
8.448268690157556549e-02
8.466482353512185810e-01
1.000000000000000000e+00
-4.748497505165085730e-01
-2.352046599752872780e-01
-2.448020723556227907e-01
-5.881676490957528092e-01
-5.674067655842573998e-02
-1.389430774349573738e-01
-5.409411827282277763e-01
1.000000000000000000e+00
-1.988415941849837054e-01
-1.000000000000000000e+00
-4.105886456782747995e-01
-6.477406904038598423e-01
3.440969076117228465e-01
9.691231912117892477e-02
1.000000000000000000e+00
7.085994559877092924e-02
-2.789362387496989726e-01
-7.838059995836799132e-01
-4.879291865601861344e-01
-3.455849378535500449e-01
-1.000000000000000000e+00
-1.000000000000000000e+00
-6.139794872480064392e-02
-7.214244498452664356e-01
-1.000000000000000000e+00
3.438347799350980338e-01
-1.000000000000000000e+00
4.515889353571100884e-01
-5.359011249451117731e-01
1.000000000000000000e+00
-4.106943653565298114e-02
1.000000000000000000e+00
1.000000000000000000e+00
-1.583160326800761020e-01
3.986969090055207943e-01
2.983189767491145061e-01
-7.257901141723488436e-01
8.159170627107692475e-02
2.198829587638879701e-01
8.259597486021570401e-01
-4.236517674930180277e-01
6.043239833534497230e-01
1.000000000000000000e+00
7.101075012322219937e-01
-9.150251155802993086e-01
-2.130164014238671299e-01
3.700508026212709911e-01
-7.455161509070735715e-01
9.198371518236103661e-01
6.857014560160639149e-01
2.646465896065021139e-01
1.000000000000000000e+00
5.529047635476591616e-01
-1.000000000000000000e+00
-6.931078072020024905e-01
3.696817922629166975e-01
2.376251711224426355e-01
-1.000000000000000000e+00
7.401308479524402184e-01
-3.281221456399714409e-01
-5.911212336992053284e-01
-3.056452624413485974e-01
-1.000000000000000000e+00
3.360500805306960714e-01
6.031922936192479767e-01
-3.559424725792548205e-01
-7.038539246389130533e-01
1.000000000000000000e+00
-4.369392566555354573e-01
-1.844390407475406946e-01
9.229350311729762613e-01
-8.313906692639425611e-01
3.546203029765180315e-01
-6.451578246734916977e-01
-9.232471040988572408e-01
2.773979114663858159e-01
-7.012289388953933944e-01
-8.310939358422553269e-01
3.302780564495959581e-01
1.000000000000000000e+00
-7.914310873984879979e-01
9.787924140583545984e-01
4.474800510797805053e-01
1.000000000000000000e+00
-1.000000000000000000e+00
-2.789945113155816170e-01
9.516536829876369730e-01
-2.403299521118467119e-01
-8.350137101242600668e-01
5.948111919937031367e-01
-3.970950914939774812e-01
-1.000000000000000000e+00
7.613058847481737335e-01
-1.000000000000000000e+00
-1.000000000000000000e+00
-4.859988677116118261e-01
-1.000000000000000000e+00
-6.646935572150902694e-01
4.665663651801998935e-01
9.315945995573837735e-04
-9.566217078114114258e-01
9.797626025390655524e-01
7.248643267475460839e-01
1.000000000000000000e+00
6.503571609957703448e-01
-3.629455172370821270e-01
2.453309971643369281e-01
-1.000000000000000000e+00
-5.868832598939484058e-01
7.265056257317696886e-01
5.251286170929505559e-01
-8.449466037044593980e-01
-5.315427916009374254e-01
3.977104781678946210e-01
1.095913287580110307e-01
-8.829393038650890091e-01
4.310288704009270777e-01
6.877325322096052851e-01
7.375938776863601998e-01
-7.002529956923140286e-01
7.555475062476422199e-01
1.827199310872031912e-01
9.393577225113260987e-01
-1.000000000000000000e+00
-1.036049078019440906e-02
8.437471968907623854e-01
1.897897273536708340e-01
2.970950822708675609e-01
-1.569515076650891405e-01
-6.397360859526250998e-01
7.373905169427794615e-01
-8.662564499569613830e-01
1.000000000000000000e+00
-1.000000000000000000e+00
-1.541190329509372070e-01
-2.326574335721982578e-01
4.115747401315807963e-01
-2.898816273282893707e-01
3.239917196315689196e-02
1.918206117581349179e-01
1.000000000000000000e+00
-8.142291817921514241e-01
9.906893306850483860e-02
-9.022936910739181027e-01
-5.202579233289672533e-01
1.895326390428642149e-01
-9.147576590717654277e-02
-1.000000000000000000e+00
1.732512565688086870e-01
-5.785011200652701024e-01
-1.000000000000000000e+00
5.834546451103602704e-01
-5.340185196869229323e-01
-8.795507939830460309e-02
-3.156797014096679455e-02
1.000000000000000000e+00
8.741751204348370274e-01
1.000000000000000000e+00
-1.441819015746323984e-01
1.149954306492357858e-01
3.375218046108592329e-01
2.472349667695308284e-01
-1.000000000000000000e+00
-2.866534226426438181e-01
-5.846413346373535713e-01
-2.496724393209790449e-01
8.565706302576110431e-01
