1.113466690379723012e-01
-3.778345731675236685e-01
9.172883898058943331e-01
9.265302344020914793e-01
4.819776729942825133e-01
3.126523684576246742e-01
4.490977171663615986e-01
-5.640365139000034223e-01
1.559223795424684589e-01
4.925125250423069700e-01
-8.992202501340614829e-01
-8.217800703901531056e-01
9.574172458016332321e-01
7.638077089007127007e-01
4.487239599194738360e-01
-6.876820933937468627e-01
-7.742317138705192558e-01
5.833923088676117308e-01
-6.350399637766463989e-01
8.605252546965882487e-01
4.460325189782776700e-01
2.132142963267832925e-01
2.129219097630433433e-01
8.420734276058222667e-01
-5.014533728010276414e-01
1.000000000000000000e+00
7.099160349217238375e-01
-7.613047544650257681e-01
6.352476226675465854e-03
8.929995775474049158e-03
-4.987236658295347569e-01
-8.227256389629771238e-01
1.365465680972796358e-01
-6.540129695888472483e-01
9.234137260918843237e-01
-2.159383437633589642e-01
-8.839351058732387578e-01
6.688703238856189559e-01
-2.168472055342229518e-02
8.035721566708399211e-01
-2.756275013530276596e-01
-1.220179690171089987e-01
-7.241496024132736409e-01
-2.934025128401839821e-01
9.880167590871975491e-01
5.222859908483986485e-02
-1.816378973593062440e-01
2.726116811222434322e-01
-1.000000000000000000e+00
9.777251926955069505e-01
-2.159700728352695054e-01
1.522510353701500840e-01
6.699742039440699237e-01
-5.407057373662225164e-01
9.242014313821885763e-01
-9.566533756241496489e-01
-8.269067074398577244e-01
3.036470824988751760e-01
6.827209574906250023e-01
-4.117565240710175933e-01
4.974603269713798875e-02
-2.371840589407040178e-01
-4.087406467982799829e-01
-8.002030123048565757e-01
-3.150234686558378572e-01
-5.389539346401115427e-01
7.909888579956324550e-01
-8.324539008858846678e-01
3.930359129420168407e-01
7.632729873225637673e-01
7.176372079470783039e-01
-3.498149303525748821e-01
-3.989424920034025379e-01
-3.008592401205244515e-01
9.854503455384587829e-01
-6.198460819974194180e-01
8.693231560496209598e-01
-5.953177578300001827e-01
-6.268419385518332332e-01
-8.459770924100599165e-01
5.042719791431495846e-01
8.984940208971642361e-01
-7.234899753821484314e-01
-8.803956805199950053e-02
9.249161365356880493e-01
8.140080201793683523e-01
-4.047175067140988958e-01
9.524054993598028984e-01
9.785931669529768229e-01
-2.545051752244051335e-02
1.908772038435189999e-01
-7.195687354672667402e-01
-1.000000000000000000e+00
-4.714046925632158769e-01
4.081373829073629000e-01
-1.038900943593164400e-01
8.070805208585061230e-01
9.519410674396656669e-01
-6.524188683578568959e-01
-2.014673770564832100e-01
-2.428301443427933748e-01
-6.774434098204228372e-01
-2.597865140622696717e-02
-5.067764501535456517e-02
-5.472180119603660131e-01
9.998963410679119201e-01
-2.453504535106620921e-01
-9.679274549345188161e-01
-4.683892905442946231e-01
-6.753098261831343985e-01
2.848199932674153612e-01
-7.648392869905645819e-01
8.844901661625440559e-01
8.393079108389171761e-02
6.569658295917834012e-01
-8.667516720400725294e-01
1.972988115667282938e-01
2.035813142233701967e-01
-8.752274559738060233e-01
-9.791483690150996066e-01
-7.161992534410484279e-02
-2.743794293099066639e-01
-1.000000000000000000e+00
2.390514259228157523e-01
-9.747468882436453042e-01
8.779153568673825347e-01
-5.124928216516458912e-01
9.657987735686083264e-01
5.421962671277595625e-02
7.659535625249072055e-01
9.289677659175995528e-01
-7.743488180794093345e-02
4.588018615911714226e-01
1.066524032258431010e-01
-3.996858552618342553e-01
7.928072073424033417e-02
9.009775252269353052e-01
3.204532160879535185e-01
-4.528828233431513861e-01
1.000000000000000000e+00
9.850308764447986976e-01
6.169484363701129848e-01
-6.990565126464733936e-01
-6.570652733795780964e-01
4.268455326370826919e-01
-7.278670409544387709e-01
9.564350107822465752e-01
6.987250031893471602e-01
2.270868201694800637e-01
9.715998903967618672e-01
5.362601942904500207e-01
-9.719474724997306803e-01
-6.495814627356245596e-01
-2.252889453798009867e-01
7.004820816725102484e-01
-7.579472461958310925e-01
8.895777901013691702e-01
-1.593232059894330865e-01
-5.914166679685749495e-01
-2.120054298003622995e-01
-6.616869022959660507e-01
3.438106253858306816e-01
5.737288418589663319e-01
-3.565493247696261414e-01
-9.710935294330170775e-01
9.517550678131088127e-01
-4.490728593710066607e-01
-1.908202405779426125e-01
8.892094645969624844e-01
-1.000000000000000000e+00
4.493972685386839472e-01
-8.728405565506184294e-01
-9.602473396719198862e-01
2.867852180310690446e-01
-6.547573230675670652e-01
-9.760961809745458684e-01
-1.774518199519616590e-01
7.004074259832113736e-01
-9.885817078034326855e-01
-1.650952854637628975e-01
2.275565579149350579e-02
9.350698958146402839e-01
-9.393834337064141948e-01
-5.095974868050234807e-01
9.170133664509272364e-01
-2.438763974684247660e-01
-8.027583094560359900e-01
4.239822374880399258e-01
-3.458581981444457387e-01
-9.059242582194135807e-01
8.025977272546699348e-01
-9.207700022238158866e-01
-8.630294445451563989e-01
-4.282567019279350795e-01
-8.565969813290207346e-01
-7.518983057207428988e-01
1.218983710934257308e-01
-4.593628054748299383e-01
-9.936604044458665630e-01
9.548907643289138436e-01
6.124475153069571798e-01
3.126386828010422891e-01
5.165517289824014258e-01
-4.407806844460056550e-01
2.776443610444620513e-01
-8.612825152884614477e-01
-1.912232556274880146e-01
7.464857410033165497e-01
9.261154252961497635e-01
-9.852511925764541045e-01
-4.527984105922059355e-01
2.354265891188935256e-01
1.458947178098276842e-01
-8.772516210872449705e-01
7.308350350078378632e-01
6.317026059432606644e-01
9.987782918994485559e-01
-6.640542646914306957e-01
6.677586792034860830e-01
2.441082459462312615e-01
9.711923524637473548e-01
-8.746815636856064557e-01
-3.102302602472959969e-01
5.795724471715302251e-01
1.821668428771666959e-01
-2.340348104507917748e-01
-1.755702764323381904e-01
-7.195930311488530906e-01
7.655128329347584692e-01
-8.367955530090668281e-01
9.688460318643371538e-01
-1.000000000000000000e+00
-7.341553421092791853e-02
-4.301225769726311210e-01
4.697152345139165019e-01
-2.170638414644260605e-01
-7.175605654707270520e-02
1.260636463821307174e-01
9.091444642433718082e-01
-9.635128827685932595e-01
1.683666117988040500e-01
-9.130566025846835743e-01
-8.058543809558922633e-02
3.146187816378308022e-01
-1.000546051508241774e-01
-9.055831933578160076e-01
7.450533960041277881e-02
-7.057828758961289806e-01
-9.813444697103059777e-01
5.657671424241244029e-01
-5.330244441503459996e-01
-6.704878292435845211e-02
1.939790340477847153e-01
9.030779909700115127e-01
5.783283681575703827e-01
9.915329082153774287e-01
-2.880414262219344601e-01
1.109464697815091411e-01
1.260619848680778199e-01
2.133310714358240268e-01
-9.637858450407738031e-01
-3.628964171698806918e-01
-5.803475981122860894e-01
-2.980982403464608188e-01
8.380136577272104814e-01
