5.846905878938631757e-02
-3.847067225932214729e-01
9.269956415764428748e-01
9.680132861594049620e-01
4.598580996605743376e-01
3.358570262898731840e-01
4.327585557741123745e-01
-5.497525285706541531e-01
2.431164543699113334e-01
4.898637435092428882e-01
-9.339063942880343472e-01
-7.920995311445986342e-01
9.852143233108496823e-01
7.512556504857131889e-01
4.551356732367077829e-01
-6.617039386105803001e-01
-7.708854922552810240e-01
6.211362056235048001e-01
-6.422563458978691742e-01
8.866522710065729562e-01
4.238563471501531343e-01
2.045470287373012952e-01
1.868731722939071527e-01
8.819167392946861694e-01
-4.996257474485045202e-01
9.964916308750226825e-01
7.056989543694054401e-01
-7.592539953345602832e-01
-4.255175418834725165e-02
1.068150903670243845e-02
-4.448170513969336715e-01
-8.895453561140694854e-01
1.523208562792812970e-01
-6.650257846581717480e-01
9.220668289539549756e-01
-2.091464642972974963e-01
-8.945458204960103910e-01
6.838071652578595616e-01
-2.072880167558143610e-03
7.763067847355115125e-01
-2.732695442745123882e-01
-1.296855074498080296e-01
-7.212856273557451958e-01
-3.035130396829592292e-01
1.000000000000000000e+00
7.156141411979136113e-02
-1.769484757435599576e-01
3.063175924032174868e-01
-9.819547879323184958e-01
9.755476847730260026e-01
-2.097190418524190192e-01
1.869029886937031426e-01
6.814728039086211941e-01
-5.541846931633026552e-01
9.377082152653598568e-01
-9.566533756241496489e-01
-8.439568420543562821e-01
3.157914297440921891e-01
6.315557922278981495e-01
-4.319457753080390705e-01
4.435967529526773506e-02
-2.226564046802438634e-01
-4.122920156543513071e-01
-7.627195916369606810e-01
-2.991788748159513456e-01
-5.084659839015011062e-01
7.650238476888264749e-01
-8.528370746287663451e-01
3.907108399361257645e-01
7.487463834494501036e-01
6.878076270340692799e-01
-3.321032300455327713e-01
-3.998344749762721695e-01
-2.809420478278427669e-01
9.267961806275905046e-01
-6.127865058959715006e-01
8.676061668264992699e-01
-5.510008682729893303e-01
-6.137687697994992364e-01
-8.351055521873471665e-01
4.909305805093275854e-01
9.077364604160915729e-01
-7.768541450449317765e-01
-1.031257006780381957e-01
8.600544780003437362e-01
8.144911539708880044e-01
-4.178525465488864832e-01
9.524054993598028984e-01
1.000000000000000000e+00
-2.222905363648815594e-02
2.183179834059273128e-01
-8.074889513724264889e-01
-1.000000000000000000e+00
-5.027868869641036742e-01
4.193535000154303694e-01
-1.058773295419688371e-01
7.575622211336563439e-01
9.560888694559546153e-01
-6.734538611255518337e-01
-2.050883924544206482e-01
-2.213103070807494743e-01
-6.825582329826163086e-01
-4.038267916795727774e-02
-7.380941825292247627e-02
-5.976098804218805682e-01
1.000000000000000000e+00
-1.665149236420475631e-01
-9.389760546567786914e-01
-4.228376705239161315e-01
-6.884474945900468379e-01
2.745475343724421147e-01
-7.672441848815774179e-01
8.849344282828808250e-01
7.652493058219980715e-02
6.549267768144600987e-01
-8.780177158192343789e-01
2.682922444163993170e-01
1.643729462540353126e-01
-8.149730424631237424e-01
-9.948667765979511968e-01
-8.118702789857897006e-02
-2.518885936889874722e-01
-1.000000000000000000e+00
2.450290219123932023e-01
-9.806576378425071461e-01
8.580719383355038810e-01
-4.868701187000342712e-01
9.291789644310513019e-01
6.538874401041258611e-02
7.390025684761761804e-01
8.925035830950126536e-01
-5.766995000931768312e-02
4.838751827709121267e-01
1.715565728619353469e-01
-4.046033776059508869e-01
4.297367418056997901e-02
8.810511267412332037e-01
3.155504754526542444e-01
-4.704334872707222615e-01
1.000000000000000000e+00
9.806392217599259054e-01
6.276435672050604264e-01
-7.163489699228700047e-01
-6.712254051919944731e-01
4.327753581821023876e-01
-7.278670409544387709e-01
9.958496002705676808e-01
7.258610997970309509e-01
2.043986279191702671e-01
9.521513635225065109e-01
5.231304254323804193e-01
-1.000000000000000000e+00
-6.326541604234968696e-01
-2.105638320795982232e-01
7.208463063356068679e-01
-7.814908733039780397e-01
8.895486293077772277e-01
-1.915018819322868437e-01
-5.431301442526091927e-01
-2.167113941964288470e-01
-6.922644679794263123e-01
2.919157030079734261e-01
5.114764460566980642e-01
-3.697518708321818059e-01
-9.925419418584475739e-01
9.507819934197165868e-01
-4.183212573512520849e-01
-1.898715478042908300e-01
8.892094645969624844e-01
-1.000000000000000000e+00
4.366255496126755231e-01
-8.770199834760161739e-01
-9.458540209762000828e-01
2.600302761173366450e-01
-6.296115825243273623e-01
-9.813421121343336440e-01
-1.797296985475623499e-01
6.315617853542490057e-01
-9.844783229739809682e-01
-1.840846081468825446e-01
-9.842429664980950274e-03
9.622781789544877507e-01
-9.292200701697793663e-01
-4.951803600863293742e-01
8.812032250506507403e-01
-2.928507005595996082e-01
-7.942409026065296862e-01
3.961466878798438063e-01
-3.174105683561663227e-01
-9.945056261836396905e-01
8.553995641070918365e-01
-9.100495776787563829e-01
-8.571757538656027409e-01
-3.987306729689454876e-01
-8.678912050179087290e-01
-7.485826214902110420e-01
1.434973084013476119e-01
-4.512429265933905476e-01
-1.000000000000000000e+00
9.548907643289138436e-01
6.188659977760019304e-01
3.098778800533990019e-01
5.085286281917684725e-01
-4.842892687371659344e-01
2.970114507493722411e-01
-8.668036858341737760e-01
-1.944390110407524797e-01
7.580066333016323155e-01
9.359052207883716834e-01
-9.937191892024828110e-01
-4.383763166408923273e-01
2.325590176236750073e-01
1.492891281730559516e-01
-8.857117609218886356e-01
7.861044229709495124e-01
6.695980382603738956e-01
9.815989223801827590e-01
-6.189590033597479612e-01
6.714872424349573876e-01
2.147500746373519898e-01
9.088676921769427430e-01
-8.913903584812497005e-01
-3.102302602472959969e-01
5.467913936662203156e-01
1.845415247026828409e-01
-2.367463364107227908e-01
-1.813180734669101457e-01
-7.145848675941424144e-01
7.592040814355247580e-01
-8.437515779324485932e-01
9.357125379111898011e-01
-9.715281508773598862e-01
-7.827794526100528838e-02
-4.936598347690988597e-01
4.681025765832618202e-01
-1.707750169526174866e-01
-9.853790266734545333e-02
1.136858585303959085e-01
8.796368958160197815e-01
-9.413208524143513722e-01
1.730856365503136429e-01
-9.153966859966308212e-01
-7.004693811286588634e-02
3.250055803814544397e-01
-1.025320149112400464e-01
-9.055831933578160076e-01
1.256339738757400182e-01
-6.912796238347688194e-01
-1.000000000000000000e+00
5.891362093451968374e-01
-5.322199928342498110e-01
-8.320397245043884005e-02
1.813495573108681036e-01
9.176732975344140675e-01
5.624387020786777436e-01
9.877723188595914916e-01
-2.903129567910438524e-01
1.388205749337901862e-01
1.812085252090163134e-01
2.145331432257832904e-01
-9.767736543456458920e-01
-4.019897016638234732e-01
-5.681217518342697170e-01
-3.206397847390120570e-01
8.876253348701640400e-01
