7.047583740924207030e-02
-3.847067225932214729e-01
9.060992831147416382e-01
9.861751198749713065e-01
4.729656431279658513e-01
3.358570262898731840e-01
4.327585557741123745e-01
-5.497525285706541531e-01
2.567126792931840873e-01
4.898637435092428882e-01
-9.339063942880343472e-01
-7.592093999477385058e-01
9.852143233108496823e-01
7.683336637108968414e-01
4.551356732367077829e-01
-7.311026671544339495e-01
-7.875118667400407002e-01
6.218722848593536412e-01
-6.134964962730359295e-01
8.866522710065729562e-01
4.187322717859353061e-01
2.360797795890017536e-01
1.741446264151478296e-01
8.819167392946861694e-01
-5.053611876682289061e-01
1.000000000000000000e+00
7.056989543694054401e-01
-7.592539953345602832e-01
-6.198357869658303876e-02
-4.039371237476687554e-02
-4.448170513969336715e-01
-9.161832088401743457e-01
1.523208562792812970e-01
-6.650257846581717480e-01
9.192519999870655267e-01
-2.221434937145275457e-01
-8.945458204960103910e-01
6.838071652578595616e-01
-2.260579744892304149e-02
7.914782298929851079e-01
-2.732695442745123882e-01
-1.127338626408300182e-01
-7.173102184248942859e-01
-3.228137895517759759e-01
1.000000000000000000e+00
9.699495031405583334e-02
-1.769484757435599576e-01
3.063175924032174868e-01
-9.272518803969078682e-01
9.755476847730260026e-01
-2.226426522325083701e-01
1.869029886937031426e-01
6.814728039086211941e-01
-5.541846931633026552e-01
9.377082152653598568e-01
-9.561835169836128134e-01
-8.439568420543562821e-01
3.206908654899887079e-01
6.315557922278981495e-01
-4.319457753080390705e-01
4.435967529526773506e-02
-2.029241229421367976e-01
-3.947196037091202370e-01
-7.462373075574795234e-01
-2.690119801638352071e-01
-5.066267198675138417e-01
7.650238476888264749e-01
-8.558332769242051885e-01
3.929088790220228167e-01
7.325391959551706966e-01
7.111783324087691538e-01
-3.481430410183313784e-01
-3.998344749762721695e-01
-2.809420478278427669e-01
9.267961806275905046e-01
-5.964234418519963610e-01
8.515454397618401616e-01
-6.210974771057663490e-01
-5.879325454411140628e-01
-8.268604579720179037e-01
5.090424553917041184e-01
9.077364604160915729e-01
-7.328562004866617796e-01
-1.354555890623097836e-01
8.730843233787140001e-01
8.144911539708880044e-01
-4.178525465488864832e-01
9.524054993598028984e-01
9.836222544047973360e-01
-2.222905363648815594e-02
2.426814765201694701e-01
-8.074889513724264889e-01
-1.000000000000000000e+00
-5.095339920159906999e-01
4.193535000154303694e-01
-1.058773295419688371e-01
7.575622211336563439e-01
9.560888694559546153e-01
-6.734538611255518337e-01
-2.050883924544206482e-01
-1.959327154713087771e-01
-6.825582329826163086e-01
-4.038267916795727774e-02
-7.380941825292247627e-02
-5.976098804218805682e-01
1.000000000000000000e+00
-2.112942633097485423e-01
-9.204702365381938201e-01
-4.228376705239161315e-01
-6.884474945900468379e-01
2.639648378526365247e-01
-7.672441848815774179e-01
8.849344282828808250e-01
7.652493058219980715e-02
6.523182761540223806e-01
-8.776911415029582386e-01
2.256119044318404820e-01
1.500956507877485302e-01
-8.266760235687609093e-01
-9.948667765979511968e-01
-8.118702789857897006e-02
-2.518885936889874722e-01
-1.000000000000000000e+00
2.450290219123932023e-01
-9.806576378425071461e-01
8.580719383355038810e-01
-5.163781156658427962e-01
9.897932790610324272e-01
6.538874401041258611e-02
7.390025684761761804e-01
8.625124341248163740e-01
-2.856552697410747951e-02
4.838751827709121267e-01
1.954536424602461853e-01
-3.842572680085578618e-01
4.297367418056997901e-02
8.810511267412332037e-01
3.155504754526542444e-01
-4.704334872707222615e-01
9.994253801453356623e-01
9.806392217599259054e-01
6.227355787484353256e-01
-7.163489699228700047e-01
-6.712254051919944731e-01
4.327753581821023876e-01
-7.219611227291429234e-01
9.958496002705676808e-01
7.348098292145841537e-01
2.038054158058549836e-01
9.091982719150136782e-01
5.231304254323804193e-01
-9.969565344969597565e-01
-6.411663774522153858e-01
-1.933583222592155926e-01
7.208463063356068679e-01
-7.732265082388108945e-01
8.895486293077772277e-01
-1.588891457032077514e-01
-5.431301442526091927e-01
-2.167113941964288470e-01
-7.039186687308575108e-01
3.219366255252213982e-01
5.114764460566980642e-01
-3.697518708321818059e-01
-9.925419418584475739e-01
9.874908153675210354e-01
-4.183212573512520849e-01
-2.206216098748998156e-01
9.143357112441806711e-01
-9.903626333502938417e-01
4.366255496126755231e-01
-8.620407614141200048e-01
-9.097974787575828781e-01
2.836151428710799727e-01
-6.296115825243273623e-01
-9.685820168287596621e-01
-1.729794003799390578e-01
6.945804139463300775e-01
-1.000000000000000000e+00
-1.840846081468825446e-01
-9.842429664980950274e-03
9.622781789544877507e-01
-8.796620092279617831e-01
-5.331317981759032820e-01
8.748999427643128213e-01
-3.228603023997668187e-01
-7.981984455413688728e-01
3.679882592489759352e-01
-3.174105683561663227e-01
-9.575088779594442823e-01
8.127278821336807457e-01
-9.170569382166541272e-01
-8.521385078554946091e-01
-4.228590946131394745e-01
-9.605225093341486220e-01
-7.485826214902110420e-01
1.434973084013476119e-01
-4.645337315238025067e-01
-1.000000000000000000e+00
9.548907643289138436e-01
6.188659977760019304e-01
3.098778800533990019e-01
5.111476582830927207e-01
-4.391382236993650046e-01
2.970114507493722411e-01
-8.668036858341737760e-01
-1.944390110407524797e-01
7.421342702726074769e-01
9.733502621182342773e-01
-9.937191892024828110e-01
-4.874637712894994701e-01
2.325590176236750073e-01
1.339576717316781906e-01
-8.857117609218886356e-01
7.861044229709495124e-01
6.695980382603738956e-01
1.000000000000000000e+00
-6.168952721577841691e-01
6.714872424349573876e-01
2.147500746373519898e-01
8.836602725709343797e-01
-8.913903584812497005e-01
-3.605681164757916779e-01
5.789633282981918594e-01
1.781601039783164142e-01
-2.367463364107227908e-01
-1.813180734669101457e-01
-7.508883107570004656e-01
7.592040814355247580e-01
-8.437515779324485932e-01
9.624365008713893221e-01
-1.000000000000000000e+00
-7.827794526100528838e-02
-4.936598347690988597e-01
4.681025765832618202e-01
-1.962401000071483659e-01
-9.853790266734545333e-02
1.136858585303959085e-01
8.796368958160197815e-01
-9.942229026107565204e-01
1.945989100476995803e-01
-9.596207879474918379e-01
-7.004693811286588634e-02
3.250055803814544397e-01
-1.025320149112400464e-01
-9.055831933578160076e-01
1.256339738757400182e-01
-7.162254711276632158e-01
-1.000000000000000000e+00
5.891362093451968374e-01
-5.466396774610424725e-01
-5.547667370464356984e-02
1.661687129841001309e-01
9.176732975344140675e-01
5.760905173408011892e-01
1.000000000000000000e+00
-2.903129567910438524e-01
1.001697710294388588e-01
1.812085252090163134e-01
1.646946317992624420e-01
-9.735176913601336635e-01
-3.838510441796082473e-01
-5.568176295175117918e-01
-3.206397847390120570e-01
8.708816792294490350e-01
