5.083082786039870571e-02
-3.810856230880624307e-01
9.391603852127905494e-01
9.861751198749713065e-01
4.729656431279658513e-01
3.358570262898731840e-01
4.327585557741123745e-01
-5.334967283579604702e-01
2.567126792931840873e-01
4.831971319496544126e-01
-9.339063942880343472e-01
-7.769050742725909231e-01
9.852143233108496823e-01
8.025143977697745123e-01
4.488254577787844091e-01
-7.356421086152570288e-01
-8.132965830581818656e-01
6.475794480588263902e-01
-6.234794694831887751e-01
8.210565535596675568e-01
4.223608089629933837e-01
2.014829950467058040e-01
1.592292206195212723e-01
8.819167392946861694e-01
-5.053611876682289061e-01
1.000000000000000000e+00
7.056989543694054401e-01
-7.592539953345602832e-01
-9.900097294863310915e-02
-4.039371237476687554e-02
-4.369090790667474744e-01
-9.016688518824688137e-01
1.523208562792812970e-01
-6.650257846581717480e-01
9.306945749320975070e-01
-1.991756163314720440e-01
-8.942185564162234979e-01
6.713336336831113860e-01
-3.558446849871659684e-02
8.838787642026644242e-01
-2.204149361858759315e-01
-8.863212895640561195e-02
-6.701577642897927900e-01
-2.966029055022244565e-01
9.959637091670078268e-01
9.728865878137060719e-02
-1.904954098859868161e-01
3.063175924032174868e-01
-9.272518803969078682e-01
9.393653525242593449e-01
-2.226426522325083701e-01
1.495074043243379003e-01
7.069909322908287663e-01
-5.165399670078094641e-01
9.377082152653598568e-01
-9.561835169836128134e-01
-8.439568420543562821e-01
3.490559647143238187e-01
6.315557922278981495e-01
-4.139904793883992795e-01
6.529237665469693475e-03
-1.831201125818255337e-01
-3.677625027007812575e-01
-7.462373075574795234e-01
-2.690119801638352071e-01
-5.072010133182854874e-01
7.650238476888264749e-01
-8.558332769242051885e-01
4.335651004993739677e-01
7.459941008104074012e-01
7.111783324087691538e-01
-3.306563875773785854e-01
-3.697235640619101482e-01
-2.809420478278427669e-01
9.531371124043422904e-01
-6.168876247623183984e-01
8.712972160812895162e-01
-6.210974771057663490e-01
-6.105903682180433556e-01
-8.545024977471527006e-01
5.044395925459902452e-01
9.292435713308194734e-01
-7.389152420501513552e-01
-1.354555890623097836e-01
8.331573009562578402e-01
8.144911539708880044e-01
-4.178525465488864832e-01
9.583106271667320986e-01
9.836222544047973360e-01
-6.459268707683475663e-02
2.348673569786648430e-01
-8.074889513724264889e-01
-9.168870359718531704e-01
-5.095339920159906999e-01
4.153800039561392210e-01
-8.130617034145701250e-02
7.726796620085187861e-01
9.560888694559546153e-01
-6.734538611255518337e-01
-2.483402285731772519e-01
-1.959327154713087771e-01
-6.825582329826163086e-01
-4.038267916795727774e-02
-3.374861507384355197e-02
-5.976098804218805682e-01
1.000000000000000000e+00
-2.200164413084176873e-01
-9.204702365381938201e-01
-4.228376705239161315e-01
-6.975910203105106788e-01
2.639648378526365247e-01
-8.210587224890744107e-01
8.849344282828808250e-01
1.279703865520940009e-01
6.385172644455735513e-01
-8.776911415029582386e-01
2.711711766001903556e-01
1.500956507877485302e-01
-8.595084785071397393e-01
-9.948667765979511968e-01
-8.118702789857897006e-02
-2.461666771200544390e-01
-1.000000000000000000e+00
2.683373725641174934e-01
-9.845290235777732768e-01
8.466195947301323743e-01
-6.060048828383933772e-01
9.880938033616598615e-01
6.657328281264392189e-02
7.353544004230482267e-01
8.786209899061674378e-01
-3.712516208344111834e-02
4.838751827709121267e-01
1.605292085082685727e-01
-3.842572680085578618e-01
1.679246218377098906e-02
9.006264255017095710e-01
3.034949388419012628e-01
-4.704334872707222615e-01
1.000000000000000000e+00
1.000000000000000000e+00
6.227355787484353256e-01
-7.300341960183009959e-01
-6.661870475793286728e-01
4.329723865004133088e-01
-7.095013032581117818e-01
9.945881718274681704e-01
7.348098292145841537e-01
2.038054158058549836e-01
9.238312198263401998e-01
5.231304254323804193e-01
-1.000000000000000000e+00
-6.538620960306872343e-01
-1.933583222592155926e-01
7.208463063356068679e-01
-7.729915812919824214e-01
8.554426374569437108e-01
-1.583410982415581758e-01
-5.924545663062391609e-01
-1.721918809691479757e-01
-7.039186687308575108e-01
3.290777862172503121e-01
5.179590929277697597e-01
-3.697518708321818059e-01
-1.000000000000000000e+00
9.874908153675210354e-01
-4.063174558619396803e-01
-2.338601635895647679e-01
9.143357112441806711e-01
-9.123355790968228352e-01
3.791853974729221255e-01
-9.123090593838900642e-01
-9.416644405659688744e-01
2.397812143183104538e-01
-6.296115825243273623e-01
-9.375472222856561233e-01
-1.924116104030234586e-01
6.945804139463300775e-01
-1.000000000000000000e+00
-1.393529514269336300e-01
-5.845974934056728106e-02
9.622781789544877507e-01
-8.665489582773679977e-01
-5.385763517323339800e-01
8.748999427643128213e-01
-2.656673076599928018e-01
-7.981984455413688728e-01
3.679882592489759352e-01
-3.182240743843270936e-01
-9.530051552256912917e-01
8.127278821336807457e-01
-9.311145902192737855e-01
-8.488720391227341233e-01
-4.036528842045997711e-01
-9.763102384006757672e-01
-7.485826214902110420e-01
8.004115412576177924e-02
-4.373958953909151126e-01
-1.000000000000000000e+00
9.729307953784948060e-01
6.330486918365604287e-01
3.407181282610574069e-01
4.880349224561194577e-01
-4.591849486892685683e-01
2.970114507493722411e-01
-8.709603026303217588e-01
-1.635558233975042131e-01
8.187813314871512649e-01
9.733502621182342773e-01
-9.428539693862248994e-01
-5.021222789551992305e-01
2.325590176236750073e-01
1.339576717316781906e-01
-9.111516182145372733e-01
7.861044229709495124e-01
6.695980382603738956e-01
1.000000000000000000e+00
-6.118914596788295190e-01
7.071787898874611900e-01
2.570972236724641813e-01
8.834520755394629221e-01
-8.913903584812497005e-01
-3.624288382548573328e-01
5.789633282981918594e-01
2.172328854974374668e-01
-2.367463364107227908e-01
-2.040757874837386132e-01
-7.702794173371975139e-01
7.809456271447424713e-01
-8.437515779324485932e-01
9.144523151503218816e-01
-1.000000000000000000e+00
-6.380103107670308249e-02
-4.797608751654910964e-01
4.714111445854177740e-01
-1.943876496542410459e-01
-1.168014406294397012e-01
1.148271672400572457e-01
8.796368958160197815e-01
-9.942229026107565204e-01
2.638020921805923069e-01
-9.739720002975486013e-01
-7.622551330141545678e-02
3.391499456690778569e-01
-1.025320149112400464e-01
-8.623315205939882100e-01
1.093207709760789514e-01
-7.162254711276632158e-01
-9.452887424177356390e-01
5.662214714340538801e-01
-5.448690992163296443e-01
-3.283897927230754188e-02
1.722256404873501456e-01
9.322926507715431077e-01
5.660130226869403147e-01
1.000000000000000000e+00
-2.324580120605706790e-01
9.663751645100883414e-02
1.812085252090163134e-01
1.646946317992624420e-01
-9.932914302639271886e-01
-3.882641587174938125e-01
-5.568176295175117918e-01
-3.206397847390120570e-01
8.515189122213664419e-01
