-1.105133482530418210e-01
1.727217234043114669e-01
4.825803228020439928e-01
-2.426911986093269746e-01
6.709928382013168324e-01
-2.592551759496224406e-01
7.366985576570022065e-01
-7.447300277590411799e-01
-1.909684403953537668e-02
-3.360080376478893349e-01
7.686800020797244226e-01
5.328997795976315732e-01
-9.132488864940220274e-01
8.125015103060810873e-01
2.156499991578819664e-01
2.941351296754286526e-01
8.593172814827143569e-01
-7.042417842181460941e-01
5.738681097716604729e-01
-3.645957062662539272e-01
3.974613693458186603e-01
7.786676890041031029e-01
8.531283201585062592e-01
7.103959315335295344e-01
2.682339722087494494e-01
4.836380354065359377e-01
5.044250948061075324e-01
-3.064644189715459710e-02
9.667093883257669162e-01
-4.382469915866709087e-01
6.367315418483903144e-01
7.507140112202237425e-02
5.539894140194396854e-01
3.406543457583159906e-01
3.621882803327991507e-01
-3.471124065583872653e-01
9.997465433913019783e-01
-8.151746066159142323e-01
-8.040029759791231800e-01
-1.040014194765723765e-01
-4.099277259125782003e-01
8.464441871345982360e-01
3.750230917911485662e-01
-5.021260063406196572e-01
9.201716816875977756e-01
-2.035801874422704660e-01
-6.428163620841247372e-01
-3.868751000682517649e-01
-4.299643250095133151e-01
7.523942927341547016e-01
4.048312041670472095e-01
2.223199853126698322e-01
-8.106446994613552004e-01
-2.966945209019820062e-01
-6.334818083760602736e-01
-3.427511817208799272e-01
6.114750789373726292e-01
2.511820073065575976e-01
-9.449191488847172860e-01
7.128842717892882597e-01
-8.077547131369104960e-01
-1.692348682780600022e-01
7.826636986989221612e-01
5.834237914637516731e-01
-2.954093858623179081e-01
9.293896460189225994e-01
1.730191887818359753e-01
4.746247245871604292e-02
5.603446392978848056e-01
9.479714061226669486e-01
5.202335558265132054e-01
-5.623736844243416577e-01
-4.136002765785939950e-01
-2.591160216153653995e-01
-5.444199736104784471e-01
-7.660580116007285056e-01
5.764645554605265509e-01
-1.432384777187680758e-01
3.761998434444129291e-01
6.897827917633077011e-01
5.071037602406909262e-01
-6.691041232353691637e-01
6.888186765106716347e-01
-8.597219234276232136e-02
6.319625888277891068e-01
1.911831847517755367e-01
-6.922184430120916776e-01
7.443329310231581175e-01
-1.598058225077469974e-01
6.067009320185914323e-01
5.129429012778252694e-01
9.903265063545823033e-01
2.055818544502641121e-01
1.219476397627439201e-01
9.260086834223308916e-01
3.318426364297153430e-01
-4.367539423269437560e-01
3.020839156886800936e-02
-4.012646729415432212e-01
4.479920527186180834e-01
9.641510324263995457e-01
5.136379175360146210e-01
-5.125048653497439322e-01
-9.327172186420715772e-01
-6.342084450388894012e-01
-5.846210324424618854e-01
8.859336700642108653e-01
-3.987051751385757292e-01
8.495141798689300749e-01
1.646223363562135944e-01
-7.963506793580805709e-01
6.112686561177984590e-01
-7.678718077638526651e-01
7.226027256884690608e-01
9.192068029653106542e-01
-7.192580619256396801e-01
-6.173859657818709934e-01
-7.560097455278749212e-01
-2.259083367022691746e-01
4.948117512126626316e-02
-8.255268455915465431e-01
-7.432946338777557393e-01
-2.855736673632147671e-01
-7.013136822318817298e-01
5.802075667714119422e-01
-9.306329756475226755e-01
6.575252429814291144e-01
-7.794657050428934753e-01
7.245742348387362863e-01
-6.203005838204744826e-02
3.014442051875545481e-01
6.076995704313798985e-01
-4.799835354483443783e-01
5.847761295967712769e-01
-6.230402228951086308e-01
5.919461136947508084e-01
-1.162309639902647795e-01
-4.949463330046659504e-01
-1.910419230145226077e-01
7.843619636294163477e-01
2.826555270149038179e-01
8.864794641184503554e-01
4.474345831203094814e-01
-6.279569451692676996e-01
3.841306362838312616e-01
3.391838573444807547e-01
-2.362012255781920089e-02
7.549257670123694641e-01
3.150009764985581828e-01
-7.449955583539202841e-01
9.061860660620468799e-02
-5.106474213453617850e-01
-3.896987243331206940e-01
-5.784974449312367817e-01
-8.071307133700167391e-01
6.432685648850959836e-01
4.601393896448331411e-01
8.289217159067721052e-01
-4.826049990608241025e-01
9.384263452151597740e-02
3.829642075778114663e-01
-3.020011595352611877e-02
5.059144471100449625e-01
6.672084719967068533e-01
7.710914268507711444e-01
1.304070927680121006e-01
3.288651198764467321e-01
1.271372697113999362e-01
4.814135207927323634e-01
7.798816636515988332e-01
7.661947167099114608e-01
6.845906452276888654e-01
-5.717556299072985571e-01
-5.648264302405348047e-02
-3.897456432786987612e-01
8.921704909224970059e-01
3.891402439534854540e-01
-8.059633671514869757e-01
7.591308013610902350e-01
-6.329217563536382318e-01
6.264609103490144104e-01
-4.599514292144732952e-01
6.599041437571484536e-01
6.450466589203329715e-01
4.112370357801620191e-01
-8.814578703869746512e-01
4.504019536190484452e-01
8.307687945430013432e-01
9.023702933858803732e-01
8.684160560877223212e-01
1.866453405801455911e-01
7.028546651593940986e-01
2.258965105597803280e-01
8.349724659964596896e-02
1.742384812917787684e-01
7.241840684916822646e-01
-6.093618946260703773e-01
6.833856361050716366e-02
9.328161254467588481e-01
3.080751500100773477e-01
-2.465242364519104612e-02
8.204413485674399986e-01
-6.105706741561267581e-01
-8.341080230613044932e-01
-7.373570317544055897e-01
7.459217157238369200e-01
-4.943078471307824628e-01
7.220120365625040115e-01
-4.797893852968198036e-01
-4.582338131146526106e-01
-6.283157344794225718e-01
9.159353504836009741e-01
8.338458264983967805e-01
-3.303180743152360765e-01
2.508839536219278354e-01
-5.378811664849292296e-01
2.264470039306487603e-01
-4.234906988871758315e-01
1.613019981390542146e-01
8.057483840134593844e-01
1.992765715856619213e-01
5.478306326738797694e-01
4.346050593926529260e-01
7.765870918986788052e-01
6.953324935804456874e-01
3.603286218198946678e-01
-3.393047107852271704e-01
4.844313332674852202e-01
-7.820116071106715250e-01
3.872705814094936638e-01
-2.842640729823158185e-01
9.255736943064365452e-01
-9.355230690655100823e-01
3.467570699878630425e-01
-1.532206968114864232e-01
-5.597337853083215187e-01
-9.399677419277745472e-01
8.052792793064538213e-01
7.258175359986474007e-02
1.782139483457205742e-01
-9.245801014347394542e-01
-8.955447251027872646e-01
8.121725558202994577e-01
2.028617076780645512e-01
1.773917040871617612e-01
7.655988259134489660e-01
-5.732436959594544579e-01
7.579683415518863043e-01
7.722314858575332064e-01
1.051999511674468479e-01
-6.353697049173447908e-01
3.340219353468294461e-01
-6.178186685874573758e-01
5.707020261020934182e-01
-3.293055966651532440e-01
5.545034654553162579e-01
4.972879088902459888e-01
1.970192244002868520e-01
-5.479148076966715575e-01
7.013029397973042922e-01
-5.850455267203913401e-01
-4.804858281278912013e-01
1.501371172694299094e-01
-5.667147312589848607e-01
9.949717300022129507e-01
