1.491977192444023798e-02
-3.943955340081270466e-01
8.963593087522790936e-01
9.753312599725835197e-01
5.065663784536992287e-01
4.152313134228495795e-01
4.027240235241156818e-01
-5.538879311109238257e-01
2.549810435995897295e-01
4.214679739074509435e-01
-8.720446409600480786e-01
-8.581256909788924636e-01
1.000000000000000000e+00
9.128907454593679915e-01
3.981887607991538847e-01
-8.069338634597500448e-01
-8.123605963246562922e-01
7.318347805557562369e-01
-5.747677554773498176e-01
8.363295350292669905e-01
3.716404984381791454e-01
1.323495984568087147e-01
2.103942978357982441e-01
8.898211511846980670e-01
-4.370406283624356791e-01
1.000000000000000000e+00
6.749894136615074425e-01
-6.755581621830079042e-01
-7.441078368836348544e-02
7.709283492883650668e-02
-3.716945474791880644e-01
-9.326740009619546301e-01
2.316738040166930468e-01
-6.566189322622084656e-01
9.069937949892631357e-01
-1.382300863020488046e-01
-8.986356841527799455e-01
6.161850224419274102e-01
-7.358498045561420731e-02
9.121512361565028426e-01
-1.445003446467771346e-01
-9.189103174409257724e-02
-6.454412719231708007e-01
-2.256926029746902373e-01
9.820593476313389525e-01
1.996411287357637843e-01
-1.471435779539858602e-01
3.075441145297805878e-01
-8.839023016978727609e-01
9.304567940177308483e-01
-1.653869653591980571e-01
1.706052421494125837e-01
6.628862942446631656e-01
-5.342758390833195481e-01
8.987526443196147685e-01
-9.916969972987542681e-01
-8.692799321907708210e-01
3.080476609045156855e-01
7.184521340619399732e-01
-2.783651238339972522e-01
-2.033499393693028595e-02
-1.420606632945399794e-01
-2.868132871413033858e-01
-7.806813687103288935e-01
-3.294290335036599848e-01
-5.697643698884280461e-01
7.005529822834336562e-01
-8.244584545049647994e-01
4.249118786726752695e-01
7.818079925344117997e-01
7.371603595754314675e-01
-5.275089553951722854e-01
-5.504796744926042651e-01
-4.169294966180168149e-01
9.568472339097839896e-01
-6.787738964054885749e-01
8.303758676022451324e-01
-5.390394446522016603e-01
-4.346479019063544391e-01
-8.852363382788261958e-01
6.046310620145783910e-01
9.866601767254729038e-01
-7.045658398554348611e-01
-1.006140225336950855e-01
8.349204356370483193e-01
8.345461215110836495e-01
-4.007505089460440817e-01
9.786499418619362123e-01
9.648283682169657149e-01
-8.021897955717005591e-02
2.589924861726900507e-01
-8.000458086564620208e-01
-9.210970899727207728e-01
-5.013350147721040706e-01
4.054804849943326461e-01
-2.807552837583736638e-01
7.835097038489430288e-01
9.556675401245254831e-01
-6.832713382972022131e-01
-2.921367639253124038e-01
-1.795737263214985946e-01
-6.043590515220549353e-01
-5.174474847450821757e-02
-2.795450530633930217e-02
-6.330141369454080902e-01
1.000000000000000000e+00
-3.111215848398060646e-01
-1.000000000000000000e+00
-4.478613102967847759e-01
-5.729202326340233631e-01
2.885005335245264257e-01
-9.104288156421435074e-01
7.987562598947837156e-01
1.280201680512839668e-01
5.754849099046263072e-01
-7.541553122220012728e-01
2.509371421958755954e-01
1.229774338856632065e-01
-8.856776599437334863e-01
-8.850009334708940356e-01
-1.125712448334518084e-01
-2.107568222143665349e-01
-1.000000000000000000e+00
1.924487364203036344e-01
-1.000000000000000000e+00
1.000000000000000000e+00
-6.155817612443215125e-01
9.666433445772628641e-01
1.201298533771025523e-01
6.722035626072626613e-01
9.591494705999066284e-01
-1.083603599467080209e-01
3.906052383573118680e-01
1.664866156513585826e-01
-3.680974677739111134e-01
6.942503823054825551e-02
9.710050044373006450e-01
2.946579705085805023e-01
-4.508859051702613918e-01
9.940445801696702333e-01
9.773528202816370580e-01
5.049060330209892422e-01
-6.161183607989649813e-01
-5.094213050183243885e-01
4.358429148290923760e-01
-7.139448309994437247e-01
8.879133742952861619e-01
7.876857138507945555e-01
2.794468423106051258e-01
9.146829907838234242e-01
4.230221769963422029e-01
-9.248657327920454252e-01
-7.246684491491631741e-01
-1.521315504602194224e-01
7.358277542592984721e-01
-7.780788441254671284e-01
7.821633111789243475e-01
-2.236350337325487270e-01
-6.065315375166128176e-01
-1.935686391367331949e-01
-5.514134745345470323e-01
1.458444110014944783e-01
5.460977032580963675e-01
-3.692618612602400763e-01
-9.502905981167356630e-01
9.805224911725791692e-01
-3.951101052549627068e-01
-2.536281880376478615e-01
8.858410467455937187e-01
-9.371019510342988301e-01
4.200800804684600709e-01
-8.736462260091699683e-01
-9.130663865169847959e-01
2.997623344347500884e-01
-6.200262901874115107e-01
-8.416414148225244141e-01
-1.813901037160777774e-01
6.953117750162932653e-01
-9.276138380181179199e-01
-8.248881089768805852e-02
-1.898490063418244514e-02
9.787825534397224247e-01
-8.564841315555581369e-01
-5.524146284358596448e-01
9.260673792303700802e-01
-2.100976446780004336e-01
-8.893612664064185491e-01
3.751519945380118459e-01
-3.916593224096878711e-01
-9.922062612084027178e-01
8.469503115631505930e-01
-9.189581415073433401e-01
-9.875719907451144808e-01
-4.039056327193381590e-01
-9.780456430653229338e-01
-8.176091851815197042e-01
9.406034991618353325e-02
-4.473186438754964134e-01
-9.608571892858585040e-01
9.857728916288056586e-01
4.767611872143450169e-01
4.046238471469980613e-01
5.135797806423705314e-01
-5.330778014466490689e-01
2.834682248898932611e-01
-8.291673023307468693e-01
-2.260787389906823430e-01
7.814651455030887650e-01
7.429097866221895385e-01
-9.517622409430680497e-01
-5.999790064400830625e-01
2.220091304807234045e-01
2.637602309994060285e-02
-9.383865198050659329e-01
7.828242291475708825e-01
6.540296768702765773e-01
9.852848526068819224e-01
-5.837858301224045920e-01
7.580097773834546526e-01
3.112658451974532614e-01
9.521270218561691534e-01
-8.957129669625945034e-01
-3.762038142164331189e-01
6.076163093017367123e-01
2.458993866548488949e-01
-2.596402061681457596e-01
-2.046283808274144966e-01
-8.203341557468875056e-01
7.932550288992797904e-01
-7.969743261714473670e-01
9.315301346376962943e-01
-9.885687572080330554e-01
-2.070220306961654405e-02
-3.765817061572936941e-01
4.819153171573906103e-01
-1.101485147244657403e-01
-2.554045162347314685e-02
1.939651673982091262e-01
1.000000000000000000e+00
-9.886350626234600147e-01
2.790624470243808775e-01
-9.492474622470735701e-01
1.822330928479908019e-02
2.250875502405947359e-01
-1.819616997471276004e-02
-8.461951700225538442e-01
1.218256303405100827e-01
-7.545417685958569765e-01
-9.511615325638065332e-01
5.373459104124299612e-01
-4.304160590630986549e-01
-1.147800235399244889e-01
2.027005052448731803e-01
8.849284246260029629e-01
4.150126909733109493e-01
9.558012925854424413e-01
-2.367277642483250066e-01
1.078641603805048504e-01
2.175557403681145641e-01
4.305732771551431387e-02
-9.520918129711304356e-01
-3.046348111990165308e-01
-4.317965097297737365e-01
-2.371329530555963405e-01
8.335043782101753118e-01
