5.008876623981182996e-02
-3.847067225932214729e-01
9.060992831147416382e-01
9.861751198749713065e-01
4.729656431279658513e-01
3.358570262898731840e-01
4.327585557741123745e-01
-5.497525285706541531e-01
2.567126792931840873e-01
4.831971319496544126e-01
-9.339063942880343472e-01
-7.592093999477385058e-01
9.852143233108496823e-01
7.660511400479286248e-01
4.551356732367077829e-01
-7.289105120793297754e-01
-7.875118667400407002e-01
6.218722848593536412e-01
-6.157991390214588856e-01
8.332307085820348513e-01
4.278991969180746535e-01
2.170715804662356474e-01
1.592292206195212723e-01
8.819167392946861694e-01
-5.053611876682289061e-01
1.000000000000000000e+00
7.056989543694054401e-01
-7.592539953345602832e-01
-9.900097294863310915e-02
-4.039371237476687554e-02
-4.281468832345713960e-01
-9.126361430057805535e-01
1.523208562792812970e-01
-6.650257846581717480e-01
9.192519999870655267e-01
-2.011560723040782261e-01
-8.942185564162234979e-01
6.713336336831113860e-01
-3.558446849871659684e-02
8.154215535204467624e-01
-2.452361464846640193e-01
-1.119639392199965611e-01
-7.173102184248942859e-01
-2.745325718170266160e-01
1.000000000000000000e+00
9.699495031405583334e-02
-1.904954098859868161e-01
3.063175924032174868e-01
-9.272518803969078682e-01
9.755476847730260026e-01
-2.226426522325083701e-01
1.869029886937031426e-01
6.814728039086211941e-01
-5.204020629973336032e-01
9.377082152653598568e-01
-9.561835169836128134e-01
-8.439568420543562821e-01
3.206908654899887079e-01
6.315557922278981495e-01
-4.240934448465460971e-01
-1.407597236254547191e-03
-1.831201125818255337e-01
-3.947196037091202370e-01
-7.462373075574795234e-01
-2.690119801638352071e-01
-5.072010133182854874e-01
7.650238476888264749e-01
-8.558332769242051885e-01
3.929088790220228167e-01
7.325391959551706966e-01
7.111783324087691538e-01
-3.306563875773785854e-01
-3.697235640619101482e-01
-2.809420478278427669e-01
9.267961806275905046e-01
-5.964234418519963610e-01
8.712972160812895162e-01
-6.210974771057663490e-01
-6.105903682180433556e-01
-8.545024977471527006e-01
4.980131690761424590e-01
9.292435713308194734e-01
-7.389152420501513552e-01
-1.354555890623097836e-01
8.730843233787140001e-01
8.144911539708880044e-01
-4.178525465488864832e-01
9.570450545575333035e-01
9.836222544047973360e-01
-4.689212864585533269e-02
2.456516706377389614e-01
-8.074889513724264889e-01
-9.783829849265454071e-01
-5.095339920159906999e-01
4.193535000154303694e-01
-1.058773295419688371e-01
7.575622211336563439e-01
9.560888694559546153e-01
-6.734538611255518337e-01
-2.050883924544206482e-01
-1.959327154713087771e-01
-6.825582329826163086e-01
-4.038267916795727774e-02
-7.380941825292247627e-02
-5.976098804218805682e-01
1.000000000000000000e+00
-2.112942633097485423e-01
-9.204702365381938201e-01
-4.228376705239161315e-01
-6.884474945900468379e-01
2.639648378526365247e-01
-7.900889569610218821e-01
8.849344282828808250e-01
1.279703865520940009e-01
6.523182761540223806e-01
-8.776911415029582386e-01
2.256119044318404820e-01
1.500956507877485302e-01
-8.266760235687609093e-01
-9.948667765979511968e-01
-8.118702789857897006e-02
-2.518885936889874722e-01
-1.000000000000000000e+00
2.764662706928255331e-01
-9.806576378425071461e-01
8.580719383355038810e-01
-5.549180370941835250e-01
9.880938033616598615e-01
6.657328281264392189e-02
7.353544004230482267e-01
8.786209899061674378e-01
-3.712516208344111834e-02
4.838751827709121267e-01
1.954536424602461853e-01
-3.842572680085578618e-01
4.297367418056997901e-02
8.808422129904185383e-01
3.034949388419012628e-01
-4.704334872707222615e-01
9.994253801453356623e-01
1.000000000000000000e+00
6.227355787484353256e-01
-7.163489699228700047e-01
-6.661870475793286728e-01
4.327753581821023876e-01
-7.219611227291429234e-01
9.958496002705676808e-01
7.348098292145841537e-01
2.038054158058549836e-01
9.238312198263401998e-01
5.231304254323804193e-01
-9.969565344969597565e-01
-6.411663774522153858e-01
-1.933583222592155926e-01
7.208463063356068679e-01
-7.732265082388108945e-01
8.721983739061613949e-01
-1.588891457032077514e-01
-5.680344388024383129e-01
-2.167113941964288470e-01
-7.039186687308575108e-01
3.052207803644715334e-01
5.114764460566980642e-01
-3.697518708321818059e-01
-1.000000000000000000e+00
9.874908153675210354e-01
-4.183212573512520849e-01
-2.338601635895647679e-01
9.143357112441806711e-01
-9.123355790968228352e-01
4.366255496126755231e-01
-9.123090593838900642e-01
-9.416644405659688744e-01
3.288714635184499802e-01
-6.296115825243273623e-01
-9.375472222856561233e-01
-1.729794003799390578e-01
6.945804139463300775e-01
-1.000000000000000000e+00
-1.840846081468825446e-01
-5.845974934056728106e-02
9.622781789544877507e-01
-8.665489582773679977e-01
-5.385763517323339800e-01
8.748999427643128213e-01
-3.039827132064530923e-01
-7.981984455413688728e-01
3.679882592489759352e-01
-3.174105683561663227e-01
-9.629289255349542387e-01
8.127278821336807457e-01
-9.311145902192737855e-01
-8.488720391227341233e-01
-4.194033929571706620e-01
-9.605225093341486220e-01
-7.485826214902110420e-01
1.434973084013476119e-01
-4.645337315238025067e-01
-1.000000000000000000e+00
9.729307953784948060e-01
6.188659977760019304e-01
3.098778800533990019e-01
5.193522945754778242e-01
-4.607808244291053956e-01
2.970114507493722411e-01
-8.668036858341737760e-01
-2.155049926664642512e-01
7.609024925939678052e-01
9.733502621182342773e-01
-9.937191892024828110e-01
-4.703533587050359177e-01
2.325590176236750073e-01
1.339576717316781906e-01
-9.058217009240165929e-01
7.861044229709495124e-01
6.695980382603738956e-01
1.000000000000000000e+00
-6.118914596788295190e-01
6.714872424349573876e-01
2.400076878844206452e-01
8.796320462481282965e-01
-8.913903584812497005e-01
-3.624288382548573328e-01
5.789633282981918594e-01
1.781601039783164142e-01
-2.367463364107227908e-01
-1.713442400219958306e-01
-7.508883107570004656e-01
7.592040814355247580e-01
-8.437515779324485932e-01
9.144523151503218816e-01
-1.000000000000000000e+00
-6.380103107670308249e-02
-4.813223120301358127e-01
4.681025765832618202e-01
-2.050114462159765005e-01
-9.853790266734545333e-02
1.293866508562143691e-01
8.796368958160197815e-01
-9.942229026107565204e-01
2.638020921805923069e-01
-9.596207879474918379e-01
-7.004693811286588634e-02
3.250055803814544397e-01
-1.025320149112400464e-01
-9.055831933578160076e-01
1.256339738757400182e-01
-7.162254711276632158e-01
-1.000000000000000000e+00
5.891362093451968374e-01
-5.448690992163296443e-01
-5.547667370464356984e-02
1.661687129841001309e-01
9.176732975344140675e-01
5.760905173408011892e-01
1.000000000000000000e+00
-2.846266124360239957e-01
1.001697710294388588e-01
1.812085252090163134e-01
1.646946317992624420e-01
-9.932914302639271886e-01
-3.882641587174938125e-01
-5.568176295175117918e-01
-3.206397847390120570e-01
8.313979895990871727e-01
