1.491977192444023798e-02
-3.925653889756524628e-01
8.963593087522790936e-01
9.779827184624214631e-01
5.141177816205543261e-01
4.152313134228495795e-01
3.450218133213207583e-01
-5.538879311109238257e-01
2.549810435995897295e-01
4.214679739074509435e-01
-8.720446409600480786e-01
-8.581256909788924636e-01
9.984720768456285533e-01
9.128907454593679915e-01
3.844264223527707469e-01
-7.464456729634195709e-01
-8.123605963246562922e-01
7.318347805557562369e-01
-6.005032348677218357e-01
8.234932241005401554e-01
3.716404984381791454e-01
1.323495984568087147e-01
2.103942978357982441e-01
8.864028940262953515e-01
-4.370406283624356791e-01
1.000000000000000000e+00
6.749894136615074425e-01
-6.878398324960146581e-01
-7.349077283100236002e-02
7.709283492883650668e-02
-3.716945474791880644e-01
-8.975804105206917072e-01
2.484358864724383054e-01
-6.685330998108139910e-01
9.069937949892631357e-01
-1.054114428381103807e-01
-8.986356841527799455e-01
6.161850224419274102e-01
-7.358498045561420731e-02
9.121512361565028426e-01
-1.445003446467771346e-01
-9.189103174409257724e-02
-6.454412719231708007e-01
-2.716978021527466369e-01
9.820593476313389525e-01
1.982879469498682878e-01
-1.471435779539858602e-01
3.075441145297805878e-01
-9.129139147642566510e-01
9.304567940177308483e-01
-1.611969307207504754e-01
1.706052421494125837e-01
6.628862942446631656e-01
-5.342758390833195481e-01
9.149228938286573243e-01
-9.916969972987542681e-01
-8.692799321907708210e-01
3.080476609045156855e-01
7.184521340619399732e-01
-2.783651238339972522e-01
-2.033499393693028595e-02
-1.473173778501632725e-01
-2.868132871413033858e-01
-7.788452537650062402e-01
-3.294290335036599848e-01
-5.697643698884280461e-01
7.005529822834336562e-01
-8.244584545049647994e-01
4.249118786726752695e-01
7.818079925344117997e-01
7.371603595754314675e-01
-4.934738301510852576e-01
-5.408356372363389841e-01
-4.169294966180168149e-01
9.562343007712090781e-01
-6.787738964054885749e-01
8.303758676022451324e-01
-5.390394446522016603e-01
-4.322327552889298485e-01
-8.951312364082268935e-01
6.046310620145783910e-01
9.866601767254729038e-01
-7.045658398554348611e-01
-1.006140225336950855e-01
8.263252575962827251e-01
8.349786408223414114e-01
-3.871597140769600376e-01
9.786499418619362123e-01
9.648283682169657149e-01
-8.372498467994161919e-02
2.589924861726900507e-01
-8.000458086564620208e-01
-9.264428668901520947e-01
-4.952900512113757592e-01
4.040881269633156414e-01
-2.807552837583736638e-01
7.865629825492617133e-01
9.556675401245254831e-01
-6.832713382972022131e-01
-2.921367639253124038e-01
-1.795737263214985946e-01
-6.043590515220549353e-01
-5.174474847450821757e-02
-2.795450530633930217e-02
-6.330141369454080902e-01
9.973884859377617484e-01
-3.111215848398060646e-01
-1.000000000000000000e+00
-4.478613102967847759e-01
-5.729202326340233631e-01
2.885005335245264257e-01
-9.104288156421435074e-01
7.987562598947837156e-01
1.280201680512839668e-01
6.287119547064068392e-01
-7.541553122220012728e-01
2.509371421958755954e-01
1.229774338856632065e-01
-9.344459670692515374e-01
-8.850009334708940356e-01
-1.209777845188644008e-01
-2.107568222143665349e-01
-9.993904879338169067e-01
1.973410757151085881e-01
-1.000000000000000000e+00
1.000000000000000000e+00
-6.342070226597625870e-01
9.882062298916542975e-01
1.201298533771025523e-01
6.722035626072626613e-01
9.591494705999066284e-01
-1.083603599467080209e-01
3.906052383573118680e-01
1.664866156513585826e-01
-3.990233457621717439e-01
7.721066097240118775e-02
9.710050044373006450e-01
2.946579705085805023e-01
-4.053270460269109421e-01
9.940445801696702333e-01
9.773528202816370580e-01
5.049060330209892422e-01
-6.161183607989649813e-01
-5.094213050183243885e-01
4.358429148290923760e-01
-7.139448309994437247e-01
8.840039965781513187e-01
7.876857138507945555e-01
2.760979377362325349e-01
9.136347419025854233e-01
4.405787513444061609e-01
-9.248657327920454252e-01
-7.346910856810181523e-01
-1.521315504602194224e-01
7.358277542592984721e-01
-7.780788441254671284e-01
7.821633111789243475e-01
-2.296906196204428485e-01
-6.065315375166128176e-01
-1.935686391367331949e-01
-5.514134745345470323e-01
1.458444110014944783e-01
5.460977032580963675e-01
-3.661916091939935169e-01
-9.402318004710744637e-01
9.805224911725791692e-01
-3.896320523618113096e-01
-2.536281880376478615e-01
8.858410467455937187e-01
-9.431399672252238631e-01
4.200800804684600709e-01
-8.803656321937606277e-01
-9.130663865169847959e-01
2.997623344347500884e-01
-6.375827357526551165e-01
-9.144462430756369331e-01
-1.813901037160777774e-01
6.943760161626220118e-01
-9.276138380181179199e-01
-5.868743875199239346e-02
2.627756757329078804e-02
9.787825534397224247e-01
-8.877387443810323964e-01
-5.524146284358596448e-01
9.260673792303700802e-01
-2.100976446780004336e-01
-8.893612664064185491e-01
3.751519945380118459e-01
-3.347946201698882573e-01
-1.000000000000000000e+00
8.469503115631505930e-01
-9.189581415073433401e-01
-9.875719907451144808e-01
-3.628863850860256646e-01
-9.897412945110927174e-01
-8.176091851815197042e-01
9.406034991618353325e-02
-4.473186438754964134e-01
-9.608571892858585040e-01
9.788531126513118075e-01
4.794815102325706846e-01
4.018542291235884245e-01
5.135797806423705314e-01
-5.299464090973666774e-01
2.820613915523096371e-01
-8.291673023307468693e-01
-2.369273348039572513e-01
7.814651455030887650e-01
7.442604744550105345e-01
-9.551405108111660214e-01
-6.013707285876845887e-01
2.220091304807234045e-01
2.637602309994060285e-02
-9.383865198050659329e-01
7.828242291475708825e-01
6.540296768702765773e-01
9.852848526068819224e-01
-5.837858301224045920e-01
7.580097773834546526e-01
3.112658451974532614e-01
9.521270218561691534e-01
-8.957129669625945034e-01
-3.733498960196682814e-01
6.076163093017367123e-01
2.458993866548488949e-01
-2.596402061681457596e-01
-2.046283808274144966e-01
-8.203341557468875056e-01
7.932550288992797904e-01
-8.387450828513320911e-01
9.354527822275090498e-01
-9.894487286478248489e-01
-2.070220306961654405e-02
-4.051918605008876795e-01
5.504520265777445021e-01
-1.699281673299327111e-01
-2.244810537370112158e-02
1.939651673982091262e-01
1.000000000000000000e+00
-9.886350626234600147e-01
2.790624470243808775e-01
-9.492474622470735701e-01
1.822330928479908019e-02
2.250875502405947359e-01
-1.819616997471276004e-02
-8.461951700225538442e-01
1.218256303405100827e-01
-7.545417685958569765e-01
-9.511615325638065332e-01
5.373459104124299612e-01
-4.461785851882880682e-01
-1.185130200569615988e-01
2.027005052448731803e-01
8.898791851681822074e-01
4.257808717958312950e-01
9.558012925854424413e-01
-2.367277642483250066e-01
1.078641603805048504e-01
2.175557403681145641e-01
4.305732771551431387e-02
-9.520918129711304356e-01
-3.046348111990165308e-01
-4.457445187587904534e-01
-2.793008098745416445e-01
8.399698998538233097e-01
