1.491977192444023798e-02
-4.636543870937303580e-01
9.162837994078506521e-01
9.428545817503594106e-01
4.972083854863454389e-01
4.350847245340271896e-01
4.134222016682457812e-01
-6.051583262090176607e-01
2.399986360791134254e-01
4.726505240937993180e-01
-9.116701100631681154e-01
-8.581256909788924636e-01
1.000000000000000000e+00
8.980519460633131779e-01
4.141073302630599029e-01
-8.021960009773529965e-01
-7.878592086138841433e-01
6.935845764288617321e-01
-5.636243804814403680e-01
8.363295350292669905e-01
3.760919305417066982e-01
1.088169763534736628e-01
2.411578315225744451e-01
9.350013681137540056e-01
-4.569905387448552347e-01
1.000000000000000000e+00
6.749894136615074425e-01
-6.731683959608401047e-01
-9.538647142678587099e-02
7.709283492883650668e-02
-3.815793262898493632e-01
-9.316320371450401705e-01
2.316738040166930468e-01
-6.642712968502603177e-01
8.423259660822688399e-01
-5.794086056506560917e-02
-8.651394838771955254e-01
6.642605826577318018e-01
-1.161011033837823780e-01
8.939864824152634615e-01
-1.445003446467771346e-01
-1.138537044765875056e-01
-7.002984823137939907e-01
-2.091477693209082556e-01
9.630629172105416025e-01
2.378197088611857801e-01
-1.515266715907618300e-01
3.027575125543069401e-01
-8.748763142024170714e-01
9.329106867028362782e-01
-2.007950398608637221e-01
1.515053229214353703e-01
6.502583602878565516e-01
-5.494692300917682903e-01
9.051171641180807415e-01
-9.733780497747135385e-01
-8.692799321907708210e-01
3.008538125597754465e-01
7.184521340619399732e-01
-2.663974593173506489e-01
1.496095496472936784e-02
-1.815929450819985802e-01
-3.002506011145853471e-01
-7.863682076782407826e-01
-3.241728347861112525e-01
-5.191295778262972060e-01
7.165629663148798123e-01
-8.244584545049647994e-01
4.570084224194784217e-01
7.838070634353951904e-01
7.363099887330750715e-01
-5.275089553951722854e-01
-5.507113028529112553e-01
-4.169294966180168149e-01
9.568472339097839896e-01
-6.754396209146578123e-01
8.318116460554692004e-01
-5.771042865449067527e-01
-4.498123511246476247e-01
-8.909459712077958393e-01
6.046310620145783910e-01
9.547035529038551127e-01
-7.226460633643733145e-01
-1.450125377197385435e-01
8.296523098231307625e-01
7.899517141497032213e-01
-3.979227839651848231e-01
9.648196115133638173e-01
9.803938931984165217e-01
-7.288670752679810017e-02
2.654675200148747805e-01
-7.961552109025246127e-01
-9.664899614724417054e-01
-4.568324563573025188e-01
4.047599470664284826e-01
-2.736475371521969180e-01
7.495987865762520075e-01
9.594444137826685370e-01
-6.832713382972022131e-01
-2.871293828256775704e-01
-1.847322706510384493e-01
-6.043590515220549353e-01
-1.816501056877424525e-02
3.229832911453907329e-02
-6.140242255726547915e-01
1.000000000000000000e+00
-2.887258353791926635e-01
-9.876513880900715803e-01
-4.115574433575629465e-01
-5.729202326340233631e-01
2.935947013864758093e-01
-9.205740182386242809e-01
7.947866838491782771e-01
1.379546018806459551e-01
5.501650260446824259e-01
-7.541553122220012728e-01
2.425980952317895178e-01
1.229774338856632065e-01
-8.969944254770018111e-01
-8.850009334708940356e-01
-1.092294450040207365e-01
-2.107568222143665349e-01
-9.963332386580728839e-01
2.169092911323705075e-01
-1.000000000000000000e+00
1.000000000000000000e+00
-6.161247292755694938e-01
9.666433445772628641e-01
1.404858682394549141e-01
6.856814762941233488e-01
9.603684387758739671e-01
-1.266236838841185708e-01
3.906052383573118680e-01
1.573055918912660556e-01
-3.241777777993202214e-01
1.104902723368289957e-01
9.710050044373006450e-01
2.820661184650130049e-01
-4.771982609547952836e-01
9.545356838628941132e-01
9.751193057653676499e-01
4.771655229300446055e-01
-6.161183607989649813e-01
-5.050894258767080203e-01
4.398364851982295431e-01
-7.100012154909934869e-01
8.738983686167621778e-01
7.628350604344837915e-01
2.643499326985028763e-01
8.792424036061653458e-01
4.213904723218264148e-01
-9.234334066307841038e-01
-7.320731219512841559e-01
-1.652480759316172498e-01
7.692115810812749643e-01
-7.780788441254671284e-01
7.912553306234259010e-01
-2.155890948638718441e-01
-6.023565397649367492e-01
-2.212914818132548089e-01
-5.721281678624614564e-01
1.288000027669370384e-01
5.733565745057573881e-01
-3.822441861943267072e-01
-9.043018439708568890e-01
9.260551903546017094e-01
-3.801573195513275327e-01
-2.536281880376478615e-01
8.428582486416086317e-01
-9.371019510342988301e-01
4.592235706491465397e-01
-8.500524360160018889e-01
-8.774613062458773705e-01
3.471325336476404066e-01
-6.207358326873303467e-01
-8.339169803167009176e-01
-1.813901037160777774e-01
7.253446257265017127e-01
-8.583655399436693756e-01
-8.248881089768805852e-02
-4.978489102301526803e-02
9.215961167113411179e-01
-8.408002978695936491e-01
-5.101763843031598133e-01
9.685362669811037328e-01
-2.080724292683304999e-01
-9.089786600367234515e-01
3.761263227643856788e-01
-4.049259530419679343e-01
-9.834380238686762921e-01
8.653492925947285919e-01
-9.189581415073433401e-01
-9.736473150149589362e-01
-3.959974239592747858e-01
-9.190941077371100887e-01
-8.665557914664216987e-01
2.178880957530569817e-02
-4.941766285555517224e-01
-9.317932234215232645e-01
9.954872484502441665e-01
4.511807209798137097e-01
4.046238471469980613e-01
5.135797806423705314e-01
-5.401326105985411186e-01
2.709385526344753603e-01
-8.330364791715397788e-01
-2.285393391303879862e-01
7.668612592225274582e-01
7.597695595417776060e-01
-9.371149037480492883e-01
-6.033553751296217849e-01
2.230572831474453011e-01
4.945690364843034759e-02
-9.112832586208579055e-01
7.831847050753703021e-01
6.427728533899408347e-01
1.000000000000000000e+00
-5.416319479414682947e-01
7.344910008848807292e-01
3.074426628521241267e-01
8.975502519510365484e-01
-8.849141560227169467e-01
-3.762038142164331189e-01
5.960914605297098490e-01
2.351173529622565261e-01
-2.553891382886914196e-01
-1.826007789214415533e-01
-8.292808879944904010e-01
8.159265050210143810e-01
-7.570807293446887298e-01
9.272664243482539037e-01
-9.937945815163957697e-01
-7.887898361845393017e-03
-3.492547821303207956e-01
4.739961322925831388e-01
-1.171281110589528635e-01
6.609948872190180144e-04
1.913697447276619112e-01
1.000000000000000000e+00
-9.727858916980614001e-01
2.957106186279419013e-01
-9.553744124747669542e-01
5.366168061122088967e-02
2.380318417567685307e-01
-5.055530644965650251e-03
-8.461951700225538442e-01
1.218256303405100827e-01
-7.006681880798866224e-01
-8.824388848692557019e-01
5.373459104124299612e-01
-4.634970981777073451e-01
-1.478840099540250086e-01
1.797881283190042867e-01
8.854730607841839740e-01
4.304026349412314878e-01
1.000000000000000000e+00
-2.500548890796451817e-01
1.246300198122249347e-01
2.115568414004332098e-01
4.305732771551431387e-02
-9.369277262271301643e-01
-2.942722544277084906e-01
-4.321267539213653475e-01
-2.243239503040402871e-01
8.395475794238278500e-01
