-8.317783796294043741e-01
-8.327536045314626323e-01
8.706870508272592790e-01
-5.214028960802787882e-01
-6.993846795862092014e-01
1.556869687515028133e-01
-1.259601698984903484e-01
5.386516824174898410e-01
-1.717684914519226058e-01
-6.733258708118706748e-01
-7.563649111162726868e-01
-1.000000000000000000e+00
4.836417103201114120e-02
6.452927235200155431e-01
-3.657249883362871934e-01
-6.454401605274563414e-01
6.628482131541006961e-01
1.295185544544964762e-01
8.452383302100336948e-01
-8.104729815602339515e-01
5.780834715855588390e-01
-5.912145949934870248e-02
-7.687500329036696112e-01
-2.980941887950037117e-01
-6.540464567182630029e-01
-8.876086855674654164e-01
-1.000000000000000000e+00
3.718328616718716839e-01
-1.379253963390387194e-01
-5.688720025129823110e-01
9.025621129648150331e-01
5.415019834169020330e-01
-1.000000000000000000e+00
-8.564717515036055495e-01
-5.072863016514983503e-01
-7.932875921970752309e-01
-6.893444755909641231e-01
-2.170389542252845472e-01
-6.670262848506981479e-01
-4.292403652702393435e-01
7.724112154236087990e-01
-1.640569110837337141e-01
4.598396855032365060e-01
-7.164706317936098134e-01
-2.279151836627111294e-01
9.266302341501568562e-02
2.244303950167354511e-01
-6.615879955220620445e-01
4.534088494135042890e-01
7.983618670638413795e-01
-4.918393503607789707e-01
3.546782880546122119e-01
3.798715076690664105e-01
8.730308102969076556e-01
-5.029738520657762724e-01
2.461896741011411482e-02
9.633266892027988471e-01
-5.386133759356814821e-01
9.481017150300908858e-01
6.821393214473978617e-01
-5.290262295559740036e-01
2.436231631814139709e-03
1.000000000000000000e+00
-5.125055165133546309e-01
9.825997728019873062e-03
7.889652722909523686e-02
9.162936774776484494e-01
-7.812464036975924619e-01
5.973761637984382755e-01
5.353561110429352343e-01
-2.671295609477590816e-01
-6.116693448474385120e-01
1.093072891180534023e-01
-5.090971335440405143e-01
-6.283513084487953038e-02
1.766640164192716245e-01
9.546122722827704576e-01
-2.620098451804599438e-01
-5.638493574582592593e-01
-3.665857061739294376e-02
9.588301473644427197e-01
1.278954434461619383e-01
-1.261019253665117412e-01
-6.011316417627285968e-01
-6.955384464147562618e-02
-7.203753597948669984e-01
8.668812006545616455e-01
-4.966395229541687995e-01
-1.610009879576193292e-01
2.983644286589658412e-01
-4.310743852763621042e-01
8.294441402931561624e-01
1.957639274564315635e-02
6.529339297373640827e-01
3.199426255304082534e-01
-7.568216423518013825e-01
-3.808592809867057394e-01
-3.362813648291693713e-01
-3.080111930903042250e-01
7.977157189851556973e-01
-8.813148613833128309e-01
8.673506665199799404e-01
2.596103521488186128e-01
-1.290843754377155594e-01
1.621468983059827784e-01
6.537716663822819019e-01
1.546696565494448949e-01
-6.607249975258080443e-01
-8.150660160457456893e-01
-4.686996387342750592e-01
-1.000000000000000000e+00
-9.284916226670545392e-01
7.351247176384232418e-01
1.000000000000000000e+00
-5.149027532316844402e-01
1.000000000000000000e+00
3.732313429591637144e-01
-1.057571681536562114e-02
-1.226883653673199459e-01
-9.646002831356963458e-01
-4.195363419715048559e-01
9.580150675664635962e-01
-3.867987019955864136e-01
-7.842556897438153207e-01
-8.716126819429378392e-01
1.420871417699212935e-01
-3.553460598300283158e-01
-6.626999352774508578e-01
-4.671650766060514992e-01
5.843749518243577246e-01
-7.268875983740399893e-02
-3.766955076974559669e-02
6.176494259146433352e-01
-8.274949348358289214e-01
-3.329093707012413250e-01
2.209330397622168707e-01
-9.117179296798022525e-02
-5.854923582704611995e-01
-2.243304733325545142e-01
9.627503644989015008e-01
-2.304529740707616792e-01
5.687934909497092129e-01
-7.295934056311008664e-01
-8.334602853328417771e-01
1.520653396774810928e-01
-7.993591726695660205e-01
-1.146940449357262415e-01
-1.708473006452599363e-01
1.000000000000000000e+00
-2.598164033757612013e-02
-3.443684943552500766e-01
6.508213878928332807e-01
1.851295952947570322e-01
-2.857674125123381703e-01
5.835373239544979773e-01
-4.589245444594696188e-01
5.821612417816816043e-01
-4.909903671714295759e-01
-1.000000000000000000e+00
-4.685361402660925823e-01
9.201687941100241686e-01
-8.225505636731902381e-01
-1.456086136391513408e-01
6.577321868998418086e-01
-9.375561486178751736e-01
-9.911321270755213408e-01
5.402465699001217647e-01
-6.525890730022837483e-01
2.043668718746615987e-01
7.630863984561249147e-01
3.840262630992989923e-01
6.082648963343060267e-01
7.763406455153021302e-01
9.613922395686574918e-01
-2.248604137497179911e-01
-1.406457812222201287e-01
9.382645014084235457e-01
-1.571546477694098776e-01
-4.250739174922635311e-01
9.598750452272053479e-02
-7.336793574263150708e-01
1.740550910239106741e-02
-4.625337083221553458e-01
7.189036730114969354e-01
-6.084799484307710227e-01
-5.024136945396663334e-01
-6.409650059848550629e-01
-5.025466905902362114e-02
8.118782474836707674e-01
1.095642876834274776e-01
6.105980422953363185e-01
5.684320273709484450e-01
-9.145526103930969875e-01
8.982367311555654599e-01
-7.400996292225257012e-01
7.303351620015392509e-01
-9.263523824653983052e-01
-1.755642218425769174e-01
5.174706509606988858e-01
3.098750888740515741e-01
5.573211396592710198e-02
-9.897963466645369746e-01
1.487840984336420425e-01
2.374769508781654492e-01
3.899039531265545144e-01
-1.000000000000000000e+00
-2.456946629231716306e-01
-1.779730124364595767e-01
1.360446094463715339e-01
-8.555126695439149165e-01
-6.859633936698845968e-02
-2.854767544666610979e-01
8.052746531747707603e-01
5.352463486625803624e-01
7.082284976699620982e-01
-6.649992234493899979e-01
1.902170952936527160e-01
5.920756792916332945e-01
-8.698490621348192731e-01
-8.483776993907279351e-01
7.948991192940296768e-01
9.326696161301271104e-01
-7.716717810509698960e-01
7.055666218260285838e-01
7.462498305174225521e-01
-2.314077326211430030e-01
-6.504313973082600508e-01
4.957463437967166708e-01
2.504940015811888410e-01
-1.539595124978129503e-01
-4.390626975857277459e-01
-1.000000000000000000e+00
-7.020368570487718340e-01
-3.880963729504624538e-01
-4.971435302268718548e-01
-5.154165611103173061e-02
3.110176210658227580e-02
5.390570130445677677e-01
3.315377897807408880e-01
-9.698661760016780153e-01
3.242255656447114442e-01
6.048192071553906146e-01
6.357293285024417928e-01
-3.921632095926849693e-01
2.131579287063198880e-01
-3.732335637756840629e-01
-7.224241759647406225e-01
-9.795140845243114347e-01
9.849051925267127139e-01
2.333099960254993444e-01
5.387895866300647374e-02
-7.207752379180597524e-01
-3.691184860985630700e-01
-3.390572992917927353e-01
-2.365246585984998040e-02
-5.135731260799498710e-01
1.612237148548134602e-01
-9.231639128020197038e-02
-7.579032294051702978e-01
-7.068034948413451923e-01
4.005959636071302343e-01
1.000000000000000000e+00
3.371597522702005634e-01
7.773263752452697073e-01
5.335559147817894310e-01
