-3.103899944289714163e-01
2.448236227030082812e-01
3.275185280342460814e-01
8.318997790258646496e-01
-1.070547336610156025e-01
-5.382538101148779397e-01
-1.116189180998516245e-01
-1.446186522950949627e-01
-8.250656428153522182e-01
-7.616056305993486042e-01
-6.678667840432832570e-01
9.778181317537425477e-01
1.525070172471032492e-01
-6.371815226071049221e-01
1.990156814695483722e-01
4.440166706164562216e-01
3.187547010788401303e-01
-9.083455400391422518e-01
-6.107026644231625667e-01
8.564965633792986921e-01
2.492926041915379809e-01
8.287820567140316563e-02
6.420612364633833113e-01
-9.435029729482178329e-01
-2.667082533929399091e-02
8.464750558189039209e-01
9.956760047052831686e-01
-8.775914475239439128e-01
-3.481103681633592739e-01
7.717405972240523049e-01
3.890805321068526723e-01
6.308303271115158761e-01
4.967266501887044328e-01
8.768500433724490950e-01
2.929407661248923933e-01
-3.272761184100287379e-01
-5.697443903167401791e-01
8.188804602189284076e-02
-4.693725544994662435e-01
-2.165391018587021765e-01
7.117374793546851208e-01
3.046957270904928489e-02
3.580749862544243545e-01
-9.589844932482407547e-01
-1.740034047665854899e-01
7.876160540385350739e-01
5.489420799890401548e-02
9.800417193349494349e-01
-5.994073399513691891e-01
-4.734571349460603429e-02
1.891031195875669813e-01
-4.504559464134447744e-01
-5.972871081345207944e-01
4.447827258834498032e-01
8.356752353047826043e-01
-6.961233913253057626e-01
-8.140898399609648450e-01
-6.159723698731602859e-01
-5.561581255927479095e-01
6.754586317669691864e-01
-8.162482010867604387e-01
-9.045675655812464022e-01
4.310539767676687117e-01
-2.830699298343809511e-01
-8.962957640213624622e-01
6.750003771127199848e-02
-7.609676356929444552e-01
-4.696501000534734904e-02
-8.703659199541058378e-02
5.291998661553830585e-01
8.251587136988512983e-01
8.654561998442200643e-01
-5.801607598847806635e-01
1.422544999433890955e-01
8.707086535502450708e-02
-1.408545807768826208e-01
-4.230723169752992341e-01
-7.760431242413187714e-02
-7.401246288588064770e-01
-4.602193130022760315e-01
9.843336942445543025e-01
-9.982061588421979881e-01
-6.240098014247341673e-02
-1.812652141565143094e-01
2.537379017868146569e-02
-6.463380558641995677e-01
3.553026309745853650e-01
-5.425328475687872798e-01
-6.052244771012649238e-02
-1.575435772126428935e-01
5.718737571149093979e-01
-8.965518526052460579e-01
5.371247363605236025e-01
5.334820549497758246e-02
-3.923083940386232760e-01
7.918418709112454712e-01
-4.871977740181820948e-02
5.652163166327636157e-01
-3.613558552424337988e-01
2.269377543413649556e-01
-4.314399168891661085e-01
-2.629950780318439096e-01
5.375494203561333867e-02
8.896502546055932159e-01
6.880110723114081228e-01
-7.104667152238517414e-01
-6.370831232046434423e-01
-2.951120725729838301e-01
-7.306127370704263990e-01
-4.521265064112193199e-01
-2.200990367926485280e-01
-6.797600094434755880e-01
-4.989262854925849422e-02
4.764178634991170225e-02
3.644984302266426890e-01
-8.571431952671793031e-01
1.000000000000000000e+00
4.964156479526273813e-01
-2.528459229902523253e-01
2.563132598724551792e-02
5.885166012889035680e-02
3.678180905685331514e-01
3.494969718553065929e-01
-8.192842550477249519e-01
3.855169443622441516e-01
-3.480872460098779486e-01
7.026501081484008981e-01
-6.213116662332086593e-01
7.964658300380440537e-01
4.442977879385684448e-01
4.601151209293372624e-01
9.871849055785484328e-01
-7.875635542576911452e-02
-2.376338630026355869e-01
-9.308344497175142784e-01
-7.655173374959642896e-01
-3.717314262808852909e-01
-8.789640970881555659e-02
-7.344681251833079516e-01
4.268956726577131655e-01
-7.541903980339959013e-01
-3.140475219928298145e-01
8.729614012153860125e-01
9.445264007418996410e-01
-1.971044305298195465e-01
-5.567749764179457106e-01
6.804706287517080510e-01
-9.086703441005173909e-01
-5.429745946496986608e-01
-3.379486771592251637e-01
-9.255265637866982864e-02
2.851250611316627492e-01
7.385704708656414264e-01
-6.842650440987537719e-01
6.781224671896584066e-01
3.816406158674677807e-01
-5.704629301923040963e-01
9.821207555047126725e-01
5.441463153313900181e-01
-5.714551517944992387e-01
1.951615400197773131e-01
4.131795101916342361e-01
7.233231254830056745e-02
8.155738410091581958e-01
-2.999433782974324503e-01
-2.500416734648299721e-01
8.893589581770446895e-01
-3.268876581036375129e-01
-7.905223224110509150e-01
-2.829770971686196290e-02
8.091402633163097269e-01
-5.539715011924712940e-01
1.980491296809696600e-01
-6.478823459535500984e-01
1.129370249879980415e-01
3.362259838323346517e-01
-4.975314911356167880e-01
-4.335022815308993138e-01
-7.403519769982611631e-01
-2.660887283749358012e-02
-8.096235861918177346e-02
1.021471521647920322e-01
-8.777040609321671294e-01
4.764307032612908888e-01
1.076546782050457618e-01
2.298439434954049343e-01
2.128032462407694059e-01
-7.107363512333070288e-01
6.381099552313986845e-01
-7.783958474477270517e-01
2.960323398925003291e-01
-3.416760308340097141e-01
4.730352556361288041e-01
-8.160204636278121093e-01
7.902383719835278653e-01
-4.412495727824528036e-01
4.762046947408578035e-01
-1.545433198192287527e-01
-8.262181594392243866e-01
3.236486764285630979e-01
5.681526246202052155e-01
-5.120619236550504327e-01
-9.207288951446970238e-01
3.424853001833993993e-01
6.733955633720238865e-01
2.842596596611719484e-01
-4.075653441275915445e-01
1.352744774986733567e-01
-4.238298355779253068e-01
-1.706663278331879141e-01
5.210300391558826405e-01
4.433319156700099573e-01
6.052789928948044684e-01
-4.423744622964953521e-01
7.596974962413480803e-01
-7.237055502549197827e-01
6.979220305658386803e-01
9.437657732526254506e-01
9.587600806087466232e-01
1.941557126909214670e-01
9.601794826254326232e-01
5.020799503007866704e-02
5.090806024605167845e-01
-7.449912672811880299e-01
7.115800084284994442e-01
-5.085060173411437567e-01
1.741093368337787994e-01
6.119201425911193759e-01
-6.605935413198122941e-01
5.247982028342828009e-01
6.781448589804212057e-01
-2.363509574188042972e-01
6.720483005548649746e-01
-6.794737822149652384e-01
9.539624966056382549e-01
-3.275467516359436004e-01
4.420890961757650839e-01
3.379817119436381301e-01
9.503693678793042610e-01
3.656792186613768147e-01
5.824778202287744788e-01
-4.848053602948166341e-01
-6.475387704051116522e-02
4.280847808185921366e-01
-4.775243241468163924e-01
-8.736488669002977492e-01
1.922708905287953129e-01
-6.768687198128702232e-01
2.435463612130057687e-01
-5.418092350442949012e-01
-8.654946279380645313e-01
-2.175634873598758789e-01
7.147308985079647847e-01
8.258792491614317388e-01
3.705289638619094772e-01
-6.370681383524343655e-01
6.756266953181919721e-01
7.905169926187025631e-01
-5.641920361514500826e-01
-3.222795148314132330e-02
-2.156645723705092887e-01
9.614049284903456449e-01
4.958599781584885346e-01
-8.507564531567525234e-01
3.143508557706484741e-01
