1.661685185985998792e-01
-5.703977842623966232e-01
2.931555949218657142e-01
-5.621663615914805900e-01
-5.348014107804289763e-01
9.126511093694872345e-01
-6.411929510477916150e-01
2.272569096626486651e-03
-9.496035315890264394e-01
8.827736178642815457e-01
8.703947696873717277e-01
2.216157540856855679e-01
-8.789931583206418431e-01
-2.076450618036521090e-01
-5.272107696515289377e-02
-3.863671019015806340e-01
-2.916224912842236838e-01
8.485218195797925578e-01
-9.493649818620666370e-01
7.007382738781109399e-01
7.453206189106457158e-01
6.942440879518947394e-01
1.661549892452054700e-01
6.009619795512272100e-01
4.723035760328256893e-01
3.804853129614824692e-01
5.242467676668433052e-02
4.195410585928952552e-01
2.572653289307125224e-01
2.131736822402366949e-01
-3.795521716288636771e-01
-2.124153088167913539e-01
3.346176969807634904e-02
-2.885646545761364479e-01
7.646576343078456128e-01
-1.758243106723145210e-02
-6.124673102576990713e-01
2.454163558657160293e-02
-8.684741380544528377e-01
-4.966180644437687697e-01
6.459782698148828217e-01
-7.532971454960775137e-01
1.333533022029945170e-01
6.794481386912413212e-01
6.024158985825783796e-01
-8.101885764448250038e-01
7.654039704459545401e-01
-5.789095226423419671e-01
4.585300382749843973e-01
-8.547551912322559620e-01
-3.516682660889813294e-01
-1.000000000000000000e+00
-9.107727581224656088e-01
-2.367757706802463835e-01
3.270936130614866544e-01
1.727544875962150339e-01
-2.251238671895384180e-01
-2.533402122699437431e-01
3.046515056626237783e-01
-7.093319640661771563e-01
6.161568563544648214e-01
1.000000000000000000e+00
7.690191166845946613e-01
-4.962068020476144703e-01
-3.099772567268415657e-01
-4.225941847549014585e-01
6.602090397934805566e-01
1.771037445164657942e-01
8.035443096061849477e-01
-7.899419200612496361e-01
-8.975428442745307656e-02
5.341927075058973129e-01
5.700199240529618683e-01
-7.621823173318866829e-01
-4.183454868730551723e-02
6.487356239679027414e-01
-4.636675449416828854e-01
2.216280478642012053e-01
6.917388108861693974e-01
3.057713972889261611e-01
-1.984577004682196166e-01
1.550252494522912083e-01
-4.652504970490354830e-01
-6.916634923900896181e-01
4.415917599546792527e-01
-5.061175652226315158e-01
-9.390757425479429044e-03
-4.895167576789165031e-01
-7.665795861795389188e-01
-2.873412156084208524e-01
7.464103362857341661e-01
-7.559407916750741085e-01
6.156702502911789443e-01
7.444437529890705063e-01
6.226014789684908290e-02
6.941109155830943456e-01
8.214082622774202536e-01
-9.855145065773021074e-01
-6.019529666120878586e-01
1.000000000000000000e+00
3.064107140041415489e-01
2.913023471217301985e-02
9.233399346957857912e-01
9.597522209365855206e-03
8.643430695280469589e-01
-9.232774056066822554e-01
2.047404042180371864e-01
5.162250053318111487e-01
-5.360538888422811121e-01
7.213345079586385156e-01
-1.814386828574099109e-01
3.179879567391090678e-01
-7.040952954763840532e-03
-7.049641662873807890e-01
-1.994991087778154037e-01
2.605721695792241888e-01
-7.665020921318641545e-01
9.577103546154348557e-01
-3.013601370353761744e-01
1.044441873853307751e-01
-5.475505679365120226e-01
1.829234739800355003e-01
-5.787028177152052644e-01
-7.386217170054452941e-02
-2.374146995717001385e-01
2.568586791427885374e-01
3.679623943022072297e-01
4.906376118813912668e-01
4.468673281185844282e-01
-5.576316596683315863e-02
-9.583922105927785706e-01
-3.975485267567195891e-01
3.451642705868902539e-01
-1.000000000000000000e+00
5.219862431940813785e-02
-4.550916023467072580e-01
-9.587284173826615685e-01
-2.941055819382247249e-01
8.832239176952101645e-02
1.931643954659140183e-01
-6.784526313421526122e-01
-4.199796625309996645e-01
4.014069824831358324e-01
9.539136821319248449e-01
-3.059839365319891868e-01
-7.754738800482424699e-02
-5.067272878351188892e-01
-4.762582304702929759e-01
-9.489659916286941055e-01
-8.442656500069203873e-02
-7.518457992675940949e-01
-8.205522200648005526e-01
-5.468304583895735593e-01
9.932946959503788920e-01
4.269245834250522398e-01
-4.357613141723518657e-01
8.598223172432634120e-01
-3.112835179796981100e-01
-4.067576274000847536e-01
-1.000000000000000000e+00
-2.729962542999558872e-01
6.499875564804675765e-01
1.792191986224442868e-01
-3.333959056739142501e-01
6.753948913161247347e-01
-2.479384245556879862e-01
4.455427671943028578e-01
4.542031029919162965e-01
-7.566723557121066701e-01
8.645399950220640228e-01
3.303988698151791303e-01
-9.595173301745665295e-01
6.227736964800287822e-01
2.370562161716190386e-01
9.734200033549875730e-01
7.104326276804643348e-01
-9.383563293508656589e-01
7.937539627478844562e-01
-5.288289257108902408e-01
-8.066285760602318611e-01
-1.000000000000000000e+00
5.142525751975480786e-01
1.000000000000000000e+00
-5.000385186514255675e-02
8.640285851014128937e-01
-4.193119803239074295e-01
1.000000000000000000e+00
6.654390715871739970e-02
-4.457102503285839123e-01
-4.318305545915407939e-01
5.680103255216804037e-01
-4.193166620161736802e-02
-2.399837386389145344e-01
9.575517069300880646e-01
-3.104360209473435717e-01
-4.296857149646241547e-01
1.780323662153824316e-01
-6.270888198668724822e-01
-5.438159531311740347e-01
8.868736852381747804e-01
-5.740268069526932582e-01
2.211844933141278724e-01
4.804159780523855616e-01
4.222851122622471309e-01
4.873320140546084644e-01
-3.660743071450142661e-01
7.446480691053213308e-01
-9.485903835635520753e-01
-7.872315489191320514e-01
-6.688531711261510582e-01
3.945895836745338392e-01
-1.000000000000000000e+00
4.903842207260145636e-01
-6.831975798510553366e-01
-7.926597572835217265e-02
-6.988114821976142421e-01
-1.199028220504046172e-01
7.228635248865133978e-01
-1.316050678260240747e-01
2.765721663455802393e-01
4.840226096481357043e-01
-5.101342534855958510e-02
-1.746454406734278264e-01
5.628920508330498285e-02
1.000000000000000000e+00
-1.561302571464426858e-01
4.130011759905312108e-01
-9.612137749459216396e-01
-7.789778984597414691e-02
-6.963979289331310163e-01
-6.519157808890536643e-01
-2.807898348699290336e-01
1.712604577949563833e-01
4.251873264252448714e-01
-6.780030837329713567e-01
2.572539908703354028e-01
-3.938727196681950926e-01
8.748057593189950687e-01
3.159741022417937306e-01
7.079883745674823148e-01
5.297398645785456051e-01
-7.058618841355271956e-01
-5.114190750475482439e-01
-4.536490059111305539e-01
-8.679390704977973936e-01
-8.510458913153199356e-01
5.841524483446438598e-01
9.377376727234174592e-01
1.000000000000000000e+00
6.962324594469864181e-01
3.798700148313976510e-01
7.969010759542616285e-01
2.020344703846577161e-01
-8.470568071695866452e-01
7.046997613309784469e-01
-7.807031764654084327e-01
5.229020583498761310e-02
-4.650210218191639377e-01
-4.210951738878831452e-01
6.193469093024268207e-02
-2.205185307065207212e-01
-6.083857629282269919e-01
1.758263830252705662e-01
-2.772238568123468472e-01
-8.064569539861077274e-01
