4.149769237707683772e-02
-1.444962649775283769e-01
3.604365315388446955e-01
-2.087008177413232080e-01
-1.973871922354852593e-01
-2.437699887444837732e-01
-1.378751379377694541e-01
-2.291654789170916029e-01
1.468430775277282940e-01
-1.465876672066485087e-01
2.451114292014783813e-01
1.066241635184954351e-02
5.702487247417922095e-02
8.250846736083920774e-02
6.059916005482311741e-02
1.332778068177356279e-01
3.214687651162121962e-01
-4.542821087862776719e-01
-3.563143191984928515e-02
-2.313351367683566251e-01
3.400804432304083136e-01
-8.758695567565483175e-02
2.228409639685624555e-03
2.433753968137513171e-02
-3.005786666858994982e-01
1.117287402054525369e-01
1.650717088030896895e-01
-1.884832939715465616e-01
1.545373093603738812e-01
1.337478067751315947e-01
3.227953584148790522e-03
5.709016125323133906e-02
7.392732604406526686e-02
4.802772529920751876e-01
-2.592007445701793866e-02
1.234727249681246281e-01
2.819481305636286073e-01
-2.443043336895481255e-01
-1.518317168135281392e-01
-6.619177565603043267e-02
4.799292542951233420e-01
-9.708166494963080262e-02
9.522334126073069005e-02
-2.640915765445013275e-01
2.962360105256729437e-01
1.433916822753498743e-01
-9.497133038975737185e-02
4.759772141615095653e-01
1.905838603000627185e-01
-8.479097244187577820e-02
-7.605605402261701731e-02
1.865619592910798263e-01
2.343140465510423764e-02
-9.290510479881688988e-02
-3.583985565275079055e-01
5.478729576446758620e-02
6.006074823790526207e-02
-2.114721632727460943e-01
-2.495645600197720082e-01
6.729309907127774271e-02
1.513337507035186769e-01
1.533392797450164047e-01
2.318592293888835365e-01
-3.540229760901814071e-02
3.169019636404202811e-01
-2.687628577648949468e-01
-5.005461538119848619e-01
1.474765914107592502e-01
-3.267722525280457591e-01
4.675738741909853946e-01
-3.489529196460842281e-03
-2.309324058468734675e-01
1.405342526835468564e-01
1.136724092662109720e-01
4.993193436743915137e-01
-3.591444199782115598e-01
-4.718641971039995442e-02
1.629053077999263466e-01
-3.968836989888508970e-01
-1.879785487466238969e-01
6.002301571764062649e-02
-2.856649335231998266e-01
-2.213179159455927469e-01
1.108157165959761659e-01
6.756717777517415313e-02
1.343678228515594320e-01
5.161257005974503875e-02
2.305197223169185017e-02
-2.852527659083691214e-01
3.023777555811820728e-01
-5.859050528728568241e-02
-2.977124590379341407e-01
-1.423439223165837708e-01
-1.492698926390914060e-01
-4.568607467620725004e-01
-5.542869277315403131e-01
-9.707077432413961648e-02
-2.761221222908604167e-01
-4.615594350762642906e-01
-2.533647890962847926e-01
2.218217180666247901e-01
-1.207261179223793751e-01
-3.459813286258504178e-02
7.014893190112468646e-02
1.930198592158235416e-01
-3.629492307118842298e-01
-4.735506541619848853e-01
-1.257492970940012611e-01
1.635150592765988176e-01
3.563150321443994129e-01
-1.387319814176680155e-01
-6.371638710625440738e-02
2.574867811788359995e-01
-4.712783876866347144e-02
5.299805477516278396e-02
-1.066805271214245621e-01
-5.195471679016157029e-01
-2.406371289392294360e-02
-3.180637842761769307e-01
-2.013548498061464020e-01
6.075925546005736533e-03
2.474971348435099083e-01
4.502592485271711409e-02
-3.585622540537486413e-03
1.231838328415239825e-02
1.620471839441435802e-01
-8.570039602640111553e-02
-1.187835175412617350e-01
7.596392932121497077e-02
2.673420923135498284e-01
2.804522433625986078e-03
5.201077753053512387e-02
3.433925734214701153e-01
1.206619140808590229e-02
-1.714741410152630652e-01
4.792021171672830038e-01
-3.443596305840073146e-01
-3.108215269256847657e-01
-3.497461477093112281e-01
-3.085532744282261097e-01
-2.639549282098310745e-01
-4.556407038659392450e-01
-1.205152255909942294e-01
-3.116973920634131812e-01
-3.134067619709949293e-01
-1.422622417770743608e-01
-1.413225395430167119e-01
-5.590668333317158623e-02
3.032924723047508708e-01
5.077622468433512504e-01
-2.315439510457518724e-01
3.754094744672491490e-01
-1.005711017674648239e-01
-1.198003183333313931e-01
-5.173339804969091515e-01
-1.470921536284130748e-01
2.596645196312995230e-02
4.954025546221960674e-01
-1.767662018550766323e-01
2.415959102441820883e-01
-8.157286811774476509e-02
-2.436397168900654719e-01
-1.524670716957468586e-01
-8.282101241191247576e-03
-1.484493337602492691e-01
-4.205549452378916364e-02
2.057379002170939830e-01
-1.870777664733777323e-01
-2.026686901225411286e-01
1.670906366293751499e-01
-5.164689009010896559e-01
-1.570759379025780111e-01
1.562104242892163319e-01
-3.471983348188147911e-01
-3.034463208057678885e-01
3.022804070225568740e-01
2.134779931096731365e-01
-4.322494650229878888e-01
-2.774052952146502937e-01
3.064093039343232516e-01
-4.821046694257291598e-01
6.370293868844273399e-02
2.549944819674617724e-01
-3.386311970623626100e-01
4.658217402676159691e-02
-4.043684824402455913e-01
-1.528433446394689144e-01
3.837418719417214352e-01
-7.847305907081325582e-03
-4.948105549599374209e-02
1.084134402291080518e-01
1.423610427802415312e-01
-5.481936674661203046e-01
6.644694394677261307e-02
-4.790404340813767536e-01
1.938495481395680342e-01
3.739474957811802502e-01
2.144304049182259586e-01
-1.448915604846506000e-01
7.248497130000919331e-02
3.751421560495261931e-02
1.421099077295326363e-01
2.442434516916345000e-01
-2.505399257991855477e-01
3.078382324240785950e-02
-6.721310373829460227e-02
-3.351336686272476939e-01
1.593243113163144153e-01
5.468255047879433395e-01
-1.248576561038542559e-02
1.480433149261643488e-01
2.795484994228942810e-01
-1.850422587093372706e-02
6.485102764607608705e-02
2.609954315085017962e-01
1.269334841687325410e-01
1.062065815209526920e-01
9.858061780547187902e-02
1.615793470178584768e-01
-4.078986081482318116e-01
-2.161709819644632574e-02
-5.775495745874333897e-01
3.163872709328757749e-01
4.699649938480398026e-01
3.889396880915254595e-01
-1.820753344936406892e-01
3.882003337932585785e-01
-2.745348270081778841e-01
2.655407897062975198e-01
-1.479653934968865880e-01
1.725712773655824206e-01
-2.518022142052404599e-01
-8.491460349351738490e-02
4.660682865666801455e-03
3.188206282529569835e-01
5.155826021440649276e-01
-5.046722908392520246e-01
2.377702619436497244e-01
-4.034401170309258322e-02
-1.747748939719060701e-01
-5.422808273723992434e-01
-1.013157764434608199e-01
3.601394647266503712e-01
5.353183778532540904e-01
4.350964824132811937e-01
3.510879390195471017e-01
-1.154163538004582823e-01
7.264861595571300845e-02
-1.549862706817244917e-01
-7.928093468851292458e-02
-3.173460854041534884e-01
3.450558873885572475e-01
-2.524378096443268271e-01
9.934813260587468942e-02
9.742960413290525923e-02
2.376615967711104005e-01
-3.400861577954278347e-01
5.119298182542986186e-01
3.591913753633079187e-01
3.856485981289086151e-01
-2.584010687815035956e-01
-7.782446960572716142e-03
5.735279725054751587e-01
-1.421194485472352387e-01
-9.334570536813079078e-02
