2.747417814541559811e-02
8.781039588823270625e-01
-6.654530669926763675e-01
3.877025815963620614e-01
1.685618276827761941e-02
1.557415890831978511e-01
-6.642023807785680800e-01
-5.434021751175843740e-01
-9.592708689145423850e-01
9.775129230825851945e-01
6.388276560164706241e-01
3.733235176328108529e-01
-6.415095413531123059e-02
-6.591624057977598650e-01
8.189242752673997483e-01
-2.152806515223109618e-01
8.262773443154154407e-01
-5.276824576927015009e-01
8.716007595306882738e-01
-6.846153268195943609e-01
3.971688272399578334e-01
8.947184119573314831e-01
6.102621353039661134e-01
-3.808986978423065106e-01
2.195249929970146674e-01
2.783104712785529067e-01
6.767118266839877716e-01
-3.790008532770401950e-01
8.461414730831240405e-02
-5.546923373208766384e-01
-8.330933740797950016e-01
7.563462323512970542e-01
9.902603137728788196e-01
-5.697018297863772895e-01
1.611602329126622934e-01
2.355655530836951173e-01
5.332051412819316383e-02
6.274489867562166312e-01
2.949987851270278183e-01
-2.028503030212389646e-01
-8.260624559589500038e-01
1.000000000000000000e+00
5.755202233085618957e-01
-3.559774785231957228e-01
8.460527804250794759e-01
1.114539917412749048e-02
-5.160566749052016844e-01
9.017562456698520190e-01
1.341798426968894842e-01
-3.758485148847588997e-01
-1.000000000000000000e+00
8.104084358490586393e-01
7.252593793516293186e-01
-4.611562257834006529e-01
4.402016783997875216e-01
-4.935242143986811048e-01
1.885902462041950667e-01
-5.470167342820164702e-01
-1.000000000000000000e+00
7.211461653482841294e-01
8.293246453358782411e-01
3.559900298627320936e-01
3.033966173477168349e-01
1.000000000000000000e+00
-6.879188216937524025e-01
-1.405912025453284753e-01
3.042806385029606653e-01
-8.738628891719690817e-01
-3.375978995119240378e-01
-8.144958620605435851e-01
-1.072529138884237287e-02
2.489804196420782739e-02
-1.000000000000000000e+00
-9.476403014698624450e-01
3.066994854171676832e-01
7.745596107830512445e-01
3.965438435940890627e-01
1.000000000000000000e+00
3.966403229872531577e-01
8.511507823225967773e-01
9.270449767607253921e-01
7.945468395086807689e-03
7.663826796777143402e-01
1.941188844815955605e-01
-5.642303981170015276e-02
-3.877773684593242010e-01
-8.398847215212488226e-01
7.832749899818862716e-01
-2.341142907379226146e-01
-2.885492869402986882e-01
-3.804402177777573835e-01
6.387891140151892300e-01
1.708647541666984404e-01
-2.467751398412894592e-01
8.730698289982163907e-02
-7.510416107084565418e-01
9.406295110083466859e-01
9.664582289321079767e-01
8.267447228246107560e-01
9.793615212474116039e-01
5.178162066394732532e-01
-5.512783529253567627e-01
3.802598732502647794e-01
-8.613556266058663979e-02
1.608857203171388806e-01
-9.890837888824322022e-01
8.837179013930471783e-01
1.006064821905709866e-01
5.516150300272661955e-01
-5.878731740491478508e-01
-9.596308760846999908e-01
1.405024066631244128e-01
-5.053773990940649830e-01
-2.339919664579613312e-01
6.479467154954299257e-01
-2.360701559587630172e-01
5.253468596447058436e-01
8.866344228084175327e-01
-8.181594263207105922e-01
-3.342515962570678512e-01
1.671232247544992833e-01
3.435304214350037855e-01
-2.462163729378058774e-01
9.706734819421966032e-01
-7.261756842322699690e-01
6.518514095532906838e-01
6.750386878465357565e-01
-8.655912168434467535e-01
-5.862367595492035122e-02
-1.372355221021237526e-01
-7.048046829920069367e-01
-6.596966843928271373e-01
3.643785967372381029e-01
-4.370135846339060492e-01
-9.344762604826251096e-01
2.915563542190530155e-02
6.590838113877215410e-01
-8.200011515499239234e-01
-3.757758513769410280e-01
4.308346845068415920e-01
5.526909795183252427e-01
7.476676148740343808e-02
4.595836903147072494e-01
3.061498703268300536e-01
5.682802097558402599e-01
-5.866383079176242799e-01
-2.246414802727506044e-01
5.478643303339475468e-01
-1.137200183446578361e-01
6.382716103107577421e-01
8.978991996200546000e-01
-5.067056259785154282e-01
6.398980134075612503e-01
5.359832682304828122e-01
-1.864646489200912916e-01
6.967398193354166214e-01
-5.758412453057827340e-01
-5.915899178322010510e-01
-9.113512753889096984e-01
4.309069061764275177e-01
-3.957842040982157972e-01
9.362082309694814697e-01
3.467842954981978920e-01
-3.207334778815976728e-01
-9.595854305743685142e-01
-2.150130230955695221e-01
-9.577326777220549481e-01
-2.293700150862762466e-02
4.745508545125800004e-01
-3.838887654361377022e-01
6.512151073043065397e-01
-3.030656438997761382e-01
1.000000000000000000e+00
-6.154013815007361998e-01
-4.330409799911052460e-01
-6.413828045325820071e-01
5.041261984227427551e-01
7.898642586574835533e-01
-5.452554805392286763e-01
-5.318710106114513114e-02
-3.367406310012008297e-01
6.894754188812388662e-01
8.241306915022007518e-01
-2.114394031398607599e-01
6.632126308619517019e-01
-6.754048261822565014e-01
1.419579230758041266e-01
-3.204890434620673578e-01
2.323030027484279669e-02
5.340127420864504426e-01
5.773496665687838370e-01
6.541826486466717494e-01
4.472122158750300169e-01
-2.189489423613855124e-03
-3.078923334632989728e-01
-1.591467241577988745e-01
7.514935749632223327e-01
-7.583445925090082085e-01
-5.245807337407170090e-01
-8.803974558519259697e-01
-1.780301433000973654e-01
-9.605147734241830104e-01
-6.319937037228557930e-01
-5.017614293706307294e-02
-4.900151861715578150e-01
8.488932826828624045e-03
1.296891449020177167e-01
1.220495167669923275e-01
8.416320192292423563e-01
9.757204276231878914e-01
-7.332891433698511818e-01
2.676786939077957506e-02
-6.324177842745770661e-02
-8.825735543884706269e-01
-3.051035101058766075e-01
8.569678293504641164e-01
9.849961219421346503e-02
4.761339556487920177e-01
3.025568024559370794e-01
-2.417103912518868136e-01
-1.000000000000000000e+00
-4.460807888444524583e-01
-2.505609682673793359e-01
5.047023719885093129e-01
-1.000000000000000000e+00
-7.138616192006173033e-01
1.579393456923407213e-01
5.041235073463866678e-01
3.967617007208454893e-01
-1.561040720076722343e-01
-2.000552277494955788e-01
1.000000000000000000e+00
-9.875256491636014156e-02
5.014543211229673947e-01
3.934292223454013415e-01
2.666179859630992133e-01
-1.020238127092443214e-01
-8.828410931160978192e-01
3.196329419345362854e-01
5.211773101377641382e-01
2.175405714458269468e-01
-1.000000000000000000e+00
-6.355355675335503385e-01
7.231972627122491559e-01
-8.452561901265921440e-01
3.709195877452138301e-01
-9.443641273364515865e-01
-6.278634316147360117e-01
5.113150133634472017e-01
8.908000959964195165e-01
-7.147651918007279503e-01
-9.677624831503016667e-01
3.681417481338862263e-01
3.227343910254333315e-01
5.304021491242582043e-01
-5.736033808212994689e-01
8.576764896059644316e-01
8.221224392656842905e-01
6.122962104137781303e-01
-5.327064005504495992e-01
4.267484373057268687e-01
-4.154662848447225609e-02
9.423641309810119882e-02
-3.410338534071213346e-01
7.946113553790019601e-01
