-2.780037183533691780e-01
-3.363669338160406586e-01
-9.991442742881064820e-01
-5.542216106822841493e-01
5.182790018243618180e-01
-3.306854215258377971e-01
3.028289133244115305e-01
4.351796842753762329e-01
-1.000000000000000000e+00
-3.406013615331326960e-01
-5.512165881966869518e-01
8.642045161905442807e-01
-3.637747526410909926e-01
1.000000000000000000e+00
-1.000000000000000000e+00
7.487970923081584962e-01
-9.023980097510884146e-01
2.235871881184416654e-01
1.000000000000000000e+00
-9.265453925341736729e-01
1.767893279748729840e-01
-2.091682845353115550e-01
-8.337483840259227730e-01
4.747824176961498166e-01
-7.146651430360451140e-02
-4.009996819782229438e-01
-2.787911619287020137e-01
-2.612231418570858943e-01
1.727093067747814126e-01
-6.626661680315679703e-01
1.000000000000000000e+00
-4.997054735764342448e-01
5.625893705146567392e-02
9.846102977269670653e-01
-1.000000000000000000e+00
-8.166255100587065385e-01
2.571414271194302215e-01
7.723014308980473697e-01
-1.000000000000000000e+00
-3.306947644772853523e-01
9.548575077227251517e-01
2.606375826288582775e-01
1.000000000000000000e+00
8.948312590538625155e-01
-3.289077996506994950e-02
-3.133196934324259386e-01
2.460873172816338550e-01
-1.121363942748460074e-02
6.105684181312456271e-01
8.693345864480402918e-01
1.000000000000000000e+00
-1.000000000000000000e+00
-5.192606181650396557e-01
1.000000000000000000e+00
-9.788857427964747782e-01
-3.319835601448835050e-01
9.332360690775940437e-01
1.000000000000000000e+00
8.751262691291435969e-01
-1.000000000000000000e+00
5.284511674483143295e-01
-1.000000000000000000e+00
9.957025230700689011e-01
6.353446299570648659e-01
4.636059172397483108e-01
7.243642252236384138e-01
1.000000000000000000e+00
1.766127873446894370e-01
1.000000000000000000e+00
8.952997364687494963e-01
4.797037000287652231e-01
-9.181568760338099100e-01
-9.267679451975071592e-01
4.246059480328669977e-01
-5.730923989458962531e-01
-1.000000000000000000e+00
7.563035877861374878e-01
-3.133242543617682507e-01
-2.650335911157618574e-01
-1.913630689422767261e-01
6.627026364078231202e-01
7.776064876186978836e-01
1.841210695052964419e-01
-8.743330342126006682e-01
-1.000000000000000000e+00
2.467208407701379225e-01
6.626493708141183436e-01
-7.369960137312754345e-01
-1.163710305533848244e-01
1.000000000000000000e+00
9.020974164180992072e-02
-5.632008455482033771e-01
-4.104826437006390272e-01
-1.508530901047544504e-01
4.445075126407459498e-01
1.724883127951801487e-01
1.581162659747893384e-01
-3.688927374835514472e-01
5.480022571879157312e-01
-4.555157889285112449e-01
6.383182498242742087e-01
8.636263135881916408e-01
-1.449259594681993057e-01
-8.560793940521957968e-01
2.992238822674460064e-01
8.032335412526867557e-01
5.609759219017951271e-01
2.114739049975642438e-01
7.207388592668668714e-01
-4.300077165250149602e-01
-1.000000000000000000e+00
8.381196984630304714e-01
-1.000000000000000000e+00
1.907841081812453599e-01
8.062242085572070005e-01
-1.000000000000000000e+00
1.000000000000000000e+00
-9.764505532840176416e-01
-9.863459044792062258e-01
-3.650445286034064152e-01
-3.038982050729684969e-01
-1.821998530160695573e-01
-3.996282687428703850e-01
-7.532290534160506201e-01
-8.002058451803263361e-01
-6.894622338128781891e-01
-8.617474512192755398e-01
5.039090838371180769e-01
-3.160629794554272731e-01
3.022713228247621009e-01
1.000000000000000000e+00
-3.598294398138050521e-01
-9.954385950381874348e-01
2.022730889371883445e-01
-3.678921834991671913e-01
1.000000000000000000e+00
6.052737742184507441e-01
-6.676073173844474518e-01
-7.428220473956232972e-01
5.030999765661590128e-01
5.449871009447347925e-01
-1.927844704678368104e-01
1.000000000000000000e+00
-3.704613812359579539e-01
1.000000000000000000e+00
3.112472620407565338e-01
-6.583587411685072333e-01
-1.000000000000000000e+00
6.085684049117681127e-01
-5.021179438581460097e-01
6.071288393635871916e-01
-4.726187364254411660e-01
-9.954184628471540730e-01
9.864277155042113776e-01
-5.413710090516549167e-02
3.214136135248322201e-01
3.808333577629126609e-01
-4.711479672627556514e-01
6.857392528924067809e-01
3.121268403275849757e-01
1.000000000000000000e+00
-5.141034539272409942e-02
5.536749601490595918e-01
2.561970576954626377e-01
-4.111591562246039722e-01
-5.860658901039206281e-01
8.966338937069274762e-01
-2.104191102761958365e-01
9.385318596016022363e-01
7.125531461606033901e-01
-7.801084923396809367e-01
-1.630042049740972054e-02
5.946527139379353954e-01
6.440160148733058421e-01
-7.419139794144893330e-01
-8.169789347760134657e-01
-1.000000000000000000e+00
6.899495859094861849e-01
-6.083180400678502853e-01
1.480393439783849185e-01
-7.677140684692844719e-01
-3.122151873652603271e-01
1.358960105281124542e-01
-3.507097110238113213e-01
-4.444422345312967204e-01
-4.480746094293422410e-02
-1.617095995182072088e-01
-9.757037657510730932e-01
1.864484089553386514e-01
7.764768163432491654e-01
-1.000000000000000000e+00
-8.308434070970777130e-01
9.681664738220363553e-01
-1.000000000000000000e+00
1.000000000000000000e+00
2.660232480868607308e-01
6.323161371802172859e-01
-9.957714841779843340e-01
-1.093948335115196568e-01
-6.635783677986510920e-01
-6.824019530655764942e-01
1.000000000000000000e+00
5.596710499318905407e-01
2.559580308010061533e-01
4.130792031743721893e-01
-4.921253680394231944e-01
9.843779772921833482e-01
3.631091584318876242e-01
-8.254754689930374756e-01
-5.163838846560149243e-01
-1.000000000000000000e+00
4.855857454974332188e-01
-5.936980902009418859e-01
5.726613653175637308e-01
-9.872453520132309368e-01
-3.893135915111244905e-01
3.348177303237013236e-01
8.353728552892070169e-01
-3.712862916332571039e-02
-2.985876038456686810e-01
2.622322365264855293e-01
-8.935794429524270832e-01
-8.240230869721785201e-01
-4.424527329779325835e-01
-4.725208258055478838e-01
9.326583694479833042e-01
-9.911905321128551272e-01
7.978335923351548287e-01
9.046535424900875588e-01
-9.253276457260812826e-01
1.000000000000000000e+00
1.000000000000000000e+00
-6.251227703189055074e-02
2.381135715397831865e-01
6.789959969532183282e-02
-5.806276434556814081e-01
2.294934534869905729e-01
-6.302243424150302809e-02
3.407541827858352468e-01
-1.000000000000000000e+00
1.457422856007791756e-01
6.486401802558550145e-01
6.364924774497451310e-01
4.236165998632533958e-01
8.975251096537957274e-01
-5.840913986381226497e-01
1.000000000000000000e+00
-1.021480641561771929e-01
-9.456129668794717169e-01
6.844859296496101919e-01
6.506199414752227295e-01
-6.024208034422123825e-01
1.000000000000000000e+00
9.707060231931974315e-01
6.441349497278803238e-01
5.473292345986427998e-01
-1.000000000000000000e+00
1.000000000000000000e+00
7.645889798300544715e-01
1.000000000000000000e+00
1.000000000000000000e+00
3.519895878234028386e-01
1.876643268526170250e-01
9.211652101064393694e-01
-3.902182340880324674e-01
