9.495012515199766079e-02
-8.934573087551405113e-01
-7.443061239212729330e-01
-1.131884130134697131e-02
6.212730485278467052e-01
-1.698415955012921863e-02
5.855039891567602739e-01
8.474730533117289522e-01
-2.482998070834687709e-01
3.048424030835237275e-01
3.008379664446272361e-01
7.976737137837659475e-01
-2.866101259423745606e-01
3.028385588714765930e-01
3.387931455235977662e-03
-8.620349737873911344e-01
2.465719636795360437e-02
-7.354341068301917250e-01
8.920426291496073024e-01
6.974616759309326675e-02
-5.268877011888805084e-01
5.496790044377211082e-01
2.190879101304892274e-01
-7.154361497502822465e-01
-4.930705935799288564e-02
2.596094401931261508e-01
-3.060190931627260191e-01
9.950431629953677692e-01
6.201824330671079633e-01
8.695225536691489898e-01
-1.683683208987901692e-01
5.143649768026384850e-01
-3.087145599232385962e-01
7.070941458357974385e-01
-6.224830151899232167e-01
-8.486343769129238712e-01
6.625688703549756919e-01
-5.677881404182323344e-01
-4.424759096594116925e-01
5.383556315187985053e-01
-9.948877507921838337e-01
-7.472736806698326850e-01
4.682169612866888264e-01
-2.956964499840611382e-01
-3.412784856072232920e-01
-5.709929849428416748e-01
-4.695329039157587481e-01
1.457321165455642831e-01
2.879083051845887642e-01
-2.379838942505185517e-01
4.134342044528100946e-01
2.169563576888759449e-01
5.023665370171929156e-01
3.103238922903110986e-01
-2.923575868040613202e-01
-7.979243699379614529e-01
7.251870670620019776e-01
-2.851933601727987266e-01
-3.072249611806210368e-02
-1.554520045042416532e-01
-3.217018936351058733e-01
6.785587050426132860e-01
3.158921663214000475e-01
-7.493977530336828341e-01
7.269826325088091235e-01
-6.309183827865842975e-01
-3.368322551331600634e-01
1.996410649406299420e-01
1.752372218364480483e-01
3.899598209783221026e-01
-6.316955899284470988e-01
-3.262112245878374672e-01
-8.448163955913048362e-01
-6.282726142277358372e-01
2.399302107573536291e-01
5.066362684950020956e-01
5.760833834334057046e-01
-5.790184333869907718e-02
4.813418055436851084e-01
6.258701830310557934e-01
-1.456326404026420107e-01
5.658336403692981742e-01
8.357275287879114556e-01
-1.413088134079010794e-01
-2.442388777680732162e-02
-8.634421488016474910e-01
6.865157088516973261e-01
7.090579867675576853e-02
-1.433000508640969173e-01
5.481742500657218464e-01
-9.438217408786433449e-01
6.077779695083479483e-01
7.077305462984292417e-01
7.469330004780002641e-01
-1.000000000000000000e+00
7.723580002276800860e-01
1.751895287952650593e-01
-2.363426742026845662e-01
-1.630330560411301644e-01
8.961061028021422015e-01
-6.541859340477498286e-01
3.522379895171588449e-01
-8.086115228238783814e-01
-6.093289188278521173e-01
-1.000000000000000000e+00
5.703173331772670718e-01
-7.179166484057799558e-01
8.564659518287115469e-01
1.335594853440920105e-01
7.354453192193796118e-01
1.407478623259887929e-01
-7.686614311548655154e-01
-9.301549899663047460e-02
-1.669726283475709838e-01
5.140125999537555890e-01
1.119357676814981967e-01
4.377619415491484922e-01
-4.646823457162198023e-01
3.553203808499147964e-01
-7.724258360193194672e-01
1.404390133845430932e-01
8.324847574981482090e-01
7.573993641501005625e-01
7.151503302383440674e-01
2.663678732333501498e-01
1.000000000000000000e+00
-4.105682301117288269e-01
-8.469929308290350400e-01
-5.069954450717112371e-01
2.484683476227916299e-01
-6.390905493523363345e-01
1.754377976199170408e-01
-8.335940420249965399e-01
-8.840787120497572982e-01
4.526159209802220751e-01
5.846388407422886679e-02
-2.508874504211863199e-01
6.645829292114084907e-01
-8.469404814142449389e-01
-6.390219185673662317e-01
-3.516112486802793619e-02
-6.388640207712379393e-01
-3.158750945236684649e-01
9.370367323667462278e-01
9.671092881431154753e-01
-8.372592459330486792e-01
-2.758748096248468951e-01
-8.510022978940969818e-01
1.533187934704596245e-01
-2.599416484633731983e-01
-6.994846953061919503e-01
-2.612559502422298063e-01
1.674818746713628292e-01
-6.390423527049541308e-01
6.142806570794782095e-01
-8.599425785240003006e-02
1.000000000000000000e+00
6.420995282921806435e-01
-3.726867249986759445e-01
-7.222838362780776844e-01
1.895266124952487696e-01
2.947981578368865652e-01
-1.144726350594922337e-01
7.692618098842960439e-01
8.838772865808846024e-01
-7.303101651155856633e-01
4.134255602616569991e-01
-3.052533617474338934e-01
-8.987043250840657249e-01
-3.718493482119413773e-01
-2.038004388799261601e-01
2.330302262833324478e-01
1.398043651527052234e-01
5.514589816454845694e-01
5.506097897342936420e-01
1.104928273166796288e-01
5.257006815045885129e-02
7.179782978941684490e-01
2.588894981351676228e-02
-1.837282957436812414e-01
-3.797215862281869692e-01
6.162972832621236297e-01
1.193784512940180842e-01
-6.787512753004900645e-01
-7.059065074343839896e-01
-1.214239603203803447e-01
-1.000000000000000000e+00
3.056057727653979095e-01
1.824129422277878110e-01
5.694058561416681652e-01
-2.733853918627485169e-01
3.602473545468604099e-02
-1.891639450497626385e-01
-8.498483598840004261e-01
9.505504999953950929e-01
-9.962035947872154296e-01
2.977489391898806570e-01
8.458299589997567702e-01
-4.516080699841685808e-01
7.663941032402383779e-01
5.529695352324230928e-01
7.320460082576760730e-01
3.639339711345782047e-01
5.480162710339425702e-01
7.253785076008119059e-01
-8.941465381069835239e-02
3.576370145632163933e-01
3.046524887460886899e-01
-6.379801809723133488e-01
-1.101306800669599184e-02
-7.749557784011651407e-03
-7.074477949461377424e-01
8.991482525005176640e-01
-8.115734070353290974e-01
3.422481388065495844e-02
-1.000000000000000000e+00
7.377896905158830565e-01
-9.423189509663777441e-01
-3.965944404839000237e-01
1.284910387780368035e-01
-5.529361640276719836e-01
-7.047145192098236421e-02
-5.732041615430518711e-01
7.473134701461450202e-01
4.508575546985461036e-01
1.060015543485575140e-01
-7.736581283109089657e-01
-5.123206287273468496e-01
-6.257759149028487844e-01
5.070106346020160082e-01
7.300213641268358256e-01
8.072823091862566525e-01
-9.565850712271957157e-01
7.049582226011197328e-02
-8.073776912574379128e-02
1.522518871416218000e-01
6.736617575409515890e-01
3.364072620657090340e-01
7.695938951026514152e-01
-5.049448777851276438e-01
3.551719330804854469e-01
-8.460198168765449903e-03
-3.722640155433538656e-01
-9.380332091970158270e-01
-9.900907838411576734e-05
-7.822186533345333315e-01
1.608203984659969388e-01
-1.671041890147920150e-01
9.386109496944515795e-01
6.638547614169001410e-01
5.759827054661970092e-01
-7.909499749841311100e-01
4.724007206432618844e-01
8.810865017881236438e-01
2.442136725599285130e-02
2.574486039267551707e-01
9.595447682318485327e-01
-1.791978554580335725e-01
3.292074255482523859e-01
-7.661526034299637189e-02
-8.757247938948031774e-01
-3.131475030003496585e-01
5.380753166078617866e-01
-5.298939873485162266e-01
-7.765222490400530697e-01
