3.615949003938599415e-01
1.138309998028523562e-01
5.084050823955523768e-01
-5.628820360259207539e-03
1.000000000000000000e+00
-6.789556450515805697e-01
-8.719989203639055830e-01
-4.686604971399033759e-01
1.000000000000000000e+00
8.570678252955670207e-01
-6.591860854840411732e-02
7.323670127061883139e-01
-5.146196568655410086e-01
4.183896054475486070e-01
-1.000000000000000000e+00
-7.262240363302329138e-01
-7.456516185461075086e-01
6.011484964854483248e-01
9.890476636844158786e-01
-6.128140640098393988e-01
-6.382165483656683236e-01
7.641972386048713206e-01
5.839657151437458449e-01
5.270584287878212759e-01
6.682430467133609886e-01
-8.580657451464884788e-03
9.843858692931649612e-01
5.280145835077327821e-01
-6.465681078211962252e-01
5.483106672053188468e-01
-4.538147560026016825e-01
4.320070997059815010e-01
-2.876088637750235932e-01
-9.937552094576834749e-01
-9.455690547332598062e-01
-2.217894199020698232e-01
-9.662531992611166354e-01
3.784655502939153482e-02
-1.000000000000000000e+00
-3.082575465969202844e-01
6.440600252251578173e-01
-7.363299308473271187e-01
1.163974728902937017e-01
1.000000000000000000e+00
6.334332108413902318e-02
-7.612479963560896401e-01
-2.320428959859656970e-01
-3.037624134846806379e-01
3.089648484306374288e-01
-9.692601360488838358e-01
6.970624460379007958e-01
-7.791909132339872035e-02
-6.927616324387674274e-01
-1.000000000000000000e+00
-8.956658861648006953e-01
7.824887934583737437e-01
-6.632005979424591136e-01
-5.823115136539475101e-02
5.990500305695576344e-01
6.920819859266594820e-01
-9.312205012381188363e-01
-5.598870466510599275e-01
1.231480903695475887e-01
-8.718481633622688909e-01
-9.663831146335812861e-01
-2.926884567288327577e-01
6.734400857342056623e-01
-7.747709033625980179e-01
-1.000000000000000000e+00
-9.661648563332063677e-01
4.503786257935586956e-01
7.732162611159814070e-01
-7.732061970722798883e-01
-7.988128748515417321e-01
1.447406981729748576e-01
-1.000000000000000000e+00
-3.403861519289275162e-01
4.655890283275063712e-01
-7.822231485098392056e-01
-9.672769144771286021e-01
-7.552973649417009661e-01
4.106718250216327970e-01
3.147398197600845271e-02
7.067899902063864426e-01
-4.191432534874919291e-01
7.279759872534792287e-01
-1.794451246993198634e-01
-8.883277262910201921e-01
-1.000000000000000000e+00
9.447051141712869970e-01
-4.189574226713852489e-01
-3.268015940659886320e-01
1.156800904481363190e-01
6.866750291461598543e-01
8.266490704253983690e-01
-4.565669762729783199e-01
-1.241456997481179825e-01
5.631388408532603806e-01
4.029246368529688649e-01
7.204410834033319055e-01
4.798279040479340174e-01
7.417025405448187669e-01
8.322271902561521884e-02
-9.976950567993906338e-01
-2.399948536005117872e-01
9.175910696407310052e-01
-1.000000000000000000e+00
-7.933269151976809486e-01
-4.023547837889303591e-01
-6.954423423779684255e-01
-5.226209365388674311e-01
-1.000000000000000000e+00
-9.378845198575535003e-01
1.883678405671879719e-01
5.399928767589027429e-02
-5.532055949380112470e-01
-9.477214199578160025e-02
5.677350383255880262e-01
-5.578017154622727514e-01
-9.543164085537567676e-01
6.070959411471446021e-01
-5.665847120856267738e-01
2.500420008161509111e-01
3.495345640841590606e-01
4.612058539235076027e-01
1.000000000000000000e+00
-9.628862753027684906e-01
-3.100418516571707417e-01
-6.405451740945624639e-01
6.454560427959270541e-01
-1.443685814793939370e-01
5.070853185440350464e-01
8.714648312139895436e-01
-7.578365452668884839e-01
-1.000000000000000000e+00
-8.441883147557967260e-02
9.540327791289578974e-01
-3.351584253030958083e-01
-7.066178745843814113e-01
-5.719486551913703920e-01
6.880810286985929169e-02
4.066520771905810516e-01
1.000000000000000000e+00
6.411153073948286929e-01
-7.678099808147542671e-01
1.000000000000000000e+00
-3.885461273889970202e-02
-4.646294050188470859e-01
-1.446153441076480639e-01
-2.775477504771061144e-01
-7.879217747294744445e-01
7.194608283870310705e-01
5.278286470453038559e-01
-8.034820202092809449e-01
2.001855662560990679e-01
-9.508054857829240092e-01
3.793811296241142994e-01
-3.104829787670061458e-01
1.000000000000000000e+00
-1.770907860063948014e-01
-1.000000000000000000e+00
-6.869842459683334068e-03
5.486213417421546001e-01
-4.634891627441934947e-01
-7.490547100453939233e-01
-8.076667506730866863e-01
-2.344870539242205898e-01
-6.526566344508055728e-02
-1.187260958822662915e-01
9.486793412875914600e-01
-4.795770188745487328e-01
8.714823882501163133e-02
1.406053485229536576e-02
-6.667488987424191604e-02
4.287438160807931498e-01
5.028538900371148923e-01
-9.337600870457286595e-01
6.956551881324366526e-01
-6.823381980285010417e-01
-6.856133410293501207e-01
5.469317772425444923e-01
-5.753225589266939277e-01
3.984235148209855915e-01
1.711267887141614819e-01
9.455008236314133008e-01
8.401259610142270962e-01
3.032756890105949288e-01
9.555614800877235693e-01
2.058715620424482473e-02
1.683765198261075458e-01
7.986232687250804929e-01
1.000000000000000000e+00
-4.863324840466634047e-01
-1.000000000000000000e+00
-7.263396473467801373e-01
9.181594071076806807e-02
4.944030445536922169e-01
-3.667241674132878937e-01
4.216181203713131875e-01
1.130711478828763245e-01
-8.312751826411270972e-01
-5.311810360177735557e-01
-3.300158587220579087e-01
8.456697087463779239e-01
2.884956142621396963e-02
1.639219144322827115e-01
7.561068516751334734e-01
-5.633192685252077503e-01
-4.668949856044298796e-01
9.337434642033501930e-01
3.084436307041769632e-01
9.553752592790014653e-01
5.313610401607533618e-01
-4.467587604311717975e-02
3.726782342212132254e-02
9.057812277045662608e-01
-5.979040136255907578e-01
9.519911342955884592e-01
3.628437758443480154e-01
6.667691623126070777e-01
-7.153192498053611015e-01
-1.034263943888762416e-01
-8.448262455014504679e-02
1.000000000000000000e+00
9.970295434935010359e-01
-3.333225306255833131e-01
4.353491232475629746e-01
-1.318228514739002155e-01
3.040486249483641545e-01
-5.533271343980684653e-01
1.000000000000000000e+00
2.130465642942451499e-02
-1.000000000000000000e+00
5.430636391696301857e-01
2.056151929538869161e-01
1.000000000000000000e+00
-3.490099424795467531e-02
-9.011716255524444552e-01
1.699292958551505972e-01
1.758167893434690598e-01
2.064874678670263197e-01
-4.711062675014658918e-01
9.635906328357035644e-01
-1.000000000000000000e+00
-4.832853340853811019e-01
7.149327136039724806e-01
2.808920490413118198e-01
1.000000000000000000e+00
8.155420442748539944e-01
-7.280431574082815160e-01
1.000000000000000000e+00
3.980272491750880270e-01
-6.364643794626596573e-01
1.264206758648464268e-01
-6.316850789837276103e-01
-7.214187064473714939e-01
5.186341126419633518e-01
5.624676713512861692e-01
6.942711749462614490e-01
-3.818099651578568121e-01
-3.147673859038377930e-01
-9.063030401825526994e-01
-3.152706133257267007e-01
-4.758887846041787717e-01
7.564595453878926457e-02
