-6.797855711191216344e-01
-7.181009086914038608e-01
7.426297717566897605e-01
7.778563853875267164e-02
-3.432306001384933802e-01
-1.965431519782627201e-01
5.761880404287249569e-01
-1.706238448182854361e-01
5.902849790481778935e-01
1.546517658662582284e-01
-3.537856948827314829e-01
7.045103808001256240e-01
5.477274363234335697e-01
9.520081713198669249e-01
-1.632651863452101726e-01
-3.650339230590445294e-01
2.567461637752940784e-02
1.625714701953849262e-01
-6.764022264500128001e-01
-6.553972434381482026e-01
5.273014099563324564e-01
4.456600838290956657e-01
9.700050462638748483e-02
-2.210188804773011717e-01
-4.721261788377640323e-01
1.000000000000000000e+00
-7.711977301152378450e-02
9.791276426401086530e-01
1.000000000000000000e+00
6.484337247586399178e-01
8.047563693053806366e-01
-5.300125048235937442e-01
5.987678992043236059e-01
9.122559182116536380e-01
-5.241197271137136848e-01
-1.000000000000000000e+00
5.757881269688773784e-01
1.073915106155873128e-01
-6.685356442600025595e-01
-7.671007991519176450e-01
2.344955832276218177e-01
6.150993711870086367e-01
3.893895795938814852e-01
4.529834925291615910e-01
-3.678820578744279035e-01
8.512184607359303268e-01
-9.687167097451173658e-01
6.209687435178962156e-02
-7.684063062185577664e-01
3.455874723337118981e-01
-6.254957303527155510e-01
-9.203237119286664103e-02
-1.856797290070738571e-03
-9.436389718773228186e-01
-7.562616994748018184e-01
3.800380146232116285e-01
5.672006248223242508e-01
-3.772874440674575114e-01
1.000000000000000000e+00
8.198915865898360744e-01
6.122827433928129670e-01
2.260625714901077221e-01
-1.498205173776633314e-01
4.620979882620094292e-01
-1.515372148571804134e-01
8.381858131396092704e-01
-1.000000000000000000e+00
-1.354233158620413713e-01
6.846456275130542446e-01
-4.469031072909186442e-01
1.000000000000000000e+00
8.510593603874152535e-01
2.743030831540451686e-01
1.574870694407838334e-01
2.373037937532556096e-01
-1.000000000000000000e+00
9.644977794254118442e-02
-4.872381468214835865e-01
-1.306852210023396466e-01
-1.847802421738721779e-01
8.719034546498520832e-01
7.140951018747005996e-01
5.559760729204389351e-01
2.246117039604332288e-01
-8.541563374067806524e-01
-7.199314631132261444e-02
6.379998769637491574e-01
2.963931711091588039e-01
7.531048355446681164e-01
1.000000000000000000e+00
-9.132274461682927669e-01
9.627488769308796268e-01
-1.000000000000000000e+00
1.286118848485067190e-01
5.033602148583320446e-01
-8.768899757337631495e-01
9.859766621844072709e-01
-1.505007593126407861e-01
4.178710513640537805e-01
7.831559137732687637e-01
-8.829736505109485600e-01
-2.530788869397304075e-01
-1.035091481251966539e-01
5.667952241216107911e-02
-8.684270418095419997e-01
-2.820167277087280988e-01
-5.459512368115391201e-01
4.842624657209401717e-01
1.132341010974904499e-01
-2.757139407240610449e-02
8.947776359884039854e-01
3.958455480220847145e-01
1.000000000000000000e+00
3.651613064483812954e-01
-3.522277423691783094e-02
-9.856868163990238907e-01
-2.836902783868172628e-01
-1.164861018159607797e-01
4.494282378984608139e-01
7.269232668468379455e-01
1.941498544465383724e-01
3.003422432596147273e-01
-8.204514546162561262e-01
1.834836818383510371e-01
-3.874501108503847213e-01
5.580004072988672958e-02
3.025328956632218347e-01
-2.710524123458273871e-01
3.843442848072825546e-02
5.336673354802630165e-01
-7.455948758306183421e-01
8.959681456963020096e-02
1.621633276587085004e-01
-2.373282673399401133e-01
9.407556620376684997e-02
-3.458925768326875927e-01
-8.892639613098523022e-01
3.779601562689000605e-01
7.914501026045336340e-01
-5.386259436122714517e-01
6.587284598783689216e-01
4.528251242320153191e-01
-4.331938183357619265e-01
4.796213879226408627e-01
-8.981096022985191052e-03
-8.697995381132130888e-01
-1.000000000000000000e+00
4.001304736501416492e-01
3.521644220019673477e-01
1.468424692738781734e-01
-1.979125914954575627e-01
6.567446212700069896e-01
-6.741650331843199728e-01
-5.245598533332918034e-01
2.627869609760716818e-01
-8.943878093497678039e-01
9.145060668239477497e-01
7.719060662583283605e-01
-3.201137111850336781e-01
7.024091494277584502e-01
-8.857556634263810125e-01
2.660391619529447471e-01
2.377538676805652784e-01
7.621499110283032064e-01
-2.297885307424623325e-01
-1.306876632496246360e-01
7.068317102387735584e-01
9.597380104635566678e-01
-1.116571141612330287e-01
-5.676870177869328682e-01
7.958207289822060160e-01
3.008701685315108287e-01
-7.066203653177567379e-01
-1.000000000000000000e+00
-1.338606820518259410e-01
-1.000000000000000000e+00
4.828272145884696664e-01
-3.274279209524923462e-01
1.895186494738081151e-01
2.382907429052293358e-01
7.595769852142492118e-01
1.086941150894803337e-01
8.268613773715285387e-01
-1.000000000000000000e+00
3.708315747134611762e-01
8.145308053697613015e-01
6.574785039539431386e-01
4.268164275269846208e-01
2.502105924192840058e-01
3.207871063730861616e-01
-8.153133072259205472e-01
2.881201429604217656e-01
-5.400794982610762629e-01
1.000000000000000000e+00
-5.599900097990166969e-01
-4.099999707219561529e-01
-4.459518389796708893e-01
2.701359857542325743e-02
4.996207171044478312e-01
3.378726656211933910e-01
-6.829519697090907782e-01
9.094611201809720269e-01
-9.184839488411771224e-01
8.137860196230105592e-01
4.143474849131908999e-01
3.196309331710147084e-01
2.972097791177247261e-01
-7.803080140977654011e-01
9.136075606282445527e-01
4.920388582206587369e-01
1.000000000000000000e+00
-5.276399787214804959e-01
8.912907844705850735e-01
-7.213575445773886541e-01
9.089305480891648470e-01
-7.536617864948762513e-01
4.211931162743030033e-01
4.371616343905351254e-01
1.545098101568001536e-01
7.391360704584021279e-01
-1.754802655224104169e-01
1.816824035118704272e-01
-5.466554128349006003e-01
9.315388368808379393e-01
8.788530594813583896e-01
1.944760471952407255e-01
-1.005756222831415692e-01
1.855342438774526814e-01
9.492860928340662863e-01
-2.164502904222637969e-01
-2.989224957927004156e-01
-4.346527487641466125e-01
3.948395335181423271e-01
4.532877294196430706e-01
7.743605645302689133e-01
-2.434066281544347565e-02
8.515451227511087184e-01
-6.268098615040537114e-01
2.082959308300206258e-01
-5.544496876509288352e-01
1.972227304576101847e-01
-2.089536275506523044e-01
-9.766576511021967111e-01
-4.974852232797335461e-01
-7.239922468210774342e-01
5.251828465267005530e-01
8.487116675004102717e-01
-3.992291391889191687e-01
-1.308780525599356759e-02
-2.186875802914135247e-01
2.892405919855797064e-02
-2.400729119144891233e-01
-8.467912705893675118e-02
-1.000000000000000000e+00
1.716577824779356720e-01
-9.219093247301664018e-01
-9.506325428252532239e-02
9.366788444446229045e-01
-6.320665367761749143e-02
-2.651218586525989074e-01
-1.573682230527014003e-01
9.213399574332881148e-01
-7.590170099730223496e-01
4.091496510217239035e-01
-1.000000000000000000e+00
