-1.154239497865272579e-01
4.136576387113802822e-01
-7.900529348324951684e-01
2.034714701705739870e-01
5.282251385868752536e-01
3.970846401239234158e-01
-8.944578143069663589e-01
4.803188006326992721e-01
-9.763978845794633044e-01
2.067733220983463127e-01
-1.685208995573093393e-01
8.448748044482440323e-01
-4.705620068154225955e-02
-4.590963307113564706e-01
2.009925118649436016e-01
7.076594179217390868e-02
5.074598354999946270e-01
-9.149549920053547947e-01
1.336188179812821675e+00
1.183158495939339722e-01
2.489443220826725867e-01
5.655162736507696186e-02
2.707635132054482252e-01
-6.345566406165978890e-01
-5.772535625039240115e-01
-4.219244541348527999e-01
8.530161954032702276e-01
-9.373417115778521769e-01
-7.060202727751057061e-01
7.075557809351302740e-01
8.958808151196472336e-01
1.314892882053710910e-01
6.160364656271877237e-01
4.377972071207539839e-01
1.966437937451729345e-01
6.742482868124317630e-01
-3.455509016293101809e-01
6.097869262593236250e-01
7.743979017489217576e-01
-6.202727464602184604e-01
3.367759333238125596e-01
-4.159013195707182420e-01
8.481443745469308126e-02
-2.812017603124770115e-01
-3.839851396669036188e-01
-9.636701136811381962e-01
4.286577108454743268e-01
-8.090770065280430412e-01
4.340369839346908121e-01
7.456178762126783877e-01
1.954333240235914815e-01
7.452183162779812964e-01
1.084146551367225486e+00
-4.175597816201446211e-01
-2.314961056340285595e-01
-1.595124635586107620e-01
-2.609712987951154362e-01
-1.021795658971701881e+00
-2.960573277269182846e-01
3.065516192423921593e-01
3.867861265230708723e-01
-6.845368393065288659e-01
-9.048385096823914342e-01
7.557920665546670469e-02
-1.025255510890095145e-01
3.619372476368127312e-01
-7.284347400643074177e-01
-8.459990454130845716e-01
7.320696580670513764e-01
-6.590122925818593380e-01
7.152842376800796487e-01
8.920248206404559621e-01
-1.006067723616230536e+00
1.918259930259680612e-01
-6.732775490776097271e-01
8.225094887321220405e-01
-1.804744566110642601e-01
-7.402121783115285514e-02
9.389282804742287158e-01
-4.355308413298745185e-01
-1.333659015626220967e-01
7.798742527919203527e-01
-6.841368118979733737e-01
5.643129254331626932e-01
7.619065421519535253e-01
7.779522842261066273e-01
-9.572115943254265735e-01
-3.891591562286651484e-01
-6.380950330583814445e-01
6.960884070017676617e-01
4.168540321948076555e-01
4.514866099112938569e-01
-8.681395151838338098e-01
6.692312014965545730e-01
-1.082513545835317892e+00
4.419181800008051830e-01
-3.524783801865932209e-01
-7.636274435143149963e-01
4.092381080850148733e-01
-9.044470113515059584e-01
-5.211362716243697069e-01
6.940410748662131368e-01
-7.132731054254171088e-01
3.477933142574677894e-01
-4.569952022890706456e-01
-7.887808240832444584e-01
-9.351916573829854862e-02
-4.612134211890198121e-01
6.409013330983684975e-01
-4.126784116383390710e-01
4.634698172076845424e-01
-2.545530144396289662e-01
6.683695061676045990e-01
4.938847358258688369e-01
2.238871057543563581e-02
8.787397286305710375e-01
-2.560625645030741859e-01
5.434762237331525192e-02
-4.060838000948037152e-01
1.316447810148990150e-01
-7.385427798387405041e-01
-8.320732160825177193e-01
-8.866410811353599986e-01
-1.558960478814546136e-01
-4.330267006542165564e-02
5.596569570023869344e-01
2.456498599707288566e-01
-7.432623183206605866e-01
5.579123076529504122e-01
6.239948104875125967e-01
5.308235206081344248e-01
-9.013650516222861953e-01
-8.802617845763711646e-01
3.977837615588738496e-01
-3.916220541990345083e-02
-7.900262865853092675e-01
-9.765802742881302123e-03
-8.904960819058211907e-01
-1.233606447177990617e-01
-2.435700171510269130e-01
6.129698607988334214e-01
-5.493563240066690057e-01
5.463410617948660786e-02
6.847438207489657813e-01
-1.926978594585993521e-01
-5.687352196332657872e-01
-5.500038357909707853e-01
7.792714711214361323e-01
-1.927994132010835138e-02
-1.366612550784839508e-01
-7.852451892557101853e-01
4.779973254469969124e-01
-7.305480177647865059e-01
2.804451580853288828e-01
-2.938446105639274109e-01
1.620229245061775014e-01
-5.346708085386095988e-01
-2.964913071683404622e-02
5.748838408196474958e-01
7.499903726967371842e-01
-3.474603362088196645e-01
5.265221381264091338e-01
2.937503282049052089e-01
9.175943130835397810e-01
7.176458204833855437e-01
-7.844998632209518874e-01
-8.939254614231925133e-01
3.294169181976558392e-02
-1.074948006409464675e-02
5.119774513175053832e-01
1.301590004234010056e-01
3.584465635351465895e-01
-5.119070891140298230e-01
-9.447344952762029013e-01
-5.055954450167088332e-01
1.106717336373638894e+00
6.009898864792158069e-01
4.108056784294070729e-01
8.702335185389925565e-02
-9.808210498785040199e-02
-7.986136331586819459e-01
-8.186322863262354144e-01
-7.938231749003745730e-01
7.216729354760151871e-01
-7.792129100207381143e-01
6.607248743456731743e-01
6.899928395847121365e-01
-4.544856965647425806e-01
-1.070050461552867205e-01
7.474664926650210761e-01
1.049678960990190646e+00
2.191734426837306238e-01
5.840946250234798631e-01
9.119321559676908384e-01
7.661931216331447914e-01
3.025808463621391942e-02
3.451303730839000439e-01
-9.989910618561943512e-01
-4.513533541971427310e-01
9.681977757483641867e-01
7.398240937253663940e-01
-2.435416351014415837e-01
-8.758384747176645169e-02
-3.661356040845757942e-01
-6.649180105598557766e-01
4.269806549608770041e-01
7.471109664912749526e-01
8.930691472606271386e-01
-6.462768844754718245e-03
-1.495478875608921288e-01
1.647317191618597465e-01
6.892797624365027964e-01
6.717431242181411966e-01
1.390641022419291384e-01
-7.234579303993273758e-01
-1.499121815315082873e-01
-1.689490345428310558e-01
6.741582808562152085e-01
8.090837487103819115e-03
3.450228243098265590e-01
-8.164519019970783997e-01
1.306568963525495397e-01
-7.964109219238033055e-02
-6.141941673247270916e-01
-2.461333017589954764e-02
-7.318902678288644603e-01
3.647468284556192042e-03
-9.889780376101607873e-01
4.866270753811722805e-01
9.586329754777539458e-01
-1.209101245095103860e-01
-1.106956755457001590e-01
6.951721430692983095e-01
3.797656211166482443e-01
-3.657009643187948411e-01
-7.847003002441788055e-03
6.608085588554502010e-02
5.163413303146087152e-01
4.397800747394300935e-02
-1.355525255983676125e-01
-2.103764205887325156e-01
-2.134321081297232137e-01
4.139822333393339271e-01
7.132504941712658475e-01
4.248555652464853782e-01
1.934631070358724947e-01
-1.041495700561888282e-01
-5.342231914800599224e-01
2.386774431414497577e-01
2.747480087245906533e-01
2.649053843614893045e-01
7.530555690759475063e-01
7.492495010427397961e-01
-1.066891419082049430e-01
1.754529172837844889e-02
9.162318428164352158e-01
-2.547850156195126670e-01
-5.961369389789065165e-01
2.850089622314906923e-01
-5.638966809395591362e-01
5.672835920865308967e-01
-1.511004597102175162e-02
7.675103717334307296e-01
3.535173181532236253e-01
-9.843747986961641772e-01
