2.952671986106929491e-01
1.083849311769554680e-01
-1.000000000000000000e+00
5.299290092727292345e-01
-3.445768584450080718e-01
-1.017119063496185749e-01
-2.486123263471928801e-01
5.869065127523542813e-01
-1.000000000000000000e+00
5.028606708706564454e-01
3.125114955298518016e-01
5.059214959017415136e-01
-7.216953776239487528e-01
-3.825320403492720178e-01
-1.594870068892057513e-01
7.273255002500025324e-01
-1.000000000000000000e+00
1.000000000000000000e+00
-9.559072362571324755e-01
3.186664568785335105e-01
-2.212223897476785217e-02
-5.123355299228254944e-01
-4.056084853310679694e-01
1.000000000000000000e+00
-4.527438425057429550e-01
3.687960584078597837e-01
-7.823245116846322400e-01
8.305099919177781898e-01
-4.933532073748674307e-01
-1.000000000000000000e+00
5.549565954530764067e-01
3.587372766660656964e-01
2.947691245235901647e-01
1.762295911109832414e-01
6.105522757173549309e-01
-1.189542809851056038e-02
-1.000000000000000000e+00
-1.000000000000000000e+00
-4.042675931327783800e-01
-2.925049982139045213e-01
9.439859846050180359e-01
-8.806849305954358442e-01
-1.479846340829251705e-01
-9.603354597587421271e-01
-1.843777190770176655e-01
4.860143869741664346e-01
-1.000000000000000000e+00
7.446395606175013615e-01
-1.848159069468890969e-02
2.334162344304392955e-01
1.000000000000000000e+00
5.790118850812606688e-01
-4.432627888921428227e-01
-1.000000000000000000e+00
-8.148058252738681340e-01
-1.000000000000000000e+00
7.419253701335312146e-01
6.304734437439868389e-01
-7.501346979475280730e-01
5.180596912552095645e-01
-9.235776471644077112e-01
-2.338648167416546853e-01
4.036040648369645378e-01
-1.990107165486159069e-01
9.334378049614252548e-01
2.304623239331671236e-02
-1.000000000000000000e+00
7.804893888043737959e-01
4.398512721666403280e-01
-1.784526405508413127e-01
4.229460154905939628e-01
2.757832331236474976e-01
7.577854764921254649e-02
1.450084643879065993e-01
8.580518389544371516e-01
-6.236750156575876503e-02
-5.083334532455650034e-01
-2.073310380236932371e-01
-1.000000000000000000e+00
1.000000000000000000e+00
-1.621761366524205883e-01
2.120943368446814858e-03
-9.552775540817601829e-01
1.000000000000000000e+00
1.805769235685943386e-01
-9.733840475126482872e-01
-4.377868771318071950e-01
5.626574646730400087e-01
-6.635045954656004774e-01
5.428034133799315430e-01
-7.806875690629626607e-01
-4.846490963486979053e-01
-5.450684687038878096e-01
-6.287965700046422857e-01
4.502785501790442790e-01
1.230899041443358488e-01
-8.261563020511729638e-01
-2.791746199337632461e-01
5.066492106558000419e-01
7.423697362798751254e-01
5.882341223040932210e-01
6.336338824814005122e-01
-3.362320449721905025e-01
5.188318448002779970e-01
-4.477229054469787917e-01
-1.000000000000000000e+00
7.852612928918980550e-01
-2.848070832604161495e-01
-3.241836890113285463e-01
-7.975726757575487547e-01
-3.147365934753814098e-01
6.572310937445777768e-01
-7.098494754433297693e-01
-6.271800920186536565e-01
1.533693634040098064e-01
2.852892766816286230e-01
-3.797290910376269757e-01
2.061569766837250128e-01
6.469181370233750838e-01
-3.932653617430565962e-01
-7.136061409583493997e-02
3.181214279475883533e-01
-8.796931701446388807e-01
-7.133379200368517026e-02
2.099158168053023577e-01
-2.687927351367698225e-01
2.592304033623977766e-01
7.993191852506438266e-01
-5.301143084331267907e-01
8.622374909868435466e-02
8.029062226726879636e-01
-1.812871515062262073e-01
5.227847854948247663e-01
-1.040440382061447178e-02
-5.513283336979188931e-01
2.992981469095082891e-01
1.000000000000000000e+00
7.644671458009348886e-01
-3.970173532875962419e-01
-1.272831621363259558e-01
1.000000000000000000e+00
7.845660782413539369e-01
-6.485348624257432082e-01
-1.640970263373828786e-01
7.972348411131893187e-01
-8.313757990722885349e-01
5.071804632604770546e-01
-3.635700144796689681e-01
3.142691633744965074e-01
-1.026173756877983845e-01
-6.574888147038953079e-01
1.689627493944061420e-01
-1.444292681436858405e-01
-4.923897695277348330e-01
8.777198116983637721e-01
-1.092956719273728838e-01
9.228189599105660612e-01
-9.076057934911994085e-01
-2.022845023942249076e-01
-3.001897026451176842e-01
1.000000000000000000e+00
-4.749295874763090897e-01
-4.198927001082086718e-02
3.888792177163469255e-02
-4.145797737590521947e-01
-7.678168204514288497e-01
2.641870050722557872e-01
-8.642065612766702820e-01
-2.901084027131994869e-01
-3.915608627037769907e-02
-5.391641114435306026e-01
-3.543228011174406333e-01
-1.000000000000000000e+00
9.168040978097555804e-01
-8.496579013321123863e-01
-3.261519887368313775e-02
5.881295834860591487e-01
-1.000000000000000000e+00
-3.719093104042003883e-01
4.042643714622051743e-01
-1.000000000000000000e+00
7.704184758995726856e-01
7.669628122402909476e-01
7.586201704725168415e-01
-6.463709982005501065e-01
-3.717993276882296527e-01
5.094937367196277211e-01
6.548182993878656211e-01
3.840002218631932696e-01
8.335056623866523573e-01
-2.833715187451824047e-01
8.149171041971197127e-01
-8.917429125777158738e-01
-1.000000000000000000e+00
6.563819717768830664e-01
-1.387998911849464001e-02
1.565613716490261709e-01
-3.629943202592800233e-01
-4.802874049866213690e-01
2.832430199988245079e-03
1.000000000000000000e+00
-1.856980669572094733e-01
6.098690300718714319e-01
5.232379337445203227e-01
7.746228176914127239e-01
-6.453298081531708696e-01
-3.121289499195811779e-02
4.005832008122269250e-01
-8.135838108819366532e-01
1.000000000000000000e+00
3.439830110734128921e-01
-2.794650339999555921e-01
-6.130157516631520309e-01
3.356853332585864602e-01
-3.299683647808385745e-01
-4.282434167199322683e-01
-6.898951641714879957e-01
1.330116078937508828e-01
6.032266637337264648e-01
5.812542711651604854e-01
-8.478935100422818616e-01
3.567751276448138942e-01
4.298397635759936275e-01
-1.527969899352339400e-01
2.994716984834279172e-01
-3.601594885212699992e-01
-8.897706029767817881e-01
5.051034788395284414e-01
-1.892043415879683943e-01
-2.950701126758124015e-01
4.366083034090571524e-01
9.443731703527971089e-01
4.657328192273674783e-01
8.982580843425287398e-01
-5.008761060228001938e-01
4.143814934424829843e-01
4.109140746401080957e-01
4.536107079525120156e-02
7.886943721317467570e-01
-7.169405375481111009e-02
1.000000000000000000e+00
-8.894650488896340690e-01
-3.733116803548039986e-01
-1.707825613946001297e-02
-9.041471397687474987e-01
3.680652746787682617e-02
-4.669913212766769739e-01
-1.763893105839269282e-01
-1.000000000000000000e+00
-3.034824465684333727e-01
-1.000000000000000000e+00
5.711817254284365930e-01
-2.289240358527488972e-02
8.440847032966991570e-01
-5.891818085238298419e-01
-7.230777642981622844e-01
-1.000000000000000000e+00
-3.486523791956974705e-01
-9.869216401812384021e-01
-8.052518266761945487e-01
5.040991647537383935e-01
-6.346892311961540578e-01
2.148099273745239790e-01
6.949344023753543098e-01
7.957590082327457015e-01
