8.472750242748470217e-01
7.743844556448959970e-01
-6.787375315973929180e-01
-4.521281983094551649e-01
-9.317354968305830987e-01
5.507886359855007630e-01
-6.087906904864182067e-01
1.323838297993120694e-01
6.414891947792835669e-01
3.330047279859680298e-01
-6.456136145695925421e-01
-9.592544211673676990e-01
5.413657925053150244e-02
-8.711855745940315643e-01
9.537355910736478037e-01
-8.931670878016400028e-01
9.485102444663811028e-01
-4.708622616758519897e-01
-7.765123609736106491e-01
-3.839969438968426907e-01
-7.209742448412796989e-01
3.756029530165179153e-01
6.534580772224751755e-01
3.082181276612816490e-01
5.701788127917422067e-01
-7.429793762188152684e-02
9.625535248971670566e-01
-1.210466551081514908e-01
1.726667829870927040e-01
-7.821560889217566981e-01
2.635042717618272246e-01
6.649137702336105349e-03
-1.961313633883101648e-01
-6.599424907418662833e-01
8.902687328348410922e-01
4.548624740171733905e-01
5.686373411553613533e-01
9.241150862406353195e-01
9.063563186715040132e-01
-1.365657962543871395e-01
-6.806438258613400905e-02
-5.017173485532193666e-01
-9.105442893272053251e-01
1.261634154640929317e-01
-7.096774615539001019e-01
6.161941262650736384e-01
-4.011005425019802395e-01
-3.777418399575818153e-01
7.051048137457154308e-01
-3.824521944539918117e-01
-6.786319804469682637e-01
-3.737976408287206898e-01
2.851284602827002246e-01
3.084215285728004741e-01
-1.511801187051273754e-01
-7.937695407831812933e-01
-3.874660802345266664e-01
-4.512680720971027348e-01
9.426917107978796118e-01
6.497481081121259106e-01
4.133905570404627916e-01
7.107287549663507953e-01
-7.868145738943796985e-01
6.674409295830794342e-01
4.798986832763714183e-01
-8.594321227505390404e-01
2.535332347372021289e-03
-6.194089068074448701e-01
-4.352317379111871887e-01
4.954996669410274279e-01
-7.544336024563993437e-01
3.838454176968486564e-02
2.814795519767563370e-01
-9.987801721665776622e-01
-1.778520523625799488e-01
4.022446193041844253e-01
-4.373874278973344243e-01
3.244430337251191787e-01
2.682202104981601387e-01
-9.906779264150014086e-01
8.292958234004665918e-02
4.464127368415609087e-01
1.935227184409362700e-01
5.209909163196433379e-01
-6.954428637294480797e-01
-6.340084387668452059e-01
-9.233934285197078484e-01
9.583019950172535495e-01
-3.499218647882229583e-01
3.777049125492459858e-01
-2.074037885832547001e-01
-9.113881536484502721e-01
-2.185680829661076352e-01
5.940548755299221995e-01
-6.431167196785354534e-01
-2.990919041922164290e-01
1.966148457261382987e-01
8.489193513121202628e-01
-7.711328730682567301e-01
-6.923926463197529468e-01
-3.285208279288247546e-01
3.155585817507460256e-01
4.204292003828120627e-01
-5.506160278572136413e-02
-2.954950602131056758e-01
6.116680370514664400e-01
1.005435757065729074e-01
-8.006275029234313223e-01
-2.092527443008509458e-01
8.598199337216285709e-01
5.128428188793645592e-01
7.679003652707072636e-01
-9.828488176430556500e-01
-3.572865483796592301e-01
-5.504522089371708393e-01
-8.938107523352718520e-01
-7.387202652225977051e-01
1.560776038127849041e-01
-6.192332214577642713e-01
3.662088180179725594e-01
-5.703770951243021248e-01
5.972717015212498648e-01
5.889874534239083470e-01
8.856028837414120503e-01
6.321829385201267471e-01
-9.726589630732263014e-01
-9.741063089083326076e-01
3.651472691735171416e-01
-2.631119195325033466e-01
2.289482096674233524e-01
6.945839922741756656e-01
7.846510125886274611e-01
9.693090112219835408e-01
-9.182362797043519542e-01
-6.513134809061038588e-02
-1.360425216227401091e-01
4.436278821347408030e-01
7.398536519337286510e-01
-3.122347496834407821e-01
8.644103089998456113e-02
3.195615243225962132e-01
1.923499118572564726e-01
7.976606622540109992e-01
-3.406202943610003864e-02
7.523344750311804496e-01
5.601304379583873505e-01
-2.825746925692289580e-01
1.802463183798568291e-01
9.652134141898001118e-01
9.784255162622161883e-01
-5.830747319765445802e-01
-9.050793047428737914e-01
-1.222372255695352017e-01
-7.197970940012066166e-01
9.100535918736785135e-02
3.399564856727945727e-01
2.345949307317125587e-01
-2.590696393818918697e-01
-3.735347879548023275e-01
2.641425114801418950e-01
7.367076663174414453e-01
5.520124859438801934e-01
5.116893357010199317e-02
5.846004201041608006e-01
-6.098789962379025376e-01
-4.889205533006286686e-01
-8.963618037003862060e-01
-6.764673633275664066e-02
-5.177530070766729331e-01
9.566968124044292754e-01
2.851890662482541305e-01
-5.836464576843523044e-01
7.092800355768504872e-01
9.401165694324524758e-01
7.513549057834745248e-01
-8.826711112652940727e-02
2.104301454522301551e-01
-6.031578944125883801e-01
1.163493492287457354e-01
4.835728641166106012e-01
3.205533255146404414e-01
8.098553974868758498e-01
-4.456234187892200715e-01
4.078646678730273312e-01
-4.654291269729693425e-01
5.000252141019070340e-01
-4.114254167667046325e-01
-1.083938696605983854e-01
5.414820031477529660e-01
3.051772559389998030e-02
3.367832699627757442e-01
-8.593180224462502181e-01
-8.603633334357096984e-01
2.477055980061713125e-01
-2.274303710120573196e-01
1.998214828043900493e-01
-9.186344916837803076e-01
-7.952848174998436992e-01
5.168481468475332186e-01
3.784788094428042093e-01
-1.668865284230078849e-01
3.177160494643773703e-01
3.883371967051316709e-01
-6.280465125924383774e-01
3.853901693350585411e-01
-9.915541059025461124e-01
-3.667752206492971290e-01
-2.059914128517559284e-02
6.805624298554060481e-01
-2.423032490412830864e-01
-8.656896853288278404e-01
5.642741418521186603e-01
-6.909197461136384888e-03
8.580730616855603010e-01
2.410683235161723559e-01
-4.736203430836638528e-01
-4.754499610240021656e-01
4.610279993160479872e-01
-1.393669924797080739e-02
-3.081293169452259395e-01
4.154458482313618806e-01
-6.919013501424278179e-01
6.446004162629801471e-01
-1.539786902391175882e-01
9.687036035318188354e-01
-5.042349610005070204e-01
9.498021490685031321e-01
-1.719093756521727911e-02
2.615724593822339461e-01
-6.999227743242102395e-01
-1.696125654129116977e-01
-4.172885584379502077e-01
-9.505230377729265712e-01
-2.790233290130177402e-01
4.637366284015769224e-01
1.695583846928161442e-02
6.559231636422924172e-01
8.330851632128291051e-01
-3.024911871649280659e-01
-6.188950525457204144e-01
1.844769416827674036e-02
-1.267231412036402549e-01
6.534043252489016851e-01
-7.568968078958639989e-01
-6.531550416730447228e-01
-5.235767701613611713e-01
-2.763643695896365049e-01
5.189464695143470863e-01
-3.604182497457397716e-02
3.207907485553322946e-01
-6.317531765292851986e-01
-5.711215649334044908e-01
-1.474101383081520833e-01
5.456112103357535492e-01
8.008742090864122698e-01
-3.356062899694558510e-01
-6.539503994726489911e-01
3.703620686295658881e-01
-4.804825386714721702e-01
2.164471104938481272e-01
4.187727837820476307e-01
2.632424102832335855e-01
4.592380076874147399e-02
9.359630378859979949e-01
2.073740834120374465e-02
