-6.750214588810370397e-01
-1.000000000000000000e+00
-1.244409218390813004e-01
9.844330010777210260e-01
8.153140887682693849e-01
-6.467827990744094979e-01
5.905406529125520887e-01
-1.387534468178957536e-01
-6.950390732006700434e-01
-6.983027829187103963e-01
2.589244629275518350e-01
5.747219653828119501e-01
-5.577139348786722683e-01
1.186694489589073809e-01
2.211396815081974332e-01
8.277352061346611167e-01
-6.049847763099587272e-01
5.160464146995943358e-01
-1.068526145395326532e-01
7.997872069671030371e-01
1.219462866518424282e-01
-5.679242081158061145e-02
-5.286818119219720558e-01
-6.369662812716598843e-01
2.554741167691241266e-01
6.461777736423575391e-02
-9.117829108948415362e-01
2.854114392301121406e-01
5.740929231093999663e-01
-2.545196541481432595e-01
-9.953111923331776634e-01
-3.286399075380134344e-02
-5.465946663689170704e-01
6.363275726162267443e-01
-4.779440808057995871e-01
-9.035157569211762496e-01
4.898421155700043994e-01
9.844439058134930587e-01
-4.077967631160117068e-01
-7.086052864161836995e-01
-5.873913147204623542e-01
9.718001977406772740e-01
1.935781441974896433e-01
9.917385611556499558e-01
3.258763253381939951e-01
-4.238059666347048782e-01
-3.228577438455039750e-01
7.256782873173391879e-01
-3.190034452090029782e-01
2.363055662008743951e-01
2.654695281374493954e-01
-9.912545566079287163e-01
-3.239133515603858648e-01
-1.751706453383748696e-01
4.034631536911578165e-01
5.128787858378146547e-01
1.102783918377043537e-01
9.458106323503640001e-01
-8.689490495746293730e-01
7.904426182809417556e-01
6.911552800652800421e-01
-7.008078626915881237e-03
-5.770764940225395767e-01
-4.858835586874346024e-01
-6.599351916622508973e-01
-9.662216159641368041e-01
9.443104486516666896e-01
-6.333714884178162086e-01
8.464903569875456002e-01
2.306571863793471511e-01
-9.370371376477656389e-01
8.714727669056656634e-01
-2.647111174482825735e-01
8.282579085179435641e-01
-7.990280007402735807e-01
6.266694400042903679e-01
2.426093821418642826e-01
-5.010194162460975820e-01
-2.066734800561216556e-01
1.658295397859372022e-01
2.444387155499644082e-01
-3.321677030058865498e-01
-2.987014309887809360e-01
2.696820245413440037e-02
-3.560494990223255773e-01
5.080667573729481523e-01
4.178274507243212588e-01
-1.574168165615121573e-01
-4.901560682461272300e-01
-6.810383794910014332e-01
-9.936435895589477985e-02
1.323545870390487565e-02
-5.334876346813737236e-01
-3.314169340999897351e-01
-9.938168341626177904e-01
4.831701184730777809e-01
-8.081978949755155295e-01
3.062522885992239874e-01
1.114692092427865683e-01
-8.000913418947498412e-01
-9.907547234495944766e-01
4.526857520107504390e-02
-3.581487549816252947e-01
1.722661335046330733e-01
-1.000000000000000000e+00
-1.432961212219710789e-01
5.706135104456772078e-01
7.538828108373797354e-01
-9.432568607621260037e-01
1.468907100582788061e-01
2.126703715246084370e-01
5.902960214189681976e-01
7.926609747476290879e-01
9.755661285693902895e-01
-7.428745570283904476e-01
-7.959440797066572593e-01
-9.240129910752213904e-01
3.828120131060874787e-01
2.323403721812553335e-01
7.742803741133739148e-01
9.233935694908778080e-01
6.982132205060930241e-01
-4.063195598262997477e-01
-4.310188869631833564e-01
1.000000000000000000e+00
4.535859572005939144e-01
9.640668946157989749e-01
7.621712774241415356e-02
4.408011682427598887e-01
-4.627677246741418449e-02
6.875304188152853158e-02
5.289244267394399568e-01
2.787917602384047400e-01
8.010898674563085575e-02
3.834905042217121030e-01
2.154650646333814423e-01
3.466077606059803640e-01
6.594456207858790352e-03
9.159059007096387317e-01
-6.914422109340394584e-01
-5.849617235979308605e-01
9.995737020521898719e-01
2.136404031255477176e-01
3.168419639214019035e-01
-8.547913725364165716e-01
5.405110218302584535e-01
7.902648659984067292e-01
-4.229227919894134047e-01
4.566559261382998058e-01
-7.346063210647435504e-01
-8.817851332125256070e-01
-9.287675980433135470e-01
6.004111596094697800e-01
-9.418190561205637135e-01
4.813255821195786543e-01
-9.986453070009367883e-01
1.348468082104547217e-01
-9.335738967696499691e-01
-5.245685297091052801e-01
-4.677843923710764962e-01
-8.646005312542305310e-01
-2.944687501439132715e-01
-5.051505702944938392e-01
8.987134574357571459e-01
9.584673450258354155e-01
7.802327502062408882e-02
-7.004975558832390314e-01
8.629882140660041223e-01
5.451719020693754914e-01
-5.233663364984198624e-02
-5.511931151135182061e-01
2.388071269096303240e-01
2.919939176608475906e-01
-6.549205514267306683e-01
4.010762336957108820e-01
4.947376412880591379e-01
-7.530883193489560368e-01
7.885450668375053596e-01
5.818824192088809522e-01
-8.064402558265183485e-01
-5.877428176270826227e-02
8.456785618238272795e-01
-4.586342908646580674e-01
3.291861575216056268e-01
-7.913496372464907669e-01
9.293491436991218047e-01
-9.823512721521360236e-01
7.324821869242226224e-01
8.246879069271538520e-02
3.783343947420202968e-01
-1.000000000000000000e+00
7.708675964949730508e-01
4.066353958661655943e-01
5.139191705428579615e-01
5.930113757231476601e-01
1.000000000000000000e+00
-7.537405833324779536e-01
4.698672547137918154e-01
9.823254420476025262e-01
7.780488706109827124e-01
-7.877657445232846278e-01
-2.819444604903054846e-02
-6.794739691114601854e-01
4.808157968422097084e-01
-7.577944257323683541e-02
-7.047276664794946965e-01
3.038865938653549370e-01
-3.982219017865659128e-01
-1.000000000000000000e+00
5.339606909186755956e-01
-7.267411531035312677e-01
3.916706414119800472e-01
-7.868580459346905531e-01
2.209877242519385776e-01
1.393838127524412163e-01
9.252951870197448914e-01
-9.762579731397922345e-01
-7.113765336820609964e-01
-3.207599226199520093e-02
-3.797598599179067280e-01
-1.285340535340771806e-02
-8.597133910751567076e-02
9.949520721899173248e-01
-8.007511699669325189e-01
1.672944178906477231e-01
-8.866861798005445383e-01
9.302683599922434432e-01
-3.483283212431453335e-01
-9.357098510201600217e-01
4.536846888976803771e-01
5.413916135087714077e-01
4.308803445317305192e-01
8.300868652453879948e-01
7.055743578945072869e-01
-2.646133648966323415e-01
-3.639842227937115093e-01
3.280817015921078106e-01
8.792695461335049423e-01
-7.700118766940591275e-01
3.063532838058180552e-01
9.751149161456806880e-03
5.227867896387403679e-01
8.692792665140703923e-01
5.218260627824398146e-01
2.326700004692848767e-01
1.421475188212122653e-01
2.939446031694492034e-01
-4.481260815733143499e-01
-3.276483776798081449e-01
8.594161159078880230e-01
2.053029772854685076e-01
6.186407693533462204e-01
-9.953003792371517555e-01
-1.648692695955902288e-01
-2.786569647632447522e-01
-3.683977516250830919e-01
-5.550449913102747379e-01
-6.963960655452683390e-01
9.494150613984984055e-01
3.591703560815415197e-01
9.640927200284769016e-01
-2.860707423716348785e-01
6.070422249454989760e-01
5.758359770199975580e-01
-4.925718089147224088e-01
