3.701392827620066939e-01
3.216428818709087256e-01
-6.857042447986235745e-01
3.564226584724448088e-01
-4.833223318769603871e-01
-4.293552597383174518e-01
3.258697554422429477e-04
4.342315610446079166e-01
1.000000000000000000e+00
-5.008528131062690569e-01
4.363373522585334285e-01
-6.696006181856126727e-01
5.624451212049925708e-01
-5.296071601965710585e-01
5.391625991946420449e-01
1.000000000000000000e+00
6.495226637332703890e-01
9.417470253853641449e-01
5.080823036781212387e-01
-1.105926697725203578e-01
-1.000000000000000000e+00
-4.561983419128323725e-01
6.029634254677345151e-01
3.220011671503166806e-01
-6.565922223987270545e-01
8.080999639018420222e-01
2.893809970889655858e-01
-1.539247556413251838e-01
-7.762604332639915228e-01
7.670213770848046675e-01
4.441134991885594685e-01
-4.673491112342229581e-01
-3.240716929385073497e-02
-5.657010474226162877e-01
-9.273139894831394781e-01
-8.185018823191880788e-01
-3.056519292672013610e-01
-7.268382353066784596e-01
4.648331454289077458e-01
-6.225014741087770975e-01
-2.798111524568505648e-01
-7.230416173100611132e-01
8.943768593539715983e-01
-3.676340935717359315e-01
-2.980389794523761182e-01
-3.641408455522503473e-01
-3.201668815199676388e-03
-1.386679118040757830e-01
7.205635785631101520e-01
1.000000000000000000e+00
-7.290166565891176287e-01
5.771315819167688321e-01
4.976604471096637283e-01
-6.402692356432915233e-01
1.000000000000000000e+00
1.000000000000000000e+00
7.149977328697585399e-01
5.107438955323484464e-02
2.440964478437381846e-01
3.219024905875773612e-01
2.454681948755281506e-02
-3.176010089256924296e-01
-2.314309094462930205e-01
-8.955809223042043854e-02
-1.045436284345317990e-01
9.769681594629040511e-01
2.287428268610480764e-01
7.340941275844383718e-01
-5.345253924776531829e-01
5.891650750103938350e-01
5.794051100545611899e-01
-6.280216229910664527e-01
6.495291155541536021e-01
-9.966175008579325478e-02
-1.000000000000000000e+00
8.956418075540786283e-01
7.428534141422105108e-01
8.321528830184832248e-01
-7.569669032226025163e-01
-1.000000000000000000e+00
6.211462884732501522e-01
3.556425704022733725e-01
-8.687828848177854280e-01
8.453444944032553199e-01
-8.250044179757365370e-01
6.929636308101576603e-01
3.428161755478464912e-01
3.217858488611071710e-01
1.000000000000000000e+00
7.596734776786091548e-01
-4.757066470389379464e-01
1.000000000000000000e+00
-5.797972144925440663e-01
-7.378459364042604385e-01
-3.667765625661789652e-01
-6.517842255039523192e-01
-9.332411413738517236e-01
-4.766361368361451412e-01
-1.412001226395394049e-01
3.163418803949606950e-01
1.536742447796108912e-01
-1.809968128543604227e-01
-1.582517842074295800e-01
4.923544676708382917e-01
3.706989068888895122e-01
-8.805652692458789677e-01
-1.000000000000000000e+00
8.796668487010237403e-01
2.046695278514960858e-01
9.092304476327028873e-01
7.238419937067457344e-01
-8.573043906749524545e-01
4.567308773335236882e-01
7.205592934198312705e-02
1.000000000000000000e+00
-2.089091348213851784e-01
-5.486461535056705863e-01
3.886319963267648170e-01
5.648941261614814913e-01
5.037385546416153215e-01
-1.877453812122753529e-01
-1.232399853859151850e-01
-7.709609992261676759e-01
-4.166731681302917600e-01
8.934439150114470429e-02
-7.327079529957711834e-01
-5.452386304388763261e-01
7.616083936652062736e-01
7.327581941855385583e-01
2.776179386118382553e-01
-6.356009066778548489e-01
-6.151779701713484538e-01
-8.352410292522305379e-01
7.824940357464573726e-01
3.426193548430951363e-01
9.243042021337724012e-01
6.280908897224275478e-01
3.388396264416108083e-01
-5.333916880806088834e-02
-8.907392720948532627e-01
-5.884635482609523738e-01
-7.221556586383089948e-01
9.149132328090843203e-01
-4.422049387198009329e-01
-1.000000000000000000e+00
4.507142459032742465e-02
2.555714873387364694e-01
-5.091891995485486877e-01
2.244248953141791958e-01
1.952202534339406714e-01
-4.294903359249928609e-01
7.109147058870962654e-01
2.183904453325846706e-01
4.777150712216818307e-02
-6.941890228145881636e-01
-8.625467993423283630e-01
1.000000000000000000e+00
-8.387655987339954766e-01
-8.791129923750604647e-01
6.643156255002260480e-01
-2.273560352405212537e-01
2.089640610614347249e-01
2.447568602284395656e-01
7.443419059290012907e-01
8.644771112020532833e-01
-1.847550968628752788e-01
2.010520692812272081e-01
4.466021460156035516e-01
1.779500612249274027e-01
9.667260073290618871e-01
1.000000000000000000e+00
-8.404551791214031065e-01
1.680211104803026601e-01
1.000000000000000000e+00
-4.002987734562257760e-01
8.023017559467435778e-01
4.804431060542062593e-01
-3.667323523593171153e-01
-7.151615092544452157e-01
-6.268880448368918668e-01
4.581862523480428884e-01
9.236815956321846599e-01
3.903319969094689590e-01
5.799023980855571025e-01
-9.144392206729333727e-01
1.000000000000000000e+00
-1.000000000000000000e+00
6.305594580513758096e-01
-6.961770740391775014e-01
-1.000000000000000000e+00
-1.000000000000000000e+00
-2.783083219853097479e-01
-7.848728782629648126e-01
2.512715782057333147e-01
-1.787340101950904980e-01
-4.872181396503723061e-01
-4.959790611445291653e-02
6.755607173650224340e-01
6.571573176031044738e-01
9.663979346066779996e-01
-9.936599048698040448e-01
3.418553353081790203e-01
4.991928870910039562e-02
-4.956658101301337771e-01
-1.628938492632540647e-01
9.115037766004863151e-01
4.455776679462466472e-01
-4.572781474231724097e-01
-1.000000000000000000e+00
-2.197816521307527360e-01
-7.917137152750650664e-01
5.595848015441944323e-01
7.613295095940928459e-01
1.026379308583609262e-01
-1.000000000000000000e+00
3.323753207261566089e-01
1.000000000000000000e+00
4.352318049138299560e-01
-6.155959326843896129e-01
-1.978458970227993108e-01
-6.622005646457429506e-01
-8.639171001528349603e-01
7.538425225258237328e-01
-4.923564851530137787e-02
3.153481850960948574e-01
2.197135107672700816e-01
1.623063619350294806e-01
-1.121859264275329449e-02
7.804388025263577777e-01
2.095351997641900499e-01
-8.373900448203301927e-01
2.897168220999364330e-01
4.502987635341886286e-01
-5.351041069525050986e-01
4.276118743151300361e-01
6.866537594534813937e-01
-1.000000000000000000e+00
2.740926401976699900e-01
-7.157243563593875813e-01
-6.619580682133230365e-01
1.367608487076359403e-01
7.279866585683338887e-01
3.140756398095814195e-01
-1.545875619217728092e-01
4.477729051331147403e-03
7.646117384389821137e-01
7.257134772380588461e-02
9.598043289425559621e-01
8.904129365565274234e-01
2.642345923662593465e-01
-2.777803074454854304e-01
-8.445294728957546404e-01
2.747910771770929461e-01
5.945579344641402919e-01
3.022948276528114597e-01
4.380382621172935753e-01
-4.086189922215632819e-02
-3.814754828399418152e-01
-1.347284985099728161e-01
4.493661726433353376e-01
-2.685583024667525520e-01
5.601348039477804797e-02
1.220633596090894279e-01
-2.558052572076635056e-01
9.932646090155852203e-01
