-6.201375939377904434e-01
-9.646931248094857692e-01
-1.244409218390813004e-01
1.000000000000000000e+00
8.266274790299850128e-01
-6.449728242938740363e-01
5.977650267919948357e-01
-1.943466093208127132e-01
-7.046029334107535291e-01
-7.452698411967698666e-01
2.589244629275518350e-01
5.777588041456882539e-01
-5.267232395213522489e-01
9.130422929258648346e-02
1.837561004466477244e-01
8.504971234116500689e-01
-5.613995359634763593e-01
5.063163948702308348e-01
-8.344992240760071289e-02
7.918693957273847950e-01
1.506797757987841657e-01
-9.515263979983423770e-02
-5.144835783827510500e-01
-6.296222251836866013e-01
2.909495564492737829e-01
1.538078026674742360e-01
-9.164028027331122539e-01
2.865289002509252003e-01
5.787113987079528510e-01
-2.724064703530850173e-01
-1.000000000000000000e+00
-5.397976715552262050e-03
-5.597188476976975302e-01
6.092359397031207324e-01
-4.828079221972199075e-01
-9.035157569211762496e-01
5.129137149087961145e-01
1.000000000000000000e+00
-4.086291398864380087e-01
-7.696974308449253677e-01
-6.197010277552793545e-01
1.000000000000000000e+00
1.388254525375445525e-01
9.856600372620781814e-01
3.655357354963320038e-01
-4.166605044568345573e-01
-2.967293543049833726e-01
7.173275126604108376e-01
-2.997441776926718093e-01
2.508489397508643082e-01
2.495611139617586738e-01
-1.000000000000000000e+00
-3.161490739378713388e-01
-1.701969229241066250e-01
4.034631536911578165e-01
5.128787858378146547e-01
1.170177083014722064e-01
9.396349976105973223e-01
-8.685085245782374619e-01
7.824058972412345492e-01
7.293836484116295038e-01
2.660799920549600239e-02
-5.836315663391458131e-01
-4.758114067184180396e-01
-6.566572032851291096e-01
-9.452359069488069920e-01
9.146549789612140602e-01
-6.863811238514954116e-01
8.248994671057869876e-01
2.298850016825010889e-01
-9.036495746079672431e-01
8.883390990387626251e-01
-2.220130785601479861e-01
8.159135339111173169e-01
-7.894100050329773133e-01
6.266694400042903679e-01
2.529675902770457396e-01
-5.043669653955913379e-01
-1.819063802869033963e-01
1.680721226314786099e-01
2.479911046056144652e-01
-3.671223454588303792e-01
-3.487635267917997828e-01
-3.047684016085479980e-02
-3.633437952574491425e-01
5.184531566362129418e-01
4.156326772576164341e-01
-1.574168165615121573e-01
-4.631440621257146839e-01
-6.810383794910014332e-01
-1.039207224200964924e-01
2.241973538024077950e-03
-5.573084260354437269e-01
-3.244184698269406697e-01
-9.929897023897659158e-01
4.547550731143406577e-01
-8.130249033335070763e-01
2.873374473229827752e-01
1.182174274913261880e-01
-8.486405818052136230e-01
-1.000000000000000000e+00
4.433148024671389187e-02
-3.351952042366491691e-01
1.471337027128653829e-01
-1.000000000000000000e+00
-1.846740468382581934e-01
5.630682799365981372e-01
7.577710090427248746e-01
-9.432568607621260037e-01
1.408510180922564192e-01
2.126703715246084370e-01
5.945649424512491343e-01
8.006992945512659832e-01
9.842185553305454748e-01
-7.523939620506260306e-01
-8.071011658514746223e-01
-1.000000000000000000e+00
4.022338904945746973e-01
2.505044477800814628e-01
7.839379552057494926e-01
9.233935694908778080e-01
7.772504861003174392e-01
-4.232941730531649682e-01
-4.363914478862888635e-01
1.000000000000000000e+00
3.945854194494594624e-01
9.382766439203331643e-01
8.003126245370546787e-02
4.205112638809181957e-01
-4.627677246741418449e-02
9.310657853810247464e-02
5.273939876463804577e-01
2.991093872352544869e-01
1.021305982119034422e-01
4.129453137928414952e-01
2.085051272478509188e-01
3.339820880028129269e-01
-9.756349284707949154e-03
9.434594568486986965e-01
-6.808472578521580498e-01
-5.932727289764752054e-01
1.000000000000000000e+00
2.183628073379541012e-01
2.963528740724708510e-01
-8.501466974636876506e-01
6.039437350403845661e-01
8.182824977761663510e-01
-4.430175324838344086e-01
5.227183426758568174e-01
-6.506843740786225627e-01
-8.866695683300670483e-01
-9.608839589092972311e-01
6.421482804607502315e-01
-9.519064380445713125e-01
4.761125215738025718e-01
-9.880449746139848832e-01
1.073729226008132975e-01
-9.171489293061655390e-01
-5.629717499955616544e-01
-5.049050873930516214e-01
-8.482696722390334898e-01
-3.113741433213430554e-01
-5.054095720000146841e-01
9.396000747442396772e-01
9.714125770736871113e-01
8.154873701239441497e-02
-6.808812029828823498e-01
8.442801941740412097e-01
5.459491965000501379e-01
-9.609623712593745593e-02
-5.083070918782910397e-01
2.426185670911970571e-01
3.317798549417209086e-01
-6.376781104077592355e-01
3.834993363645750053e-01
5.931845034011791196e-01
-7.603254547818958375e-01
8.091724575602745606e-01
6.599705741769364975e-01
-8.194415335937142997e-01
-8.300496121660920490e-02
8.619756561174497511e-01
-4.386860412811776078e-01
3.428886320827973511e-01
-7.913496372464907669e-01
9.105711841041215227e-01
-1.000000000000000000e+00
7.510494714491650070e-01
7.498532109271147106e-02
3.677746930328589237e-01
-9.924312854352705937e-01
7.708675964949730508e-01
4.066353958661655943e-01
5.067897185496184065e-01
5.962345680879278520e-01
9.619029982031275239e-01
-7.365865148190412492e-01
4.677877351799508143e-01
9.482337614346108001e-01
7.780488706109827124e-01
-8.099118354741992043e-01
1.653782125295531757e-02
-7.000672351459500398e-01
4.504528384124706908e-01
-6.675854356359527120e-02
-7.776497070247090360e-01
2.608437064635865665e-01
-3.653298334973164585e-01
-1.000000000000000000e+00
5.117828431245086129e-01
-7.549694851993700162e-01
3.734274810134274869e-01
-7.629210592225104115e-01
1.600045284786250632e-01
1.209788812946440001e-01
8.864656156303273304e-01
-1.000000000000000000e+00
-7.208099673418669751e-01
-6.885528997238418714e-02
-3.795198603873372045e-01
-6.016781136849115932e-03
-8.511257573785839525e-02
9.638608058472923901e-01
-8.212299050527172017e-01
2.510787513367627177e-01
-8.193220399063528836e-01
9.459593789825097021e-01
-4.473995362265422160e-01
-9.311295523768299276e-01
4.922803594883558564e-01
5.435034339388913338e-01
4.360575210165390514e-01
8.300868652453879948e-01
6.187846018835418960e-01
-2.424639279498852773e-01
-3.476665550066495580e-01
3.469049890169930150e-01
9.143194931361290356e-01
-8.398608054796686817e-01
2.657288218773503075e-01
-4.689189087936670823e-03
5.643728845399090810e-01
8.628878064501760425e-01
5.014025434664735048e-01
2.401501331700477970e-01
1.466652127414080908e-01
2.847217611163762596e-01
-3.944626150808923093e-01
-3.213704061749177443e-01
8.299086828397574944e-01
1.504838602365955735e-01
5.996844553520330745e-01
-9.953003792371517555e-01
-1.648692695955902288e-01
-2.867083892698760739e-01
-3.640636707249486070e-01
-5.299426605155693748e-01
-7.532212114169747341e-01
9.494150613984984055e-01
3.235916828539610601e-01
9.850576567353244162e-01
-3.261408209125457036e-01
6.015557577919693477e-01
5.869593721255351726e-01
-5.005821106257897224e-01
