-7.233403395588597906e-01
-1.000000000000000000e+00
-8.228733803392122848e-02
9.079848437828968999e-01
6.513795291100880069e-01
-6.793133976579107669e-01
7.024114540764569981e-01
-3.211572787245336458e-01
-1.000000000000000000e+00
-7.925055283561333042e-01
4.783596863047582803e-01
5.685552124879063030e-01
-5.236820593781014166e-01
-1.514913424328208080e-01
1.578424159626859447e-01
8.724917788609019009e-01
-4.492053201080840052e-01
6.397038618205452831e-01
-3.408665474832162090e-02
6.842927522143222863e-01
1.136074205059744990e-01
-1.429528687068271076e-01
-3.062855179642156034e-01
-6.418277013739579484e-01
3.196916989800111519e-01
1.360655261806382743e-01
-9.224630131161861701e-01
2.882081433671394577e-01
6.316481480407881710e-01
-2.608781796591019275e-01
-9.053717112758602470e-01
-4.346040635555037390e-02
-7.771504701341640509e-01
4.687302267289142899e-01
-4.956728197796309021e-01
-1.000000000000000000e+00
6.762283657073152598e-01
1.000000000000000000e+00
-7.130519423906364063e-01
-9.302263567168045366e-01
-7.702756683975841012e-01
8.032901980575086753e-01
-1.653891238506799977e-01
1.000000000000000000e+00
3.904489040438786085e-01
-2.841430066335239868e-01
-1.354692492888887045e-01
6.140493689423554002e-01
-2.662993554312167443e-01
1.418727294642521120e-01
2.961739450866858192e-01
-9.632200315729853024e-01
-4.507916046333686477e-01
-2.641668386257231549e-01
4.240366026351872208e-01
5.928821517667755003e-01
3.518662326210429403e-01
8.575346448928823362e-01
-9.514498527827370822e-01
9.713253780560221484e-01
8.558504296086432150e-01
-7.692441644004399670e-02
-5.604705500709792343e-01
-3.309379831268489114e-01
-7.892526468920162408e-01
-1.000000000000000000e+00
9.994396890465171435e-01
-6.896190980057280706e-01
9.054179098808371462e-01
3.359192258229486416e-01
-9.092325792400469675e-01
1.000000000000000000e+00
-1.976001537446703260e-01
7.150037552937243968e-01
-8.744788590559585684e-01
8.143797407254663723e-01
1.440239021510531237e-01
-5.562052782896914627e-01
-7.102531168600301203e-02
-1.956675590936917120e-01
1.735014748120809747e-01
-3.948164409214849346e-01
-4.748946170503665076e-01
1.980498814368403943e-02
-3.398064495381982741e-01
4.949547161060677269e-01
4.346025350121824893e-01
-1.450960386637120403e-01
-2.186065028870840532e-01
-5.732162136795100338e-01
-1.068988272296462760e-01
6.954503809719247975e-02
-5.624455147141008693e-01
-3.288706582380038768e-01
-1.000000000000000000e+00
5.224690405519579750e-01
-5.916993142201555367e-01
2.051450028520869218e-01
-2.119479847235572478e-02
-1.000000000000000000e+00
-9.300964161001514796e-01
2.326304706900335917e-01
-3.838648249042570515e-01
3.452438062903739890e-01
-9.506649292138520391e-01
-2.447440279125989160e-01
5.966203090985631174e-01
8.307300232611253277e-01
-9.522839519465517988e-01
1.041435274620383378e-01
4.534239912494975044e-01
6.186117534472609369e-01
8.192402093012565167e-01
1.000000000000000000e+00
-6.743244423492763540e-01
-8.869365842292065150e-01
-9.109969852629626885e-01
4.929435390187149046e-01
1.326763098448248690e-01
1.000000000000000000e+00
9.858150796297701079e-01
6.209025188116059635e-01
-5.191837502016642958e-01
-4.386795069685933135e-01
1.000000000000000000e+00
4.965785486325258180e-01
1.000000000000000000e+00
-4.211818497164129815e-02
3.395752250143057038e-01
-2.484928910999897322e-01
8.288379187062662468e-02
5.412520127975282147e-01
2.124653751291781800e-01
1.669930522447151677e-01
5.191855633664961278e-01
1.684901346674674283e-01
3.734291759893301754e-01
-3.355070311640191982e-01
7.562121746049629278e-01
-7.521835845030608869e-01
-5.786111840396395145e-01
9.473769780247458527e-01
1.522283703123176457e-01
1.217720297881745850e-01
-1.000000000000000000e+00
4.433310830804492730e-01
8.801202856468595126e-01
-7.229590138029364788e-01
4.624534158778201842e-01
-3.789460676470410294e-01
-4.545814140268301662e-01
-9.595546572017833453e-01
3.991580693316191808e-01
-9.289086575394081002e-01
6.574147979566256073e-01
-6.801250369775435622e-01
1.266392697137121715e-01
-9.792522758459193399e-01
-5.468440429921077595e-01
-5.699621122574933807e-01
-9.319038589028214581e-01
-2.029353859721879649e-01
-5.837770070402767963e-01
9.286681076175193894e-01
8.704673721272543352e-01
-1.383616022321691452e-01
-6.018151869621832795e-01
8.723767462587057597e-01
9.227131461370103871e-01
1.286696038617973770e-03
-3.385684629203452034e-01
1.986743763523497741e-01
4.604277478500349297e-01
-7.430980779166536099e-01
4.723227343554537438e-01
7.338419315331288217e-01
-9.154822796257611195e-01
7.535556196326419487e-01
5.525144467379935476e-01
-8.121709252820676905e-01
-3.639832821929367412e-02
1.000000000000000000e+00
-6.183970882735242425e-01
4.150419814295721599e-01
-6.282354282749738061e-01
1.000000000000000000e+00
-1.000000000000000000e+00
7.275208391774561356e-01
1.352356426446736926e-01
4.619288004334773934e-01
-9.902845658864652956e-01
6.530149115360324164e-01
3.187594427218615190e-01
4.271210252025492426e-01
4.694419022708435918e-01
8.582961033476960155e-01
-8.867076580332494684e-01
4.927831413784500292e-01
1.000000000000000000e+00
7.811061820171720793e-01
-8.228802975709468281e-01
1.194825629471649719e-01
-8.028502408087483388e-01
5.374461783147430616e-01
-1.921875283390567235e-01
-6.916641144499852123e-01
2.153036500362626171e-02
-5.667440433754886708e-01
-7.854661284526653908e-01
4.233891239019740849e-01
-6.362929638885267414e-01
3.395805659973243351e-01
-8.369060002452100022e-01
1.724638719693594169e-01
1.803734601141716298e-01
1.000000000000000000e+00
-9.619598693198803119e-01
-6.187853525859787762e-01
-1.364978034274795249e-01
-2.879102252833514175e-01
-3.369705673189135053e-01
-2.052153947836532488e-01
9.680929830245664780e-01
-9.890457332025732740e-01
3.756964895376420088e-01
-5.910838683035433139e-01
9.538117781636820114e-01
-3.545556593829191638e-01
-9.591055242821973081e-01
5.376322895736129759e-01
2.766184586685798141e-01
2.865599093390208130e-01
7.528112479949901070e-01
7.017071772906319227e-01
-1.506072941969202050e-01
-2.313868833295952832e-01
4.099291164632876683e-01
7.963161471200361774e-01
-1.000000000000000000e+00
2.389356418148391170e-01
1.646180571302513496e-01
5.383540855593129670e-01
8.997896154862294882e-01
5.391979144707508276e-01
2.569621315925161298e-01
1.573047658550021655e-01
1.431603838819612839e-01
-2.806647277368938265e-01
-3.655881513847520914e-01
5.474314273695654043e-01
-6.277841688155050281e-02
8.625045793240077030e-01
-1.000000000000000000e+00
-6.473842177878424975e-02
-2.064994791566374666e-01
-3.250697486521996193e-01
-1.525819561881549546e-01
-7.036659220782870428e-01
9.167444582249213436e-01
2.591972456864742869e-01
1.000000000000000000e+00
-2.066389585477109436e-01
7.769923985489599616e-01
6.831849520946180476e-01
-5.467049829662387062e-01
