-5.044376362125173596e-01
3.033674460211701618e-01
6.818895069778840856e-01
-7.952536006922517053e-01
-5.474728075640751257e-01
-3.787846768517683094e-01
-6.225387645391196045e-01
-6.549306327377188985e-01
1.398346199116009547e-01
-9.935336551643956238e-01
-2.329762495526040145e-02
7.404952473509185396e-02
-1.668864141465138395e-01
-3.768304096814925064e-01
9.969468763250932675e-02
-5.340000467604715251e-01
5.449059787801082688e-01
2.317807001282248258e-01
4.960591198401106405e-01
8.284240820589507948e-01
-5.650635045447915950e-02
5.633152950089990174e-01
-4.578623734368710285e-01
9.442433228150186597e-01
4.186086968728006674e-01
-6.132418019307588342e-01
-6.828676619586291352e-01
-3.297101583732532926e-01
5.189308473990574821e-01
6.866843165838143470e-01
3.261422631771117298e-02
4.570027512315004703e-01
-1.180644637736929514e-01
4.778426578164374217e-01
-2.858854815320533427e-01
7.237836359410516618e-01
5.192668832518341215e-01
8.419920028094008968e-01
3.238482728652001263e-01
2.316829264430320112e-01
-4.122553255043482912e-01
-2.619533359093735303e-01
-7.315791679774361622e-01
-4.505807040845757339e-01
1.411161949710080243e-01
-1.643149071946471695e-02
-1.437725160410736613e-01
-1.803109983219275403e-01
6.348401664295963975e-01
-4.526395064133268420e-01
3.825842684486248368e-02
-8.498157756832012133e-01
6.818286803101031301e-01
-6.828618279915492639e-01
-7.816897526800947738e-02
-1.336938753183025963e-01
6.224178256303253276e-01
-5.791700743757710601e-01
9.583262578202385029e-01
-1.028727255835888421e-01
7.789373054012522779e-01
2.800010773942320785e-01
8.205056129928199882e-01
-7.866779449098951771e-01
3.437149052742335953e-01
-4.597521193968160391e-01
5.554062832141644090e-01
-7.190247288283391214e-01
7.087038534734270145e-01
-3.950891961424961574e-01
4.074131167969556877e-01
-2.287600139953676059e-01
2.361534870232956385e-02
-7.406371612711313279e-01
-6.233343967822864151e-01
-1.857860861288758159e-01
6.502658782802234194e-01
5.198944331914893136e-01
5.953614534407233871e-02
-2.959140391161516614e-01
-5.851529738487475096e-02
-3.034671311952197303e-01
2.738893369469520001e-01
-9.324172293280486024e-02
9.477023258870336253e-01
-4.718001299231258105e-01
-2.083970115690598757e-01
-9.569645586271230409e-01
-1.176864880148913439e-01
8.559878134718443832e-01
-6.436416733756016306e-01
6.968650345101092825e-01
6.316717175616149982e-01
-7.013891783593171336e-01
2.586928315861465877e-01
8.683897915997157435e-01
8.852929345449042087e-01
-4.156096388038886813e-01
-1.261310673075966005e-01
-3.017807568452357536e-02
-1.300148096516473284e-01
1.506116375734918855e-01
-6.313723804161130992e-01
1.105808344895962136e-01
3.667546297751995699e-01
-7.996936784044434976e-01
-1.067664939181531825e-01
2.831035473039782424e-01
9.171493471479972293e-01
6.661741225464019589e-01
-7.054206863745760003e-02
-3.239934411811531412e-01
-5.408449846761783641e-01
1.117906334132471535e+00
1.020618086374838418e+00
-3.732871654741165557e-02
-6.746737771285008511e-01
-4.601119721856482270e-02
-5.976348078458679769e-01
2.612246391013739455e-01
4.531100534976056360e-01
1.523386868516385384e-01
4.419363321712066472e-02
8.794626567522998428e-01
-2.299255927900323293e-01
-3.779870796253261833e-01
2.680105918484909644e-01
2.327750446934986339e-01
1.009156086192590784e-01
-1.815489426632329317e-01
-4.935580913554568072e-01
7.280368533462573399e-01
4.228115879416276535e-01
-3.430422526913879944e-01
9.805112909972666380e-01
7.490174746383132520e-01
8.033738125233003124e-01
-3.521651156911216884e-01
7.647453928078249419e-01
5.928852202243397457e-02
-1.569679756604382970e-01
-6.751726928075709733e-01
3.939296974769908033e-01
8.280231395667709826e-01
1.313706334996751490e-01
-5.411527062353242989e-01
-2.521681797078514364e-01
-6.771622958829942585e-01
-4.792707183117008718e-01
6.588798001942520743e-01
-7.455021860724193594e-01
1.243470288610008800e-01
-2.696537318617164836e-01
1.576956711405562428e-01
6.150217819947243481e-01
3.827462350015619075e-01
7.412215568437827695e-01
5.332342213463745484e-01
-8.128589389245566288e-01
-5.238757496511939893e-01
1.109112614580342049e+00
-3.004893599251888814e-01
3.059315493195322033e-02
-7.587709451452955001e-02
-9.531718309192684924e-01
4.276396903752894829e-01
2.761873926820702096e-01
-4.316498788401884057e-01
7.106542075491927291e-01
1.638593827867556030e-01
8.145639229130426928e-01
-9.243696231435578614e-01
9.550618493050793134e-01
9.180015153489079482e-01
-7.661209145008025523e-01
3.395175883695402685e-01
9.918234258497297118e-01
7.362756065045745757e-01
-9.834382611831136156e-01
-6.877777335991446250e-01
-2.579026414540286360e-01
-9.726605895670480395e-01
-1.015909980349850583e-01
-5.484262342788965849e-01
6.173479965681921700e-01
7.536282672256838788e-03
1.526277702888467758e-01
-4.981284100015394289e-03
-4.844430769062111342e-01
5.066828921874944047e-01
7.037138828645683741e-01
-3.575478458955111405e-01
-8.127908532772756267e-01
-5.491700663621068568e-01
3.451094001934218447e-02
-2.266783791006067583e-01
5.903717967401054256e-01
8.937591355893953482e-01
5.290302643569615437e-01
-2.146602433285127454e-02
7.131222051042538368e-01
3.022113049057801870e-01
-4.306512761334046480e-01
9.178561835285533599e-01
-1.638126828305705995e-01
-8.156412354892474958e-01
-3.737513568234709371e-01
1.615338556440433226e-01
-1.107770126663712329e+00
-7.585182042402862646e-01
9.674741921837093361e-03
-8.251649991265687101e-01
-5.961371832178314900e-01
8.882712996429817931e-01
-6.435680309737512594e-02
-2.951762148854581991e-01
7.675970577352220214e-01
-7.649926516138512156e-01
9.284189198409298349e-01
-6.224243666097151184e-01
7.534482684398029484e-01
-5.743987060009013712e-01
8.331651469999276083e-01
8.932164627802590129e-01
-6.060119316980959736e-01
-3.316657345690380287e-01
-7.629910002656683510e-01
2.289179506369952433e-02
-3.249442781280290626e-01
-5.788548219432700925e-01
9.329595344120666933e-01
9.259235912177270489e-01
9.687011721744326342e-03
-2.075433784796106296e-01
-3.210656881346104496e-01
4.515285747901507940e-01
6.348240270839341504e-01
8.118786663744415044e-01
2.192212982755838702e-01
-3.586355748944755062e-01
1.012092360330337115e+00
-7.216458861352291754e-01
7.116582465067271546e-01
2.565668198724168625e-01
6.612974394077129059e-01
-7.174132424959954735e-01
-2.254786301721602160e-01
3.236150399863668703e-02
-5.767690945660088886e-01
8.800094306848099679e-01
-9.198789983577888574e-01
9.817754082675812510e-01
-1.507045171207377354e-01
-6.146451630182914183e-01
-6.134945621983937114e-01
-8.021539198451943520e-03
8.532800811884941328e-02
6.793840909816470930e-01
6.709044516661537561e-01
8.273936156499177574e-01
-1.990613806484204940e-01
-7.913699689499511525e-01
5.693417416119153085e-01
7.467426715219327438e-02
1.332752240494534668e-01
