-9.393143714123273202e-01
-9.487279478418204626e-01
7.709432993584870442e-01
-1.081038056121690349e+00
-7.842191011508071741e-01
-6.603488398944241666e-01
-3.691280470720661455e-01
5.414987850773422817e-01
5.001814087985598789e-01
7.592542815030229875e-01
5.340334497915915080e-01
-5.549636288320167754e-01
1.122485344901547055e+00
-7.920553275171672292e-01
-6.347879615570770628e-01
1.771516072025433597e-01
7.331706198809790909e-01
-5.295508704756409779e-01
8.596160875856250216e-01
2.026822720722109283e-01
7.064646335467650307e-01
7.252481563735388992e-01
8.817095699269927866e-01
-3.389330411782496277e-01
3.705958031883520576e-01
-7.889455618952425642e-01
-1.556560703051637629e-02
2.275553582266233443e-02
-9.822217536079108635e-01
-5.953319300057023922e-01
9.906028455114195275e-01
6.176578000153285508e-01
3.229013844833399371e-01
-1.688804974203311771e-01
1.072640241570989694e+00
-4.612322935146246361e-01
5.232905203416114981e-01
2.057919342240905058e-01
-1.110889995322023927e+00
-3.539703247458048097e-01
2.844755623104846531e-01
6.023543674242405332e-01
-2.021499248966555362e-01
-1.590632023656655958e-01
4.552217305097201461e-01
-4.341197433179024845e-01
-3.221168560680665593e-01
4.406604229533430672e-01
-5.788462434357740660e-01
7.796347092570642401e-01
-7.099115385079544094e-01
4.596714590274322276e-01
2.110599018032869312e-01
-1.565485644001285981e-01
-3.348256884040031744e-01
8.248593278368930859e-01
1.022635810963751890e+00
2.317387032629589783e-01
-2.591110396198725851e-01
2.085810326587033969e-01
1.450136269619284324e-02
-4.941161916935274401e-01
-1.162171951191846297e-01
-1.563964760772109663e-01
3.562893274363012619e-01
-6.140966396963086771e-01
-9.030855397869888002e-01
-4.338706000712930777e-01
7.257095902386840880e-01
-7.075601026773111757e-01
6.501446840300493246e-01
-3.105776530287113757e-01
7.050710397775916682e-01
2.744379230813487336e-01
-7.274476209131742754e-01
-8.890763912712278394e-01
3.556172370510939373e-01
2.169764433171760265e-01
1.438342312723039917e-02
-3.587270382313130224e-01
-7.512194172124972980e-01
-3.892735267027755963e-01
-3.667314674712266465e-01
4.250154528146533606e-01
-4.486266366125887806e-01
-2.765653260069672603e-01
-2.131402285585472511e-01
3.439673718673866842e-01
-7.309413513974694077e-01
-5.516537187565480060e-01
-5.955998348414529575e-01
-5.600028289272229731e-01
9.933430874449244996e-01
2.887002126979246741e-01
-5.322162518975752654e-01
4.400267612180791543e-02
-8.851843331053014241e-01
-2.945924754909263754e-01
5.334609183542967648e-01
2.722418319659143937e-01
3.932761133316222124e-01
-1.011421987157570701e+00
1.393077432065573384e-01
1.736662107243724940e-01
1.047084819946116463e+00
2.007212007192475667e-02
-7.477739620867887016e-01
-5.466305034874339164e-01
-8.321896709524927160e-03
-6.702816316643692707e-01
8.998569567012315584e-01
3.534046746630119529e-01
5.310076355461814668e-01
-9.696233293099892903e-02
-7.147426341030884700e-01
1.711472316161533058e-02
-4.437806439377979251e-01
6.791404239992570036e-01
-8.752598232360031538e-02
-3.669102424591287326e-01
-8.371336819755909042e-01
1.361613306220239017e-01
7.887364114136029281e-02
-6.105825547869448977e-01
-6.486166999774699571e-01
-8.840891724439672306e-01
-2.998552138161783009e-01
6.830889490221200289e-01
-3.654421841363225676e-01
2.719017749137260243e-01
-3.913537293691019547e-01
-2.226958473392806614e-01
-7.601798675685071949e-01
-6.434907015249358153e-01
2.092122256880994957e-01
-6.735413931600892079e-01
7.566157159742323834e-01
-3.424799120994952428e-01
5.450633579659355799e-02
6.863029893584839947e-01
-5.431403055751621300e-01
9.445147396131612361e-01
6.726731566297950993e-01
-4.622421007266773740e-01
-6.842193576245267361e-02
2.528511728163265748e-02
-1.044026188103028968e-01
-7.321901607795149314e-01
-1.223334252470656136e-01
4.031194826453305957e-01
1.007442299708173561e+00
-6.609157543180899097e-01
8.154187368013075810e-02
-4.652785916303076585e-01
-9.108379821594557724e-01
5.728108111924476997e-01
-4.043212950577783626e-01
1.534464432165276726e-01
-5.483479706458395109e-01
-6.687556307613097273e-01
-1.394265082608256712e-01
-9.534703279163995182e-01
-4.806768472565033923e-01
8.999779218693430005e-01
5.714381540768793677e-01
7.474997910519196598e-01
1.103995639886416580e+00
-9.900439356240404720e-01
1.662686914961562512e-01
-2.396028276841311033e-01
-3.398254809378836727e-01
-6.099071627735933587e-01
5.021071434884533113e-01
-3.802694192612038337e-01
-8.945307959855595126e-01
-5.228522189703044276e-03
-4.474849031193259830e-01
1.256075612460488156e+00
-6.046166962965587865e-01
9.595602908799799602e-01
-6.171711394721287602e-01
5.307728776902291834e-01
-4.250932450900784393e-02
2.694796530639045340e-01
-5.788929959773885248e-01
-2.063346660024212020e-01
7.658741103039924392e-01
7.964028244756241048e-02
7.672724508649295116e-02
1.015383657240906956e+00
-7.595871422478990276e-01
1.949464186508906849e-01
8.643872849193226515e-03
5.845903463683713164e-02
5.387687324762137075e-01
3.778431143883441701e-01
-9.089764626256970903e-01
-9.925210871481430219e-01
1.367463483193609441e-01
-2.018773168914269611e-01
-4.677135412563261652e-02
-6.178638490307331033e-01
7.445236131993577811e-01
1.927258803983233904e-01
-8.218092249808531258e-03
-1.164136936187126770e-02
6.973443481969257007e-01
-6.725115530834487876e-01
9.330979088656983222e-01
-5.931447576959322232e-01
-1.145167074186100031e-01
8.555862450290275811e-01
-4.635487629349819283e-01
7.355267249613847147e-01
4.486598089615831952e-01
-7.702961910752430530e-01
-2.394582192243101537e-01
-3.409492644785070414e-01
1.165338896870987462e+00
-3.177107184669263062e-02
-3.850286886074834602e-01
3.413905926676431557e-01
-1.733189819660063968e-01
8.394588168148917617e-01
-5.736806888915122471e-01
-7.671365233632394531e-01
-7.705123542895145894e-01
5.275836388043704250e-01
8.876258142891453318e-01
-2.772414751669695088e-01
-3.840184910639001803e-01
7.657025731522835166e-01
5.029797994602075439e-01
3.079435817452108592e-01
4.034189768057635517e-01
4.823191249011169468e-01
6.006533898714192521e-01
7.177242528688636269e-02
-3.023417062148299750e-01
6.342639942270213160e-02
6.771880224497887069e-01
4.746680419565357245e-01
2.281486582543494068e-01
1.612537198331400745e-01
4.233629287975593236e-01
-3.743479815555155743e-01
-8.310308976250405100e-02
6.881046690848948710e-01
1.483973632747310201e-01
-9.891019805855054692e-01
-1.255029992987161114e-02
8.419715575131259122e-02
-7.528523901134309693e-01
-5.051515444776761843e-01
2.689849339933820249e-01
3.342044871867335676e-01
-6.794852895750647104e-01
1.054504592945606056e+00
-5.667973951313620695e-01
4.370416928139706503e-01
-3.061536038488747447e-01
-6.803020572125717536e-01
-8.351867357360100996e-01
-2.773852324131365066e-01
3.596188672813752651e-01
