8.672055267401266310e-01
-2.034001463553132549e-02
-8.437747696111727036e-01
6.751555477865818500e-02
-7.067941730044491333e-03
7.890349339231291781e-01
1.893476460860850086e-01
2.963540893202590842e-01
6.524525508852124789e-01
9.934301954702946524e-01
-1.492795893222617076e-01
3.503351412620708261e-01
-1.000000000000000000e+00
4.861147995789862342e-01
-2.074969026101201042e-01
7.454259818580208918e-01
-2.424789446164742901e-01
-6.667451120262473108e-01
-1.675586334556884438e-01
2.240774493811817925e-01
-9.443951780379711280e-01
7.818040047965921779e-01
-2.466981991654703943e-01
-9.030242724895012341e-01
-8.641473114529565347e-01
3.133652039794788124e-01
-9.679094298090183679e-03
1.000000000000000000e+00
8.454898787787417103e-01
-8.403699496269096958e-01
6.518836395999876299e-01
-5.509228814810482877e-01
5.857502795130238304e-01
2.855491745552793392e-02
-2.653100013259803713e-01
2.168776119687042814e-01
-5.382167428916779794e-01
-3.182825906793819160e-01
-2.370331029506204112e-01
-9.425516880326020308e-01
6.152471870598104076e-01
8.057842786392575007e-01
-6.088470337060160054e-01
4.138136193699006732e-02
7.557788158099584264e-01
-8.935306396884572511e-01
5.792158285937047957e-01
-2.574013929236855167e-02
-6.747352168385205573e-01
9.982155930822542156e-02
5.353458015620937704e-01
6.172228781785165097e-01
3.624123039004306657e-02
-5.639408735740427669e-01
-8.819512131728890481e-02
-7.309855356607174448e-01
-4.076393154288880383e-01
-9.204652475365879827e-01
-7.441049787902849211e-01
2.057600288552340340e-01
5.704340645110826946e-01
-7.441281195089979317e-01
-1.234397830688018782e-01
9.239207099766928444e-01
7.143130163590677428e-02
6.243243807109621901e-01
-2.831291631988079593e-02
1.000000000000000000e+00
7.533222390550715630e-01
-5.766866173375174709e-01
4.202434911379402949e-01
-9.526421958723348959e-01
4.078956031500932111e-01
8.010539004504748650e-01
1.508968314578179593e-01
5.045138012143426387e-01
-9.571325403090436001e-01
-4.813626681174547062e-01
-7.480241326833542148e-01
1.130661959634844393e-01
3.256438151235636069e-01
-3.873165543752978834e-01
1.747995796012072334e-01
3.555533150974074519e-02
3.845613916969066182e-01
-9.292029957000678131e-01
7.873696800620624270e-01
-6.262918707279315766e-01
-6.136507573049877484e-01
7.166971943517610466e-01
-4.519678466082488466e-01
2.684372950919819978e-01
4.081209556333983968e-01
2.171680129754288424e-01
3.637998228417652080e-01
-1.755067839514587447e-02
2.570462534861444603e-01
-6.520665060422508041e-01
1.183959213889948237e-01
-9.807619968219631612e-02
1.366690938372760455e-01
-6.541575325939500418e-01
5.838884209625204713e-01
-1.464291411231435358e-01
2.751356416551691275e-01
-6.341986752419035422e-01
-6.889527509195365607e-01
-7.323721117091311350e-02
-9.427147065764269335e-03
-6.341007843012704814e-01
-2.557996489270694673e-01
7.307337174661058254e-01
9.519680798484799755e-01
4.189874337975655338e-01
8.562490631105535988e-01
-1.086521434016620713e-01
-7.247767790621525430e-01
5.251058401119758079e-01
-6.520489126853850070e-01
6.701380947441373248e-01
7.830394048732306489e-01
-2.029490919010069616e-01
7.565397298464612286e-01
-9.195431079409359665e-01
-3.428153439969615079e-01
-2.143556650645394579e-01
-8.414800685035270233e-02
3.435702219951846104e-01
-1.906831887745578102e-01
-4.767446110658273839e-01
-2.546621106889195296e-01
-4.058357378119774594e-01
-4.500957440167886736e-02
-1.000000000000000000e+00
5.743838437349567672e-01
7.314907069544039908e-01
-2.245235163802463685e-01
7.176619444650410573e-01
-1.767659613697854792e-01
7.563206322496824896e-01
1.000000000000000000e+00
-8.601197153784412297e-01
5.572407986833468607e-01
-1.416259098624287893e-01
2.484969906883157942e-01
-7.962509561541095682e-01
-7.616623410726230947e-02
6.061663630865962160e-01
5.374930251320474417e-01
6.501132184402115266e-01
2.044140463541075370e-01
-2.947269174179811269e-01
-5.467044485167386059e-01
-5.625613341018544933e-01
-9.096461779924522872e-01
-1.369871301773373240e-01
3.047940572224978051e-01
-5.922176724441895468e-01
6.581770361949185189e-01
5.652103042726319693e-02
8.459435105278301226e-02
9.848802780299055204e-01
1.817629019676172686e-01
-4.596702816434473093e-01
-2.297385119908562368e-01
-5.460448826458597082e-01
1.167308414312300258e-01
6.308622275321585926e-01
-9.469195964375061170e-01
-4.716714145427032268e-01
-2.983029599188128378e-01
2.817075427478899496e-01
3.832520770964267243e-01
9.505189523068677815e-01
-7.007227002903249069e-01
5.251455739920205534e-01
4.914896113631556096e-01
-9.862802784654085553e-01
3.904443238775138214e-01
-5.943989506388300814e-01
4.492261159426321204e-01
1.000000000000000000e+00
-4.731431625666058238e-01
-8.674673450344860814e-01
-4.365663237408127229e-01
9.168399146506551745e-01
-7.202711798464160875e-01
-5.150282098397123143e-01
7.446890128382911422e-01
4.293629684396256252e-01
-4.013555292745869529e-01
1.434880185081900683e-01
4.126425603624281901e-01
7.599140258310181917e-01
3.123271123390296555e-01
-3.290717132783649856e-01
-5.377072132608460286e-01
-5.169309706356544076e-01
1.741249264534980301e-02
-4.005519568911047879e-01
-6.909011151693101871e-01
1.391101811678032707e-01
-1.920119689579860844e-01
3.094393968640552287e-02
-1.147546186084897613e-01
-1.323852017986772989e-01
5.562893505450239306e-01
3.482576252986159249e-01
5.204559829565622575e-01
3.666942003990824039e-01
-9.871883317649664535e-01
5.249914620876282301e-02
-2.326297326650700326e-01
-5.136291477114492965e-01
2.390382538717714112e-02
-4.336845428019691639e-01
-2.382389651830054689e-01
5.680647550523800771e-01
3.727202867008021503e-01
8.032406095261447332e-01
3.822994835159539417e-01
8.350254372745680165e-01
1.000000000000000000e+00
5.678718249109544480e-01
4.106765032025547213e-03
-7.064002009235990087e-01
-7.586230374105330521e-01
-3.600891262636439771e-01
5.942705253512019503e-01
-6.328735891573824546e-01
2.462771838156513904e-01
6.302170966781500683e-01
-8.158420257333064141e-02
-9.920773755787323234e-01
8.005252562235111169e-01
7.573876066328877332e-01
-2.217179695179191667e-01
7.458699240573823941e-03
1.000000000000000000e+00
1.646075246872682474e-01
-1.083901927821278866e-01
6.613102129345235225e-01
3.403391139434124857e-01
2.704874674288808567e-01
-7.244504495058090576e-01
4.440369443379477143e-01
7.128661625204750774e-01
6.236029202370286795e-01
-2.390555601713487688e-01
-4.268536757147092242e-01
1.478158829949408892e-01
-4.964870344172718775e-01
-9.852736624856734959e-01
2.275350782244265069e-01
-7.428892940130858991e-01
-4.375811951505270692e-03
-1.696777041166231403e-01
5.831326296847143542e-01
8.246879377793637778e-01
3.352875427508665851e-01
8.768319818949995570e-01
3.461225439744244903e-01
-1.346969234758196854e-01
-9.501049882960024284e-01
-9.155111426988035705e-02
