-1.553226074702379889e-01
-7.912064577231219253e-01
8.346423560968929678e-01
-4.821748884012638792e-01
-1.702223931509582455e-01
7.088883798090517274e-01
-9.877727525956550014e-01
-5.641664189719508560e-03
2.977537173007962501e-01
-6.194616248536801706e-01
-7.663378989167702882e-01
7.192986535068275344e-01
3.794047647431522119e-01
1.085186681983122542e-01
7.731418329024725145e-01
-1.000000000000000000e+00
-2.937119153079695844e-01
-3.840192531495406070e-01
1.000000000000000000e+00
-8.272113683427458897e-01
4.983404880731124864e-01
-4.785556254504728657e-01
8.791143329486457159e-01
-8.520731287692228095e-01
-3.133899243377201160e-01
2.938511108839538810e-01
6.709805144024778567e-01
-2.989267992143173625e-01
-3.014678910922086730e-01
-6.159393654245535199e-01
-5.009691822957207386e-02
-9.394038463770881808e-02
-3.170031279193263885e-02
7.749720270585984672e-01
-5.003125558859085054e-01
5.757112135067630199e-01
1.457867506959858450e-01
-3.252012395741508133e-01
6.120625380724945552e-01
4.762448988583041221e-01
1.000000000000000000e+00
-6.940169374636557809e-01
2.673376052002222059e-01
-5.990003031313332338e-01
2.068017281492513515e-01
6.429882501052693877e-01
-1.000000000000000000e+00
8.803295555523957816e-01
8.572087536513144090e-02
-1.000000000000000000e+00
2.448828962904568141e-01
-8.228943598812943350e-01
1.861053897821267344e-01
8.653686470056928814e-02
-5.920230737425021816e-01
8.353914550522464344e-01
8.490342419135432639e-01
-5.564860968490569215e-01
-5.452329739490553440e-01
4.046700964839600179e-01
-2.611226991644488571e-02
7.037979260759553712e-01
-1.674427837854750578e-01
-2.690257537793810938e-01
-7.450918035200287948e-01
5.930564451309965068e-02
-7.590206300786106475e-02
-7.617445403352401945e-01
-6.313006599526569396e-01
-7.519469612530013114e-01
-9.239078290577638075e-01
4.276941087422297949e-01
1.357224683470423798e-01
-2.309568065987490093e-01
3.430923304788021655e-01
6.396847458184709012e-01
6.365173179233780676e-01
-8.609178099779105642e-01
-3.794342912892281205e-01
7.692271603713417560e-01
7.852793583001411726e-01
-4.680056942682316867e-01
-3.448834966279089587e-01
4.602858559876906175e-01
-9.464370041546761314e-01
3.349310207516510013e-02
-4.330660090793642114e-01
-2.542203814741174073e-01
-7.603489275800930924e-01
6.066598539308005744e-01
5.812439818837384919e-01
7.392452974449392755e-01
3.111866972103814466e-01
-8.599998009689469036e-02
5.532064531162708687e-02
5.246802431736895256e-02
-2.316120504797855861e-01
3.403671264429908305e-01
-3.464362234468355561e-01
-1.890332418611257448e-01
9.469038559912873465e-01
6.147219611825283092e-02
-8.360139332604730189e-01
5.523738420436807850e-01
8.516885062833200459e-01
-8.440379093068695049e-02
1.000000000000000000e+00
-5.705543473957599421e-01
-4.184409031901584752e-01
4.987445989202503593e-01
-6.058228251737627357e-01
-7.628258543980218076e-02
-2.036204800609272558e-01
-7.138468841411325094e-01
-3.928099650956690114e-01
-9.274725477013257002e-01
-5.782251661075683558e-01
8.564778428712924718e-01
8.361352122471470416e-01
-3.845970049384018763e-01
4.405008002644539289e-01
-4.798536129271977480e-01
-5.858115894690554271e-01
-3.773584552139142012e-01
4.289492106999328591e-01
3.742586696989093631e-01
2.184245939287507432e-01
4.989365843601252237e-01
-5.256891852271161625e-01
-6.172989858934329055e-01
-7.550325158278110849e-02
-6.399819307054837036e-01
9.349881253205565290e-01
-4.408093099946683857e-01
-4.676466132223904282e-01
-9.038295132666227527e-01
-2.960309567927005281e-02
-1.939191583678379072e-01
-2.259442917809586504e-01
-2.721233322584496461e-01
3.969366287780017877e-01
-6.529252538050850374e-02
4.633393108721226561e-01
7.824251733808899045e-01
2.271189736333665554e-01
4.725438179753381207e-01
-6.850439655597176936e-01
-8.025378015738073856e-01
-3.374839012782576697e-01
8.178028109933593859e-01
3.113039964189679987e-01
-8.939281788434150222e-01
3.912895096058227606e-01
-9.675527156587127031e-01
-1.150526844628059209e-01
9.429439428937480550e-01
9.316077339395256729e-02
-2.872496965699342653e-01
5.089312332773290315e-01
-1.743844199335403133e-01
-2.350761169439697512e-02
-1.668562938052754463e-01
6.726763974945132452e-01
5.862893409885501228e-01
-3.995906607082092554e-01
5.242386837786817688e-01
8.488164462288120271e-01
4.658146137255672059e-01
7.457711808655798080e-01
-4.143744317231186081e-01
-2.470017117010469554e-01
-6.716160837284887997e-01
-8.736998597544093359e-02
1.083851552015363540e-02
6.887412575314100227e-01
5.713745369818958864e-01
-4.271924838406677694e-01
5.305347765689252260e-01
8.852381753621827443e-01
3.443660991839698760e-01
5.474868946413620208e-01
-2.460311058302644405e-01
-8.290909768746368425e-01
-7.106426736210824657e-01
7.558402186005426238e-01
1.845159428022901393e-01
-8.132728112466918180e-01
3.046223650440682551e-02
-5.808915344247709278e-01
7.652220303770843057e-02
3.594053863582369335e-01
-1.684669781407558686e-01
-5.870696644005214404e-01
2.469425281098419078e-01
-1.849645279160303524e-01
7.991648970437404964e-01
-3.426542133654614242e-01
-8.137459575979619775e-01
3.347396213379101315e-01
-4.626842444808391686e-01
-1.452845724331432442e-01
7.884755808461385573e-02
-8.308370422173977365e-01
9.532628824569491233e-01
-7.742651355175691474e-01
-6.891766590542298676e-01
6.823748510562865910e-01
9.512601202328696548e-02
-8.992025010907727101e-01
2.521759272718560041e-01
-8.583104829872140185e-01
4.754813705167984517e-01
-1.520163895696496625e-01
9.480249002671102543e-02
-2.060074012224711315e-01
-1.805934493187383860e-01
1.128623171208264359e-01
2.476762315915894686e-01
7.757190477125617267e-01
-4.411281911659229449e-01
8.274831249820863155e-01
-4.500269560199382513e-01
4.292972332654064749e-01
6.911971389948458055e-01
-1.355880113054039604e-01
-5.046609853735744000e-01
-7.202231748907202968e-01
6.759768828655433603e-01
9.101457008212897604e-01
9.104932472175992775e-01
-7.368892217620284235e-01
2.147152952102271695e-01
-4.024655833414876316e-01
-8.104592782829371789e-01
-5.014282907592493288e-01
9.471153381604384691e-01
-8.791336286949134049e-01
9.552831701600794645e-01
1.396617128259305673e-01
-2.887636221286550842e-01
-5.095028932548620881e-01
-3.185205754153622726e-01
5.974189280254549317e-01
-6.846841532974130562e-01
-8.756132288416242915e-01
-1.394858789053118886e-01
3.840653518286633039e-01
-5.184693511150897383e-01
-4.350788051370457765e-02
-1.127089782739323920e-01
1.276597099104682109e-01
-2.450374120172482684e-01
2.992300717309825941e-02
-6.011951636027389467e-01
-5.736788860297468151e-01
-1.000000000000000000e+00
-2.653267684683173755e-01
-3.641604369731270552e-01
6.693517532141409765e-01
4.892800463474902828e-01
2.145420254239400748e-01
2.930662093556927195e-01
-2.427696570977040946e-01
-9.108759760616234047e-01
4.373100319715292894e-01
