-3.197063140799337733e-01
-2.727635911511718803e-01
-4.099505537798456278e-01
3.222921684274227538e-01
5.172794285547887005e-01
4.176025356283710188e-01
-7.204493733746601958e-01
3.248118700494127542e-01
-6.059442737103204468e-01
5.416810110829198832e-01
8.950333555308681577e-01
-3.743919771568117172e-01
-1.050224791420804882e-01
-6.128653372892586271e-01
6.121397913057425866e-01
-8.928017576716090753e-01
8.200578224035193209e-01
-8.596365264443773802e-01
7.971413501952323566e-01
7.540306837597844369e-01
-8.827299329837838826e-01
3.432568368258391844e-01
-3.818649636632737709e-01
9.893352664805963315e-01
-2.590748360890141044e-01
9.168280637762215024e-01
3.588800432957798270e-01
-7.221421844326479933e-01
-5.600817158690682973e-01
-7.335318136020765323e-01
-7.807507960670084790e-01
-1.659124488088548621e-01
7.828927398794960357e-01
-5.249919656408926771e-01
-9.054127321257935401e-01
6.975650192700334484e-01
-7.509597278450204083e-01
-8.878326132713113550e-01
-5.884616295024004406e-01
-8.505983206863619861e-01
-4.823460202726262414e-01
-2.406344409289487563e-01
3.460378401588339314e-01
-8.446165274105257859e-02
-7.664901157613790428e-01
-1.180307978030290111e-01
-1.625802842886459598e-01
7.751593696826273305e-01
-4.195746641371527752e-01
5.680082947294943230e-01
7.042772024510557394e-01
8.516904504838721524e-01
2.645475795310391898e-01
9.498279584818386523e-01
-9.958497457664568231e-02
6.902755979553418797e-01
-1.176409874946968276e-01
-1.331889278676307020e-01
-1.579574454752232793e-01
4.203414071872647040e-01
-7.548406318245580726e-01
4.602465875603126699e-01
-5.049200085544420791e-01
6.800703541239204730e-01
4.423327408083557177e-01
4.310581863417811688e-02
4.407556865272744262e-01
4.253285081595328809e-01
9.280418868106753427e-01
-6.302695341066308909e-01
-6.364648123015968773e-02
8.567713867694488616e-01
-5.501577997785134233e-01
-9.653374193937049874e-01
-4.811076619074126093e-01
-9.956298494759481255e-01
-8.892757037692342048e-02
-3.381458224265959100e-01
4.312114530104729782e-02
-7.077880854694300616e-01
7.739399585866924003e-01
6.010534525480898393e-01
-2.967233775995687384e-01
8.897527284399110448e-01
-6.968759820556461593e-01
6.121393443657554556e-01
-6.538705121888729321e-01
1.649711798432546561e-01
-3.522518739873513050e-01
5.930058133239878293e-01
8.112620758581635672e-01
7.836288249205324297e-01
-6.858442404867545195e-01
1.784453329306551483e-01
-8.266455922017376112e-01
7.087660634212243904e-01
6.055596480458500519e-01
8.326433195446365509e-01
-4.025440664287133763e-01
1.000000000000000000e+00
2.072060758385077806e-01
-5.089305575141828131e-01
1.253443439908020762e-01
7.366770033046079469e-01
7.240103860112674372e-01
-4.313693736248475630e-01
-9.428009643498296011e-02
3.758826010751434299e-01
-2.113571937364410458e-01
-3.536062949001643752e-01
-3.957901744835402025e-01
2.191858620607771702e-01
-3.837417894323669199e-01
6.776823607039789144e-01
5.033059322381210343e-01
-8.219513840681410555e-01
5.796351580227275813e-01
6.026805551755419765e-01
4.785774310166810430e-01
4.864100700193783045e-01
-6.315606408467047683e-02
8.749338621700116780e-01
-1.199509943288645103e-01
3.466524302619902187e-01
9.890659508393410126e-01
9.844943566640070032e-03
-6.895506470909984476e-01
-4.370940450671306210e-01
9.045731366787304051e-01
-2.165287417834743655e-01
7.517294369759707218e-01
8.165729488413676629e-01
-5.899394162554058019e-01
-6.721705554790412540e-01
8.394171750009089550e-01
-7.445032754601994540e-01
6.711773298562291323e-01
-8.160591551396366716e-01
-4.844436834563078942e-01
8.092601965217888216e-01
7.536764941041436128e-01
7.737325978194229403e-01
-4.992494071347697293e-01
-7.397737993511598331e-01
1.385307723443878203e-01
-7.736774354192925696e-01
6.784718382806171899e-01
-5.690467102958461920e-01
9.945955742052823081e-03
3.775892442103764846e-01
-2.560446710456836805e-01
6.706351815554484341e-01
6.047829813294380852e-01
6.765797761244822794e-01
3.825411534582430495e-02
-5.375917482614271936e-01
5.262097770539451158e-01
3.462283854426038698e-01
-3.848042081336526254e-01
-7.516973209109421017e-01
-9.438628148004643004e-01
8.917930836441305686e-01
-5.261377554114555766e-01
9.687974324723748198e-01
-5.085533633922980634e-01
-6.815655411402585795e-01
5.607749701191900860e-01
2.075736382631258314e-01
-4.468717814665557064e-01
-5.178466285544970349e-01
8.930991722929763066e-01
2.622068418236531695e-01
6.426350775013054406e-01
3.861874914468909070e-01
7.023581531093693320e-01
-6.199022944792176304e-01
8.173155580059044967e-01
9.920681876307200220e-01
-6.443429934870534836e-01
-1.965825632142424728e-02
-8.986349611722315167e-01
-3.209774800335842698e-02
-7.406849913967669119e-01
-1.896001411847658136e-01
-1.134561774719081706e-01
-8.886884135907848759e-01
-1.919357307366624799e-01
9.991022346517588471e-01
-5.648173694894079722e-01
-3.722864002199096078e-01
3.207684908572332530e-03
1.052867348542751297e-02
1.684358579093565844e-01
-3.762981867002418990e-01
-7.107368519924019967e-01
7.243019414347405815e-01
6.455405856613100068e-01
3.077650114104245049e-01
1.922329739871034282e-01
2.762333940790311915e-01
-7.706242071978882668e-01
-9.786581649401172867e-02
9.200096147278503667e-01
-8.662823678403616112e-01
5.002790651759084217e-02
2.605947529661503115e-01
3.523989139207303611e-01
-6.403771982226823534e-01
7.602474920988938623e-01
1.264967218015094763e-01
3.049572484988373744e-01
6.362786180951074400e-02
5.904992666595801909e-01
8.691138345551484568e-01
5.339335315544164740e-01
7.939629750583964141e-01
-1.272387588682543161e-02
-6.563494416964658074e-01
1.943850403774286528e-01
5.828831849689349864e-01
2.822477530746754226e-01
-2.433820554547292403e-01
9.120221355753926895e-01
-9.589859176132671248e-01
-9.841047830202516167e-01
-2.584187728418614882e-01
1.536341489900967805e-01
3.689660981971724651e-01
-2.552176820634973198e-01
6.849906462571494492e-01
-1.942280053139850138e-01
6.172458207635239669e-01
-7.697942160051726157e-01
8.404933531633004828e-02
-1.862928054832889979e-01
3.220889625364107278e-01
-7.447011937779113300e-01
7.408009878652133118e-01
3.742597737327226781e-01
-6.224895721085638156e-02
-1.852153836934660736e-01
-7.269799147471824041e-02
7.613340939625121706e-01
1.888659661830067726e-01
-2.499120196165067753e-01
-4.227421566620253590e-01
6.783043656052359371e-02
9.704527623294578742e-01
4.925366289011574583e-01
2.857331829558569236e-01
-9.882115479586143225e-01
1.566946176922967005e-01
-5.861553245455164429e-01
5.058756022059918145e-02
7.724814791259073665e-01
5.620098031385158954e-01
1.607568352235235528e-04
-5.472393294635269356e-01
-7.849199736181535769e-01
1.635560338234531563e-01
-4.169583995769060025e-01
5.605925914278497846e-01
-6.620691550251490698e-01
-5.221925810265606871e-02
-5.696621127265278917e-01
