-5.978483653508470663e-01
2.747618280383531397e-01
-7.172312512297205345e-01
-5.632468244707715677e-01
9.220497212311795643e-01
-5.177974106915494978e-01
7.067850917458375903e-01
8.395619505252427395e-02
2.275977982137502575e-01
1.823032964298312297e-01
8.656738292108422383e-01
-3.125782732379518980e-01
-3.624635380728784551e-01
-5.058915135455603895e-01
-6.108855833417354830e-01
7.182768309819086427e-01
5.536783945306333887e-01
-4.211064426413804185e-01
5.273427941526238616e-01
-1.107926290485639065e-02
-7.925306812748944552e-03
-1.401602997732990241e-01
4.363535856313696115e-01
1.000000000000000000e+00
5.215615373927268150e-01
-1.000000000000000000e+00
7.928126248114664154e-01
8.469867762851235327e-01
1.399745031788459659e-01
3.942410520524097794e-01
-6.678846187569638104e-01
-8.256919051699329604e-01
-7.641625580326797396e-01
-7.398307511404214054e-01
-9.067730903845504509e-01
-4.291808688423647267e-01
7.288279587502521917e-01
2.221150532542659206e-01
7.943160140010753212e-01
4.940947640208124270e-01
2.615652747285380220e-01
-1.136618057677030169e-01
-1.000000000000000000e+00
-2.471479072971063395e-01
1.643984217015453109e-01
7.937638463485003903e-01
-3.692822507831544088e-01
5.841990353179024043e-01
2.248689759182455061e-01
-7.658568512403154394e-01
5.452094751579483756e-01
1.452309086481350098e-01
8.770056239299531264e-02
6.477706989256267756e-01
-9.824928080780241935e-01
5.397475007671429514e-01
-7.726978019468377923e-01
8.673439076148404814e-01
7.053293229470045667e-01
-7.235995977841536142e-01
-9.148173332896627485e-01
-9.746028493798153391e-01
9.317658893125766451e-01
4.259824891563811500e-01
-5.439047121256090911e-02
6.850714187147681766e-01
-4.282820053876839617e-01
1.000000000000000000e+00
1.246466096063391510e-01
5.797971527724041785e-01
9.779454177181789998e-01
2.780182763307698091e-01
8.941681896482611691e-01
7.740064540013384953e-01
-6.316521525895766320e-01
-1.686316422673614923e-01
1.469429233855248373e-01
-9.184907464020906076e-01
6.701616053011645313e-01
-2.986718291960737126e-01
-2.160714250496122979e-01
5.825083156509840432e-01
-9.079568543039850947e-01
9.612819702065855676e-02
-3.255618228290628746e-01
-1.098969388973709549e-01
-3.491566430716774860e-01
-6.176512521226096286e-01
9.623721596237189146e-02
-1.045841267374449240e-01
2.894470755746174073e-01
1.000000000000000000e+00
-2.675915808298749976e-01
4.104209603810404783e-01
-1.586257594457521070e-01
2.434175041538526318e-01
3.217552373462807536e-01
-5.078688736866050490e-01
-4.957048742784784245e-01
-7.246416252538301350e-03
8.977955141000724115e-01
4.248759727205779213e-01
4.506698434004962062e-01
1.608876581747578915e-01
-3.890513612589460712e-01
5.803496628376259014e-01
-3.843319124980866253e-01
-8.360839144335567852e-01
-1.858535933113201477e-01
-1.435402217516876799e-01
-9.057734951988352101e-01
9.231408564607723743e-01
3.202938010453133533e-01
5.845860171235811586e-01
6.299070890826562463e-01
-7.870820805194840286e-01
-6.047979893527104522e-01
7.751103449678352630e-01
-4.393895303965608123e-01
6.205576117342178621e-01
5.665633978736046572e-01
7.668919537746239357e-01
2.501809065233175922e-01
-7.714646217853302623e-01
-4.070612426773740911e-01
-2.150362986649614339e-01
-3.314137922210709242e-01
-1.000000000000000000e+00
4.619450388723960743e-01
3.711599788500185015e-01
-4.873879889210259719e-01
7.566169622257229443e-01
-9.502866536426709532e-01
7.650455415899970468e-01
1.098294167317461767e-01
7.772563755668708829e-01
-1.390972430698431406e-01
1.220163660838526759e-01
8.002046255607169201e-01
6.469483648993965552e-01
4.646606503623304518e-02
-1.105154421642253748e-01
-7.036826885252973618e-01
8.086382114737461491e-01
-7.304834743639665451e-01
5.458214843785371695e-01
-4.159576913378300045e-01
-4.010046643761783769e-01
-3.268710666340226556e-01
9.500389794147334754e-01
4.435795175942697233e-01
6.657648439700799559e-01
-5.371762694478776634e-01
7.571959161100049185e-01
1.670124808331877320e-01
7.485549179228445649e-01
-5.117830668052372189e-01
3.723424180525525262e-01
3.869572288072773425e-01
6.586200449183020611e-01
-1.382639003236391106e-01
-6.470503541994832020e-02
-7.020823226531429651e-01
-8.502035148250928209e-01
8.962750976908018252e-01
6.099411955758806680e-01
-8.203644856557246179e-01
-8.681015041810726807e-01
1.000000000000000000e+00
6.493711085247781956e-01
-4.330644675495056717e-01
2.801683450170014411e-02
9.793048798707818525e-01
-1.000000000000000000e+00
3.713316308409889688e-01
2.108983443453126272e-01
-4.362275310673056072e-01
-2.416709032387470146e-01
4.433706230291544204e-01
-7.141925337914143412e-01
7.446400246579645277e-01
1.860992150651188948e-02
7.384937047954154288e-01
1.736144668800041480e-01
-7.873294848107128541e-01
2.091031276302979802e-01
-7.126621235943886301e-01
3.310913927957680469e-01
9.278590221442203356e-01
-6.387216510514375223e-01
-1.850199525509929263e-02
7.111754970209993587e-03
9.782533956804759789e-01
4.880016284558308937e-01
5.476931532681352799e-01
-3.712727519097345774e-01
5.705807703306620127e-02
-1.867296897984707105e-01
-9.575037855218969662e-01
-8.105878731290929728e-01
2.002864127515832648e-02
1.160993216158374836e-01
-1.908668597559197710e-01
-3.772073429655604659e-01
-2.875041475652476697e-01
4.687503251761420131e-01
4.690034935229739910e-01
-7.488679241438818135e-01
-7.830331118638026444e-01
-9.240336877184394115e-01
-4.122122784485295899e-01
-3.654151567877589879e-01
3.570735689750215158e-02
3.039590773762714804e-01
9.895813209626350693e-01
1.065695423267258857e-01
-8.701260186165225841e-02
8.950633071373694793e-01
2.620941056212580111e-01
-7.523303987805423088e-01
-6.859032866112722004e-01
2.906545422910997711e-01
8.402815443549807584e-02
3.029002304962026826e-01
3.289941188560949747e-01
3.130212344009660752e-01
-7.736843987116635013e-01
-6.200184182496362162e-01
6.495171230496562531e-01
-6.659476442264002927e-01
3.496139539625384152e-02
3.698446559951303891e-01
3.503772928678031695e-01
-6.822737346379116330e-01
-7.366663794611926219e-01
3.693296132721837211e-01
-8.906564161039844940e-01
8.898614823538369967e-01
-1.000000000000000000e+00
2.828938176081936540e-01
-5.339731350650072095e-01
6.879093935140037086e-01
-3.388831085616401673e-01
9.596169271454404459e-01
9.554859319262747341e-01
6.013160043145332478e-01
-8.166914210474163216e-01
1.935237293361528887e-01
6.793379507869313771e-01
8.149959187745237088e-02
-6.126591648243779886e-01
8.866277023281518566e-02
-2.952266280663681242e-01
4.943895689857671916e-01
2.326825351748193493e-02
5.231685798052441161e-01
-2.616769063942169793e-01
-5.930367129902682777e-01
1.839120017049382383e-02
9.008103768339612571e-01
2.995232429491908599e-01
7.548282819702504254e-01
-1.000000000000000000e+00
-7.622185823538720761e-01
1.515445390106427148e-01
