-5.128458710631960127e-01
-7.789054574301494949e-01
7.446781428601635389e-01
-9.751730865660774850e-01
3.717887293295991658e-01
7.445485624592163010e-01
2.684483554349555989e-01
5.954187839374500690e-01
1.204377647552423714e-01
-1.089718629275646389e-01
3.568693582157097532e-01
-5.250342224663870905e-01
-5.542950311604759595e-01
5.370364024342569875e-01
1.115510257166482250e-01
-4.311280510291596313e-01
3.984535369073919364e-01
-7.436229479918765595e-01
5.985439499183021761e-01
2.282913588442805064e-01
-2.711765540570520994e-01
4.572020064662074557e-01
2.939350924326262771e-01
-2.331551345066099346e-01
-9.715555792868746376e-01
2.458357704000324606e-01
-4.411947038490564021e-01
-1.725712352059785015e-01
-1.000000000000000000e+00
3.730026931872374441e-01
-7.284919393189002168e-01
9.247923956339829665e-01
-1.000000000000000000e+00
-1.396400382777602811e-01
3.931276721247447536e-01
1.699305994225160793e-02
9.186947187683727201e-01
7.102697360224874412e-01
8.616261303426098195e-01
3.918972673593575373e-01
-3.550718652186022339e-01
6.723871568850863234e-01
-3.048845271927629330e-01
-1.646572601910244182e-01
9.950233576534640578e-01
3.059947300162918493e-01
-5.209465944615194744e-01
5.272123342057208895e-01
8.098973173227735911e-01
-1.343322245532073966e-01
1.881770893096704478e-01
5.077441908836329842e-01
-4.966174419354412173e-01
4.840278233275675523e-01
8.408315077377925828e-01
3.419812088148059814e-01
-7.906558385953479373e-01
-8.259332764741708077e-01
6.969770627122821027e-01
1.066137342828329393e-01
-5.935272889794650508e-01
-5.343902130141430229e-01
6.630949929010763189e-01
-8.423180601577109350e-01
1.146989104753651789e-01
5.263083727350066354e-01
-7.569028809486644249e-01
6.753786781149564433e-01
9.809943144495176792e-01
-3.620447612221619482e-03
9.165727245696770886e-01
2.035369560775819875e-01
-6.897508059002586123e-01
-5.127443118729191340e-01
-6.732256944734025250e-01
-1.717259258032917402e-02
3.614423356662792020e-01
-3.210003870160560435e-01
-7.646023779990632763e-01
-1.977548760274889517e-01
4.359510107523534295e-01
-5.781031868854658029e-01
9.801707649209199236e-01
4.763764944733726581e-01
-3.854788066328519724e-02
5.765205736062115616e-01
5.415147758575065140e-01
-2.887408310710346537e-01
-7.000626774632138227e-01
-5.174481953707753545e-01
-9.984879858780695283e-01
-3.477211798664723297e-01
-3.317659612416747894e-01
9.671253222833579022e-01
1.000000000000000000e+00
7.647644696366415751e-01
-9.309884526008755934e-01
-4.106166132515801093e-01
4.393426340318398182e-01
3.957301863987632840e-01
4.597029477028447553e-01
4.594483371523924720e-01
2.676101943247378157e-01
-7.948787669534949085e-01
-5.126102961758289833e-01
-4.409506251114088116e-01
-3.911571009714005509e-01
-5.479091373216971039e-01
-9.203992619583623025e-01
8.128012667430408733e-01
6.400320086151823906e-01
-7.467138046017487429e-01
-4.617261935353098590e-01
8.596570421416938057e-01
-8.003851614639323486e-02
-7.608016911798243243e-02
9.958444555512295793e-01
8.854052976479784842e-01
1.846479085446295632e-01
4.044324654896593874e-01
1.000000000000000000e+00
8.014562463569091522e-01
-4.077696257503291566e-01
5.801792434896403394e-01
-2.046490498606316766e-01
3.744722795330968079e-01
3.021004704848848643e-01
-8.252178478932586936e-05
-9.407448174222252657e-01
-9.284470794757220258e-01
1.000000000000000000e+00
7.241623964134974445e-01
-1.888070884564550522e-01
7.216734038433352261e-01
-1.000000000000000000e+00
-3.689974346010703732e-01
3.362262594974899654e-01
2.654396322001573161e-01
1.000000000000000000e+00
-1.863325779574788801e-02
-5.548223262924434351e-01
-4.249843368218588768e-01
1.338338911253004332e-02
4.334297731412539711e-01
-4.280047875563848248e-01
1.836593977322826393e-02
2.895696309359785947e-01
6.641926532063394673e-01
-5.228595695415686473e-01
9.456464160743485725e-02
9.519799443387082505e-01
2.746560567041456125e-02
-7.872908531764351014e-01
-2.698027829225744245e-01
1.750229504430861338e-01
-7.627671101401989340e-01
-2.991154869660365145e-01
-2.046749830269132542e-01
-4.751228247921905901e-01
-1.435131651545773490e-01
3.575040397520923285e-02
-8.026326203684603922e-01
5.694681565288022274e-01
-6.052636170529674953e-01
7.698187542721210974e-01
2.884787302916592688e-01
1.212150838851135670e-01
5.431928518219910629e-01
-8.190669499146550070e-01
-9.148051137861163973e-01
2.064414715342213213e-01
8.696970573361090251e-01
7.241761057407538615e-01
-7.434121451013240289e-01
-3.173656713943480145e-01
8.693540112718388391e-02
4.686190749851413262e-01
7.890330388878664669e-01
2.355239518281138367e-01
9.818488049503584225e-01
1.174200298079722260e-01
-8.321020556282350267e-01
-3.706125616423658342e-01
8.919152380811510294e-01
5.059598917873666668e-01
-6.711320671683190797e-01
3.360760752339444490e-01
-7.586438398873101008e-01
2.365794543098616032e-01
-4.016547168312639693e-01
-2.645529375238611092e-01
8.213387358052270937e-01
-3.812117895570640291e-01
6.734967033057435160e-01
-8.778417353191840800e-01
8.966097799335216445e-01
-6.483048091008666303e-01
9.306799983320213077e-01
5.321218297790137886e-01
-7.348053155687277460e-01
8.096873208526198518e-01
4.823721345952443063e-01
6.811371634815624465e-02
3.786922427601711050e-01
-3.544592588974101455e-01
-3.148378409831309455e-02
-8.805668308158383084e-01
-3.973504306726598490e-01
-7.642795448008338210e-01
-7.885242368490492648e-01
-9.824356376089922183e-01
8.153124980488735130e-01
6.926734751265802847e-01
-5.622865654766673327e-01
-4.339264848137119879e-01
-3.423108796550649036e-01
7.101174192799497575e-02
-6.939695470766396035e-01
7.641959633110364525e-01
-4.217069737795509643e-01
-1.000000000000000000e+00
-1.137230356740057402e-01
1.000000000000000000e+00
6.628061808911483999e-03
7.594457318160887649e-01
8.415763099513496881e-01
2.308032467527512122e-01
-3.937530759149823756e-01
2.529621518685742920e-01
9.372022002099584803e-01
-8.034829426563470101e-01
-3.000611568671646134e-01
3.297555227166271141e-01
7.921142464627056734e-01
-9.404582156816341243e-01
8.276296529149689274e-01
-3.978792741996165505e-01
8.708185011767846095e-01
4.661538454308375989e-01
-2.439968197163708274e-01
-1.095608110985566430e-01
1.339966747933022395e-01
-4.541845322054494788e-02
4.825317254898424668e-01
3.661038455120797508e-01
4.008310031330192258e-02
2.870735686524850117e-02
-4.797276070198559506e-01
-1.592620169548116527e-01
1.676483369109618149e-01
5.561571393705395661e-01
-6.432519690674191049e-01
-2.870285010982935314e-01
4.132160233776207559e-01
-3.747998334280519539e-01
-9.184190627930166606e-01
-5.542029484914868798e-01
-7.305935063417910991e-01
-8.539107571897803783e-01
2.184608917230292657e-01
9.138735543787928073e-01
-2.559591943465489017e-01
-6.970731546872012130e-01
-8.829581344629273687e-01
3.697882568442636408e-01
