5.200735621819529975e-01
7.214996057462075285e-01
3.905737234161804072e-01
-4.664154707433507685e-01
5.423259374005291455e-01
8.097313885241820275e-01
1.567103428821387812e-01
5.709903992881425472e-01
3.461272566019744645e-01
9.605978271027411086e-01
-9.676253130457049823e-01
-3.308340869818257590e-01
2.341307938708062086e-02
2.047010388658863922e-01
-9.770233570269394319e-01
8.746430107978359070e-01
2.305251250273300523e-01
6.511169999444791356e-01
6.402631350548591005e-01
-8.794985873007244992e-01
-6.321431799760536263e-01
-8.036591612572605015e-02
-9.956464383522370953e-01
3.926004910025644445e-01
9.138748727638823510e-01
9.987075873416960681e-01
-9.261013458127344000e-01
6.778495466114559109e-01
-6.433246727942577570e-01
-2.582264929923764468e-02
-7.053843164790084552e-01
2.091733847355728981e-01
-8.707846825929185242e-01
-8.584593539308161825e-01
-3.111050177621734747e-01
-5.845482692188510576e-01
4.801135114639107915e-01
-6.745085861775758085e-01
-7.409034272180433645e-01
-7.799840829758267757e-01
9.542082210407416554e-01
8.578924580652886878e-01
-6.088306162917416220e-01
-6.984197817501658356e-01
-5.184583401934457214e-01
1.456448570685656974e-01
7.749596270006937626e-01
-7.997433741185496769e-01
7.564172353213178823e-01
6.806476068948280785e-03
5.085706132994114448e-01
-8.753084207707643172e-01
-5.467136694493965887e-01
4.770199750571290087e-01
9.813114741485148285e-01
8.333038167827322429e-01
2.998036373096016893e-01
-8.894581012516932228e-01
8.365556650380532311e-01
-7.694260178323257815e-01
-6.780193821454553182e-01
1.582718410107698814e-01
-9.530979349834568515e-01
-7.093893316951644934e-01
-8.655321525080447165e-01
7.233366252675769159e-01
4.886486451756309468e-01
-8.438778511003776350e-02
-2.358029893118659681e-01
-9.995816155834660321e-01
-2.887946372821110219e-01
-7.939701171167484750e-01
8.482035724743566818e-02
3.287770374471083445e-01
-8.824587019371843422e-01
6.587202147406084896e-01
4.546318814686036713e-01
-5.213805218466112112e-01
3.245513997849175380e-01
1.587573543031004231e-01
8.631271946493095371e-01
4.192513995231416102e-01
-7.727851225624754461e-01
-4.969076717632697204e-01
-2.402870201089965241e-01
6.988842552728469215e-01
6.811901234126493954e-01
-8.669687039486099200e-01
-8.865734501871405104e-01
8.059912816858771922e-02
-2.041077185435354741e-02
-2.362788531686506044e-01
9.527134852110817620e-02
9.904592757690003912e-01
-3.513760017180608264e-01
8.830722240998689632e-01
3.862268925003655151e-01
-7.453481160874947387e-01
9.550392704713775993e-01
1.124152074723109782e-02
-3.877819793601187115e-01
7.926537635700512396e-01
2.649999734510452565e-01
-7.442959691715489434e-01
9.362632989691507257e-01
2.604960288080139796e-01
-8.350433416690382638e-01
-1.016868588193593076e-01
9.646336886158220214e-02
-3.686173117925440890e-01
6.277489486158861487e-01
8.560017171635387889e-01
-8.733648731081431471e-01
9.056771982770394080e-01
-8.273151657802909620e-01
-9.999827315558178498e-01
5.131000387927746598e-01
-9.660615308053940309e-01
6.629973493531480244e-01
-5.609210349919456773e-01
6.777813555279288416e-01
-1.112868418455788128e-01
-6.896628668908120208e-01
-4.163126579696867224e-02
-1.375887179567338581e-01
5.191186277281790717e-01
4.285106676266111081e-01
-1.844568389614143766e-01
-9.822891554737761544e-01
7.794373869131835386e-01
8.290846191197739357e-01
-6.093337017758222035e-02
2.611625226718800041e-02
-3.457881825037437684e-01
-9.325158999855874542e-02
-1.738169484242650109e-01
-6.851510832351986879e-01
-3.903302035228667921e-01
-4.943051653444591187e-01
9.409823506670251803e-01
8.041468985764239630e-01
-2.080737747483689740e-02
-2.937712666189162478e-02
3.846872897404667313e-01
3.160823320933013880e-01
9.581060849060500928e-01
6.636339051511328524e-01
6.273884499967223409e-03
7.804336150213250778e-02
3.703410558043726541e-01
9.995113473315165864e-01
1.661767272448602117e-01
-6.979266709006715086e-01
9.878353669045473184e-01
3.037497454208183956e-01
-3.099005613070399123e-01
-7.389475101085557496e-01
4.372111500697367821e-03
2.866811834715035090e-01
5.100948284607476069e-01
7.042509437624758784e-01
4.484058923040779021e-01
1.595178318160712094e-01
-5.645574532307270355e-01
-8.441309364321121222e-01
1.169126417922736472e-01
-8.166938631597873144e-01
-1.000569264553752946e+00
7.355703442379151191e-01
-1.940465205709724916e-01
-7.972042505515153366e-01
4.267168538302761327e-01
4.209102003994646957e-01
1.328409770430708237e-01
-3.944960126416849899e-01
3.238188816541294757e-01
-9.521788271490052580e-01
6.786205464454293512e-01
-9.524377025389538787e-01
-2.609229659570911353e-01
-5.902180340933207425e-01
-5.382258095238706685e-01
1.520103126564514850e-01
-7.405266694521117632e-01
-1.251932263941523127e-01
7.467572952747579818e-01
6.540743336649155193e-01
9.718963984238360165e-01
-6.311916370266280607e-01
1.816198900903550351e-01
9.471325374682216802e-01
5.222758769705917459e-01
-8.216847604223059820e-01
3.274721697861638359e-01
1.000451684034028288e+00
9.467169127424427399e-01
-1.001263981430687400e+00
-4.837328957050863742e-01
-4.764245505913128342e-01
6.528808188126894452e-01
-7.553758510528818526e-01
6.117608419502541528e-01
-1.970711171625765257e-01
-8.072234090021156161e-02
-8.987937864926218712e-01
9.997443874128816299e-01
5.165518979400939292e-01
5.991889783483024257e-01
5.029507069381913276e-01
5.735557247910211265e-01
-9.461070594357133823e-01
-6.050219933613678602e-01
4.307239600125390977e-01
9.332171379392258936e-01
3.022301995501255889e-01
7.661922186608671748e-01
-1.109045904904215757e-01
-7.971106204524122107e-01
6.179947020342545505e-01
9.811094287652177837e-01
-7.108108950122978831e-01
-5.489013613128964630e-01
6.158003545339295615e-01
-4.056818029961159477e-01
-7.288478064219986452e-01
-3.099278324075738222e-01
5.717300467692612020e-01
1.741444484995625930e-01
6.263787085345300376e-01
-1.404285027721779155e-01
-1.000753407969666942e+00
6.643132547500306684e-01
6.535583781379687984e-01
1.161863275066654516e-01
-6.902392205085653432e-01
-1.001378278087279750e+00
-8.608740838225606984e-01
1.000160095651617453e+00
5.526618164039736047e-01
-8.477066377968491828e-01
-8.114885932050834860e-01
1.253085476588643721e-01
6.671860889796872307e-01
3.641638996151567720e-01
-7.541555399919801228e-02
-4.531928169742440171e-01
-6.309586862903381332e-01
9.178738252603877434e-01
2.367043259002856170e-01
-3.001788120932016857e-01
-4.604419445374760556e-02
-8.940817753537598778e-01
-2.584288064575984700e-01
-5.657652276379432355e-01
5.719012389326614265e-01
-6.363138612901236835e-02
5.720778189174905437e-01
-7.864193516660046290e-01
8.768105886033679131e-01
-1.000196266284691493e+00
2.636347860270549931e-02
9.992085838011732779e-01
8.996817604480319419e-01
-2.849948330242128014e-01
6.076255148574962739e-01
