5.009069005729109847e-01
-3.169913632928106906e-01
5.992702250214301252e-01
3.236563247264081511e-01
-8.733745483099277784e-01
6.597824221388466359e-01
7.791762661873773421e-01
-6.137128374404987596e-01
-5.825853256278539227e-01
1.990151621532117443e-01
5.333117363740456085e-01
3.223018350252003783e-01
-4.548433728077763694e-01
1.923301203099093970e-01
-3.857645653166514310e-01
-5.525147266498178222e-01
5.377247105880299527e-01
-4.734760598279186272e-01
-9.216067186021327240e-01
-6.104637889325407185e-01
-7.253653679910321284e-01
-8.098105118218811016e-04
-6.225523654276232666e-01
6.097991828408209081e-01
6.484987521535690025e-01
9.854901521635388573e-01
3.069478457826867457e-01
-3.322237552627320678e-01
3.081185631598873931e-01
2.406784982201753409e-01
-3.314516285371027493e-01
-6.403074005199640428e-01
-9.828332966388373393e-01
1.290096212797269271e-01
7.566758991245324806e-01
9.597756185904248172e-01
-4.367313321210268828e-01
7.622900006223509717e-01
-1.000000000000000000e+00
2.668508877003188950e-01
-8.382100182233455099e-01
-3.631741403806272306e-01
-7.584899685782707512e-02
7.489357725460878967e-01
-2.599796074808317092e-01
4.418920802174489681e-01
-9.987714895655495084e-01
-9.503159352421335360e-01
-8.858165415662331288e-01
7.094199326738084288e-01
1.784847454892719565e-01
8.018661676878684474e-01
-4.683390745462134297e-01
-8.455750672884086716e-02
5.738327051821878744e-01
3.199687809589151222e-01
-2.772385439774206484e-01
6.443511965039094846e-02
9.641149398716970520e-01
3.274116247171861005e-01
-5.914326443239303899e-03
9.570749770584936755e-02
-2.831284534089861804e-01
-7.388200696740134799e-01
8.642424409320224044e-01
-4.265383505834920985e-01
4.676358271643445419e-01
-1.836065500198322542e-01
5.215168446075259256e-02
-6.208325519096907774e-01
-8.277159530551970734e-01
-6.654958600354514697e-01
-7.551064948404376809e-01
4.845039830704278572e-01
-2.342409670215574516e-02
1.123881264626976628e-01
6.589571485370023796e-01
5.867848473259543729e-01
1.596415075215419088e-01
9.768676483212613837e-01
4.498353543883890637e-01
8.697267769149423788e-01
2.932005432849597165e-02
-9.036073004393777031e-02
7.443403862494569756e-01
-5.144168280264956872e-01
6.755015280340203043e-01
-1.000000000000000000e+00
-2.495447694428247210e-01
1.000000000000000000e+00
-8.001817910058302008e-01
6.309803412716346038e-01
3.792665655045333040e-01
-9.554816852010494799e-01
6.453920475320676919e-01
1.337051802689741553e-01
-2.691902840894803695e-01
7.856580038161370405e-02
4.316949576629810492e-01
-6.599794701395754748e-01
9.498841494548198039e-01
3.147480212926867527e-01
-2.881443366350165403e-01
-3.804536717385549327e-01
7.978651891294779031e-01
8.939738277742036443e-01
-8.295383539545171381e-01
2.680577358055852288e-04
-6.016700999861566146e-01
9.940051430553747958e-01
8.090356831434294405e-01
7.962445625190128773e-01
-7.755861692381619266e-01
9.328300397257289767e-01
-2.987828359114868548e-01
1.568311343621513476e-01
-3.104620684343100123e-01
7.589703439149626529e-01
1.250584331050823561e-01
-9.432013318282972403e-01
-4.668825726260874553e-01
-7.605855410948427764e-01
3.757386605870579460e-02
5.714372644757325093e-01
8.582385395851024334e-01
1.570292829795176537e-01
-2.215930031266739320e-01
6.739221739198596461e-01
-8.039313118984395823e-01
1.000000000000000000e+00
3.924399857244686429e-01
-2.890735929566201623e-02
1.161563984076524614e-01
-1.298675373535601030e-01
-2.713321667553947325e-01
-2.990863348867819210e-02
-1.000000000000000000e+00
-7.525539404109682362e-02
-6.543819051894931293e-01
6.851263821830280154e-01
-9.530598963248432254e-02
-9.265492765749888671e-01
1.803525086694305821e-02
-4.437989508600166944e-01
1.887001979320492850e-01
2.878123425244696332e-01
1.243094375948870234e-01
6.442016022402468067e-01
-2.932139000676377005e-01
-7.716973080224012183e-01
2.145382089977758699e-01
-1.857789054256600014e-01
6.755864450155182332e-01
9.767753435819355179e-01
2.331090800170035615e-01
1.000000000000000000e+00
-1.764077079968274370e-03
-1.894321773276975152e-01
5.544336619617270534e-01
9.037957805796721367e-01
7.854749369791634850e-01
-6.490764986394418345e-01
4.549778961960357915e-01
6.054172252575020785e-01
-5.990571010532594887e-01
8.008371135214087388e-01
9.432374000149372772e-01
-1.887121648490093784e-01
1.923945720035603602e-01
5.012595695458834655e-01
-1.000000000000000000e+00
7.834483647400232176e-01
1.000000000000000000e+00
9.931047636520499156e-01
-7.939625340992256808e-01
5.130701619019826243e-01
5.904908697417007857e-02
-2.861235645437851804e-01
2.628902692669536911e-01
-5.084533358789387059e-01
1.000000000000000000e+00
-1.000000000000000000e+00
-3.159915324199135123e-01
-1.326284339732605733e-02
-3.380418874361244552e-01
5.811113790069590834e-01
4.456040108655242027e-01
-7.429862139152150213e-01
5.082568948589212265e-01
-8.334292681204824582e-01
-2.449403150601867640e-01
7.564576489789045510e-01
3.330336848905230962e-01
-5.748344956779688486e-01
-2.509971497215411906e-01
-4.937013579105058447e-01
1.002074213187484353e-01
3.930356455787981096e-01
4.639581640757377556e-01
-1.000000000000000000e+00
-5.841442163730048431e-01
-4.065630859035253009e-01
9.256631177555254553e-01
5.549297001941628782e-01
9.824307588817809966e-02
-5.659554842801993446e-02
-1.277123432541848180e-01
-5.882286874940860777e-01
-6.535396911990086766e-01
-2.351717871882286204e-01
-6.742589744371922655e-02
5.775666842386267819e-01
8.417120804393354305e-01
-1.137722242012530471e-01
9.991507422397709615e-01
-8.700144679777943590e-01
3.403193743337105670e-01
-9.958279788154846823e-01
-2.044186028659011889e-02
4.106043585044715782e-01
-9.644570441646957981e-01
-8.231095012576820913e-02
-3.683285342921194250e-01
-5.625724677549018837e-01
5.187646812899013860e-01
5.277169124377872195e-02
-7.442410992836582251e-01
-6.490227039494734784e-01
-6.036400010141325101e-01
7.913481240996405042e-01
4.225869916514493063e-01
-4.793061939072593702e-01
6.347113496602241334e-01
4.012813961231966875e-01
-3.587157870075272093e-01
-8.775811907975743509e-01
-1.000000000000000000e+00
5.718883422028825381e-01
1.448353937406703373e-01
-3.094863425393041823e-01
-7.281420583082320874e-02
-4.981035730568501574e-01
5.848492139775265386e-01
8.318775760341294845e-01
-3.581400035089519207e-01
-6.157377317667479533e-01
6.019856662576578143e-01
-5.242309780420335574e-01
-7.907688505800329892e-01
-4.163829945109266961e-01
-7.967921959112239660e-01
-8.560056160344473586e-01
-7.041070311719330732e-01
-6.941708463656335315e-01
-6.425569371260122509e-01
3.197791049910678751e-01
-3.765301677069108344e-01
-7.214251577570444107e-01
-1.744533213167953623e-01
7.584876222469025819e-01
5.001254826719224722e-01
-8.343945184868081233e-01
8.247790961977710666e-02
2.189808797567510124e-01
-5.002888592868468542e-01
