3.855523298219005746e-01
3.108191028460374761e-02
6.707967948612112430e-01
-4.719261032609356477e-02
-6.805989987284931653e-01
6.334865591582747868e-01
-6.409301863730074711e-01
2.321035554823887015e-01
-1.275382611155747858e-01
4.419817396592193859e-01
-1.474784882179801249e-01
2.295987704764621551e-01
-4.694163360914203054e-01
2.042421551707968574e-01
5.651821543805617409e-01
-1.163462515076485460e-01
-4.480803857498365517e-01
1.104776976953242840e-01
7.182156806414026207e-01
-4.876442683645683118e-01
-2.275990614883471874e-01
9.456285466736272793e-01
-8.131820998073482354e-01
2.809527403903589460e-01
4.387829904505191614e-02
-5.002691847986839857e-01
8.874614426143476731e-01
4.545195907244207745e-01
-1.134884630275032336e-01
5.598852441974027094e-01
-3.202777772223173725e-01
-1.074548092048925874e+00
6.237720588512893904e-01
-9.341153259598942160e-01
2.982470030664813310e-02
8.753756454903778295e-01
7.857163542475342766e-01
7.645329930824291687e-01
9.261812472366744986e-01
8.510775004732709093e-01
-4.199731135124444847e-01
-5.859902861219928871e-03
4.824976158353237454e-01
-9.632659050654011068e-01
-5.942605844619983646e-01
-5.393712769954879527e-03
9.015910818650466618e-01
1.821909242198294088e-02
-1.601660569253766653e-01
-1.094704272521132005e-01
-8.709705802739438063e-01
-4.076956243118481371e-01
-3.280649435509859768e-01
-8.571265029340202624e-01
5.836996919233240766e-02
3.704438623631359784e-01
3.611823541826882922e-01
4.105603658125860922e-01
-1.981397095371179307e-01
9.541181075036750947e-01
3.251007838548906625e-01
-1.877490632854394714e-01
-3.297908957759332349e-01
-6.400861578025618392e-02
-7.853506945005364059e-01
-2.799398732373803433e-02
-4.668068952693338325e-01
-3.889046831874876098e-01
7.528018026769566218e-01
2.345881564007365749e-01
-6.354036702896961319e-01
-7.086022808682951313e-01
-1.909207731917434980e-01
-7.407629383970039116e-01
-8.963216636302111517e-01
6.208768563879439872e-01
4.824883806799973307e-02
2.366681346166207012e-01
2.564498312806788860e-01
-7.858121609865091894e-01
-5.502933342378774073e-02
-2.323159122104125895e-01
-1.448218606581346268e-01
-3.882847696777897983e-01
3.674464199309571688e-01
5.926377463951837399e-02
8.086530969539752478e-01
-7.896687088645375496e-01
-5.893631734050051030e-01
7.220269997809356521e-01
4.589959211198020583e-02
-8.512508413777235550e-01
-1.894521390714307696e-01
-3.840445505693537154e-01
7.439084041364922850e-01
-7.957384984022268792e-01
5.671095173822806590e-01
2.199300279040170558e-01
4.843666558799588073e-01
4.170624705215097983e-01
5.447606547505441377e-01
-8.442560633919551361e-01
8.376414725533291028e-01
-6.057330097982532857e-01
8.026851600134845555e-01
-2.480061941086928456e-01
-2.509727650092100637e-01
4.977360716835939614e-01
2.365041915485365798e-01
-1.010065078417655471e+00
2.423099687343653608e-02
-4.841736704499556287e-01
-2.470419431783800190e-01
3.157498626738446390e-01
-5.860132643799975671e-01
-9.339796953837371518e-01
7.232530815889055553e-01
-4.533808850553863179e-01
-4.343309516659812353e-01
-2.475302669208911954e-01
-2.102798588670946600e-01
-4.079202743226147954e-01
8.680143919195217883e-01
8.465507310698592303e-01
-7.304008386354066129e-01
1.041374112252344553e-01
-3.112636784031452830e-01
-7.064068370771043881e-01
8.218051804771511204e-01
2.803948396832143253e-01
7.188737900862314234e-01
-9.062394366114604471e-01
-6.620464733153420822e-02
-5.623218352516563545e-01
3.429455894455624154e-01
-4.459545994304108252e-01
5.666802804064146049e-01
-2.398647607025753414e-01
3.252470330862753389e-01
6.098112916164930564e-01
-5.890593769617514797e-01
-7.601334898347106295e-03
-3.669281228794101235e-01
3.795415249356610121e-01
-5.281271334072012991e-02
-8.570144349736648071e-01
5.514964640433630549e-01
9.042677065454074459e-01
-5.330890956775002909e-01
-6.609555513940958138e-02
8.335998852563146766e-01
-3.189116570931205819e-01
5.332836903049551491e-01
1.750958521956187397e-01
2.940709232172263876e-01
1.104673904221314285e+00
7.220915210546332563e-01
-8.128369424466788118e-01
-4.341798632827108262e-02
2.244994060540905778e-02
-1.010276362051634846e+00
2.819238358267928124e-01
-1.648787133752208645e-01
5.788686114707104480e-01
9.649906371854326537e-01
-2.555647309300936865e-01
-7.831734772981933101e-01
-7.701103614886912752e-01
-1.147980156278697317e-01
9.113946782707762484e-01
-3.969960175322146956e-01
1.864590576961316915e-01
-9.383480908931537412e-01
2.156719808425080487e-01
4.076254472526820716e-01
8.013854435823519751e-01
-5.552751339986676804e-01
9.711082747883873489e-01
6.235897668220413692e-01
-7.823210886599072378e-01
6.350837653523315751e-01
-9.427410601921791811e-01
5.940299644254447564e-01
-6.880146920762399976e-01
7.664483526628791399e-01
3.286093670760371066e-01
-5.792440320903526896e-01
9.429110396761688495e-01
1.869459254749668009e-01
-2.561726296080462095e-01
6.643030106578622362e-01
6.241962496673212346e-01
-1.076664403246076152e+00
-5.065479767819937029e-01
-5.463461322485413385e-01
-6.405711519381220853e-01
8.054929756291462351e-01
-7.750896686260995150e-01
-5.204953883391731928e-01
6.929898069022133456e-01
-5.202081898345545241e-01
-6.359249736484099413e-01
5.704152438026255378e-01
-4.886716872221977814e-01
5.793407009869568913e-01
-3.661946175656316527e-02
8.610349226310674009e-01
-6.875282497549080052e-01
-9.231343373184385248e-01
-8.237105359249333736e-01
-2.212643009146890161e-01
-8.897271905148049220e-02
-5.714729388192789639e-01
1.563749727017568758e-02
-2.050370763883823388e-01
-2.671962762731381336e-01
1.355193146485131894e-01
6.395780081229593961e-01
-4.977224635539969633e-01
-4.954242203026184566e-01
-5.793693423467933812e-01
-1.999297837594860017e-01
5.254324407119561613e-01
7.226967161208364132e-01
-9.791951640751170860e-01
1.353815462872875186e-01
-1.069882244213924416e-01
4.239891925295391495e-01
5.401627691200676651e-01
1.611946516831587739e-01
7.563938206132426734e-01
-4.711593463026896855e-01
6.123763174829806033e-01
9.428207558493040263e-01
9.782200808410388415e-01
7.624117383245525292e-02
4.950875609265783517e-01
2.511067368643208342e-01
-8.742452644243183801e-01
-3.488598592268861709e-01
-3.717276566033780316e-01
-6.310913683954447739e-01
-1.092509851746316984e+00
-8.915809285540603479e-01
9.569210041353572171e-02
-5.470364501479865194e-01
7.668364431098135814e-01
9.222577218262988374e-01
8.660567368460851956e-01
1.663416567193782558e-01
-6.259689490191959749e-01
-4.315478317115900575e-02
7.581064330681437369e-01
-1.033614865087113532e+00
-3.069941818290189417e-01
9.024721414593757096e-01
-7.701066298319222958e-02
-3.673176590399880315e-01
5.052669860868508334e-01
8.013219601314893747e-01
3.786131712628035828e-01
-7.768040649972903777e-01
2.893515751352397913e-01
7.280115106688009874e-01
-3.743152331394985488e-01
