-2.485453772685036755e-02
-8.415355411359041193e-01
-6.347697357163933907e-01
-7.082380097895147886e-01
-2.179534986939708485e-01
-4.810821952575730642e-02
1.950071967543705598e-01
-7.466414265387283367e-02
-8.897973645804517773e-01
-3.791617206219315417e-01
4.488693856134075011e-01
-4.301806559325532797e-02
-4.307036036353709130e-01
5.868808164845779052e-01
-1.424639108328883685e-01
2.320623188160822747e-01
-5.623437268632478503e-01
8.716024437198762742e-01
2.211191683867691493e-01
-8.739955347278609565e-01
-6.735452008691573678e-01
1.104894206670622436e-01
6.545254761885050954e-01
3.220613909715798195e-01
2.913259112848337606e-01
-1.132361841075292808e-01
-5.592296504153888570e-01
-4.429554934975448721e-01
5.868411327753524365e-01
-1.992286160878045109e-01
1.027451306657398283e-01
1.798271821292724282e-01
2.674274823245277877e-01
2.903933293447023556e-01
-2.624417678907670082e-02
8.129139714894899615e-01
5.711074472818428172e-01
3.311450893200190704e-01
-5.067037267150736879e-02
-2.373660988226295177e-01
-2.541291553339865561e-01
-4.091383455523245338e-01
-4.070926812909764214e-01
8.202601477145853304e-01
1.804704585209359891e-01
7.949294106881313882e-01
3.944423587090571393e-01
-1.275159964912760402e-01
-4.201336016518564809e-01
-1.058028626166037656e-01
5.134818970878095579e-01
-4.058375452775616066e-01
1.259048360969844405e-01
-3.171574678466156927e-01
1.305874213830691688e-01
3.866850130196156643e-01
-1.567671010061744696e-01
2.824597758498270106e-01
2.682476272226707037e-01
-1.782276302448490002e-01
1.997138350015382202e-01
4.143969582508029437e-02
-7.215446774119194107e-01
-6.016991727703526749e-01
-5.933001460371667424e-01
-3.120279867357060866e-01
-2.647749988963240542e-01
4.510865902424632812e-01
-5.619403869557736408e-01
3.963498907823064243e-01
2.501175128510834678e-01
3.023023612709108132e-01
5.678737390867124590e-01
5.877126096146964018e-01
1.054950172741684900e-01
-2.412056715457249201e-01
3.156982764401245478e-01
2.525223460460387925e-01
-1.720422207909057949e-02
3.535614762386218857e-02
1.253470749836812503e-01
-2.321370287206578065e-01
1.250223461058858065e-01
2.146549591773206644e-01
2.117468470994994800e-01
-2.010682182852658872e-01
-3.826741247750984343e-01
4.136891176529666758e-01
4.823245013927796032e-01
-1.736234331164734079e-01
-5.841275490486045330e-01
2.224567033470434274e-01
6.325309439228206099e-01
-1.584961145261101212e-01
-3.954230819703207223e-01
8.107481713017737901e-01
2.595022096508376452e-01
4.916016855784732797e-01
7.456549702454101647e-01
-1.940070061682083180e-01
7.985616139083744347e-01
-4.774090997973019501e-01
1.491853671415998561e-01
-8.405406999966738013e-01
4.692535579529237832e-01
6.754663966541464559e-02
-2.155939701143332332e-01
2.911469466844818221e-02
6.477321539815293905e-01
8.828387446036360942e-01
-2.119825126132640070e-01
-2.714975090900367261e-01
2.802337277864854204e-01
3.033677588850632878e-01
-5.406953296000238662e-02
-1.028189451286002365e-01
5.883532050985584849e-01
-7.613913967944150318e-01
9.142430803683398999e-02
7.945329030164874351e-02
3.791690752659644392e-01
-1.834501109563490273e-01
9.798389578291427648e-02
-4.992777324690543805e-01
5.035818855764789825e-03
-2.425654491848247829e-01
4.386719174612825622e-02
-6.843800573941516419e-02
-5.123801865637200859e-01
1.066799990500479217e-01
-2.795808697119918085e-01
2.036138843405173871e-01
-7.823846978551088349e-02
-4.052622889994451083e-01
6.152110120386616865e-02
4.618810590232824698e-01
-5.026977411260331596e-01
-1.005351360629231916e-01
-7.902852666342086163e-01
-7.723506344844079941e-01
-3.738377523582229189e-01
-1.878157828225511528e-01
-4.088721299484390087e-02
-7.809362816941123331e-02
-1.786823312630868577e-01
1.047843095136089808e-01
1.912162928514334059e-01
2.769946153663814803e-01
-4.742898400760977573e-01
3.348553715436464184e-01
1.375624542640216386e-01
3.320191431331334653e-01
4.354884854663483296e-01
-2.386652631079596298e-01
-1.472778157171768521e-01
-2.589102130967394499e-01
-3.526504455915118186e-01
-1.862239766286712395e-01
5.105427156979297498e-02
-4.252160619228390614e-01
6.972955781114171803e-01
7.920253151402539826e-02
5.915666751615842323e-01
1.930245364526387564e-01
7.623557316847902054e-01
1.963228704708086525e-01
2.459922747062170956e-02
4.256027306079670502e-01
-2.371851043429007988e-01
2.924332289032860466e-01
4.475091703595890924e-01
-5.153030751551297417e-01
-5.736517264789955384e-01
7.161921923648800758e-02
-7.432860793835271984e-02
4.086319554985958225e-01
2.359418967477570628e-01
-6.578792730701354952e-01
9.999419723408850547e-02
6.171640515493090895e-01
2.213719513351778689e-01
-5.721482226496548140e-01
-8.983822248275785682e-01
2.929869581723038019e-02
7.227389520735205686e-02
7.628228244753596510e-01
3.230304978343648270e-01
2.319548391272619470e-01
-1.171413229803874856e-01
-6.907886231527100573e-01
-4.906116445730822062e-01
4.882921163915919793e-01
-1.525136113793368331e-01
7.676821314636226301e-01
3.582975331586059076e-01
-3.227878189456129809e-01
-4.685114369187454164e-02
1.752338757363213761e-01
3.640941045571304824e-01
3.317974927066155016e-02
1.306656185479161403e-01
4.513499078300775569e-01
5.739318228118397425e-01
2.845869024047318896e-01
2.152779915398650434e-02
-2.199717763554690508e-01
-6.143885021480108843e-01
-2.208540204225621292e-02
-1.710210250476803806e-01
-2.558824121858300771e-01
-4.983661198261872816e-01
2.404498214432143066e-01
-7.647741167090271741e-03
4.852740121411165952e-01
2.357744041643783928e-01
5.445573132992633791e-01
-5.341300131625925651e-01
-5.068254080427646580e-01
1.339777173055866633e-01
-1.566859094030382538e-01
1.210049940418041342e-01
7.981819611770958334e-01
5.244223320853227399e-01
8.221707208894318830e-02
1.967347014881039580e-01
7.518333862960108194e-02
-4.109926587184027369e-01
3.547254634144263175e-02
4.225848402959797023e-01
-4.726176053113494424e-01
-8.410411313274899214e-01
-6.090017599098905832e-01
4.198146205734943903e-01
2.402390338868754527e-01
-6.421396683356120905e-01
-3.848603209897969446e-01
-2.228245514907011282e-01
-1.256639279712104540e-01
5.573972502921852312e-01
-1.085408967454665752e-01
-8.447576880973028945e-02
-9.093215401917764673e-01
1.460012960653553349e-01
2.310446047721029794e-01
-4.063829921549058088e-01
7.541824163917809631e-01
-1.461674272765994265e-01
-2.630934952966382800e-01
-2.222296316427312957e-01
-4.001079550446533517e-01
-4.305012022231560209e-01
-7.434112225665984175e-01
4.879285699084583983e-01
-5.328860867701511461e-01
-8.049950931122840103e-01
-1.496693332347825145e-01
-4.013440862790085273e-02
1.507661874695630511e-01
-1.816139965806887746e-01
4.859316759740779923e-01
-2.961638106109732438e-01
-3.465992753342620469e-01
-4.298727292369887709e-01
-4.888040279236274821e-02
-2.656297754733172867e-01
