-1.854578363956180254e-01
-2.576752222859097774e-01
-5.046055707259218259e-01
-4.834815475100329163e-01
9.144353948859995640e-01
8.567144444697366579e-01
1.700711843062603645e-02
3.472506393549505965e-01
5.363318030919609347e-01
8.412549937186893922e-01
3.890253635378183583e-01
-7.161137826492718350e-01
9.617940898075408307e-02
7.090848207295951111e-01
8.385909797667302490e-01
-4.015297839548649939e-01
-2.805771110854327066e-01
6.799462130574851493e-01
-4.975879692124426934e-01
-2.432175091867041505e-01
-2.878889538082514132e-01
-4.265693623583441396e-01
-7.325282154477781305e-01
4.812538976402441770e-01
-8.647674404171856732e-01
-6.330363993963452618e-01
-6.393623597167501504e-01
-5.125288926505218168e-01
-8.922774520219226568e-01
-1.442987577695564738e-04
-2.989774286575961337e-01
-5.410136632373177545e-02
6.814361769446686257e-02
6.379483707246332846e-01
4.907803258392422485e-01
-2.573973237777259504e-01
-9.399583000659953447e-01
-2.441983249886617025e-01
8.746132606860490544e-01
-8.692028757211737178e-01
7.869403427084503688e-01
1.000000000000000000e+00
9.200832685774475994e-01
-5.417175122149897604e-03
1.027523847838486826e-01
-6.411932845568987238e-01
3.331865345754881358e-01
-3.784475923581768764e-01
1.856880575397169830e-01
4.587348046404199353e-01
1.797097923698643129e-01
4.719914491310991389e-01
5.521374408134810396e-02
3.221493653208623020e-01
1.229440830392292683e-01
7.517963146172361721e-01
-9.773418786697497529e-01
-9.492864251537771469e-01
1.076199297089546342e-01
-2.672796591677784050e-01
-3.965009596081361387e-01
-6.460043223949976099e-01
-4.030327454641856044e-01
-3.903759827194666077e-01
-3.569381554530405287e-01
9.684798214554826146e-01
6.442733529639876888e-01
1.789909650245713191e-01
-6.755527785643856697e-01
4.938038175284660825e-01
9.481837920946698528e-01
1.000000000000000000e+00
-3.545848076376033609e-01
-3.934961585133460726e-01
-8.513631187636104825e-01
-1.872986349457324562e-01
7.562000806933290020e-01
-8.188175839736243633e-01
6.472315556102468115e-01
-4.802449316240747779e-01
-4.294708734274043649e-01
-6.336119913573119433e-01
-5.459410089451239845e-01
-9.376077059944820657e-01
-9.167586663635707289e-02
-1.705082572573646260e-02
1.554883446514762901e-01
-8.904250109011939696e-01
-4.451836153064481216e-02
-7.872912233834835627e-01
3.005489560097372448e-01
5.593658495815003739e-01
-4.632908263816556405e-01
-4.341688476783744921e-01
-1.000000000000000000e+00
-6.071341987277336649e-01
-8.886596171488856388e-01
5.793862429414306514e-02
4.601816533095770545e-01
-3.520060896087776614e-01
6.215696792757647859e-01
-2.492343744144202566e-01
5.968037024837717919e-01
-1.509542529731596472e-01
-8.253503789582447014e-01
8.191486374710102991e-01
-4.141404011585443357e-01
-8.704406484538886879e-01
-3.676748282986756489e-01
-5.677370411978223119e-01
5.493788430271592249e-01
4.311293878248914080e-01
3.134808157729495059e-01
4.173174730253831899e-01
9.460787712327856092e-01
9.047925076098813912e-01
7.547508449372358763e-01
8.873934803154132078e-01
-4.072831420860862917e-01
-2.069620446433909633e-01
-8.993110743526960826e-01
9.941534739269690668e-01
-8.628522514875542893e-01
-6.238725557181202808e-01
-2.936684385127137364e-01
6.793067321077908005e-01
1.297947147865654571e-01
4.038325568895480555e-01
-5.782185347499237960e-01
-4.817796581990166915e-01
1.491484719915738832e-01
-2.539922109652972271e-01
9.502730962076664234e-01
-3.015600160823210807e-01
1.000000000000000000e+00
6.391967338667889909e-01
6.271523168598274189e-01
-6.716619945856807661e-01
-2.252643970525631811e-01
-7.312896735824117034e-01
8.351141109062556467e-01
4.685407453013356038e-01
-7.836915493910729946e-01
-7.764479089932243561e-01
-7.293763350202370210e-01
4.341929760643314928e-01
8.691028034723460860e-02
7.392937101754641915e-01
-6.905043855905883543e-01
7.037270152615006102e-01
-5.721879997193612954e-01
1.711256787476886920e-01
-2.321482077789102649e-02
-2.425387350504767392e-01
-7.730582009098133645e-01
-4.995924510763414261e-01
4.610790304587325528e-02
-7.450500711402203713e-01
-2.844158642349926130e-02
9.385542598290803618e-01
-2.972999363750740143e-01
1.286635965286451466e-01
-9.118297160495256737e-01
6.709568632109998987e-01
-9.770691126856316522e-02
-5.356692549086135013e-01
-9.592220424553599134e-01
-2.900178572371471808e-01
-4.767932239787113780e-01
-6.393818564127020654e-01
5.135665807270362038e-01
9.636434174240657846e-01
-8.410020237292921141e-01
3.003390808262902389e-01
4.425721699401808928e-01
4.677202052698946344e-02
4.754258067519371855e-01
8.928536953761965211e-01
8.140490958293707946e-01
7.862310324050505450e-01
2.215543916676676051e-01
-2.087123972543584172e-01
-1.570871467587118264e-01
-7.113537241199003880e-01
-3.332814537735189764e-01
9.507504390294645447e-01
9.463197815193507001e-01
4.748146957192331263e-01
6.252163161262909163e-01
6.588258854265344189e-02
-6.874811672505459770e-01
-5.504371032460931845e-01
-3.993321002684280252e-01
8.249974798616996896e-01
-8.974552494226255561e-01
2.328887543513827041e-01
-8.671444247169453057e-01
5.532242493166116271e-01
1.000000000000000000e+00
2.369603058417248387e-01
-4.188238490170961281e-01
4.043424261719684720e-01
3.273087079234369146e-01
-7.307859627852265616e-01
1.331661236746624066e-01
-3.359653536021848241e-01
-3.507868913926163179e-01
4.045839734613457805e-01
2.109553635732672183e-02
3.381684204999044763e-01
-4.884018859235395582e-01
-1.831528590122999400e-02
-8.390920970165378634e-01
-6.127002947293419544e-02
3.113546988168564011e-01
-1.029108513857213691e-01
2.461255565991314342e-01
5.097084622440350987e-01
3.000266333903678362e-01
-1.000000000000000000e+00
-8.837426870584850214e-01
4.500962524968418199e-01
5.757804509213593214e-02
9.501068563825608715e-01
7.760953873839708805e-01
2.543459140831128562e-01
-6.940066135150744220e-01
6.771372794063974521e-01
9.822671119276173979e-01
7.363919936991725201e-01
-1.630187035125399142e-01
-1.946981962747634798e-01
8.834787210560339776e-01
1.000000000000000000e+00
3.164923537313883983e-01
5.619423189574384025e-01
-2.628670333093878764e-01
-4.313424269947518930e-02
-7.993310659223721304e-01
-7.178252504417423907e-01
3.007441271117289316e-01
8.323844702929836803e-01
-8.660598911441125258e-01
-3.595170796774586619e-01
-8.635433267245662403e-01
8.692135786265580144e-01
6.913108906404897835e-01
-1.464098073290143187e-01
4.557340850411659705e-01
-2.428008894320020650e-01
3.856427022945354555e-01
-7.769181097258495150e-01
-6.078918115514490017e-01
-6.545007667206204083e-01
7.926484693160681383e-01
-9.546251423875735248e-03
6.640833502227589946e-01
2.796455439198681225e-01
-2.457415542244489881e-01
4.738252738249807416e-01
3.293817396913729656e-01
5.519962906311788320e-01
4.265457527576312358e-01
3.437059577718441505e-01
1.000000000000000000e+00
