7.231313516718997914e-01
7.897404007875674647e-01
2.058767627729504446e-01
-2.158955785102170677e-01
-8.999099019586311865e-01
-3.971137539353112311e-01
5.950106302646325229e-01
-1.830762801059849232e-01
-4.563021528652283498e-01
6.799817814173878538e-01
-1.931648871318519811e-01
-3.281409743206411544e-01
1.000000000000000000e+00
-8.435871454765903055e-02
-1.000000000000000000e+00
-2.776815903579632483e-01
-9.678943388236604939e-02
8.878861582544875786e-01
2.449117999733691209e-01
-2.497751010104787284e-02
-1.851438398741150904e-02
5.735670981222282805e-01
5.073847840396603637e-01
-1.527626135233818849e-01
7.131643400540691458e-01
-8.884364755117944989e-01
7.043539483970429060e-01
2.519559386993056038e-01
-1.243329289185997055e-01
5.590501250220483165e-01
-6.499780839811786226e-01
2.692789701693198978e-01
-9.804781650342166976e-01
6.666089499556991926e-01
1.157107458782005854e-01
-1.926428485352948694e-01
9.131386115332620346e-01
-7.572682192967206127e-02
-8.351826547749513496e-01
-4.154047346427148790e-01
-3.681137117103767675e-01
7.344911252331014495e-01
-1.771401079722380867e-01
-9.068310075426562200e-01
2.693530403276582219e-01
7.096991366439800997e-01
7.363559082250845655e-01
9.566593475456963702e-01
-2.936936833636950572e-01
1.999718033549433283e-01
2.539237038976829841e-01
-7.908377927657728179e-01
6.003350551938102520e-01
7.957825962092268668e-01
7.293882061862784205e-01
-2.689756414842284782e-01
-8.350832738978131164e-02
-6.469640091312348629e-01
-9.146218501299736570e-01
7.848318564964373856e-01
5.312263799445569035e-01
3.742077135337718019e-02
4.610299416799119587e-01
3.795999826810582678e-01
-9.618693673155433999e-01
-8.664373598456032166e-01
-7.732302798146268863e-01
6.465370193864647952e-01
-1.833125050267796208e-01
-1.294424926502082962e-01
3.954439374793078943e-01
-1.162036298107658461e-01
-2.691197113894680526e-01
-7.852370104128369999e-02
-2.720454348005760803e-01
1.249996707056987844e-01
-3.122985044198864912e-01
-8.284581517607051415e-01
5.179357790827475438e-03
2.362486821439480078e-01
4.572216522185276744e-01
4.086363631559302156e-01
3.878632066912108822e-01
-6.801045934150860006e-01
9.004567145146900042e-01
9.365300321184645282e-01
2.986484483443809790e-01
-9.317639003960653810e-03
-1.875633552236799506e-01
9.500781690070194685e-01
-2.179871352820361152e-01
4.218970048978283871e-01
-2.205107412223751007e-01
6.011015006709059527e-01
-4.068819485658465851e-01
-5.416534628907125892e-01
-1.353149723574928465e-02
8.114567869060176353e-01
-7.800500736386748457e-01
6.526567543357394419e-01
6.820916883610039783e-01
2.298443287308718497e-01
1.127393547809716484e-02
8.301001265850656008e-01
6.425972477934515092e-01
-3.800051069370204981e-01
7.363007548933067081e-01
4.323884877270677274e-01
8.781835994970833836e-02
4.800813163764028890e-01
8.402264572287097000e-01
-5.965770337825112568e-01
-7.389709494198920536e-01
-6.379110045083531688e-02
-5.930727816196675883e-01
1.140958235682921484e-01
1.000000000000000000e+00
9.644621175458689688e-01
5.796356980943430104e-01
-4.291700511465476042e-01
-7.991432006516397957e-01
6.073583297159468319e-01
-2.944951036399856559e-01
-4.091806988161414971e-01
8.582766069057519154e-01
-3.797341585555475962e-01
-2.118752512942909672e-01
-8.161892057153332658e-01
9.211441632101196042e-01
6.535554348478234132e-01
3.929133381495054089e-01
-6.629941978654249057e-01
-7.505887204760197662e-02
1.660760972579629069e-01
5.159233677871892798e-01
-4.587033557425590491e-01
1.000000000000000000e+00
-3.540556609572866886e-01
-2.999897083289702060e-01
5.863681675106557911e-02
8.204057973270468818e-01
3.484308924023500342e-01
3.306750634944192191e-01
-3.440631415071203070e-01
-2.984048999731724328e-01
-4.894609275029417339e-01
7.766427155141453209e-01
9.779019631449057393e-01
2.337436873112821445e-01
-7.223585918444794807e-01
2.396664589439410076e-01
1.979550926885251805e-01
4.547136865969889086e-01
-3.692950606560964355e-02
-7.084113517523451531e-01
-5.288315580921623682e-02
-7.042778844179720110e-02
6.206245938454775235e-01
-6.866290830013874746e-01
1.304301570281706790e-01
3.463015326059190047e-01
3.789655697113407107e-01
4.817833029665530287e-01
8.582785728929371860e-01
-4.221958126083291685e-01
8.972854217921413245e-01
-9.722845226233883809e-01
-6.569857363764599611e-01
9.485595007060176886e-01
-5.329010147029434874e-01
-8.694098944323429556e-01
2.110057466239994017e-01
5.058156311801621507e-01
4.927914848396776071e-01
-3.572303731255437320e-01
-8.172281338162474817e-01
1.307296778652838332e-01
-5.285634579019723445e-01
4.552060829921315832e-03
-4.717617096068164595e-01
-9.432405509445767056e-01
-8.471111006364180351e-01
3.275735740626504744e-01
-7.631950309029555957e-01
-1.844572381078595225e-01
4.687062876093673336e-01
-7.140569531259884917e-01
-1.248205231871275661e-01
4.063220981561698197e-01
-6.930162131177368678e-01
1.920692173830752525e-01
7.521096691237760812e-01
7.427516200717382278e-01
-3.440906691475060786e-01
-7.926726525453348104e-01
-5.991165872053203501e-01
-7.384765879685233347e-01
5.696651594013866227e-01
-3.639898692757190246e-01
5.666824086139023997e-01
-9.647143052643174510e-01
-6.422352266692681333e-01
3.314058707497539724e-01
-1.252610162591790421e-01
2.380405056256498786e-01
4.216011839218787305e-01
3.867476012458017642e-01
-4.385902039817453635e-01
3.581963323628702400e-01
-7.931471522530990359e-02
8.474961954688637888e-01
4.991498294049323547e-03
-4.418776543518755373e-01
2.271832849960184753e-01
4.137220154916614878e-01
3.964130040758950813e-02
5.844465750356476752e-01
-8.073427460869592176e-01
3.829375317723680006e-01
9.513247545075758094e-01
-6.688011972335755617e-01
7.597453976383802265e-01
3.910692905504627170e-02
2.317256140703544132e-02
-1.000000000000000000e+00
-7.349601167971788751e-01
6.721867709460642715e-01
-8.531833996892719263e-01
3.694826385858169249e-01
7.593329254572011022e-01
-6.765452999471444073e-02
-5.496711426680962465e-01
3.633080836522071255e-01
-6.364628072915551327e-01
5.933675691938924412e-01
-8.981327174362051524e-01
2.003546605423456306e-01
9.792987280511297188e-01
4.207064764738013274e-01
-2.110101256716056528e-01
4.374191803622822783e-01
-1.000000000000000000e+00
-6.869021915197568440e-01
5.281840165061424397e-01
2.938818441906962398e-02
-9.657728625392318911e-01
-5.349350141265256653e-01
-2.874693840653541610e-01
-9.497462774567466681e-02
-3.251277835438667330e-01
-1.570989503554763578e-02
-4.992293164484180590e-01
-1.132729110176559223e-01
-5.534999519257137734e-01
-5.519799181437923252e-02
6.668560133933785217e-01
1.883634185248048709e-01
-3.504251450202187090e-01
2.966705386199246508e-01
8.035415130851094601e-01
4.162999898246313446e-01
-9.858024267063592028e-02
7.689445405940114053e-01
1.884704535121928259e-02
-8.203032928534502721e-01
