5.334005842987304957e-01
-4.170844999573248835e-01
-2.952666912471598182e-01
1.609049968814170728e-01
6.405996518044025922e-01
-6.718424722467887245e-01
1.683050110107906505e-01
1.459351995221228604e-01
1.894787777022823860e-01
-2.671048649850549239e-02
1.250163169418851417e-01
-6.872457511467074953e-01
-8.377512287152080184e-01
-1.723931785835469688e-01
-4.233639699869322648e-01
2.747554648149415080e-01
9.753106028851726839e-01
-5.600202843489346938e-01
4.686389594068592901e-01
9.592527622629383188e-01
-8.986191772833240776e-02
7.794802827579071502e-01
-5.193467598939014440e-01
7.301198601017269141e-01
-6.445085868458177991e-01
-9.444081825642600125e-02
9.879891680089614159e-01
-5.228161538031520505e-01
-5.685061928792191077e-01
1.251953567514488830e-01
-1.324198386842998509e-01
2.567506232130593036e-01
3.467827237890674930e-01
-5.378739305327805420e-01
-8.481669112516683207e-01
6.838944513831142213e-01
-8.396358787645012978e-01
-3.580018681521651702e-01
1.741116291988210885e-01
6.107018706100713068e-01
1.791666346846834124e-01
-3.962512006656337959e-02
-7.991594792731270269e-01
8.393884292059823338e-01
1.882685745005575340e-01
-7.625956632986891082e-02
-4.641515424521457378e-01
-6.074155118591055835e-01
-2.121288662803919034e-01
7.236616482257007821e-01
-5.229972474002373417e-01
8.373435716326701472e-01
-7.343294961782697028e-01
-2.564054488445974833e-01
-5.287278958802990037e-01
6.584485894464229411e-03
3.991586240510021089e-01
-6.513039765522778968e-01
-7.238974614210489378e-01
5.576652156535686355e-01
-7.003931090626804856e-01
5.290911141031160447e-01
-1.000000000000000000e+00
7.216382796922451992e-02
7.604972415355136794e-01
8.921172186248513825e-01
-6.469595582795103494e-01
1.324921980886626105e-01
7.040847656789481768e-01
6.561409064104541944e-01
7.950404656362965172e-02
2.089574196949996743e-01
-7.233203270436328047e-01
-8.237912471098425282e-01
-7.765638894899045130e-01
3.578581814227275171e-01
2.940341530416986648e-01
1.375395029383851830e-01
8.966717237554259201e-01
6.913054206301344484e-01
-4.974673013836237168e-01
-3.704264002873409733e-01
3.261450421998854932e-01
-2.171178778557718569e-01
-2.511171333513088633e-01
-4.542350033290435962e-01
-2.697549219107102658e-01
-4.163343944250209594e-01
9.202262531159861592e-01
1.000000000000000000e+00
7.354934330751795590e-01
1.161910801248833974e-01
5.420670539487408846e-01
-6.816050880062061168e-01
9.067990071570911637e-01
-8.008299719557216978e-01
-3.355810576752499830e-01
-3.633829552412529140e-01
5.254790195100873529e-01
4.466192904190788848e-01
2.936899522723999123e-01
-7.002939957007356386e-02
5.365390184399588813e-01
1.000000000000000000e+00
-1.195006866741817886e-01
7.834502096222384360e-01
-6.710680568094651299e-01
1.752826006404699655e-01
-2.460093428718685971e-01
-8.954439581037287876e-01
-9.800435979095658556e-01
9.226498711860184887e-01
-4.221177359728091605e-01
-1.952395594848483906e-01
3.932793756361047111e-01
-7.129420259488394862e-01
6.958627222440072480e-01
-2.141331612541486906e-01
-6.654765500204525841e-01
-8.918124900971262647e-01
3.594455336988642280e-01
7.423238128505731392e-01
7.288907762384212452e-01
7.401090250223556488e-01
4.708007790827704042e-01
-1.016033444300369626e-01
6.933065374478678544e-01
-2.165411696466204017e-01
-4.935242690094565621e-02
1.077599989148760873e-01
4.790168017986882187e-01
4.919784098107409243e-01
-9.100204179937254612e-02
-2.675010734856408945e-02
8.751282918148648449e-01
2.760813004827042949e-01
2.232004861094770420e-01
4.801330650426373081e-01
-9.906058300146218798e-01
2.507441389361575457e-01
-7.849347256004859386e-01
-5.081828668262260429e-01
-8.227106761486668862e-01
-9.891957091790876122e-01
-9.146104080543876469e-01
5.280626952312778011e-01
9.746068205500170167e-01
7.271202280088946424e-01
-8.046139892532729876e-01
4.115020048792130125e-01
-3.023055381066349079e-01
-6.354333160913836487e-01
5.674347182733183725e-01
4.293758300472789724e-01
2.793875137975758705e-01
-5.264199441424334269e-01
-8.195742174577445027e-01
3.571412715753963796e-01
-2.648359735116398994e-01
-1.938689655598450079e-01
-7.373731324344323657e-01
8.468040962512369818e-01
-8.287635591739542784e-01
4.145907211770634704e-01
-8.117980377674371972e-02
-7.650431552668930379e-01
8.101311111195467207e-01
8.481025414785436922e-01
-9.593438886081084860e-01
-3.210613439369383593e-01
-7.221777169028726906e-01
3.332734828508739366e-01
-5.704916434276945392e-01
2.086892357723284519e-01
9.811682185324872574e-01
-1.697522422995252633e-02
-7.561494708547182864e-01
-7.701312953017699359e-01
-5.937578983415601197e-01
-9.315346587842849857e-01
1.000000000000000000e+00
5.619950996235399954e-01
-6.713936425496942473e-01
8.386561641389224109e-01
3.075317616804207344e-01
6.954939167675175948e-01
-1.767032834559140175e-01
-1.789874954347256963e-01
3.009818627768886534e-01
-2.959224049743766627e-01
-7.233077341158458129e-01
9.577818610696697821e-01
-8.879445607949093544e-01
-7.992604596145540530e-01
-8.838744552495692020e-01
5.425998066453897595e-01
-2.215094534103863033e-01
-8.189110691855810975e-01
-4.663049821372724502e-01
7.712516213502756957e-01
-9.733971658994003961e-01
-3.651587270456422840e-01
-9.419561070030538774e-01
-3.543878568287681108e-02
7.252930231072212131e-01
1.000000000000000000e+00
-1.360825811085433490e-01
-8.016062967148280816e-01
-6.214723607965868535e-01
-7.620920766481268371e-01
3.519364657830910126e-01
8.235611803669810049e-01
-4.903333958567588358e-01
9.102175095761820822e-01
8.575555950196870336e-01
3.165241704326491323e-01
-2.879166282746699057e-01
4.373702920562169139e-01
1.791759634453853334e-01
1.660440663488480240e-01
-7.781095947295546544e-01
7.654843635951492642e-01
6.120863663509028552e-01
7.880713914439836376e-01
-7.441129884341159961e-01
6.480650278504415107e-01
3.510688179506644691e-01
-1.006893388455081390e-01
-6.633062474002944242e-01
-9.630934669708618445e-02
-2.873293399757071431e-01
8.039475263271937955e-01
-5.089509783988789282e-01
2.030581871735904209e-01
7.191374829742342989e-01
1.678529706423192436e-01
9.333375826279788345e-01
-7.192070270742725313e-01
-7.907704644249493597e-01
1.000000000000000000e+00
1.392424298870212906e-01
3.484357293570465863e-01
3.048796630281536135e-01
-6.641677574349895696e-01
-7.027573013308172079e-02
-2.517130064329932693e-01
-1.482878084553718168e-03
9.810293235262185219e-01
-1.000000000000000000e+00
-6.932560201101243269e-01
-4.588415053195513127e-01
5.360879563124697489e-01
1.550529146881269582e-01
6.904961207154038938e-01
-2.340056004963629310e-01
-6.108110524253694829e-01
-2.822397667612634442e-01
9.745907766703958419e-01
1.810911518061985581e-01
9.950521848399662694e-01
6.851468537317453311e-01
-6.251597375062318829e-01
2.814674667331655278e-01
6.963138038888914139e-01
1.809503379668666312e-01
