-6.446616382111775012e-02
-1.030570600978003570e+00
3.926485743701824127e-02
3.513348406566252358e-02
-2.232526345967866810e-02
-4.381013212494866416e-02
1.627103362809121656e-01
5.205197092272134674e-01
-5.657563236126654793e-01
6.360234550569658918e-01
-2.560480348712002030e-01
9.794336864074579818e-01
-1.170264598480997176e+00
5.327574907968929407e-01
8.984444254099404059e-01
6.537905900375309276e-01
2.210129774624118859e-01
-1.635042315593603079e-01
3.739300240992373681e-01
7.354126091275892119e-01
9.964308091386769872e-01
6.185143358236864231e-01
6.694375727756979311e-01
5.101327137819955393e-01
-9.951673396641640412e-01
1.910234381560080852e-01
1.718150881401486751e-02
-7.472584716388843695e-01
-3.692179025602913001e-01
-7.027648849607873727e-01
-2.091190814851532631e-01
6.938000784455649050e-01
1.131582968196379879e-01
7.793392855529575058e-01
7.527255591620358732e-01
1.037537736182019721e+00
6.993737210693764528e-01
8.295976216754514798e-01
1.119678038318350666e+00
3.385658519291361856e-01
6.034943533530794380e-01
-3.251384271516954971e-01
5.831921283705372439e-01
1.139640256061313472e+00
-1.586147544452903291e-01
9.451020871497972653e-01
-6.091940925934089535e-01
-5.252944925457698755e-01
6.305764761620461512e-01
-8.166115152040255565e-02
6.750063490463167337e-01
1.141109553720827563e+00
4.085378521708776800e-01
9.219182456832768491e-01
-7.816819464399137329e-01
-8.569920809169009335e-01
8.008322449246900732e-01
-4.907635551409198493e-01
-4.223227392952595416e-01
-3.565384373460034340e-01
-1.265215085838109765e-01
-5.976175710584591405e-04
3.329578572028714656e-01
-7.778456665951964943e-01
-1.125809738422437034e+00
4.650413789379757024e-01
6.657341266440146565e-01
-4.548114304559655041e-01
6.976162480284595624e-01
5.637442283538443011e-01
-1.445697861088322822e-02
-6.470964905957639068e-01
5.033987017547174592e-01
2.645214947090654412e-01
-4.568055246312717754e-01
2.041551334832951980e-01
3.800570093364886715e-01
-8.734366444617691627e-02
-7.264309517843436925e-01
-4.326289859764335111e-01
1.969314975754643537e-03
2.889287009124646421e-01
-9.542993057000299650e-01
-2.050964560464845210e-01
-2.735862747069310597e-02
1.368733327514007614e-01
-8.489143293004811630e-01
-9.095455062642736621e-01
-3.504499293967414664e-01
3.596526540250282178e-01
-5.849541314945927439e-01
-1.952631462410472363e-01
-6.434779263464633914e-01
1.603911457748476987e-01
-5.940505272325469210e-01
-3.370864629302076643e-01
1.796365153611385046e-01
-9.612449969694315532e-01
-5.132393324368864640e-01
-6.579933951137049153e-01
-1.075992814979993772e+00
-8.054836759964582038e-01
-9.405061826569165451e-01
1.758418128638061795e-01
-6.903092204832936840e-01
-7.767316123275634920e-01
6.553426061776527201e-01
-2.754852322239518259e-01
-3.024005591013936289e-01
4.840581234171323910e-01
-4.273388246949314517e-01
-1.616693123502457308e-01
-5.540534202253082352e-01
5.018869170496238485e-01
9.518787465883604693e-01
-2.828012384617192843e-01
-2.832435101022205415e-01
-7.889065816626075200e-01
-2.451559428674580376e-01
-8.012652565341138455e-01
-5.792029061323479278e-01
-4.459414153797836011e-01
7.778532059041929347e-01
-9.170775993359893130e-01
3.067357635465062238e-02
-4.884162324245761022e-01
8.797158942321207098e-01
-7.221954381962467640e-01
-6.933823459015088231e-01
1.364331899957934358e+00
5.835776584490777186e-01
-5.851885840250486970e-01
3.827214035115572566e-03
-6.294741252092701800e-02
-9.098195589732075428e-01
9.463940774400942946e-01
5.329632207167014357e-01
-6.397703282526610025e-01
-4.693326964314409322e-02
2.821260291375095042e-01
4.820526363998962616e-01
-5.264758177766142300e-01
-1.415868778317750376e-01
-4.821459603469621658e-02
1.105439529546480504e+00
-7.403330330106714374e-01
1.154080187240099642e-01
-4.908933996223935892e-01
-5.204082120202373485e-01
4.066278660313242255e-01
8.674931158232765949e-01
1.146554975845130553e+00
-2.019643330950761095e-01
4.938532734093513676e-01
-6.443438668207499553e-01
-1.323224309336739485e-02
-5.420075376001272094e-01
3.173931371790827960e-01
1.029847370044059129e-01
-2.382957726016270705e-01
3.317018156100265402e-01
7.859956811259377618e-01
-6.664583920449898002e-01
-5.103494342202830047e-01
4.018026583530724949e-01
6.313346796529962779e-01
8.442644554770921683e-01
-5.918882667894893590e-01
6.328889848243539618e-01
8.035388146011586130e-01
1.027658780808131805e-01
3.683671823360101794e-01
3.916721469302842928e-01
2.506953782412054688e-01
-7.352861962915702154e-01
6.246697444760063167e-01
3.509946903024739329e-01
7.298647584333142202e-01
2.444357316327713109e-02
-9.763964759433592100e-01
-4.828391714194792961e-01
-7.078109235707485958e-01
-3.353698834742086521e-01
1.909545626693222031e-01
-6.068971614987959118e-01
8.984056881730981270e-02
6.113234315113094675e-02
-8.876222926593462237e-01
-8.312050623379253489e-01
1.202487014813529292e-01
-3.709545958424639855e-02
6.813576453353321627e-01
6.294002437215991119e-02
9.935378025227704635e-01
5.169159269159347980e-01
-3.569354513476779012e-01
-8.954903378052410101e-01
4.195170846585033475e-01
-1.928122559266266522e-01
9.870835300854206018e-01
-5.740388404689151791e-01
8.724534216110879647e-01
-5.706086595216939283e-01
3.551872226786529918e-01
-1.132758002545867781e-01
-3.623744033230997252e-01
3.907131273892474610e-01
3.270539621333421465e-01
3.493900472974227900e-01
-4.752064302307424937e-01
-6.154009596831744311e-01
-5.426243689955871918e-01
4.090057702354379376e-01
8.270739165524659819e-01
-1.301012023237153814e+00
2.458446288644199340e-01
-7.437526463103170116e-01
-2.858614796918464984e-01
-3.400091977951302802e-01
3.909657468666327684e-01
-5.063899482845219957e-01
6.556318682932574804e-01
3.050627986103541245e-01
6.410700330146973380e-02
-4.477519311716224304e-01
-9.902797760813613070e-01
7.037472274354029667e-01
4.924010685363677808e-01
1.132384195797146997e-01
5.024145247506711653e-02
-8.180379360289988799e-01
-1.000817571259777772e+00
-5.874045489186141555e-01
1.751377012033287495e-01
-7.157006168853545791e-01
-5.158350729594090023e-01
-1.657106586511415403e-01
-9.498725051517292739e-01
7.681232091813023910e-01
3.723423294810633832e-01
1.008182732861336195e+00
-2.460136744553945154e-01
-2.590351491646303295e-02
7.710505561732992064e-01
-5.258635753175711081e-01
3.255518104028148341e-01
8.076879831982630709e-01
-7.692861906642451952e-01
-1.222868794102421885e-01
-2.166695819965873127e-01
-7.853201775478686475e-01
-2.308430292924428251e-01
9.416194350850034533e-01
9.591341513908652194e-01
-7.618476656378837530e-01
8.797404514871550729e-01
8.392479652974185189e-01
-2.264036067353743242e-01
-6.631378976315734919e-01
-4.210470394739434519e-01
7.565647239792598899e-01
7.259840369309564778e-01
1.481387709102991723e-01
-4.178512297612139159e-01
-4.781658069987151372e-01
