-8.354705081814585155e-01
3.026499581900231606e-01
-2.745363749786601248e-01
2.151218386283931805e-01
-5.071442594471585741e-01
1.746811478692076036e-01
1.000000000000000000e+00
1.282489212308443038e-01
-3.615724212574946694e-01
-3.682074839303306479e-01
-6.395826148733765315e-01
4.979474081882262482e-01
5.709957094347368756e-01
6.423899502924291793e-01
-1.775538735583645222e-01
-3.927880994342365373e-01
-6.065024575923750882e-01
6.346238985727077342e-01
2.270378773358450175e-01
-7.464360621154315645e-01
8.455276707152487026e-02
6.402145775403700334e-02
-1.531068124926693308e-02
-2.116147974229398432e-01
3.587933414094648943e-01
4.611118623663145177e-01
-1.244267246492676282e-01
5.018816219879862484e-01
7.789431118714349456e-01
-1.796748778697077054e-01
2.917172821407110206e-01
2.610948490351270301e-01
5.245964168806115380e-01
-1.346572814742210689e-01
6.665142866407052225e-01
2.861756532921246876e-01
-3.963301292292586986e-01
-1.077004503714629191e-01
8.951324937158884332e-01
6.752963669086410325e-01
5.103759731406261047e-01
-4.187921370512905916e-01
-3.600316901646252177e-01
8.147494024200427898e-01
6.280247519847510507e-01
3.691255614387254358e-01
6.687773109167649555e-01
-4.428015296254278477e-02
7.500828396517758012e-01
-5.374426632037478946e-01
1.260401424716893759e-01
4.882189770505571680e-01
5.234075592702255308e-01
7.505046443666778533e-01
3.028984024414660414e-01
-5.991404138831450954e-01
-5.881775324795706084e-01
-5.963956409733381925e-01
2.278138421333796293e-01
-1.000000000000000000e+00
-8.812365044815462234e-02
-7.595534917738866465e-01
-9.308466075874113344e-01
-2.761216424751373189e-01
-8.452812107480264792e-02
8.348295395772782346e-01
2.672214799358114123e-01
1.586047144276559462e-01
-7.640248362873980348e-01
8.103342420816083136e-01
-1.297788144392094667e-01
2.284381666487411700e-01
8.940041711262065594e-01
2.016290362342647580e-01
-9.145147804771810440e-01
-2.111535016463969017e-01
-9.261802710864774912e-01
-6.817749567047606263e-01
-8.596559118255681087e-01
2.473881535936341414e-01
3.715806051332843918e-01
4.343890594018349205e-01
1.685990573802422787e-01
-2.281169895005100146e-01
-1.754607970786857540e-01
-7.808334117413973097e-01
-3.872357845563632051e-01
5.243831079754990299e-01
4.630269643840843607e-01
2.338164260470572131e-01
-2.410017398296431246e-01
3.530122685743799504e-01
-7.246936595451478613e-01
1.239734637159899400e-01
2.872108390245597942e-01
8.122842353224690726e-01
4.914087125498382558e-01
-5.568218720207787076e-01
2.347898895928612339e-01
9.510686805097552377e-01
-6.984748869303720742e-01
9.005710721291587673e-01
5.062447927119803071e-01
2.749722547688327468e-01
6.437845099095628187e-01
-5.332314759516680880e-01
-5.851913397331472977e-01
-1.064786385438598604e-01
7.738403506707884627e-02
-6.767613133759062816e-01
4.079732039381092634e-01
-3.024838085239303642e-01
-9.053712232487387546e-02
-2.027988854470033075e-01
1.019891985883147889e-01
-8.447105249601924992e-01
7.251785042352797417e-01
-3.308270286278129912e-01
-2.465484204351658937e-01
1.414090258488219232e-01
-7.523889929695566359e-01
-3.952723520836241011e-01
2.115301881272063644e-01
-9.716247336230168230e-01
-2.640704211797682555e-01
7.546729287608279213e-01
-4.745964843200645156e-02
-5.173090812164731211e-01
-5.330928955404815595e-01
-3.294238447429742589e-01
-4.448891801220049291e-02
6.725114055663813373e-01
6.171783856229406950e-03
4.171351228766304597e-01
2.187991072634580814e-01
1.398519719868048239e-01
2.033736251570008591e-01
-2.175593361380041557e-01
6.989314557235176695e-02
-1.000000000000000000e+00
9.765440237031783877e-01
3.295104944238593792e-01
-7.206878478284748368e-01
1.157307613911500305e-01
9.783087642377866211e-02
-7.668547650103134661e-01
-7.456071065586110658e-01
-4.940002596214057573e-02
-7.852302797776823384e-01
4.100753127003753384e-02
-3.138780703702914732e-01
2.639638523596188335e-01
-3.753386082773372823e-01
-4.270990057942473106e-01
6.302256866321016560e-01
5.481690908833364295e-01
-7.096935062834168750e-01
-2.381556544921621388e-01
7.113607771788561518e-01
1.635730491206754955e-01
-5.147970270437475238e-01
5.484213474223171847e-01
5.208268421280133342e-01
-4.045418907555630716e-01
-8.596221511534869464e-01
7.013502332854029131e-01
3.768129266117452580e-01
8.725272653785851040e-02
1.347318000035400143e-01
3.843691713993475090e-01
7.694433749718156967e-01
-3.312291965748846989e-01
-4.067225410992749701e-01
5.613323781067072193e-01
4.236217118306095930e-01
-7.653744697841458056e-01
3.711980814909516813e-01
3.354607833707095033e-01
-9.227638302892948730e-01
5.594031536690511341e-01
-6.441712252653775117e-01
3.282383153611303506e-01
-9.575890134471523041e-01
3.837118266267864897e-01
-9.397379743769669336e-01
4.711338149852581925e-01
-1.065170122957315169e-01
-4.050095842702470250e-01
7.751204813097480883e-01
3.040372375996067134e-02
-1.259828319405627006e-01
-7.422327453860029234e-01
9.553335885805982475e-01
6.596056894333539589e-01
8.116394746492909817e-01
5.050098369064417447e-01
7.373644403116528245e-01
-5.493433926614026130e-02
-9.641954977071737209e-01
9.949843741375282713e-01
3.503313089428017335e-01
3.380985785147486711e-01
-7.995296760197190267e-01
5.190255594367536585e-01
1.909113989239948628e-01
-1.903882172322528959e-02
9.578266903798541287e-01
-2.729162357511953907e-01
-6.983024817971427156e-01
5.323822399583189036e-01
6.466458908136771822e-01
6.050772317035735259e-01
-2.782875276729758762e-01
7.042855459069597979e-01
2.157775817270351226e-01
-6.415600294008405591e-01
5.714014363881414482e-03
-6.839346830890846718e-01
6.089032255676500860e-01
-4.527966881113525410e-01
6.387249677665319814e-01
-5.430784502539344194e-01
-6.457713258164203829e-01
1.530007558042829618e-01
7.220016014102688118e-01
3.480016385682553892e-01
1.872388687965869103e-01
-9.563590662107900042e-02
-2.064605899541925860e-01
-4.116817991680672417e-01
-6.169178826903747304e-01
1.587697554187634807e-01
4.615437907810995832e-01
-6.839223595129972910e-01
-1.559537006499054357e-01
8.544541079535067363e-01
-7.684623006651498667e-01
4.912655795700251460e-01
-1.000000000000000000e+00
7.136266028142508322e-01
-7.826920046764520578e-01
3.494640526076878834e-02
4.112382032314791935e-01
-9.417431596328422472e-02
-7.470061000411476471e-01
-2.582183427503117468e-01
8.197536229123336682e-01
-7.179811933407389546e-01
9.943387742384293126e-01
9.960421462901207779e-01
-6.204420179014651371e-01
6.756363769700401978e-01
2.972511076415507159e-01
5.921443926500219446e-01
-6.160833382526358371e-01
-6.525044906295507374e-01
-1.150893351042530655e-01
-2.024534850835955080e-01
-1.165805221827505289e-01
-5.175676871818191138e-02
-2.806033665306422176e-01
-7.789237120928960145e-02
3.123043964714307119e-01
8.030454016092005709e-01
-9.914943516083705166e-01
