-3.784816083251904550e-01
-9.975050193552303934e-01
6.117957651051499912e-01
1.000000000000000000e+00
7.186122811178625724e-01
9.629044872667843480e-01
7.197369899751712152e-01
-7.438138381713838010e-02
-6.871673664231762180e-01
-7.467074839132910036e-01
1.000000000000000000e+00
-8.719053663000205789e-01
8.062223374683346044e-01
-7.523769654182742572e-01
-5.870665301231774436e-01
2.438441879479686936e-01
1.000000000000000000e+00
1.000000000000000000e+00
8.921680866092400741e-01
1.000000000000000000e+00
2.622184559343221366e-01
2.174692628713382758e-01
-3.683678614115197258e-01
-1.057499352687408939e-01
7.483292551793849778e-01
-9.155920603241912703e-01
-7.029683850995543937e-02
-3.564642256821578536e-01
4.597264803615052076e-01
2.119315106243262470e-01
-1.091023190062356957e-01
9.203611231138656423e-01
6.140632607351862449e-01
-6.479686877375123721e-02
7.012858957482017708e-01
-9.751072097375072800e-02
-1.000000000000000000e+00
-6.872923516203948147e-01
-2.791335296827605061e-01
-9.148698381883640929e-01
4.074862231917070199e-01
1.000000000000000000e+00
-5.832769381426952116e-01
6.035225834244877241e-01
2.579635292050708184e-02
-3.525350189853242167e-02
1.000000000000000000e+00
-1.777269535050529370e-01
8.771052686528246767e-01
1.000000000000000000e+00
-9.514956726035362911e-01
4.032538267918847619e-02
1.000000000000000000e+00
2.056134295469757012e-01
4.024614047649390791e-01
8.748271123128902316e-01
7.718290195394863495e-01
-3.793330898609299506e-01
-9.983810409780644601e-01
-9.361756957186255779e-01
-1.108777209577659351e-01
3.802935836250147528e-01
-1.000000000000000000e+00
4.365511984984348226e-01
-4.213396241087371541e-01
1.000000000000000000e+00
9.358199567413034714e-01
1.000000000000000000e+00
-8.080018353529735964e-02
-5.174897262491793271e-01
3.243962006335841808e-02
1.616187181531811290e-02
4.138003662449716291e-01
-2.265192607735159736e-01
-8.743503780418554472e-01
-9.289172350584760096e-01
1.192421271386978066e-01
2.011632789964551138e-01
-1.294844340119212789e-01
-8.168407067999987614e-01
-3.112299310823548604e-01
-1.000000000000000000e+00
1.000000000000000000e+00
-8.757114225697691934e-01
-7.727621329541147777e-01
-7.222158779562831699e-01
8.294437578132847211e-01
-1.000000000000000000e+00
2.985039415854347511e-01
3.572332713653686431e-02
4.186642318334642399e-01
9.357729266671464818e-02
7.739751678742246011e-01
-7.416661571257608943e-01
-1.000000000000000000e+00
-9.943502559414707509e-01
-7.443957189133292296e-01
3.038937495122073784e-01
-7.012644167906765258e-01
8.350856956216535787e-01
9.908016067058359466e-01
3.844466913168454458e-01
2.161402239813609294e-01
1.153873713366734832e-01
1.373084350499166884e-01
3.684417258361109004e-01
4.263019370385120466e-01
3.057368936005376847e-01
6.310166593138256674e-01
-2.850549548351625773e-01
-2.946846621942406652e-01
2.526182258010843396e-01
5.735303477512604386e-01
1.863153748333130355e-01
6.149681321223279262e-01
2.507051194993857868e-01
7.625156395221251993e-01
-8.587909109443367939e-01
-2.719440558537957742e-01
9.137108483783225044e-01
1.000000000000000000e+00
-9.054763428483587617e-01
-7.993153248822262302e-01
-6.081133769063975514e-01
-1.636059092279945615e-02
6.983057631630734674e-01
5.358596813207033849e-01
8.311989756590711931e-01
9.787354681037560011e-01
9.513136892236143671e-01
-3.833378815739691414e-01
3.488186001434223638e-01
4.063692251096155950e-01
-8.762438650113655303e-01
3.221606054102867933e-01
1.000000000000000000e+00
1.000000000000000000e+00
5.563385156521127861e-01
7.962090089694475736e-01
-8.957206308250466043e-01
-8.012585823898840109e-01
-1.486564679884737616e-01
2.854732063881422199e-01
-3.051694604451614112e-01
9.414413713218630075e-01
1.396158040437369130e-01
9.753636889512947716e-01
-4.411074941828436735e-01
5.471098446149313954e-01
1.000000000000000000e+00
-4.664805958022104626e-01
9.273120439382652735e-01
-1.000000000000000000e+00
-4.085624706923529637e-01
8.354862194941552467e-01
-9.142842746020878320e-01
-9.244552148269727931e-01
6.100680596894896279e-01
8.999746133635174727e-01
-5.622873497291418499e-01
-2.037463182353338453e-01
-8.729021180582196004e-01
9.984994580275680098e-01
1.684033926733294051e-01
1.000000000000000000e+00
4.191225259002365200e-01
6.597510195805943445e-01
5.989410810374290461e-01
2.690605151889321478e-01
-4.748956252920110699e-01
3.817930247153491496e-01
6.797649838646199205e-01
1.000000000000000000e+00
-6.726947157498808227e-01
8.341828168274545430e-01
-4.284965290777169589e-01
8.528944193043436206e-01
8.455545421189523125e-01
-8.878936874672817003e-01
-5.682954880143749055e-01
-1.607642875380267400e-01
7.748722678818507070e-01
8.412371212647771213e-01
4.037573912542887222e-01
-1.435679146329621458e-02
-8.965747203750747962e-01
7.108081209252421484e-01
6.826008439636890301e-01
-6.809249685361904447e-01
7.872899795375694065e-01
-8.324884321100005646e-01
2.525973339043037225e-01
7.593578689533084791e-01
5.446569649636185950e-01
-2.201866348897705272e-01
1.000000000000000000e+00
1.000000000000000000e+00
-3.086336954706205282e-01
9.629979755836873823e-01
1.534446667248018925e-01
-6.367857196936776987e-01
9.946421808518111085e-01
1.000000000000000000e+00
5.634233658603744477e-01
1.000000000000000000e+00
-3.355790313134766056e-01
-6.369936890812373242e-01
8.168329026798064607e-01
-1.000000000000000000e+00
1.000000000000000000e+00
-1.000000000000000000e+00
-3.773455201887005450e-01
-8.013796224456641859e-01
-2.544710327833685781e-01
2.907694755018647159e-02
-6.331402287072759871e-02
-7.609151109183988071e-01
-7.421170106643598663e-01
-8.275634006867034209e-01
-1.000000000000000000e+00
2.397986485683908930e-01
-9.173188537983995028e-01
9.916295345436327846e-01
7.079495574596742502e-01
-5.829121749981339695e-01
-1.000000000000000000e+00
-9.815346068377348021e-03
9.257360845416369166e-01
-1.000000000000000000e+00
-8.490475172000808701e-01
9.435128572587080376e-01
6.748705035320716750e-01
2.794217051267651741e-01
-3.935793770719208107e-01
1.000000000000000000e+00
-1.220646849102761666e-01
-5.962468650983239193e-01
7.041636252228486992e-01
2.307972822333155261e-01
7.387255234527370651e-02
-9.839002637192610923e-01
-4.858126625425632228e-01
4.626189013906854552e-01
-5.113805231771191284e-01
9.941088961240335253e-01
1.973056453251889053e-01
-8.930999207421407293e-01
-8.393588550097711432e-01
1.000000000000000000e+00
-9.260627050729416943e-02
-1.000000000000000000e+00
-1.000000000000000000e+00
4.260141173760910727e-01
5.266289897588295466e-01
1.000000000000000000e+00
6.652159672461763762e-01
1.000000000000000000e+00
-8.591327506978111428e-01
9.380101407042698014e-01
-1.000000000000000000e+00
-4.493810904858310806e-01
2.949965164084402125e-01
5.307807962219639464e-01
7.780544169655709830e-01
6.577164572128360032e-01
