-3.962293722023596532e-01
-5.252671966001805082e-01
-1.000000000000000000e+00
8.011696041116200817e-01
6.207190451179925850e-01
1.000000000000000000e+00
-5.336498961008769859e-01
-7.686892278325430095e-01
-1.721461981230916760e-01
-8.591268789178780479e-03
3.825484589795311030e-02
-6.394846428214790990e-01
2.973218326778878096e-01
8.418440958325560386e-01
1.719987461674223339e-01
6.734495173777499399e-01
-7.043894534881344205e-01
2.473253263268010704e-01
6.420577481339757586e-01
-7.427186841150734686e-01
2.466793044083445685e-01
-6.682892366358644809e-01
-1.033564337128432542e-01
4.904014603367898850e-01
-1.352650707861968171e-01
-2.510787370347182176e-02
-7.494352334078209221e-01
-4.148933595624494375e-01
-8.934518581498490652e-01
-5.721343467094885948e-01
9.138866635678275507e-01
1.000000000000000000e+00
4.702424983899851363e-02
2.252354711180488689e-01
-2.194384138770451576e-01
-4.504500617155848263e-01
4.680663007511302043e-01
-2.259379087819664567e-01
-3.041433818388939447e-01
5.220221420476149898e-01
-7.267435331955123257e-01
-6.071294419343300497e-01
-4.669830233266837882e-01
-2.203404692243482177e-01
-1.888876040250127009e-01
1.000000000000000000e+00
-9.655569865918553485e-02
-1.963034793176836879e-01
2.465564791887151497e-01
2.597685964443896545e-01
8.383295191116841849e-01
-8.312479101084464528e-01
-8.782845951395040762e-01
4.828538920544736546e-01
7.472703017051034458e-01
-5.926089881137883708e-01
-6.164764267398171738e-01
-8.817337942949022844e-01
8.405048060927728937e-01
4.599083900442149098e-01
1.000000000000000000e+00
1.000000000000000000e+00
6.904394048505877457e-01
-1.993637043741999237e-01
-1.212869395404002487e-01
9.027150394693015389e-01
6.311982336327144338e-01
9.568753025465669415e-01
-3.358088869146620969e-01
-9.083099235536740146e-02
7.039052664358177447e-01
-7.580227419247453913e-01
3.389336607238750965e-01
5.236299723926827188e-01
-3.051630596596869305e-01
6.693122949429569646e-01
6.979658760620806035e-01
2.613000155787177925e-01
-8.065661081173253200e-02
-4.018918205130853627e-01
-8.149951336587253348e-01
5.773725345876342674e-01
2.718183460587562106e-01
9.425323728494666708e-03
1.000000000000000000e+00
-2.140097753567491989e-01
-1.130574624209891854e-01
2.481449906277161110e-01
4.267133492949843898e-01
7.631163620892709165e-01
-1.284286150892851586e-01
-4.948936545934662368e-01
7.982645408616910743e-01
1.000000000000000000e+00
2.970522129088954411e-01
4.711267393240821666e-01
4.583501013121782375e-01
1.000000000000000000e+00
3.735768784493494477e-01
-1.212015983025147570e-01
-8.295563628591651195e-01
-3.222407708211982857e-01
7.346471757477670561e-01
9.344403009343313915e-01
8.693123234267011168e-02
-8.227778798526267368e-01
-5.487315869264663970e-01
-9.886642471657929310e-01
2.768153675980118411e-01
2.367953860044107461e-01
-4.623458584584123621e-01
4.825903950046442348e-02
-8.914296192921442041e-02
9.270029922012187340e-01
1.751451896263760410e-01
1.024549871866009543e-01
7.946619484090938768e-01
-7.661567705965321995e-01
-8.150394735091572862e-01
2.636868126474164464e-01
6.603509199162286292e-01
7.819158014062197459e-01
9.972774121168459516e-01
-7.158611539580257421e-01
-3.973833666483989613e-01
-3.337646667354862151e-01
-5.483215311851052931e-01
4.749272358483228040e-03
9.652997438830022148e-01
-9.057372847523254000e-01
-5.249699444193338671e-01
8.294995950497692228e-01
-3.335043972459633133e-01
4.382446814016769943e-01
-7.467907153653448038e-01
4.805027437755143294e-01
-3.170865113185191708e-01
-2.942101419886573033e-01
7.710619821797239926e-01
-4.868646900790329357e-01
-1.519551104377714346e-01
-8.002342843233788416e-01
-3.472386237546885579e-01
-9.332837196353988007e-01
9.842291383419717044e-02
-4.010433932263690604e-01
-3.526822944087326106e-01
8.134244627919603454e-01
-9.415796775531263263e-01
-9.719641313052218567e-01
-6.432753371093433148e-02
1.537868632804337277e-02
-7.802799861900218126e-01
6.359194776610843647e-02
-6.429128287694266808e-01
-7.866670797451800201e-01
-2.193731432211764032e-01
7.726970400879222822e-01
7.570125384461133811e-01
5.238359547853631559e-01
-3.160400200548575400e-01
-2.567820637736271672e-01
-7.910634428432032905e-01
-4.021994723331984711e-01
1.000000000000000000e+00
-4.796953582188326348e-01
2.850225990342859506e-01
1.000000000000000000e+00
-3.552645294936244702e-01
-9.900224611366753580e-01
8.248656482095774178e-01
1.782434848940603889e-01
7.567862125171458398e-01
-9.101295864393257329e-01
1.213444113234027066e-01
-2.983415689858731623e-01
-5.555832636712811912e-01
-2.312637302434906450e-01
-3.613862128278391150e-01
-2.789309331104948830e-01
5.875992016896700032e-02
6.908919624846104890e-02
-6.385195713000391127e-01
5.872082878648650084e-01
3.731087267025616216e-01
-3.407514238068070078e-01
8.595162580706586786e-01
-3.121099889105121150e-01
-6.299574879937087646e-01
1.973954300489783042e-01
-6.020392932186359181e-01
-1.000000000000000000e+00
1.000000000000000000e+00
-7.556502757891518929e-01
-5.487108739112774858e-01
3.389240847664850009e-01
-8.267012323798417217e-02
8.793348432148859750e-01
-5.144423550535316414e-01
-2.369032347242634728e-01
-4.421986128416617867e-01
2.790638697535560153e-01
1.778637650605641718e-01
3.638198777456194688e-01
8.376369914008443551e-01
7.374910477513281215e-01
2.603685756508865023e-01
8.539778631220018568e-01
9.327619543250599277e-01
5.470159144119612904e-01
-8.970030732892929626e-01
-5.812662742070843214e-01
9.059867635639344829e-01
8.156802625642487481e-01
-9.215188386527406461e-03
-8.791203570967802416e-02
3.044808436527420697e-02
8.244141583464837941e-01
1.376139739961230735e-01
1.392939689817979110e-01
1.899148507967384769e-01
-5.311988297613304266e-02
8.023451161949377575e-01
4.250161598686239550e-01
-3.281432395717375772e-01
-1.268638106625594730e-01
3.808325449453044964e-01
-9.586484834060110538e-01
-2.702146787019379937e-01
6.416735387727521278e-01
4.269616262796011030e-01
-3.913227940263230287e-01
9.965364499469508974e-01
2.203520129213163425e-01
-3.358454987837081185e-01
-5.059169105026803948e-01
-1.559912594255142837e-01
2.520188198386534295e-01
6.020805073906764227e-01
3.179123656456167568e-01
1.133611807069601629e-01
-6.872586709507209068e-01
-2.831337555837585285e-01
-1.679558215161676971e-01
4.310376584283113210e-01
-7.630177648204227170e-01
1.000000000000000000e+00
5.352194096604119267e-01
-4.577942805336560617e-01
6.339837755689068377e-01
3.504139878829383714e-01
9.627419843753558526e-01
4.887995112951123988e-02
-1.416240315249057968e-01
-8.282343970569483460e-01
-2.005156906017765972e-01
-4.935610674267729148e-02
-4.234642210405017426e-01
6.845267783368805814e-01
-7.077940657184607076e-01
9.111817544082765341e-01
9.047761973137391500e-01
7.850015243615087179e-01
5.562634579149349223e-01
4.293997712049738569e-01
