-5.813226525547003920e-01
1.789055456715894499e-01
-9.745659610418301311e-01
-9.421948322618227678e-01
3.000855458082657967e-01
-1.538201080128095977e-01
-3.918049906898303236e-01
4.129217466988213125e-01
1.000000000000000000e+00
3.107046153956939394e-01
4.335066093479461591e-02
5.798464136529424967e-02
-4.437450420230205639e-01
-5.555327245817714976e-01
-6.811354119818247010e-01
-2.431030360549537861e-01
5.012522354313130313e-01
2.419226085912255797e-01
3.826588015990135538e-01
3.873305161766176230e-01
4.816039283618971378e-01
7.758863133997460915e-02
3.258240169409931664e-02
-4.411456613326820708e-01
-7.663131289659955714e-01
8.743922571628954810e-01
-1.000000000000000000e+00
-1.337408830567515805e-03
-1.854001056994220020e-01
2.868592130997309475e-01
-2.890958239169432731e-01
-3.656963019769984280e-01
-9.992678318148900951e-02
-2.240665276826328545e-03
9.351087437409737468e-01
9.021025725724980682e-02
4.881668044051130639e-01
-7.848116241423817030e-01
-6.683636940563663087e-01
-4.252273083191013825e-01
-2.119546482703172641e-01
-1.231810267901187611e-01
4.539469744980295651e-02
-5.416076115124940360e-02
-6.210248116515624250e-01
-2.595772537673755598e-01
6.348284968156782115e-01
-3.908450651623473493e-01
8.673542532503412256e-03
-3.834833133413543815e-01
-4.292739732560748034e-01
-5.418822603219113354e-01
-3.406520262443761271e-01
1.065766700823198160e-01
2.962243071737541977e-01
-5.465652315836124764e-01
-3.550626718091026701e-01
3.681254835732791775e-01
-4.310608979384155104e-01
7.912682780453148546e-01
-5.771302218346097135e-03
-2.259605015833541786e-01
2.672057738099924418e-01
-6.446704360670489908e-01
-1.914382652693946696e-03
-1.000000000000000000e+00
-5.563166008140643104e-01
-9.672025069613773285e-01
1.160190520566121986e-01
8.796316299974686892e-01
-1.388004035729131780e-01
-9.198025506089584358e-01
-2.989864065339908894e-01
9.718684454841236553e-01
-3.870457781613000914e-01
-7.562830669578323173e-01
4.705406778688059344e-01
2.105305133340572982e-02
4.938591980320209407e-01
6.982259926267845307e-01
6.348954252762325501e-01
9.518625296948433068e-01
6.563327962936922333e-01
-6.972867865769581952e-01
3.711288981606142845e-01
-5.148663252872198726e-01
4.333293669700077899e-02
8.787167912154332239e-01
8.816603490024157441e-01
8.847932615803504319e-01
-4.694605538690889701e-01
2.539992726560713621e-01
-3.662203756069527527e-01
4.341374646420844141e-01
8.407311461824966692e-01
-2.176855233094471265e-01
-1.970161075943882012e-01
8.137161030148754026e-02
-1.690062731955397912e-01
4.177784283948273725e-01
-9.628785575859053480e-01
-4.823053469000241900e-01
-8.854886880592245380e-01
-5.556857532292207580e-01
5.046557769240876956e-01
-5.412544080781935829e-01
-7.580405415175496264e-01
4.789084572463180312e-01
4.616926633277214087e-01
2.293050489610732878e-01
-6.786337722827325836e-01
5.448429127737166588e-01
4.361098430942593751e-01
4.642983792269184118e-01
3.488006683623203763e-01
7.403025297617575884e-01
-6.615038320249562176e-01
5.188560588614135050e-01
1.000000000000000000e+00
-2.282878518803845846e-01
-8.187624804842915660e-01
-1.812528968960280817e-01
-6.011054761569282201e-01
1.721538972365561637e-01
-4.232730079043363625e-01
2.855603987755103712e-02
-2.516652516150241770e-02
6.901332326755309499e-01
-6.747316862474275756e-03
-3.207179629399367626e-02
-1.783648820171958305e-01
-1.452065467777565178e-01
-8.623819665985910099e-02
-6.556052044514584232e-01
-1.872194899152732073e-02
2.990518806438108301e-03
8.793368040867213797e-02
3.893441900334897454e-01
-1.132361914382122858e-01
-5.724987936581635850e-01
-6.599282117728112462e-01
7.588417718922689792e-01
1.000000000000000000e+00
-1.000000000000000000e+00
-6.807058503752740908e-01
-6.351961118500947245e-01
-3.631050034312979236e-01
-8.486949797742512347e-01
3.877286317408473182e-01
-2.452892914715610884e-01
3.248771505143079885e-01
-1.598618630451428269e-01
-2.748356216596244406e-01
1.478319245286066064e-01
-4.892277277514527345e-01
-9.140028105722928231e-01
4.676812060905666257e-02
1.765127718985900762e-01
-5.429842681527625725e-01
8.425631413433811723e-01
-3.679574329662665955e-01
4.727673402819669302e-01
5.899934920240751390e-02
-4.194281343556976460e-01
1.512626548838220952e-02
-9.319726688162085493e-01
-2.202286504518595200e-01
-5.682961518454801020e-01
5.942404010471429715e-02
6.477608592911304752e-01
6.667855992667788279e-01
-7.475772351846139419e-01
-5.934858432402768669e-01
8.798970567244858154e-01
-3.970212349299375720e-01
-2.853120844912218068e-01
-4.244987007713642013e-01
-5.859700302889050416e-01
-7.300453274367381118e-01
-8.045707381515545542e-01
4.653851790945069955e-01
-6.974221787292476105e-01
-5.164365310930194575e-01
5.918104623856782487e-01
-6.071019567621932511e-01
8.696332204593737458e-01
-4.914340532921427362e-01
8.300319193679839280e-01
-5.354338071732483995e-01
8.719933669859383230e-01
1.785020214691402374e-01
5.964697182443666756e-01
-7.873063675189095889e-01
2.053898304367332006e-01
1.160142968491376519e-01
9.020865599047861449e-01
-3.175865321848053702e-01
4.399116582057997493e-01
8.601287814623064243e-01
-9.773782620247706276e-02
1.000000000000000000e+00
-3.481174079006893463e-02
3.543170226654134836e-01
-1.000000000000000000e+00
-5.461790287230412488e-01
8.110003961785139381e-01
6.013810209155290298e-02
8.343080265355119485e-01
9.715911670831099967e-01
7.315102300847117212e-01
-9.811115965915009340e-01
-8.983376805735587833e-01
4.016991296222867103e-01
-2.459777161104266807e-01
9.885144620719538144e-02
4.129024946018403086e-01
-7.118464229326583181e-01
-2.170542466153053129e-01
4.922356134473491740e-01
-1.000000000000000000e+00
-4.980742730490011483e-01
2.040396929858919739e-01
3.097299344976000568e-01
-3.941819457944646388e-01
-5.487984241143325503e-01
-1.443375848050864052e-01
1.897048619634330580e-01
-4.271214302693419063e-01
-6.742919683537537123e-01
-1.974031704026202594e-01
8.388489493318205259e-01
9.255204320443748411e-01
-7.075782500309636402e-01
-3.934292660479301040e-01
4.375262252316626244e-01
6.615994003506445731e-01
5.186470090645407538e-01
-1.409700633142021986e-02
5.083700038334139082e-01
-7.028526745843522994e-01
9.643544686123250997e-01
7.096999040432577788e-01
-6.108615759894288344e-02
1.794462309284847457e-01
-8.075641188734998810e-01
-7.274127958033382857e-01
5.909708306297778435e-03
-1.214964107289633888e-01
7.277596985766318638e-02
7.129754323122701465e-02
6.152533793221244274e-01
-5.610361742974946386e-01
-3.619525448758389996e-01
4.670472936305061773e-01
-3.820651615381709387e-01
-3.210646931637020640e-01
-8.417984754239030698e-01
2.289719806426940285e-02
-3.666451444744689980e-01
7.882397732839637738e-01
2.123460611534365161e-01
1.791970872091772082e-02
2.055153427691294443e-01
1.837150969553233704e-01
1.532943230931980289e-03
