-5.471707347570667901e-01
-9.889089113165201450e-01
2.738898886034605296e-01
1.834988781524892476e-01
-3.182331517313222724e-01
-6.801162719612874330e-01
-1.516996797825049259e-01
2.700774993854181405e-01
7.263782378612246848e-01
-2.647986789294482501e-01
2.280186058170903529e-01
-4.098205983457882673e-01
2.113246256343385698e-01
1.058348617842267136e-01
-9.607536877652210761e-01
-1.000000000000000000e+00
2.158770753347709070e-01
8.032539725889253912e-01
-3.614161211779136629e-01
-2.632134801882740627e-01
-1.000000000000000000e+00
-3.714347129189514429e-02
1.771970590759079645e-01
-1.671731993079063061e-01
-8.239197894869745298e-01
-9.725770341817213671e-01
2.895649925119189172e-01
-4.221028947458391745e-01
-4.028328367698667534e-01
-1.788146974327112226e-01
2.896392248632814748e-01
-1.000000000000000000e+00
1.000000000000000000e+00
-1.679199940316427331e-01
7.323854263112095087e-01
3.320564419644351228e-01
3.873793746803764204e-01
1.000000000000000000e+00
-7.119033496328932564e-01
-7.378280905148560942e-01
2.703739617276021412e-01
4.470181265103455037e-01
7.301964536817878715e-01
-1.251094470492583044e-01
1.000000000000000000e+00
1.958697966550153602e-01
-2.485034535113345711e-01
-4.975902785156458563e-01
3.813566572708521063e-02
-1.000000000000000000e+00
-8.867788772525936336e-01
-1.202518040792898979e-01
-8.473409192948272439e-01
2.636964633357959942e-01
7.661167474427075241e-01
-7.081983769712545396e-01
-7.893029474073380847e-01
9.296971273093828092e-01
-2.706714912600736156e-01
1.000000000000000000e+00
6.671069183702589278e-01
-6.778245093670176580e-01
6.916455983780777500e-03
-4.911906118836554813e-01
-1.091007551547920618e-02
2.150555867636274043e-01
5.030892227998692290e-01
1.000000000000000000e+00
8.527722093332517073e-01
-7.561467017637676369e-01
-3.711771319838355065e-01
9.362917741013287998e-01
-3.702718043767602718e-02
-1.821584052105215679e-01
-5.775638817724015883e-01
-3.642576495310838047e-01
-4.106420001892703842e-01
-1.000000000000000000e+00
-1.658740509524948836e-01
7.006472935028502658e-01
-3.295249844200057732e-01
-1.613609455845984308e-01
-4.137283504932366407e-01
4.825707556301052359e-04
-5.083479924217741974e-01
-1.998661713830625353e-01
-6.875278287484167805e-01
-3.657561222632156328e-01
1.000000000000000000e+00
-9.908134046696280839e-01
-5.055143290936333633e-01
-2.950655140369313201e-01
7.102499255945271539e-01
9.872120812359442832e-01
2.657518056747868937e-02
-7.473112991773082081e-01
-7.727821097935927419e-01
7.264243056728366676e-01
1.000000000000000000e+00
7.776944949756261494e-01
5.454672711532446705e-01
-6.864064949624100187e-01
9.698206089599018531e-01
8.415359831018637271e-01
-1.926304718901082347e-01
4.086945699762873918e-01
9.871448044845935188e-01
-8.009037216882108901e-01
-8.669322624232644880e-03
-1.000000000000000000e+00
2.593191899894033980e-01
5.411070957603865139e-01
4.549735980300491645e-01
-7.329423902268243918e-01
7.985806298931646952e-01
-4.581564421877369897e-01
-6.076365855112962899e-01
-5.176846806706131288e-01
6.904691631625344828e-01
-4.192915558592858472e-01
8.006140488318601589e-01
5.184332809253441865e-02
3.779500507000312925e-01
6.025776656438862622e-01
-1.572131090366793160e-01
-8.393806534560627197e-01
-8.955374504820458048e-01
2.973252791192108058e-01
4.229047200822778629e-01
9.988547024228291438e-01
-7.949525683061131609e-01
-9.857418264528183816e-01
4.149488969958936013e-01
9.996443853193958118e-01
4.721762778739739819e-01
6.807155488557709022e-01
-9.018418866333740569e-01
2.089229198809616217e-01
-7.089549811765932796e-01
6.514721608660913044e-02
-1.000000000000000000e+00
3.386715546913678376e-01
-5.896341836332566477e-02
-2.914817216922506726e-01
-5.656505437429764083e-01
-8.560544484112824204e-01
-1.096024771427454303e-01
4.765436168854113586e-01
1.832255477464889704e-01
-5.364543764697441430e-01
-5.981168747522291884e-01
3.978385934016761549e-01
-7.825043741216064497e-02
5.093564069429191710e-01
2.856886358380049118e-01
8.705732796988639999e-01
-5.974706536757032893e-01
8.624379632235770199e-01
-3.520132103438481375e-01
2.997459439886138721e-01
-5.707488234451454368e-01
1.000000000000000000e+00
1.958269762170907757e-01
-1.311931628235447067e-01
-3.419101932114579356e-01
3.311156879066563530e-01
-3.674195349544128741e-01
-5.418730166850662666e-01
-9.159991586362982163e-01
5.460699945501569230e-01
9.233401880885896418e-01
1.000000000000000000e+00
-9.032185391576647016e-01
-4.079439414968819011e-02
7.564169821904529467e-01
5.697423372860128676e-01
-1.000000000000000000e+00
-5.193715543742125629e-01
1.000000000000000000e+00
1.000000000000000000e+00
-4.748695037576717293e-01
-8.390533358993500501e-01
-5.692855226633659615e-01
-9.176101379667256364e-01
1.815199466205793810e-01
5.834177802604116891e-01
1.000000000000000000e+00
-9.067683028362880093e-02
3.508533836530363659e-01
-2.601810927142548246e-01
-7.866360902917655107e-01
5.453117738149018123e-01
8.308761045831334346e-01
9.326109867494148942e-01
5.084051632826520617e-01
-5.640223793869575397e-01
1.342241929158290714e-01
-1.000000000000000000e+00
-8.689641935198613165e-01
1.503811432882748989e-01
5.981006635815200312e-02
-5.646844956243899372e-01
-6.477349237064110588e-01
-2.903410861819514244e-01
8.085063360877914329e-01
-8.534597739000872041e-01
-4.340619455828793605e-01
2.455465624425500204e-01
-3.485687297690279185e-01
1.097175598140410768e-01
3.141770977655409802e-01
-1.266107548683832462e-01
7.279851560207583061e-01
2.403481010378036298e-01
1.173382214111562682e-01
-2.468613572078015572e-01
-5.049280238943453236e-01
4.858099647557853062e-01
-1.000000000000000000e+00
2.056492237629163056e-01
9.081642303423956286e-02
-7.784812185850591426e-01
1.973593626894571129e-01
-6.369133586792092849e-01
3.525394833217958962e-02
-5.613715092165207921e-01
5.648498736268480203e-01
-1.269791516616641525e-01
1.000000000000000000e+00
-1.000000000000000000e+00
-9.590277642456597196e-01
3.862603039137176841e-01
1.000000000000000000e+00
4.042345501291382259e-01
4.659640618919472788e-01
-9.528176178836652577e-01
-9.465362172348279479e-01
-3.574598791347610161e-01
-3.898441968191587170e-01
9.885980771339345496e-01
3.918373281003608155e-01
2.673016219000961535e-01
-8.268292153083214857e-02
-6.175370260298514991e-01
8.033129384463801870e-01
-6.089870941987260422e-02
-1.000000000000000000e+00
7.427292270830793131e-01
-1.195429177938136800e-01
1.000000000000000000e+00
-5.891058241593543077e-01
-2.616559993084960345e-01
-8.426328446448501097e-01
5.826555045068813055e-01
7.964252039551130702e-01
4.479204515488697247e-01
9.394673371040311860e-01
-7.938196091200502846e-02
1.751745363296051405e-01
2.553977653608358045e-01
-6.659209099054267389e-01
-6.721447272530544081e-01
-1.000000000000000000e+00
-1.193866903929003687e-01
-1.711290100807146830e-01
