-6.354066290170292675e-01
-8.240682680225704937e-01
2.544941633869158837e-01
1.256921775451827206e-01
-8.664175924328905432e-02
-6.053274084316512260e-01
6.082498143858344752e-02
2.838020202737637776e-01
8.370315891070427838e-01
-5.683601228035207731e-01
1.835858171271287365e-01
-7.028343537953977149e-01
1.998043205507508691e-01
2.200830233008074233e-01
-9.011509110634930986e-01
-1.000000000000000000e+00
6.574384916533221324e-02
8.576292609915728837e-01
-3.614161211779136629e-01
1.483552814391240204e-01
-8.634224743379363964e-01
-1.617778490773530697e-01
4.364603243010346523e-01
-2.725463200125222141e-01
-7.791646105352734164e-01
-8.752033695455048168e-01
1.659607989856279886e-01
-1.856421931517653334e-01
5.541119208926776479e-02
-1.388871695446817767e-01
1.793569482067611798e-01
-1.000000000000000000e+00
1.000000000000000000e+00
-1.799984934095225642e-01
-2.324138476795967190e-03
3.767836232694822263e-01
3.442082209715810470e-02
1.000000000000000000e+00
-7.798556437698012100e-01
-7.314326603893945844e-01
1.763712357436342248e-01
2.980164210493345123e-01
7.221629696240486895e-01
1.453609861313884255e-02
9.711406489705907141e-01
1.393360146444137526e-01
-1.566927395626294683e-01
-4.975902785156458563e-01
-8.082107982750001696e-02
-1.000000000000000000e+00
-1.000000000000000000e+00
-1.327811890798093475e-01
-1.000000000000000000e+00
5.723870083637918604e-01
7.087928288755263040e-01
-7.081983769712545396e-01
-6.382863077421299103e-01
9.296971273093828092e-01
-7.012703239716240322e-01
1.000000000000000000e+00
7.310591766911748168e-01
-5.490799770740537600e-01
7.696155918511085603e-02
-9.246606179782101975e-01
-2.542477701849920058e-01
1.715813362326212843e-02
6.639574931153581216e-01
1.000000000000000000e+00
8.870966359992875638e-01
-9.949071973914000999e-01
-3.255231046055153121e-01
9.576489936926931845e-01
-1.368836145539360505e-01
-2.217853267980293697e-01
-4.981146025436329894e-01
-3.712731439301485414e-01
-6.008651993896202415e-01
-1.000000000000000000e+00
-1.577462380014705290e-01
9.059069697859211123e-01
-3.660346046585844504e-01
-2.262040052894092046e-01
-3.345309699284650939e-01
-3.952669822111918446e-02
-4.570204714715990768e-01
5.725314701174746834e-02
-1.891680972225426027e-01
-2.678617903259864486e-01
7.950791548736010350e-01
-1.000000000000000000e+00
-4.379241240553716219e-01
-2.969462682466925130e-01
6.448255339521091756e-01
8.047575962762281154e-01
-3.510976343862769466e-01
-6.454473729255089109e-01
-7.033140186185622422e-01
6.713241894922029607e-01
1.000000000000000000e+00
8.091967363351441067e-01
4.908110891648413965e-01
-3.692530333047390201e-01
8.826921614115696979e-01
9.417409562250130817e-01
-1.856627941705636387e-01
9.338650445320442195e-01
8.569219288259685152e-01
-1.000000000000000000e+00
2.579413625498558349e-02
-9.859199206722625286e-01
7.186834167525442130e-01
3.982930596298837611e-01
8.110594378336722921e-01
-7.483041524374920428e-01
7.802884114249469816e-01
-5.556233632009124346e-01
-4.280935843013971565e-01
-4.919236365179878168e-01
8.054938815731491619e-01
-3.789289529234436960e-01
6.786111612382748071e-01
-7.041658783107643260e-02
2.390428450757171863e-01
3.702081422589810766e-01
-1.572131090366793160e-01
-7.496308634381823044e-01
-9.650058110364256869e-01
3.476990420338161858e-01
5.886744355432509401e-01
1.000000000000000000e+00
-8.655916782426820166e-01
-1.000000000000000000e+00
3.043267690861627406e-01
1.000000000000000000e+00
4.172212227851852528e-01
8.072672292808503736e-01
-8.004141373513700142e-01
1.574492982723128265e-01
-9.306283236433764428e-01
-2.489712924194767418e-02
-1.000000000000000000e+00
2.606188193232184536e-01
-2.063030562429498671e-01
-3.669325871087071866e-01
-5.635218491236589911e-01
-9.071862163209662988e-01
-1.096024771427454303e-01
3.777348600201331785e-01
2.008852843394975940e-02
-2.672945923915175381e-01
-6.236341360802872824e-01
3.683322133295709455e-01
-6.686219715977598232e-02
4.256711044944120337e-01
3.449616379694427359e-01
8.342784526912661036e-01
-7.055713115571129457e-01
7.396594172954332747e-01
-3.670235535818515693e-01
4.227871368842657240e-01
-4.739313799478988010e-01
1.000000000000000000e+00
1.896621295698623644e-02
1.071576598091361632e-02
-3.407758474216527333e-01
3.142826217069412120e-01
-1.689070315557748281e-01
-5.599745497097128322e-01
-9.159991586362982163e-01
6.442146124332379653e-01
9.525675230004135852e-01
8.982343173424011118e-01
-1.000000000000000000e+00
3.878503555990939211e-02
7.984401822890060396e-01
5.327412455148573533e-01
-1.000000000000000000e+00
-6.407699322798985353e-01
1.000000000000000000e+00
1.000000000000000000e+00
-4.766886425732494992e-01
-6.689904066301062269e-01
-3.093695714378605355e-01
-7.690252177783947207e-01
3.535790441203011114e-01
5.032605385380740648e-01
1.000000000000000000e+00
-1.907426029801067013e-01
2.932935352288070230e-01
-2.655753652182409885e-01
-8.756414332001022371e-01
7.312551933912398994e-01
1.000000000000000000e+00
8.085714060478068621e-01
2.634893618005285099e-01
-5.848276453290738308e-01
-1.262323913730277469e-02
-1.000000000000000000e+00
-1.000000000000000000e+00
2.483733523499259688e-01
3.202189962349113461e-01
-4.324855149641331775e-01
-3.845896795934232726e-01
-4.865270085765386332e-01
7.908718351553736259e-01
-9.569256156422185633e-01
-3.167022596329653883e-01
2.270183935107677187e-01
-1.528543186046263935e-01
-2.102824513618138380e-01
2.738195971523672001e-01
-4.606328465026539309e-02
7.411234929956771467e-01
3.913839583351246265e-01
2.111003724778510726e-01
1.512152269681567296e-02
-5.428974287735240933e-01
6.614149041689590947e-01
-6.937869186551648415e-01
1.264326336433789777e-01
1.010665353491443097e-01
-8.478795764109592348e-01
1.002764433889660189e-01
-5.294003737100494433e-01
-6.578500151244583150e-02
-5.438705264940799644e-01
5.751390372675067031e-01
4.641746909328491738e-02
9.405300050746651097e-01
-1.000000000000000000e+00
-9.791947221540455715e-01
3.602736670424133147e-01
1.000000000000000000e+00
4.326591966034968872e-01
3.278200943967182202e-01
-1.000000000000000000e+00
-1.000000000000000000e+00
-3.410597592436086511e-01
-3.366557482439902493e-01
3.638435058880603590e-01
3.582711242992719369e-01
3.496129304232035717e-01
-4.808441565826605812e-02
-7.204125377327970092e-01
4.463031284275338351e-01
-1.998439803939477677e-01
-1.000000000000000000e+00
5.302167686640509858e-01
-1.925270717160756095e-01
1.000000000000000000e+00
-4.913575729816330728e-01
-2.739567077449777122e-01
-1.000000000000000000e+00
5.639737343601711750e-01
8.821829243392359521e-01
3.557896790148095678e-01
8.191300191755250815e-01
2.860554855083021208e-01
4.426923817306537834e-01
1.757607564456906968e-01
-7.188664212755129235e-01
-7.489535104269453569e-01
-1.000000000000000000e+00
-2.098400223168493950e-01
-4.202350126454297841e-01
