-6.423747008012031801e-01
-8.917194608952443424e-01
8.771257553827063735e-02
2.221677633017555276e-01
-4.152741378582566756e-01
-7.560579464442155340e-01
-1.602594252311176082e-01
3.018204405848926575e-01
8.578028256658338790e-01
-6.554325766353098492e-01
2.731793682493010023e-01
-7.652046623515183776e-02
2.497815604200738226e-01
2.830487783611556063e-01
-1.000000000000000000e+00
-9.964085422931268088e-01
9.711109461016501077e-02
6.391373491150368347e-01
-4.527353400780422810e-01
4.355758185341714050e-02
-9.350221939518466030e-01
1.473069753752587890e-02
1.971970553440948737e-01
-2.616851959034292019e-01
-1.000000000000000000e+00
-7.008753932959572719e-01
1.693854150292280758e-01
-2.995573929288388726e-01
-1.890992413863405996e-01
-2.351104783241587115e-01
6.195384434916875183e-01
-9.139849417741973125e-01
1.000000000000000000e+00
-1.917514649554630524e-01
4.372215497714534438e-01
4.320224388604300136e-01
2.899792291838531599e-01
8.750513497722109957e-01
-7.119033496328932564e-01
-8.220260834203620970e-01
4.430316690338884644e-01
3.440035650711149029e-01
5.629461720899129329e-01
-1.755152589270740915e-01
1.000000000000000000e+00
1.819254803425923994e-01
-2.341992030036265937e-01
-6.033742786405379421e-01
-6.178333240262208481e-02
-8.324006705466884259e-01
-5.472559828673400073e-01
1.179502866209192480e-01
-6.946142193012653232e-01
4.786784984455197400e-01
7.693935563011082834e-01
-6.344438130955696309e-01
-4.302500117284442371e-01
9.493322528099643609e-01
-1.653918517726393755e-02
9.221282314865265617e-01
9.461492245478174690e-01
-6.281542997536320172e-01
9.289149292331233543e-02
-4.590455706614816611e-01
-1.604136709953505047e-01
-2.735176470227728557e-02
7.331001447362672785e-01
1.000000000000000000e+00
7.624554081471364153e-01
-5.447772714502941982e-01
-5.034581204724997150e-01
8.624157357614553598e-01
-1.895960889287340856e-01
-2.972231859848452618e-01
-3.396749815960204422e-01
-3.158728326511499596e-01
-6.008651993896202415e-01
-7.123720682107747004e-01
-1.758888140225520202e-01
1.000000000000000000e+00
-4.219597000177782720e-01
-2.176550718898087600e-01
-3.615517635393732387e-01
3.112973874904287341e-02
-4.330512972575393249e-01
-1.890217898429612797e-01
-4.110761395006437002e-01
-2.487602558206721270e-01
9.273324716817149538e-01
-8.891161517182549767e-01
-4.648701159788596882e-01
-3.715458386804335600e-01
5.329084304292720509e-01
4.176272462960245457e-01
-8.374218392063961791e-02
-8.876687892597594498e-01
-5.326812330390918726e-01
1.447330241238187765e-01
1.000000000000000000e+00
6.566388941742115071e-01
3.819362658319991888e-01
-5.892322831051257648e-01
1.000000000000000000e+00
7.803998641869180908e-01
-3.120920981566918107e-01
4.047800031602247772e-01
1.000000000000000000e+00
-1.000000000000000000e+00
-8.779186530055080318e-02
-9.494544258075241494e-01
3.624033366122856314e-01
2.992940687228330954e-01
6.788992165018749025e-01
-9.685683785738596896e-01
7.484431909068587352e-01
-5.355873739439579451e-01
-6.245154743273613196e-01
-6.015760248218947615e-01
8.590874054136674598e-01
-4.105488278307203864e-01
4.499481732272234136e-01
-5.899188151379375356e-02
2.659071014264020594e-01
6.498357655069064709e-01
3.129997881312624464e-01
-5.927537950015090429e-01
-9.220757064410859405e-01
4.036056805951908633e-01
5.124244291558229802e-01
9.315975546686776632e-01
-9.381859280616725583e-01
-9.638566476442939068e-01
2.828282683526225916e-01
8.289914534257711853e-01
4.597824031003843182e-01
7.049266282404170747e-01
-5.914129027776061642e-01
2.127268158532686915e-01
-7.823724812050222299e-01
6.010696451755162539e-02
-9.487898867841200179e-01
4.165663948445019193e-01
-3.247923539032793183e-02
-2.249060965585978622e-01
-4.565066758944949510e-01
-8.127928019459852438e-01
-9.369719147866786835e-03
3.114651217099424496e-01
-1.598370722065693694e-03
-4.530660981765470829e-01
-6.093454261004452865e-01
1.673931268313494924e-01
-6.686219715977598232e-02
4.712666453296218694e-01
3.097119042627198837e-01
1.000000000000000000e+00
-6.212874493172483303e-01
8.172040424186350904e-01
-3.670235535818515693e-01
4.168508510040662696e-01
-3.549167423362687424e-01
7.493710526820622775e-01
1.850290103383991913e-01
-4.411940248185347579e-02
-3.091710665860449847e-01
4.699033334223218228e-01
-3.310718786940638481e-01
-4.855143754012308799e-01
-7.902828884264311293e-01
3.012071820712362014e-01
9.994227400116598714e-01
1.000000000000000000e+00
-9.961784018850617928e-01
2.682653013222338068e-01
5.608972189222189986e-01
6.746965017737097670e-01
-8.378739104093185786e-01
-7.576286104590209680e-01
6.752273067341246771e-01
9.994470030920450387e-01
-3.472850175697206332e-01
-1.000000000000000000e+00
-3.097796016663301177e-01
-6.471298816202052384e-01
4.362190106081696994e-01
5.834224395359913773e-01
8.504695772613218852e-01
-5.075383474573091913e-02
3.990362605508008809e-01
-3.254671906616727339e-01
-5.787694539389309778e-01
9.457467453143653113e-01
8.941857777407239416e-01
9.017413382846370951e-01
1.423235258325560859e-01
-6.596665324014813203e-01
-3.078113041538481365e-02
-1.000000000000000000e+00
-9.366803382862763927e-01
3.056671460668139439e-01
2.687284080641329231e-02
-1.718620871333861044e-01
-4.430764850574940850e-01
-4.661675762442506477e-01
7.908718351553736259e-01
-9.569256156422185633e-01
-5.903504736964632071e-01
2.438848919105258695e-01
-3.130113164055630115e-01
-1.215477107915064470e-01
1.973922375444100152e-01
-1.935646414751669361e-02
8.137880692768683089e-01
-8.415496598999716582e-02
-8.996640784245990563e-02
-3.103110368240990721e-02
-4.778700266818936004e-01
3.197293819625102729e-01
-1.000000000000000000e+00
2.447476034125642408e-01
7.099234013608740623e-02
-8.894935062549710336e-01
1.947299490392467303e-01
-4.127199672475873049e-01
-9.339479578111442581e-02
-5.592910435776490274e-01
5.275499903591523987e-01
-8.828082281877684678e-02
1.000000000000000000e+00
-1.000000000000000000e+00
-9.323744663719527592e-01
4.122381139721104648e-01
9.848376795913884596e-01
4.695732282854164774e-01
6.910645500548595610e-01
-7.987816880496678706e-01
-8.972044651111690250e-01
-3.737120703357903473e-01
-3.283289571060793444e-01
7.891701235005937898e-01
3.573806769231693825e-01
4.770819173996515561e-02
-1.530384100331841635e-01
-7.391840320572828915e-01
1.000000000000000000e+00
-8.801005793140567746e-03
-9.573048025436647901e-01
6.222816345588423337e-01
-2.536119726777443795e-01
9.600161064727750215e-01
-3.466461785251939709e-01
-2.652578489516466687e-01
-8.425514200463440906e-01
2.867314808796891379e-01
7.774401060129444430e-01
2.092169677483507184e-01
8.124436459088550944e-01
-1.644753441450355069e-01
2.859847921712884711e-01
1.006172987145840247e-01
-7.202835387213954998e-01
-7.141537253200109792e-01
-1.000000000000000000e+00
-1.431432089578009992e-01
-2.351577733090348399e-01
