-9.476544489940054161e-01
-1.000000000000000000e+00
4.212808571676782687e-01
2.337147010818024784e-01
-1.341725501840349555e-01
-5.827395679162814535e-01
2.951533751038599718e-01
1.763249256425825084e-01
-5.709473236404116747e-02
-1.669462962874060374e-01
1.911702035869531358e-01
-1.000000000000000000e+00
-6.780590873275369468e-01
2.187909221588835162e-01
-5.810946033947876899e-01
-1.000000000000000000e+00
2.907450952791972298e-01
6.234674317627488804e-01
-5.606609108831944743e-02
1.483552814391240204e-01
-7.477490880508259607e-01
3.592472633645846236e-02
4.448723253147772727e-01
-4.694373592792391303e-01
-2.852292702817224024e-01
-4.809262950439341378e-01
3.441963881615286991e-01
-9.119967224114757798e-01
-5.452743399572385075e-02
-2.919184397673826176e-02
1.793569482067611798e-01
-1.000000000000000000e+00
9.471130076192755265e-01
-3.826639464004033542e-02
-1.838429986463598897e-01
-2.532757272055016773e-02
3.986311253253159714e-01
1.000000000000000000e+00
-8.314670559310438636e-01
-5.230364131276410422e-01
2.816378432488261252e-01
9.124364795753225899e-02
7.183836941881287519e-01
-5.023488478150941461e-01
9.500137068675480467e-01
7.250795681598241060e-01
-3.462387156122259668e-02
-9.322628008356648177e-01
6.618745665639731435e-01
-9.713116571514313069e-01
-4.271338715281658427e-01
-1.282929277203121998e-01
-1.000000000000000000e+00
9.780237956611292915e-02
7.339761961264734680e-01
-3.323348222679481379e-01
-1.000000000000000000e+00
7.960062382851235130e-01
-3.746829035562595500e-01
9.183308961065432818e-01
8.085179863906079012e-01
-3.855336254489173387e-01
2.385478813690222744e-01
-4.659344573800421330e-01
1.233078701962868895e-01
2.311032385463724359e-01
6.367696451918745115e-01
1.000000000000000000e+00
8.870966359992875638e-01
-5.601703202429508810e-01
-9.214855348291097759e-01
1.000000000000000000e+00
3.880546875992213485e-01
-2.317388367117382275e-01
-1.783323017255203369e-01
-3.273528956167033321e-01
-7.150260916993483873e-01
-4.091233509755203279e-01
4.086430925444048956e-01
9.848848674443129170e-01
-8.262875258160586878e-01
-4.507926689114092333e-01
-3.345309699284650939e-01
7.022487317476169277e-01
-3.786045748840000669e-01
-7.547449438799331833e-01
-3.648905969237568048e-01
-1.000000000000000000e+00
6.479508717727361367e-01
-1.000000000000000000e+00
-2.482739160763713926e-01
-2.045376344013692949e-01
6.339228113516721663e-01
1.000000000000000000e+00
1.853693850417210132e-01
-7.602662863367339874e-01
-7.033140186185622422e-01
8.521062269089898500e-01
4.900833766295309424e-01
1.000000000000000000e+00
1.205009437680187034e-01
-5.983077548093851394e-01
9.530996559267279622e-01
7.685089055771681110e-01
-1.856627941705636387e-01
3.678513181657134812e-01
9.658904026074561777e-01
-1.000000000000000000e+00
1.826243325625938052e-01
-1.000000000000000000e+00
7.571013934948682689e-01
6.553046369450371555e-01
4.168538955641687416e-01
-6.219994598148131937e-01
9.972651551009839022e-01
-3.656584064825346703e-02
-8.105548943644569349e-03
3.241003992754449836e-01
9.035473811100777075e-01
2.622461129545528014e-02
9.365100968374748813e-01
9.020078491435787882e-01
-5.632953874711835174e-02
9.057535027974621400e-01
1.571814681159150462e-02
-6.146001343794788019e-01
-8.839222044514087884e-01
-2.148247168789913508e-01
4.563314906153550510e-01
1.000000000000000000e+00
-1.000000000000000000e+00
-4.987693415004796904e-01
3.264099084117335625e-01
1.000000000000000000e+00
4.172212227851852528e-01
6.244451209173101924e-01
-8.469584198333692804e-01
-6.103140478164177374e-01
-4.801850354078867067e-01
-1.565484300333016832e-01
-9.373345495413710760e-01
3.617658066043752951e-01
3.314707381237724793e-01
-5.809931049841565720e-01
-8.652043406933374037e-01
-9.071862163209662988e-01
1.182790811941748510e-01
3.986457848193038500e-01
3.441839173187106748e-01
-3.965051473961740403e-01
-1.643055427168275129e-01
4.033807205380988137e-01
-3.780688644218122008e-01
5.328729366744167084e-01
8.183239968597488811e-02
8.880901851135538649e-01
-4.906118146001853253e-01
8.476536715506477471e-01
-3.670235535818515693e-01
3.340969914057005941e-01
-4.234026971646527304e-01
1.000000000000000000e+00
-2.262251591424548069e-02
-9.890567311050341148e-01
-5.529411580664465031e-01
7.041627484683896654e-01
-3.627582368333802654e-01
-2.488972621373403138e-01
-1.000000000000000000e+00
2.449821839773570487e-01
1.000000000000000000e+00
1.000000000000000000e+00
-8.005763987080609656e-01
8.465185032595501369e-02
2.869119262534189363e-01
1.518078741269048015e-01
-9.656121969090032398e-01
-4.430959149040268330e-01
6.296581348370468012e-01
1.000000000000000000e+00
-5.721159528814159234e-01
-1.000000000000000000e+00
-8.389382294222627046e-01
-1.000000000000000000e+00
-8.743583891100498162e-01
1.000000000000000000e+00
9.996661130198131184e-01
-1.013081232052592817e-01
5.521360568336566299e-01
-4.510776379253540469e-01
-2.250542276629641236e-01
7.677794559045739708e-01
3.418196743790343217e-01
7.479083723297499375e-01
2.634893618005285099e-01
-7.058023997524249804e-01
-9.843130924501419798e-02
-9.349781417932083727e-01
-7.479583877324191832e-01
6.293290207492263644e-01
3.202189962349113461e-01
-7.604551349166470686e-01
8.690653250977442568e-02
-3.619699227535460029e-01
4.927017794988066690e-01
-9.923846397728692814e-01
1.527549067869495847e-01
2.718253363871574457e-01
5.963059951755145249e-02
-3.202820381553771467e-01
4.464911829800970455e-01
-4.830028149170835228e-01
1.000000000000000000e+00
3.913839583351246265e-01
5.139113213462576102e-01
2.017006545925749683e-01
-4.579604782808950891e-01
-7.529978283918520310e-03
-1.000000000000000000e+00
1.264326336433789777e-01
-4.559445467654396067e-01
-4.627147429242309817e-01
6.964752657128474578e-01
-3.534559837123651960e-01
-2.073255018458453058e-02
-3.791910076754982928e-01
-1.350038561163573181e-02
1.908515085975027170e-01
9.535304712302716812e-01
-9.811286827043349534e-01
-6.804823358152360946e-01
9.461436957705771089e-01
9.900175713397056931e-01
2.381813402057577078e-01
-4.989492718743345767e-01
-4.023879462906503335e-01
-5.961641755069944093e-01
-3.410597592436086511e-01
-5.050812549405441221e-01
9.832835368368422202e-01
5.664779895458862402e-01
7.604418745894037102e-01
8.702603996205016124e-02
-6.460255491637827419e-01
5.434070436575593188e-01
-5.671422599347766269e-01
-1.000000000000000000e+00
1.000000000000000000e+00
7.392303325039040196e-02
1.000000000000000000e+00
-4.387597887191911350e-01
-2.608631554110893980e-01
-1.000000000000000000e+00
7.190204204122747633e-01
1.000000000000000000e+00
4.918655696279038425e-01
1.000000000000000000e+00
-2.514653565710510685e-01
9.154325676894529140e-01
2.288114538002041787e-01
-6.413723886960844833e-01
-5.697376736173562772e-01
-5.340522455187362016e-01
-2.126362691643067168e-02
-3.069711691221983507e-01
