2.106611023107733960e-01
5.429144825400481489e-01
9.117078516403924748e-01
-6.860418723636325655e-01
-6.566313171918631841e-01
4.944140191162498255e-01
-9.327655429112127194e-01
-6.590382579902576143e-01
-6.013413116341195241e-01
-3.608877902833143025e-01
4.916134113455797316e-01
-9.011080743414859873e-01
1.480519943042096775e-02
-9.217226493739376636e-01
-8.856478536003695723e-01
5.429335384324189828e-01
9.304118902765285970e-01
-3.810381741240961850e-01
-3.888413051327497261e-01
-9.477932437780161035e-01
6.709050777146309263e-01
9.278877056176195737e-01
-5.599056353278997200e-01
-6.736122148802692333e-01
1.000879990381560614e+00
2.251219991636867479e-01
1.649024162195835419e-01
7.815335157653893194e-01
4.489058570263222969e-01
8.321557528377868662e-01
2.190457590776960228e-01
-9.059589244339183445e-01
7.642100006669623191e-01
-7.166416851430240653e-01
-1.820568117021137411e-02
-3.063763758446014229e-01
-3.368957631172750933e-01
-9.439615851881288933e-01
-6.908007487464740137e-01
2.509802319624030442e-01
6.681347915993596231e-01
-2.808618374317282118e-01
5.162647661248926934e-01
-7.801945797316628406e-02
4.523187824624399500e-01
-4.331842193470269997e-02
-5.208345620768732864e-01
-2.153539277885454517e-01
-8.748201212153836615e-01
6.612135043348645880e-01
3.101082116167236946e-01
-1.710181577539944819e-01
-1.058152557140388694e+00
7.211664412955760828e-02
-3.492706638160624766e-01
-3.904647045307175213e-01
-1.948235944106408435e-01
-6.674702274524924039e-01
6.207088633496662400e-01
-4.647975810394813223e-01
1.062141691470647464e-01
-5.370960630478123499e-02
-4.965027228695899630e-01
-5.234329069741405771e-01
-8.672742218779670997e-01
7.339127288800176840e-01
-8.804710230562287077e-01
-1.122907226044413953e-01
5.868789236880315174e-01
-8.656032658204202423e-01
2.602215933096648226e-01
1.750541892695109125e-01
-7.932794336959420045e-01
4.773109326047872969e-01
-9.897412627111951133e-02
-1.448331784209815620e-01
-4.671829675959755512e-01
5.915516942759778407e-02
-1.907300854884257379e-01
5.390520207576244838e-01
2.385823533145878805e-01
1.146720048884447840e-01
6.765036330226217309e-01
2.245458074904796431e-01
-6.158689634430507542e-01
-5.230657836907486313e-01
-8.434244551600349471e-01
-5.356771151200574455e-01
8.074143786440620696e-01
1.478135411856174031e-02
-3.249431215827089936e-01
-1.975708528501560757e-01
2.499892782472776520e-01
3.401917288455358346e-01
4.324523528904995473e-01
-3.254668743269302222e-01
8.617114344524989811e-01
8.963335453057998947e-01
5.063643034631535311e-01
3.925235515035279121e-01
2.621063522575890481e-01
-8.782405978244594014e-01
-2.587305585585704115e-01
-7.085927243535879994e-01
-8.797501644806227095e-01
-8.043605719753263994e-01
-6.397805412865715802e-01
9.776852829478654971e-01
-6.728705773982945892e-01
6.320491866573070272e-01
4.287979110389179560e-01
8.942896707615421992e-01
4.607655642892050651e-01
-4.948375245599501149e-02
7.319858970909751683e-01
4.001574366867857169e-01
1.304160654566843824e-02
-4.251963241510193225e-01
-5.226978365756779210e-02
-8.948861330093049737e-01
-6.189728279622707108e-01
8.430247611723314938e-01
3.994739804919585913e-01
4.852216746918136536e-01
6.696715917498228254e-01
-4.791509781192280215e-01
-1.673270396024872930e-01
5.456705043248366582e-01
5.250551035372943431e-01
-6.995755236599989768e-01
5.329228489332237251e-01
6.211282561553435055e-01
-1.436973068606091086e-01
1.047920011739225943e-01
-6.168471101900249165e-01
-9.982110338764736968e-01
2.358251359859633300e-01
-3.103669037307674183e-02
-1.088402051017644867e+00
-7.530313912543054045e-01
-8.731667669542633181e-01
-2.758692133725402229e-01
-1.016257811601935401e+00
7.419681604445887979e-01
-4.739239306085138992e-01
-9.650999320677011717e-01
1.019262192537483125e-01
-2.592297609984415274e-01
4.569061130146321315e-01
9.815142433609502781e-02
8.936491995183766246e-01
6.956364020214568233e-01
5.937665948519820214e-01
-6.281776550128124192e-01
7.182896308920662110e-01
-1.655872825762045031e-01
7.916338755489842338e-01
-7.079228250855538196e-01
-7.930199688787445966e-01
-6.049030414215145202e-01
-7.196965249828779498e-01
1.051827490010694977e+00
-7.019620100924544026e-01
1.400715245806760656e-01
-8.115394767026185008e-01
-4.212142204268370937e-01
3.774501446391614889e-01
4.647549611252718704e-01
-5.430193535376777181e-01
-1.217325542440943070e-01
-1.398381327058168810e-01
-2.011959208495400775e-01
3.537107418341853826e-01
-9.315468963286455129e-01
-5.085657999486897785e-01
-5.645701782789651624e-01
5.670910345799671237e-01
-2.423715827027800862e-01
9.500561735900450167e-01
3.776779791891826665e-01
1.791039364303470549e-03
-1.018313053087809283e-01
-5.557915852195618456e-01
2.763790848325983762e-01
-7.661334542861686359e-01
3.783844956024877693e-01
-3.338715400043144599e-01
1.573751642782460214e-01
2.152420313436231858e-02
4.704419335251870393e-01
7.533508956029575376e-01
7.750439388063512514e-01
9.317188696077406407e-01
5.383767674793463742e-01
2.790219129380322460e-03
7.098266773782359040e-01
-4.202337500377267276e-01
-3.722570791148678282e-01
6.927431024049943709e-01
1.583800206517387288e-01
-7.453453279192208125e-01
-6.799836432881078974e-01
1.069549245955213168e+00
-5.826290627034169667e-01
-5.246235891726712675e-01
4.719953685427098478e-01
9.548671954458335387e-01
4.888428800179182576e-01
9.226995496085939052e-01
-4.857341244512886624e-01
8.779661991937470766e-02
-4.095942220791903843e-01
-1.997835017929163737e-01
9.648150195885877300e-01
-3.796942391111423065e-01
-9.774982417456572481e-01
-3.665566466785405431e-01
9.702833819516882841e-01
9.762413426571465713e-01
-9.434259563765003964e-01
-3.462549758456158200e-01
1.360549588226803164e-01
2.916797712506863927e-01
-7.107362960176734079e-01
6.646240648988555044e-01
-4.390627495475329378e-01
-9.254903592894221376e-01
6.478384897508797646e-01
-9.437771927554311491e-01
6.697305205223629265e-01
2.691864171881184209e-01
-2.274226245224775789e-01
1.759125770648213571e-01
-7.414886160134663839e-01
6.315171828935873810e-01
-1.305993725141927353e-01
-6.641122231168206103e-01
-9.398671647031615617e-01
-7.210002568484101815e-01
4.075348562689066201e-01
1.905951409766470928e-01
-7.264462235853565986e-01
-3.472493111426916412e-01
5.539138304634610988e-01
-5.311340492043948869e-01
9.064664060466243178e-01
4.183770373182409408e-01
5.595611883380358087e-01
-7.451201394201755202e-01
1.129374746689188191e-01
-1.826614441744569550e-01
-3.564289408035017370e-01
-7.337486744490645529e-01
9.109151849268457557e-01
-2.519821177598806639e-01
3.508414443966700880e-02
1.594273648344808059e-01
-5.854643955237468500e-01
-1.138592751384321922e-01
3.533738683615719189e-01
1.229823593559401379e-01
-3.326517715123555874e-02
2.219672615044527564e-01
7.203290206850382349e-01
-8.475319008990733760e-01
