-8.918205259154330378e-01
-2.424940549979568427e-01
-5.432761747252537465e-02
6.171282635603980715e-01
-1.477258870115798206e-02
1.694238790550555429e-01
-7.321786464558818763e-02
7.829022277005592834e-01
-4.114590043389174112e-01
-4.612650380318512600e-01
3.324147235153959157e-01
-8.702350682981198071e-01
-1.657825793099896305e-01
-2.004150659463672657e-01
-8.220006005121538450e-02
-2.368170426075649759e-01
9.400903523121443284e-01
4.774634911002975102e-01
-3.637293437017378728e-01
2.570622414858454441e-01
-4.591796694243128751e-01
4.638155102631915661e-01
1.378298847076300238e-01
-8.498483440030875080e-01
-3.690886438326592689e-01
9.348060475453596752e-01
-2.655633795302247968e-02
7.777044809468284248e-01
-4.450232527862973964e-02
-2.119220838366570048e-02
2.230396542749613076e-01
3.412853784433789173e-02
5.683366802733825773e-01
9.485579638115121393e-01
-1.157706348525026907e-01
7.299899658674362524e-01
1.028788743834259112e+00
5.871462428848719384e-01
6.443133257713745676e-01
-1.817180333138584125e-01
6.714166954568727697e-01
-4.221326773068916349e-01
-5.667752332821156536e-01
4.509844412992821683e-01
7.011073281653887879e-01
5.148746865331963463e-01
2.257698970348698264e-01
-1.186324083686101094e-01
-6.348083403427691174e-01
3.365796437849469802e-01
5.395931578446033772e-01
-2.367096425508977142e-02
-8.943208888174791760e-01
-3.662819256622860120e-01
3.640935355010459507e-01
7.448157962404570176e-01
2.556081564068830025e-01
5.448618295183446092e-01
-8.570643579444502391e-01
-6.886309861974457269e-02
9.408359191224276996e-01
5.096007806267201928e-03
6.106756074736527928e-01
-2.001745809482901872e-01
-6.675334301846514995e-01
-8.905543618784037552e-01
7.951553697007468502e-01
-1.659039677520535161e-01
-8.357284512228860818e-01
-2.676096369088574178e-01
5.073309247376439624e-01
1.454581163262199106e-01
-2.839907432946356947e-01
8.838751227812964295e-01
-9.351276386911118177e-01
-7.769779103941579779e-01
-4.521231573503172729e-01
4.953804099129925920e-01
-8.517622103788615728e-01
-7.790620285275707824e-01
-9.381163603060830303e-01
1.835704601178482498e-01
1.797728206109883153e-01
5.283372781068738089e-01
2.247776258479361466e-01
1.052720747660038425e+00
5.060289425095674254e-01
4.878907429294885301e-01
1.882978718263967899e-01
-7.581649745203755675e-01
4.732355401581995191e-01
-8.014447175800482048e-01
8.312680430001633258e-01
1.068728370777721065e-01
3.109966923544671413e-01
3.219417197224308524e-02
3.435786327331720180e-01
3.951581138585103514e-01
-7.784781763660841847e-02
-3.978791842323942674e-01
-4.063841947267489152e-01
3.159816412814324404e-02
7.525634574889588091e-01
6.903223438028086578e-01
1.656383421706169312e-01
-3.789988483678262410e-02
7.426725229080171076e-01
2.098655892705203474e-01
9.998290263661014921e-01
-4.726115568191940897e-03
-2.334415094358748000e-02
-5.631214549593331897e-01
4.435676801628326005e-01
8.448412203683308697e-01
4.236782342289506786e-01
7.982057160013444896e-01
3.579616638722697974e-01
7.273963917247985300e-01
6.500629065843570586e-01
-7.914599410619962416e-01
-6.605340069230671851e-01
8.327963726195095617e-01
7.795870771781945319e-01
6.392379389979556681e-01
-1.240601029490607937e-01
6.671099078726477893e-02
-6.023814697086532499e-01
4.964792634356658407e-01
1.908916036711705289e-02
-9.130877173312355044e-01
-7.733965945508822770e-01
-6.769589356688392456e-01
-5.359687948652753775e-01
-2.076996580241676216e-01
-4.113286274215610661e-02
-8.811074865371673059e-01
9.713247226321024552e-01
-4.607092261873124706e-02
-5.028256583896644205e-01
3.177720282758988435e-01
-5.708806850476788597e-02
1.100198275660589697e+00
-6.885415537582435519e-01
6.487462255368728892e-01
-7.914192288135865616e-02
4.370737296959785745e-01
-4.188699429789994877e-01
-5.816242626693064466e-01
-3.653771811159879368e-01
-2.551114649313914740e-01
9.514586161717670798e-01
1.856441916842969664e-01
5.028956081388382682e-01
-3.149379445929001431e-01
-3.220638578301520116e-01
1.148930650605848314e-01
5.091726364326247811e-01
-5.348988834225265609e-01
8.578855129990935469e-01
-9.041206484682468014e-02
-5.482116218973391852e-01
3.226184359589783224e-01
-1.645365375672443869e-02
8.670513187584649728e-01
2.529510911768544368e-01
6.564477021052704808e-01
-3.901975503291014169e-01
9.716597147801383505e-01
-3.311690896126044947e-01
1.684294158572725575e-01
-7.676711751954992113e-01
-4.012533136557345226e-01
3.080985847574599923e-01
5.609165306369179316e-01
8.618025951204978663e-02
-5.601155544613712900e-01
-1.067310202536808639e-02
-6.945840577558890505e-01
8.103643165305207674e-02
-3.800931764894341890e-03
1.295265418579320538e-01
3.506093468909725619e-01
-3.921869859537922831e-02
-7.691933845017890903e-01
3.599161298154339717e-01
1.597886412171475590e-01
-1.217107578675550444e-01
-2.624168034055589516e-01
4.116481816344793598e-01
5.630486000321439644e-01
-5.922356308523143431e-01
9.580114448507126568e-01
4.839747251924179094e-01
6.522715443083128284e-02
5.330018305709366411e-01
7.518850281226767684e-01
-9.595958985986670076e-01
8.971040553538560669e-01
-7.298129718682087042e-01
2.270774943788041456e-01
6.628236049197933077e-03
6.873391027033637357e-01
1.513678968740156949e-01
-5.657387523138901475e-01
3.222441915728396222e-01
4.750962601391488516e-01
6.291396736732057793e-01
-8.329047808655494212e-01
-9.333081429859313438e-02
9.055876479052855643e-01
-5.100759873776024023e-01
3.080228844799761667e-01
7.041754939884121711e-01
5.444111675192626620e-01
-6.510029059701555321e-01
4.514456938375450701e-01
4.806917520543277367e-01
-5.727813826058441027e-01
3.963573923167327262e-01
-1.098807240349106151e-02
-2.351380071140087846e-01
-2.642330281988410912e-01
4.507846572469733637e-01
-6.092381065047222100e-01
5.195644555365742934e-02
-5.917383972440306561e-01
7.765912180983477464e-01
4.598345705129533445e-02
5.320028909488720981e-01
7.576687576887811693e-01
8.636200844289323442e-01
5.213198374759175913e-01
-4.583577981059803186e-01
3.796430831627835012e-01
-8.037320592638592665e-01
8.134937222691165370e-01
2.416802141146144889e-01
7.321631110744049042e-01
6.165047787143868030e-01
-2.172241649238414452e-01
3.273789264446416158e-01
-4.255791094707148670e-01
-2.314060335139265512e-01
6.709349843834329086e-01
6.309743491392107995e-01
1.108632868824567241e+00
-6.854331962896049735e-01
2.941539517925065295e-02
-7.993351827209748128e-01
8.545870388231759929e-01
-8.945598448262159774e-01
-5.507033453442918836e-01
-7.234315955274112087e-01
-1.088081891912184851e-02
9.879395746424590730e-01
-9.209485265770190887e-01
-5.451522105102376559e-01
-6.378868412507987529e-02
-2.904034875150784956e-02
6.626732786042034418e-01
4.521492623406391242e-01
5.100323580031733695e-01
-8.868620551225839810e-01
-3.070791248112684224e-01
-5.376916609135115599e-02
