-3.112484515033806520e-01
-5.225974464821636634e-01
-9.127483629235368934e-01
-6.339533607314059571e-01
-7.971870785502109813e-01
-2.437879675620328868e-01
3.322059882943835252e-01
-2.663759604018763882e-01
9.736171006942189177e-01
-1.000000000000000000e+00
4.493200974950624094e-01
-1.000000000000000000e+00
7.367681600697462141e-01
-9.282724342904906667e-01
4.373070160820008989e-01
-8.376785939689213034e-01
2.562009851547801809e-01
-2.941905063735656967e-01
2.370896605738352925e-01
-1.309307081404793294e-01
-8.404859626939078510e-01
1.133279301361473923e-01
-1.000000000000000000e+00
-1.104066426003273982e-01
-1.353991534225567617e-01
-9.740671763600800004e-02
-8.259899005193191979e-01
9.347096555299003739e-01
3.285880712050071040e-01
-1.273510541826212428e-01
-7.020757118899142446e-01
6.664595857242106014e-03
9.174069209591300122e-01
5.587624241231590183e-01
-4.372571569084031662e-01
4.104378398683208307e-01
-1.582130236659233524e-01
-1.611601078391568520e-01
-1.741621033878386626e-01
3.648454055078671487e-01
5.202811320368634362e-01
-1.731752599356267686e-01
-8.774460671798726130e-01
-3.811522428959580600e-01
2.979241356369506377e-01
-8.160997066719748450e-01
-4.965002911847726796e-01
-1.729828229132338302e-01
2.747470923931538689e-01
4.734081342752565758e-01
-8.712933261251125661e-01
5.769749272104018889e-01
-8.433109233854632070e-01
9.131835485330905833e-01
9.924272336262818239e-01
3.217245474735930255e-01
-2.671188091508593931e-01
-9.175265425523433382e-01
-5.029243709551908248e-01
7.843004959754094063e-01
6.779194322786916693e-01
1.126333236322381720e-01
-8.094889839180544611e-01
-8.833796906329814957e-01
1.618725857703944282e-01
9.056997683436392166e-02
-1.689793264669682271e-01
5.532735178438299428e-01
3.137770567436718450e-01
-3.191556127467977400e-02
-5.145807764084768809e-01
6.664477663955130637e-01
-7.100255273519290311e-01
-7.821867903865638016e-01
-7.874949018270371859e-02
9.582603956372361953e-01
1.171859900127244225e-01
-3.899304800759404444e-01
8.765909817471173593e-01
-2.178101042967968137e-01
8.005848043909397083e-01
1.208964126080363938e-01
-9.962757762438354536e-01
-4.352731887453057946e-01
-1.077742317072580280e-01
3.569392021869356724e-02
3.129624821156170023e-01
4.058161641474624659e-01
-1.969618659358317869e-01
-5.933428872533187404e-01
6.379472763258170476e-02
-2.691272841019066719e-01
2.451862025790053912e-02
6.861328296026165674e-01
-2.757308994190704743e-01
6.357686306227511297e-01
6.070241203067618940e-01
-4.297743565197253979e-02
3.538552164391304267e-01
1.574627379228132340e-01
5.944077816254962343e-01
-6.156149531349230930e-01
-8.559441700584549118e-01
3.756419667209477398e-01
-1.034014385959248494e-01
-3.168050024943566134e-01
6.846342189220979702e-01
5.337094848030465855e-01
5.040415912257723008e-02
9.294342119261265189e-01
1.000000000000000000e+00
3.142678046848568219e-01
-1.487331861217970341e-01
-2.772704501531834120e-01
-3.166761955329320255e-01
-7.709093344173110207e-01
-4.428061494019857047e-01
-1.753936896822774205e-01
-9.104841873889276682e-01
8.690305672365384870e-01
-6.808659417119309332e-01
-5.918707480726146386e-01
-5.393881501203972029e-01
-6.832233171573540709e-01
-9.190520859020312461e-01
-3.594842375768676490e-01
7.249321969937747578e-01
-4.103519966387494389e-01
1.522525619513507844e-01
-6.568156282598396345e-01
-1.136708307841189924e-01
3.361333234566514228e-01
-7.581649916133575973e-01
-9.592278927759051443e-01
-1.253032963714984238e-01
2.950522402450942439e-01
2.023931603666082601e-01
1.761536292330140308e-01
-1.346963962495664746e-01
3.146906355678228961e-01
1.000000000000000000e+00
8.628824567424551173e-01
9.553600010139062793e-01
-7.729860344399108740e-01
2.759463456625197431e-01
-1.504819633215308261e-01
4.567134347930514870e-01
1.000000000000000000e+00
4.804318219899842424e-01
7.484373094411007621e-01
-6.140701949316395014e-01
-7.522864111956982514e-02
3.304075934945189807e-01
5.957326442641490694e-01
-1.635916085681949350e-01
2.381932543139585190e-02
-9.348636702435300094e-01
5.101301261243603724e-01
3.396828760673735736e-01
1.000000000000000000e+00
2.932165041936614092e-01
-2.225197404393903788e-01
-7.942178504206263978e-02
-3.794626612513167796e-01
-1.000000000000000000e+00
-4.938705985976258317e-01
-7.847892617561373907e-01
4.748608189482684261e-01
7.980539178704240122e-01
7.605716259679233815e-01
3.453531327311003263e-02
4.391994343219438046e-01
6.378312836841049105e-01
1.000000000000000000e+00
-3.737669915886839833e-01
-1.089205759026488640e-01
9.269540179383473077e-01
3.194225387501011815e-01
5.253308525025905951e-01
-3.595897524911308429e-01
5.429299942194508732e-01
1.376416945985366458e-01
4.962261520484472777e-01
8.773051662937128015e-01
7.067456068949952153e-01
5.585504472715501212e-01
-1.942844222380609442e-01
-2.871977440068258086e-02
3.478166977487393563e-01
1.934995101868059175e-01
7.500154059358065117e-01
-3.813057573906215580e-01
-4.887056091099695188e-02
-1.719596789210152687e-01
-6.026997014864259317e-01
4.488113787481367023e-01
-1.165977398372879947e-01
-1.488196030422591354e-01
2.286203508549001784e-01
-4.945920757290568903e-01
-1.694306491161159389e-01
3.895387953726610619e-01
-5.529429869824959987e-01
-7.324791255544651492e-01
-1.000000000000000000e+00
1.743870511034677495e-01
-7.713880777333692595e-01
-1.387411709220806588e-01
3.807480729779713080e-01
-1.000000000000000000e+00
2.079438392935339941e-01
-5.057620974680181458e-01
4.016179278540745745e-01
9.431590004159252638e-01
-7.618749864911578129e-02
-5.161511055787681990e-02
-9.767967902129646163e-01
5.750238315984836923e-01
7.890451690918082184e-01
3.851894784608168587e-01
5.673724896112102289e-01
9.515479080504509746e-01
-7.827157751568465383e-01
2.638895493668543812e-01
6.090070912991585317e-01
5.967955852382305082e-01
-4.012169369536587871e-01
-2.050507788752098381e-01
-4.527553805710993196e-01
-7.583178957758975880e-01
6.643232652420514306e-01
5.337767028023914229e-01
2.849670526589791475e-01
7.684324073098451890e-01
2.016687380106185756e-03
4.222262276497308342e-01
-5.997322008564158757e-01
2.057759628685298936e-01
1.794468048977385655e-01
6.771129705268568166e-01
-2.181778653351473807e-02
6.565201174005985685e-02
-4.438667269659233305e-01
-8.961063827294291073e-01
1.188033660391745183e-01
9.525568918504974114e-01
9.202205564357041068e-01
6.074759468593349254e-01
6.350827175798682278e-01
4.669377509459728959e-01
3.290512469840463083e-01
8.129322363662513373e-01
-4.017663960187123351e-01
1.394262033900468545e-01
-9.480669288706178310e-01
-9.044918322916879472e-01
-3.933782601666364620e-01
8.765411019957312089e-01
-8.415483146102099576e-01
-6.024813929436834137e-01
-7.705140656756874762e-01
-6.703140917596230874e-01
9.303334095143902527e-01
-4.325013952512957172e-01
5.676065059959015668e-01
