5.086139942349345022e-02
2.189185403085602277e-01
1.814196062629662431e-01
-6.511998437833038667e-02
-5.007977363776197066e-01
3.705799916774201175e-01
2.519892696793197828e-01
2.530975705917812846e-01
6.277451556527626764e-01
-5.412432623127445552e-01
1.318952380730995522e-01
9.685723187012408586e-02
3.045788246539220534e-01
3.559105756417676458e-01
-3.304919643385118566e-01
2.502626591678044909e-01
1.275060536862464844e-01
-1.131958504012791911e-01
4.825801397594080000e-01
5.292715191410975878e-02
3.494888153279025050e-02
-2.696930825093854511e-01
-1.508830846350418531e-01
1.529357345406908431e-01
-4.048733226115000527e-01
3.238254376883583086e-01
-2.726647116995074005e-01
3.995306719726929856e-01
-3.354038680930789273e-01
-3.718344634000544935e-01
1.693162644790335569e-01
2.366320249775586415e-01
-9.406517173001971432e-02
-2.556008702456407100e-01
3.386450752907945727e-01
-1.680778519973410989e-01
-4.429278492294524971e-01
3.045555814012096407e-01
-6.257824299220246522e-02
3.377392816507734374e-01
-4.666495244106900753e-01
1.095584955952547401e-01
-7.679672454474133214e-02
-1.454003048578089707e-01
1.333916017046445912e-01
-9.995502368527055259e-02
-9.890767174739518997e-02
2.794519110128045325e-01
2.674685836009187412e-01
-3.902483665491216502e-01
2.358892534138042410e-02
3.047915646870812956e-01
-7.012728137071009282e-01
-6.615883900940344731e-02
-4.246791337686385281e-01
2.126553293040221448e-01
4.038607547365821171e-01
6.106394367198528794e-01
-2.134855082288115435e-01
-3.572052885709373626e-01
-5.250802786540671729e-02
1.055983398348152857e-01
-4.005957204905740143e-01
1.278156292783640402e-01
-7.055525245838832893e-01
1.592507789124515405e-01
-3.814324569582452223e-02
-1.687067694655439432e-01
6.677774293202249911e-01
-1.347803677312267856e-01
8.319734673624558374e-02
1.145457786642844200e-01
3.099411489417429610e-01
2.970485330509388122e-01
-9.000141736669151071e-02
-2.989882773538641292e-01
4.737298474532924963e-01
2.891444412724845092e-01
-4.343564919018280679e-01
-5.291416042116110496e-01
-2.093437201616995744e-02
-1.296040300917980226e-01
-3.693762188555059223e-01
-2.899299154640141429e-01
1.836326694881919575e-01
-3.989897512548760128e-01
3.117549014752734604e-01
7.139881635560317574e-02
1.577400407841197949e-01
2.440860477300119957e-01
2.666316809697765744e-01
-5.993865311626307424e-01
-2.624502475319016592e-01
3.015104752993327253e-01
3.704567860389228473e-01
2.552689325832281364e-01
-5.206678095122940775e-01
-4.869464729920850998e-01
-3.041697572397260574e-01
7.019436761121869428e-02
1.401988489952294692e-01
1.209535401483912212e-02
-4.447446896315640497e-01
-2.435552410580475724e-01
4.178585498383529176e-04
-7.042797153310370595e-02
1.058412765097818536e-01
2.764265734387175155e-01
2.089787210198477130e-01
1.868039536932711575e-01
7.784258135294686021e-02
-1.328156903403114597e-01
-3.902446404708677652e-01
1.777208921194459446e-01
-1.380347130280750248e-03
-7.052061609983333312e-01
-2.375957615646416277e-01
3.875195051863923323e-01
-3.999907832335392599e-01
3.201527349070065198e-01
1.481680181610322278e-01
8.124589456612835159e-02
-6.281182889686353077e-01
-3.225389427195110015e-01
5.429056109260951279e-01
5.134989259107045623e-01
8.648989269290745241e-04
-5.891564037692995637e-01
2.917462373901693606e-01
1.237810886766357171e-01
-4.245326961125932969e-02
-6.215670273826185976e-01
1.917152910522196552e-01
1.402997950747519595e-01
1.965332402794315453e-02
1.368120124152006345e-01
-5.981065996190397527e-02
-2.772454978620002009e-01
1.417899868899631100e-01
1.293999780588012405e-01
1.340930236563904476e-01
1.741015677991744337e-01
-3.119635605879259588e-01
5.837868979637164113e-01
3.153056679214657487e-01
-2.292205645289668858e-01
-3.524576362430668075e-01
4.364229400310462581e-01
4.640108600785681769e-01
-2.628407237295149468e-01
3.072814566495846167e-01
1.978219488843132312e-01
1.991225045386028555e-02
1.298650132578778038e-01
2.930387091169897595e-01
-3.007630726072382799e-01
1.084327471118450709e-01
4.163946028182773929e-01
-1.539987311747381127e-01
2.662581734988211934e-02
-2.306642975700906595e-01
2.222719075325163829e-01
5.346396096901750300e-02
-2.661677347320986486e-01
4.043146295648688548e-01
3.041252407145355052e-01
-4.716280015088938904e-02
-3.125534026418966271e-01
-1.815355906725286961e-01
-6.035059442899667892e-02
-3.614879925482416545e-01
-5.421681562102367846e-02
2.416742939884101160e-01
1.703611787778272213e-01
1.229342867736629985e-01
-1.786570489051549637e-01
-2.366270448848925290e-01
2.175139084251270505e-01
-1.748732493305956703e-01
1.076878487685529323e-01
-5.684546257834816041e-01
-5.281086748321490720e-01
-4.699434313765715188e-01
4.887688887397859810e-02
-2.488059636131998431e-01
4.430409654957314647e-01
6.693941022924021489e-01
-2.150561687402051947e-01
2.419000957655142725e-01
2.697464651523045487e-01
1.619144055867614562e-01
1.672709569393796003e-02
2.354340278507753570e-01
1.018201560700710273e-01
7.876732822753584884e-02
2.427132935432085165e-02
1.445850766301438328e-01
2.167217055116119340e-01
-4.715644335428645535e-03
-1.495768518859028617e-01
8.960013692385915274e-02
-5.247556240862729648e-01
-3.982670635803662873e-01
-1.812620039783625625e-01
-3.373586746396361469e-01
2.965820115256547207e-01
-1.042458162689046813e-01
8.962735106642048810e-02
-6.083752168882093914e-01
3.025496290014119127e-01
9.391752534755237747e-02
-1.951757273575084051e-01
-1.108729620848816627e-01
2.237534561261235733e-01
5.587498123288721086e-01
-1.255797523136753802e-01
2.860488451059657322e-01
-1.416471982962198006e-01
-4.809488436100172737e-01
4.143255199085856266e-01
2.116069356887022301e-01
3.225161779163630144e-02
4.549852407660033848e-01
-4.903857635215304045e-01
-5.519871448692607874e-02
-3.680433696862605020e-01
3.536021454460263613e-01
-2.630043642236453705e-01
-4.155581999852083208e-01
-3.647551379177917386e-01
-1.323628267755801446e-01
-5.387344735243332350e-01
-3.229163197687027753e-01
-4.717026257209863682e-01
-3.668350079429613664e-01
3.376073792283744712e-01
-4.913216022735403810e-01
1.199399172154509696e-01
-1.196275451144765550e-01
-2.400583907332092259e-01
-5.839452438285130942e-01
-4.057387395522139006e-01
5.275324534185760889e-02
9.069543449128020240e-02
1.853417095358733391e-01
-6.764334379969473288e-01
-9.698394837058144091e-02
1.704139191129559749e-01
6.066185058132379515e-01
4.167916635487793897e-01
-2.494369862284065709e-01
-4.283185470862431177e-01
-1.430767007647159306e-01
2.138293504543987145e-01
-5.322353342799032161e-01
-6.443869518147606890e-01
1.485673339300518092e-01
1.882761775254523373e-01
9.864887494851920513e-02
-2.829177953312454474e-01
-1.223421955772257125e-01
-3.560502936785795575e-02
2.072255040556972017e-01
1.515859969735508794e-01
-2.738634358613548647e-01
