-4.169715912642740774e-02
6.967955754224293141e-01
4.042814220188100105e-01
9.927842050208154911e-02
4.724715018871766814e-01
-1.721120918926485610e-01
-9.459043646342386591e-01
5.448752050090636123e-01
6.727055942785452602e-01
6.038669107302238048e-01
5.407811443949351871e-01
-2.190187934901246247e-01
-9.487169391533565310e-01
-8.030411227678259378e-02
3.924776242146001959e-01
-4.244328104190263629e-01
-2.647324917127671373e-01
7.348791763099388197e-01
-8.685189897821629090e-01
5.067607666118759679e-01
9.808714031973421177e-01
-3.392545596612574210e-02
6.703959997138294602e-01
-8.160461120089760323e-01
-5.845537772676557414e-02
9.100478485459914113e-01
-5.907698247747233955e-01
3.586319348135300622e-01
1.957779545392572262e-01
-7.202477809525444918e-01
-7.335903823727689677e-01
8.347621322141575428e-02
-2.086413467616092532e-01
1.000000000000000000e+00
3.663406630594220892e-01
3.177231493399843010e-01
-7.271192202915988112e-01
-6.231913464718096263e-01
2.608252056276241237e-01
-5.391722903237476938e-01
9.505365235669092083e-01
9.276485374544973794e-01
-3.790773320329648421e-01
3.669461231053599559e-01
-2.381846587892207934e-01
-9.760513652480669045e-01
4.723762202922355824e-01
1.771328165467447868e-02
7.985188029559715517e-01
-6.491746850783315370e-01
3.354943052075338716e-01
-4.960496074658974908e-01
-1.625328817101843182e-01
6.542145047131937563e-01
4.031655996450480561e-01
2.869011583241486418e-01
1.000000000000000000e+00
-1.273776582376597022e-01
-8.385694077910967881e-01
7.970476953308518464e-01
-2.606583813845799735e-01
-4.132218166981269092e-02
-2.011892309315349570e-01
1.671631795808427579e-01
-1.000000000000000000e+00
-3.281486670387988025e-01
-3.218641156905883705e-01
6.796989690655085292e-01
-3.846051265842638234e-01
8.019346178316073548e-01
-3.725910603842930713e-01
8.635485507311218001e-01
-3.715592707420753427e-01
8.210900550394437669e-01
1.000000000000000000e+00
7.626302329160578042e-02
4.017957806727081582e-01
1.987057200392778888e-01
2.501258106869060360e-01
3.063450245950958828e-01
2.333922856438177262e-01
-4.864232239158470250e-01
-8.368043319800855251e-01
1.582042738229607615e-01
-6.510317160284483373e-01
5.722035715614077755e-01
3.280587353784196747e-01
-4.905695697869548177e-01
-5.455668754842681878e-01
1.000000000000000000e+00
6.159158157372603970e-01
5.694882973306516494e-01
8.891437994131503597e-01
9.477948141583560082e-02
-4.712471942040316608e-01
9.441910178776894425e-01
-5.988341399367134166e-01
6.995243510902947603e-01
-4.649574526540223296e-01
-4.527679423450857166e-01
3.962446044231866527e-01
-7.446035181973300610e-01
8.538669822890579963e-01
2.937690513140368553e-01
1.857047055163480731e-01
4.432853709377686524e-01
-1.572768374196587687e-02
4.289048679424004029e-01
4.194271393203664045e-01
1.456777444806109101e-01
-9.221438222355955450e-01
-1.000000000000000000e+00
-3.134595582289430582e-01
-8.271844106258925411e-01
-6.195248930960000067e-01
-1.686334771789665121e-01
2.592768194584596508e-01
-6.802493689961838785e-02
4.552610768603858049e-01
-4.395186762461338326e-01
-5.604859862703773787e-01
2.553596626073127984e-01
-4.479819339440152537e-02
-9.519397305485313154e-01
1.951070285178219677e-01
-2.785796338643740100e-01
-4.173279078269576114e-02
-1.094343346867003852e-01
7.968787307467196657e-01
1.247385627378194972e-01
-5.287512188059650953e-02
2.668149010690051837e-01
7.275235755215744282e-01
9.980899872912988302e-01
-4.161391228020998589e-01
2.917224460472200853e-01
-9.661746914577478140e-01
-8.955804443595531961e-01
6.506281599147321071e-01
-3.723495383597401620e-01
2.924356230353459818e-01
-5.815293941617309947e-01
-7.948806127269686383e-01
6.898253077998867111e-01
5.400459424175294565e-01
-5.819003906497121070e-01
-9.003513439447116684e-02
7.310456242007321581e-01
-7.040742588261752477e-01
-4.519794397092746774e-01
8.269460850011191022e-01
5.154966303965161645e-01
2.328106686394119107e-01
1.000000000000000000e+00
2.064783973841678721e-01
-8.293743609454239385e-01
1.386798593592565854e-01
2.979078067814991959e-01
-8.440870450500015387e-01
-5.261432173545954605e-01
-3.369589631442850841e-01
-5.436403139326055900e-01
8.590709645895596713e-01
-1.317525484187657692e-01
5.853533434187592199e-01
-4.477820950634520680e-01
7.320510562991758285e-02
-7.844933278797477927e-01
-4.241226799470527720e-01
-5.128381308933529503e-01
-3.224971693412826412e-01
2.799757272458530122e-01
5.793548229435866448e-01
6.484084326809431698e-01
-3.810274257539112419e-01
-6.191487603751112401e-01
3.880302627144070482e-01
-9.853039045942918461e-02
-1.000000000000000000e+00
-1.237864212080611037e-02
-4.060981955276689592e-01
3.054965987930886029e-01
-1.000000000000000000e+00
-5.845574613551847154e-01
-6.046113675544291244e-01
-5.782281347245502579e-01
8.104741491515213836e-01
-5.561424732596842446e-01
6.799039633535944871e-01
-1.000000000000000000e+00
2.139998186910296030e-01
-5.669343660983992006e-01
-1.040967437706268595e-01
2.286702947899456884e-01
9.512176351853304235e-01
6.892622072878415995e-01
3.250307073832650606e-01
-1.363079774928302179e-01
-1.133705415744953732e-01
6.239538185273260096e-01
-8.390980415243051160e-01
-7.080900984953698574e-01
7.212562835420259777e-01
-1.465963943843585082e-01
-2.417110327653797797e-01
-5.224858028648609043e-01
-2.093089511134926251e-01
1.701627001558435881e-01
-9.821238562135464756e-02
-3.741383294321874997e-01
-1.000000000000000000e+00
4.899045138421717072e-01
-2.709594309331168072e-01
-1.751288306757614599e-01
4.609465557331514363e-02
-9.416104085727623474e-01
-6.069678252913990324e-01
2.834918194771531286e-01
1.378318492352766933e-01
4.752101304298724793e-01
-2.007354362874695652e-01
3.250952311608727996e-01
2.966507863015252489e-01
9.956849207831257598e-01
-8.283543658764216389e-01
-8.813690527445943168e-01
6.912866563308841528e-01
6.912099639302107246e-01
-8.129851994348824551e-02
1.070615726965948034e-01
1.898331033392014477e-01
-7.526079796760434260e-01
-8.669324904816624877e-02
9.159326175610582599e-01
6.561680667769409503e-02
1.000000000000000000e+00
-9.769958842791850451e-01
2.634258289846849732e-01
1.542204557515446661e-01
-3.745395951041460836e-02
2.625321807201115298e-01
-3.531884176839237832e-01
-3.573632555610652961e-01
-9.872200644492601374e-02
-5.906004033512732843e-01
-5.544054605730417418e-01
2.546596038654526661e-01
6.798145340232665257e-01
-5.849240066743848221e-01
-5.579987600243616758e-02
4.595887786270309583e-01
-4.454896535450606487e-01
-4.832842904530719741e-01
1.000000000000000000e+00
-9.896843519105787135e-02
-2.040739495517516489e-01
4.811703184610404138e-01
-6.918803349960546134e-01
4.047887728137477548e-01
-7.118216583813660736e-03
-3.354355997169238268e-01
-9.599742911592246131e-02
2.808317319775197052e-01
3.691348690992244386e-01
3.106509436473207653e-01
