-5.473150896489855644e-01
1.701814647244062617e-01
-8.078417524032024399e-01
-3.923068142587713414e-01
9.283065460152388759e-01
8.151141028356964080e-01
8.301028875713301058e-01
6.134019717883310019e-01
9.242606329041197499e-01
-6.861798451260059384e-01
-6.287069476717855876e-01
-3.749760582825772959e-01
7.514669966954778957e-01
1.000000000000000000e+00
-3.269292708551891913e-01
1.754853173783862963e-01
-4.455525444162874993e-01
9.637435175680949540e-01
-5.878838154583680975e-01
1.000000000000000000e+00
-8.070334879095084624e-01
-2.377597318632218570e-02
9.262825555845712877e-01
-5.647652981086382917e-01
-2.845969579836972740e-01
9.113088670729080354e-02
-1.000414231179986291e-01
1.000000000000000000e+00
9.598048478050490440e-01
-3.652677341450384918e-01
-5.423915053216972204e-01
8.006769840025534934e-01
-9.351830565583691968e-01
-2.517219798886947274e-02
1.000000000000000000e+00
2.604613877684094359e-01
9.466697746710301953e-01
-1.000000000000000000e+00
-9.894310363885236992e-01
2.470112576602478682e-01
-9.662485415027809443e-01
5.398096715935357670e-01
-1.982882552642651897e-01
-8.106019887407361901e-01
1.426866416149275008e-01
-8.199434116236211656e-01
8.936249049944909595e-02
-4.361977149990339253e-01
-6.826541039171762915e-01
3.009247790469806727e-01
-2.517097639420100563e-01
3.803444299218769475e-01
-1.658587510692408062e-01
-5.782084312205396648e-01
5.735180586219357224e-06
3.610818102204088054e-01
-2.457756201461272494e-02
-6.073933947645625553e-01
-4.102803362602529536e-01
1.626837375946942055e-02
5.757493987168592620e-01
4.926934632134849501e-01
-3.936755465583685609e-01
7.673681077392514593e-01
3.025351534057517666e-01
6.046377399575341149e-01
-9.028525964302223095e-01
-5.155273423767070540e-02
-5.328179015741170144e-01
-8.945136893219792773e-01
-9.711287182515226934e-01
-5.293157623299282744e-01
-3.143388875720587450e-02
-7.099041640231438244e-01
-8.879534023422522848e-01
-2.021944056070765772e-01
4.725869189980338447e-01
-7.581046287703456787e-01
-1.638838310593231373e-01
-5.959731308119714521e-01
1.494775950268115716e-01
7.950760345371196136e-01
-2.186261232286823564e-01
-3.535034386141831103e-02
-8.367756954974066019e-01
4.556686696159399919e-01
2.716028973819634151e-01
7.988047093769234941e-01
5.158421542041952135e-01
-1.000000000000000000e+00
4.258985585858325318e-01
-5.054339556345248674e-01
6.127511630272027832e-01
-5.265883581507012634e-01
9.619627705541363705e-01
1.000000000000000000e+00
1.366535143337297420e-01
5.355551677265724120e-01
-1.000000000000000000e+00
-9.752129889027022491e-01
9.939159251537186268e-01
3.051068160912946414e-01
-1.943670851378805631e-01
5.905382801499396983e-01
6.028955559051727420e-01
-8.556598523939091816e-01
-4.765277817919345016e-01
2.619034609920115053e-01
-4.403807330980273882e-01
-1.555323260273423214e-01
3.454024894924379030e-01
6.987406576830205163e-01
7.596222412882385200e-01
1.000000000000000000e+00
-2.599577378672967010e-01
8.411859632420269905e-01
-7.505937588036387664e-01
8.685117330401928015e-01
5.433488227769247558e-01
-8.603841837918002611e-01
-1.000000000000000000e+00
3.918896358724546780e-02
-9.162119814641118687e-01
-3.198643301871341715e-01
1.592344960882379479e-01
-2.748831800574770834e-01
-1.633872678922534405e-01
5.264135057299139664e-01
-1.301148736300926645e-01
8.968898129949376408e-01
3.167000804175347795e-01
-3.815180610406589956e-01
-5.396359278663344083e-01
5.095926463813449381e-02
6.334221793257969191e-01
4.703887284913434441e-01
-4.065469453377850706e-01
7.630310353274832869e-01
8.475938639863267454e-01
-8.792634546902966530e-01
9.788866750295476260e-01
-3.131184818715506135e-01
-6.774154133605543304e-01
1.000000000000000000e+00
7.311640679737018145e-01
4.189143562612780425e-01
2.580256826607922327e-01
-4.619187767534013722e-01
7.735796602868757477e-01
-8.941690754085862558e-01
-2.877534684521464436e-01
-2.137239031573059944e-01
1.000000000000000000e+00
7.640349554827227108e-01
3.095777449873345910e-01
-4.724594278473295272e-01
7.712501044082956669e-01
-9.241558318228997315e-01
-8.043187967825160545e-01
6.261670060973941743e-01
-1.027235762606283492e-01
6.626379444388177387e-01
7.814543805184451797e-01
9.198476947477065568e-01
5.205063035090780055e-01
2.231121807807334156e-01
-1.000000000000000000e+00
2.042957338114903265e-01
-5.666915587446812452e-01
5.483860492716348123e-01
-5.001351284832069588e-01
1.037106582414237810e-02
-5.063557713499068358e-01
-4.720920952374266233e-01
-3.474496946902047578e-02
-9.752048502669794505e-01
6.721304658475625304e-01
6.468479755838395517e-01
-3.492478161312036478e-01
-7.611850678311642415e-01
9.930893000889332578e-01
1.207960917587935223e-01
-5.071968377761182367e-01
-2.230890713693219896e-01
5.850535751799259554e-01
7.985411683222502777e-02
-9.825696669362025126e-01
-5.181109100196814587e-01
1.867771458603610379e-01
8.020710774001654775e-01
-3.036614885399182562e-01
-6.976515704685748442e-01
3.693927317226987084e-01
7.663550043321536442e-01
-6.768062957433249593e-01
-2.111315511619975549e-01
-6.781720139576550288e-01
-4.095958051630461672e-01
6.064712473224914691e-01
7.030611931888732791e-01
-9.832697228100664155e-01
8.972230533645837447e-01
-1.000000000000000000e+00
7.602050208368007489e-01
1.000000000000000000e+00
-9.181064403661706175e-01
9.555590761185059900e-01
-6.381951368953531212e-01
2.714919609731838435e-01
8.867720666496963222e-01
-1.927124436725881351e-01
-5.698092069879954202e-01
2.789583429798425662e-01
-8.483512732824893821e-01
8.219085199097013739e-01
4.360060234424020797e-01
1.000000000000000000e+00
-6.780704289275993890e-01
3.096799660622104877e-01
1.130541645286078228e-01
-5.202953565588630536e-01
-5.849559245068096658e-01
5.516142456986450338e-03
8.847507604422641947e-01
-6.522461608462977178e-01
3.521384675092017330e-02
2.524234270126152202e-02
8.891633246003490809e-01
-1.539662150066159751e-01
-7.446301222182448720e-01
3.796577748235914207e-01
7.129748806052050858e-01
8.110306520812915476e-01
6.860059416655917008e-01
6.569259525804871380e-01
-8.188911916304655314e-01
3.011209200161596433e-01
4.647367047785555538e-01
9.029641161884982559e-02
4.991632455859892348e-01
-1.552599030275951530e-01
1.000000000000000000e+00
1.000000000000000000e+00
5.686775933084678991e-01
-6.887052298375090365e-02
-9.093957852662024055e-02
9.786647876989207351e-01
-7.682605761121961141e-01
8.724989517222749846e-01
1.000000000000000000e+00
1.142123486703846280e-01
4.159865662487380322e-01
-2.622982919138238112e-01
-4.263501599476379744e-01
1.160958060229167199e-01
1.000000000000000000e+00
-2.271897880430389857e-02
-2.469006022901154562e-01
-8.389223360795904361e-01
5.576517475729645401e-01
8.101741494833194501e-01
-9.281143983527885277e-01
4.899975232119538338e-02
-5.864705026589723397e-02
-1.921953510539507748e-01
