-8.225536694643518221e-01
1.749287137901165134e-01
-7.654666272005374861e-01
-2.190992954057627562e-01
8.888084512095378864e-01
8.037664121753397284e-01
8.495573962162955572e-01
4.178491641401130829e-01
9.694799554467411484e-01
-1.000000000000000000e+00
-5.884564688642793806e-01
-2.745275551063705577e-01
9.555187300563251496e-01
1.000000000000000000e+00
-2.596335279771749827e-01
2.978112610927325377e-01
-7.598426298731491002e-01
7.289188142963157757e-01
-3.160498700938026428e-01
9.051508235833695126e-01
-7.830644485061725169e-01
1.867926210909220397e-01
1.000000000000000000e+00
-7.912104120206513436e-01
-2.466292850479215593e-01
3.230187331374759774e-01
-1.712132254149566213e-01
9.051775739384836372e-01
4.738826343564741528e-01
-3.025871492857422074e-01
-4.887036053923616286e-01
9.325526076976446976e-01
-9.351830565583691968e-01
-4.655155255776935452e-02
7.885348286862564615e-01
3.625719305111090029e-02
9.753271088194256366e-01
-9.356028322226674909e-01
-8.381269521940969414e-01
-7.487083651541361073e-02
-9.729267152247926820e-01
8.199388401200056187e-01
-5.081759818529630462e-02
-7.414587846862564779e-01
1.550508654414386178e-01
-7.958767547884300075e-01
1.333750708181122013e-01
-7.153424559399124139e-02
-6.605770643931039299e-01
2.030520936157609035e-01
3.281535373508362441e-01
3.473171761966079019e-01
-1.014194035824358825e-01
-4.301660339786184117e-01
1.832885128204690336e-02
3.154154886615415099e-01
1.428593069111281366e-01
-6.333831252919184251e-01
-2.774209510462798400e-01
5.791751958841892534e-02
6.008011613721310207e-01
4.926934632134849501e-01
-4.429261767017310669e-01
7.960591526228798509e-01
2.960731659904344282e-01
6.459555038663251647e-01
-9.265471287088690167e-01
-5.463812422283915310e-02
-4.479884213718233754e-01
-9.247003722096935885e-01
-1.000000000000000000e+00
-5.884900542280677715e-01
9.424784201401376765e-03
-4.240737870767883333e-01
-9.522088749429571397e-01
-1.740847595492163447e-01
5.789493087960584372e-01
-7.711840240655464251e-01
-8.991808963242824138e-02
-6.278071192823232449e-01
1.494775950268115716e-01
6.870329680541567008e-01
-1.803845116586744179e-01
9.073100985288058695e-02
-8.929790225602827203e-01
6.006794611153868368e-01
2.001269667987843337e-01
7.507631732466276686e-01
5.454707566476779679e-01
-1.000000000000000000e+00
5.678179842983849257e-01
-5.645369954806438439e-01
5.612520786386667737e-01
-5.031475239106485420e-01
1.000000000000000000e+00
8.860239265912405182e-01
5.856678785530428782e-02
4.657136830442998865e-01
-1.000000000000000000e+00
-9.647430543002517567e-01
9.165241736504956549e-01
4.927378186881842259e-01
-9.695514994477430482e-02
5.804223849296534787e-01
3.527638351588232024e-01
-9.766753535298627886e-01
-4.429038706131655512e-01
1.873284787569302542e-02
-4.178689479497535442e-01
-1.316816000503722162e-01
4.480854852422828105e-01
7.801616467781113951e-01
4.392684395321754809e-01
8.912006266536435239e-01
-5.991398440283156324e-02
8.902878733013132040e-01
-5.409900086141589126e-01
9.794509913785844901e-01
6.291291249169741473e-01
-9.839027773976707358e-01
-9.067072668992270934e-01
3.761909600825381617e-01
-9.748139820694943225e-01
-6.270344692619854721e-01
1.955809873022702483e-01
-3.097116532879657935e-01
-2.730061631029946367e-01
4.238676964111107726e-01
-8.279123546980327042e-02
8.968898129949376408e-01
3.043275455765003246e-01
-4.019867151532491856e-01
-5.724677324616548324e-01
3.767874740495839869e-02
6.837913771479839919e-01
4.995890212373454986e-01
-4.184773583222255455e-01
4.340266233675181273e-01
8.863366056299044615e-01
-9.000926621329968791e-01
1.000000000000000000e+00
-4.896649878750698459e-01
-8.661450655308424729e-01
1.000000000000000000e+00
4.722743439900677354e-01
2.866160147509396738e-01
2.476223037996137244e-01
-4.745446483608679045e-01
8.062576671722556654e-01
-8.463270652624190760e-01
-4.517930435078900686e-01
-3.951538585849953544e-02
9.983053009770515018e-01
5.514222793226257746e-01
3.240208361276767923e-01
-2.527845002816760389e-01
1.000000000000000000e+00
-1.000000000000000000e+00
-8.096849417475563415e-01
5.391695241139948802e-01
-2.458056856968449388e-01
6.162538269570734251e-01
5.592554132446831971e-01
1.000000000000000000e+00
3.762297213375500049e-01
3.658759217547921105e-01
-7.817738401776520574e-01
1.410432025116588328e-01
-5.516531643340796265e-01
7.125313090271540029e-01
-5.001351284832069588e-01
-2.542172430136679373e-01
-3.458458058699979132e-01
-4.754842383033552888e-01
-1.917750727243213715e-01
-6.705809191862145413e-01
6.566836878371763442e-01
5.597915972468660017e-01
-3.514778773173649618e-01
-5.098672984796531749e-01
1.000000000000000000e+00
6.832150329967184854e-02
-6.045794513572538831e-01
-1.941091413843658853e-01
6.949131131830310615e-01
4.532260600843553144e-02
-9.618670553979935534e-01
-6.515712821771556529e-01
2.078902856509234343e-01
9.656217366597938945e-01
-3.726987192958974293e-01
-6.744451183481655621e-01
2.005419557180323498e-01
6.917252067481083344e-01
-6.463141228553574980e-01
-2.912293688610798070e-01
-6.830170158758883669e-01
-3.136989841539122859e-01
6.587166145877085821e-01
7.456103968910403612e-01
-9.455695165207554931e-01
9.544220576175642679e-01
-9.741885174493490895e-01
7.150098983140191766e-01
9.430261167793645427e-01
-9.845540806010657509e-01
9.954925448652355291e-01
-7.340092263687881813e-01
2.084737686903146980e-01
8.979291920796487192e-01
-9.702786474302335651e-02
-6.790262840162879510e-01
2.687130060016413857e-01
-1.000000000000000000e+00
7.121869623574527131e-01
4.823136471321075591e-01
1.000000000000000000e+00
-8.190708596016373910e-01
3.096799660622104877e-01
2.644236512162747021e-01
-3.375977485467525074e-01
-5.729144097168873406e-01
1.409541066955872224e-01
9.290844015058496996e-01
-7.201358436152974773e-01
1.312406290731510383e-01
-7.017805971321913749e-02
1.000000000000000000e+00
-1.566597732786406127e-01
-6.831046963818265816e-01
4.075776436954337556e-01
6.491169676030226210e-01
8.229291533831891714e-01
6.473806810688298441e-01
7.161441231739333890e-01
-8.514456291403404986e-01
2.613493371450880676e-01
5.438156147858277389e-01
1.293230599086183097e-01
6.217919170858888789e-01
-1.417979866165704206e-01
9.853777857012795405e-01
9.585887099126726429e-01
8.137467812469713069e-01
-9.589359926435050974e-02
-6.794096109486461033e-02
1.000000000000000000e+00
-6.965463713015256353e-01
8.880884874976879839e-01
9.093062147290782438e-01
-7.491822943981145400e-02
3.708951643103171603e-01
-3.990811805091660780e-01
-4.833988850038575258e-01
2.754855222535733672e-01
9.221806161998369333e-01
-1.224067508790906561e-01
-2.222252296554889373e-01
-8.824605561802386644e-01
4.538566907406875739e-01
8.639121264306486303e-01
-8.978023849255778455e-01
2.454879120703301887e-01
-1.154124701630621086e-02
-2.136541371351592944e-01
