-9.747839845794306068e-01
-7.578127117437010174e-01
-2.908833554335334970e-01
8.977759197628943921e-01
-6.217121493859504439e-02
-9.903891426953114197e-01
-7.198803159592704892e-01
-5.072983019602930188e-01
-9.012812110111587671e-01
-4.268241383032852498e-01
-3.302285282107884079e-01
5.684619676251598808e-01
-5.598945420008670792e-01
-5.304128079422248954e-01
7.028851604398955732e-01
-8.263966705394376611e-01
-6.401252173244569299e-01
-7.999978208217786158e-01
8.312026344979308590e-01
-2.327823241954171674e-03
-7.453873007471123469e-01
-1.956163318485285296e-01
-4.487671757492066038e-01
-3.436914453395448904e-02
6.143450314178958704e-01
-8.814680500703525601e-01
4.532185471067550764e-01
-6.561750677638462648e-01
-5.650566748176134579e-01
9.749619581871581397e-01
-8.411770845430648347e-01
-7.106189532498857764e-01
4.877947971368116198e-01
-8.806608827661648320e-01
9.862458046835227421e-01
-4.097319993262147353e-01
8.354849854967806300e-01
-4.830694907026905072e-01
-8.598334029310261695e-01
4.251779213938977620e-02
3.587351560297735026e-02
-3.967332035719084438e-02
-5.749033407530821371e-01
-3.678033584327412564e-01
-3.675561069037468903e-02
4.337571828207505420e-01
1.000000000000000000e+00
3.962041058348492739e-01
4.897017529192111973e-01
9.802948520875267580e-01
1.261605148187578129e-01
-1.262021953011764341e-01
9.304720968622623989e-01
9.713780907797541220e-01
2.235308576525467106e-01
3.783066579339766644e-01
1.244698086460396258e-01
7.014902107258650377e-01
7.760613779165848047e-01
-5.328184680853893518e-01
3.225554464543617383e-01
1.835158032542879014e-01
-7.669283127403732081e-01
6.281049592292212713e-01
2.637514005043940513e-01
-3.640613063973591745e-01
9.483257875834418815e-01
9.994080143809269678e-01
9.845589000501800067e-03
-2.465095826191829320e-01
-6.841557256074871640e-01
4.878032524833890160e-01
-2.909790064039752266e-01
-9.204059311271181598e-02
-9.748610822705079393e-01
2.028073597773695225e-01
-1.000000000000000000e+00
-2.372735782047114828e-01
-9.411381202800068735e-01
-4.538163962261860251e-01
-7.171180465971194185e-01
1.096508529504105905e-01
6.049824099406519995e-01
1.314818859928965633e-01
-1.000000000000000000e+00
-2.655964292172172669e-01
4.218399860171304083e-01
-4.636533414948428300e-01
3.299691621226193416e-01
-4.822852503375056332e-01
4.328184189706011376e-01
-4.967562483730892930e-01
4.165310091935894299e-01
-8.966676578479675364e-01
8.691112691096361531e-02
-1.404943471754367401e-01
-7.710154657192441752e-01
8.406366161166216600e-01
-8.476204529524641318e-01
-9.816057905151230889e-01
-9.505442686248861683e-01
9.608042350020203903e-01
-8.818300255626180251e-01
-4.677539881668463795e-01
5.609643473886075649e-01
-7.749615985223494707e-01
5.162965336446122544e-01
-3.575048197319639631e-01
-6.609107452590404774e-01
-9.790863764208657116e-01
4.759595773189774226e-01
-9.941795227110080679e-01
4.679533088195549917e-01
-2.577600120256544614e-01
3.034288329112246330e-01
-4.796839222836015160e-01
-6.023038771427989824e-01
-7.301994448887511036e-01
1.519947665298670807e-02
-7.792519258047513331e-01
4.851701117792868723e-01
-4.114577788801098701e-01
-7.674433689373949541e-01
-4.737060130082445530e-01
2.725252890198140432e-01
2.584157929365654693e-02
-6.284267523049751059e-02
-9.565792143501612443e-01
-5.394069596074620998e-01
-9.892235157910252985e-01
-3.920873705524932085e-01
-1.446655725031158191e-01
-2.179079162185047214e-01
7.401005058425176308e-01
7.723454401561198335e-01
-3.049709914435703648e-03
-3.180064429122012593e-01
7.516367031409875166e-01
-1.248494605262454593e-01
-6.269538660210741687e-01
1.036980681509155067e-01
6.463094466124019721e-01
-1.438040758813992070e-01
-3.452718744004397711e-01
-5.376905263200644214e-01
-7.972028353217537611e-02
-6.617746924483877136e-01
-9.853635728264098503e-01
-4.213302198672118637e-01
7.388065327360985313e-01
4.599904479586592876e-01
6.751514228051994637e-01
-7.863799709751028155e-01
7.441261947105796137e-01
-9.077157838086110653e-01
-4.218805221407796457e-01
6.268771090249566358e-01
2.148734684990949162e-01
-1.938318471326566095e-01
-8.229174593740837818e-01
2.245262880017719065e-01
-9.954328435740175118e-01
-7.068079505021817033e-01
-9.732390317202753716e-01
-1.359734349626094338e-02
6.490089246864715333e-01
1.973441584844980445e-01
1.000000000000000000e+00
2.991273867214850890e-01
-4.097037695875400121e-01
-5.401947267384021867e-01
1.967202818404959475e-01
-3.722873878275388404e-01
9.035437332985160053e-01
-2.042176089905966829e-01
5.308692983835568979e-01
9.534539204987121375e-01
8.482290401845662409e-01
-9.861263092170514666e-01
8.969637779183106119e-01
4.328118449921041222e-01
8.776375089925640971e-01
-4.213534523225582751e-01
-6.957608231920410224e-01
-2.311053800738892827e-01
7.750998613787536407e-01
-2.303836842184141254e-01
-9.934407159825086042e-01
-7.158726386896343552e-01
-3.049834496519457927e-01
-8.906855886845732595e-01
9.843780697439510341e-01
-1.261854097176630940e-01
9.104765796969617186e-01
-8.840545146098924278e-02
-4.669402917480554027e-01
6.483141888747749881e-01
-1.150217525020184040e-01
-2.596482292847263618e-01
5.720313796342505475e-01
5.907165196385357753e-01
9.240771712700587281e-01
-2.391105780448432583e-01
2.488278362609376293e-01
-3.767876297326350765e-01
-1.870989949588462153e-01
-1.000000000000000000e+00
9.973410463484712052e-01
-8.022791473544632623e-02
8.122737724888668964e-01
-4.115422543969656302e-03
1.620925150106896501e-02
9.744045780529190237e-01
9.900802942194770750e-01
-2.827444329258199662e-01
-5.930894248184609419e-01
-4.269594091945378422e-01
-9.835246245454321024e-01
1.000000000000000000e+00
4.473843018139293110e-02
3.708021873664199553e-01
-2.889861150165170534e-01
-2.391806071621251639e-01
-1.000000000000000000e+00
-1.106895331236722041e-01
-3.307825371891145450e-01
-6.970353123274505291e-01
-9.870218073441813234e-01
-1.000000000000000000e+00
9.107502304337177224e-01
-1.125549570939021748e-01
4.540471662910166017e-01
-9.948764106956927700e-01
-3.591948636114943028e-02
9.529428561490678184e-01
-3.429518506503474451e-01
4.506390472223068544e-01
7.498842089627983931e-01
5.780041045525822208e-01
9.580737706776351614e-02
1.934639852194968979e-01
9.242305704742841410e-01
-2.055040639216863252e-01
5.116482086754905456e-01
9.578022588117508507e-01
-4.471703058154310462e-01
4.230350124374412379e-01
-7.731832038698343013e-01
-4.383632577012949727e-01
-1.000000000000000000e+00
2.928638620220631594e-01
-7.148369810031387495e-01
-6.604050218439165842e-01
3.915501771249760288e-01
-1.435759949522847356e-01
5.396024145453383047e-01
-4.301676290299494831e-01
-7.226726310993247804e-01
2.643396899015891810e-01
5.980534686885317086e-01
4.111335754669651621e-01
1.087770211630828543e-01
-7.760847250956706134e-01
-1.725402994956322933e-01
-2.121701553669235255e-02
