2.707790352776755505e-01
-1.000000000000000000e+00
-1.678054923337690685e-01
-1.155251495555444929e-01
-1.947125388014940839e-01
-1.000000000000000000e+00
-1.925471952418713606e-01
-2.787282722563610982e-02
9.338024195648144676e-01
3.787697079762031294e-01
-8.005111599708858439e-01
7.453188322626156381e-01
-5.065016490087916878e-01
-6.337567338830890629e-01
8.082070967193630828e-01
9.580940559170201265e-01
2.330696687769262532e-01
-5.786517646605502385e-01
4.273184025531602259e-01
-8.751851399695587119e-02
2.630016635959875337e-01
-6.243907329143794094e-02
6.782606763151617368e-01
-1.000000000000000000e+00
-6.809256591477086396e-02
-1.000000000000000000e+00
5.082839886857382083e-01
1.000000000000000000e+00
-4.657711480240600554e-01
-5.582027656745767175e-01
-5.717581858211155943e-01
2.975007502691306982e-02
-1.000000000000000000e+00
-7.586308943065300792e-01
2.644092211932095315e-01
-9.649859699680116698e-01
9.427510752752716883e-01
7.199383100525635903e-02
-6.214701674647340468e-01
5.370061182642099640e-01
-4.627731882501502358e-01
1.150788960246042769e-01
5.769603898327813063e-01
-2.981255801557829432e-01
-2.193246151193395388e-01
6.726127469012965765e-01
1.000000000000000000e+00
-4.525580095776997602e-01
-1.417032351126717993e-02
5.685809393683052271e-01
-7.208354606268216891e-01
-6.023743314983585062e-01
-5.579533789719985926e-01
6.935311862842785668e-01
2.973952460649982310e-01
9.138490923276496591e-01
-7.481230578010544807e-01
-1.000000000000000000e+00
-5.966713584224547784e-01
-6.661577463702610391e-01
8.911151246195561093e-01
2.644917108818911622e-01
7.218785061044523665e-01
9.136716618213382990e-01
-4.230595257778682616e-01
1.239905266880170220e-01
-2.399510205780870375e-01
-7.841328703690129132e-01
4.854044578119671716e-01
6.871928642939184595e-01
-9.376496011020674093e-01
-3.229487802575841116e-01
5.040490692229695480e-01
-9.999686093518413976e-01
-8.692179213886130906e-01
2.899736524005847027e-01
6.336951645339170547e-01
-9.619509171337465858e-01
-7.210767491323494260e-01
8.402583160795980000e-01
-5.861272527640972729e-01
-1.309248618087537341e-01
1.722210946217523908e-01
7.613388548903128328e-01
1.140846028057760364e-01
9.937609615796368923e-01
-5.384262218664328525e-01
4.183751717809880422e-01
4.888817154734774739e-01
8.327736928683970863e-01
-9.903398858917735748e-01
7.966792953811840938e-01
3.068493469020683317e-01
-9.977976878066066035e-01
1.703698602078091984e-01
5.249065412390913066e-01
-7.952361814250148431e-01
8.753440949218845024e-02
1.000000000000000000e+00
7.452218235786516320e-01
-2.715335771005271681e-01
6.592738391180525959e-01
-6.056834616512760672e-01
-6.139340216568314190e-01
-1.293172046718571444e-02
1.519632439204106067e-01
8.969975651757826629e-01
-3.761327915644703257e-01
4.824398032488035337e-01
2.240451964128047369e-01
-6.991207346861365579e-01
-7.823630191217655350e-01
1.909286045044564784e-01
1.000000000000000000e+00
3.437343803751771176e-01
9.650682217351251868e-01
-3.012651892322824043e-01
5.776478135891844889e-01
-1.822120900394319509e-01
-7.160057069070953073e-01
-1.490705373394944910e-01
-9.358612914740118693e-01
-7.311520174128591787e-01
-3.739746642387721254e-01
3.222186457707689744e-01
2.386886240303400797e-01
-9.695297631203523281e-01
4.769303833234896928e-01
1.000000000000000000e+00
5.415031710466928772e-01
-6.777848733209483889e-01
-4.578049333080052019e-01
1.000000000000000000e+00
5.553885718405255911e-01
1.562842462166584845e-01
-6.929900749816879646e-01
-3.968232142061471901e-01
-9.927083494388130314e-01
3.917771939266450065e-01
-4.741288524895749257e-01
2.522188752340692730e-01
1.227071493448603778e-01
8.673038544122008142e-01
1.000000000000000000e+00
3.668781599981274510e-02
-4.040125112759294090e-01
2.888616446384671965e-01
-1.000000000000000000e+00
-5.065179944597772987e-01
-2.750281463583204022e-01
3.815333233397983914e-01
6.950673893799520497e-01
1.193175896694540494e-01
-7.178237119500607832e-03
7.946075147770779168e-01
1.000000000000000000e+00
5.454701977989282469e-01
-9.299312790886313795e-01
9.702592281178467060e-01
8.903564974083233441e-01
2.812466019160577702e-01
5.181434061635037391e-01
-8.555639750751360406e-01
3.412984819115829627e-01
-6.278390637010182740e-01
6.579385534981152528e-01
6.703152221876440553e-02
1.716834580308745917e-01
-7.607676967238474752e-02
-5.390712683236817959e-01
-2.050928859201049115e-01
1.000000000000000000e+00
-5.667837468555376734e-01
-1.549688849520842737e-01
5.896737611637976606e-01
-8.944453150475979442e-01
5.413597547516777464e-01
-5.874574895175811440e-01
-3.923910525156502072e-01
-6.352859983431349278e-01
6.795520695962742330e-02
-4.641709605088089052e-01
7.241534840213429414e-01
9.596242873578577637e-01
-2.142721094064481413e-02
-2.114393203053546166e-01
-8.653713281720354367e-01
-4.421498375844234996e-01
-7.034847213299006974e-01
4.948027619941759436e-01
-3.071747904226493908e-01
-6.690116978376803303e-01
-8.666143157039361000e-01
9.370085082835923895e-01
-2.962999115652382720e-01
6.664031720580994023e-01
5.561791993723488314e-01
-1.000000000000000000e+00
7.834905584204947537e-01
-8.955343570665501574e-01
5.101966409727576313e-02
3.545811019554365728e-01
-6.042946000866027401e-01
7.930862369063300665e-01
-8.678639289928271605e-01
-8.133406995866840905e-01
-6.805370739516558576e-01
-1.548061461760530388e-01
-1.799084871348066716e-01
-7.759828956296823677e-01
-9.825184646681279776e-01
-7.283533611856136680e-01
5.193948911226242693e-01
4.412782193265722963e-01
4.418963298077227542e-02
4.436042251894904420e-01
4.500196126035283517e-01
-1.026415248697551963e-01
1.000000000000000000e+00
1.000000000000000000e+00
-8.913668718205398633e-01
-8.333544815041504794e-01
9.626219039547037060e-01
-8.429014556314757822e-01
-5.987589230910193849e-02
6.018639687753088996e-01
6.928386124517378342e-01
3.901857579586562874e-01
9.939857661780457931e-01
-3.735321770561477184e-01
-1.000000000000000000e+00
6.318417342435853623e-01
1.000000000000000000e+00
1.000000000000000000e+00
6.666981228057471398e-01
8.141374589008388840e-01
-8.959211233640889116e-01
1.995372928655823053e-01
8.729969756370303813e-01
7.123246057765688644e-01
1.535727779234683510e-01
-2.994610470384829193e-01
1.000000000000000000e+00
-8.136421826700677151e-01
1.000000000000000000e+00
-1.000000000000000000e+00
-3.450036295907019657e-01
-4.724764069648847986e-01
1.000000000000000000e+00
7.503351329589185159e-01
3.015050012351999653e-02
5.721693383045225456e-01
1.000000000000000000e+00
-9.414559469139509584e-01
-5.598301317102230001e-01
5.838663419371243890e-01
1.000000000000000000e+00
-8.278785467696507805e-01
-1.000000000000000000e+00
-5.974626015573949456e-01
9.087422926717678706e-01
4.692634767829173548e-02
1.031726122161966686e-01
-2.454492103287280180e-01
-1.427197300007376768e-01
