-9.964349196956129306e-01
-7.223514786978199043e-01
-2.895140924554156503e-01
9.207434401493413967e-01
-6.045905144177683710e-02
-9.885320044160881281e-01
-6.936992531769675674e-01
-4.203797184235849027e-01
-8.446972212061111263e-01
-4.283156689397244477e-01
-2.208906733649722842e-01
6.407564711438792360e-01
-5.716336998347845144e-01
-4.820445774192536614e-01
7.402679252550418143e-01
-8.524800621037054160e-01
-6.313686471806362333e-01
-7.237714625581430639e-01
7.818617424280052131e-01
-6.054541380765256220e-02
-7.699811180826677814e-01
-2.859059428311248596e-01
-2.967992076159988724e-01
-3.286321053699625683e-02
6.006646402620311465e-01
-8.948060733741765027e-01
4.832628743453145082e-01
-5.981134877584299847e-01
-4.908299642289872255e-01
9.240920926499609500e-01
-8.000642110340748792e-01
-8.169498458601994750e-01
4.501995089176664688e-01
-9.321969379653863852e-01
9.614096669233280767e-01
-3.814838627919026059e-01
8.219461874717580718e-01
-3.986275323497920353e-01
-8.671486764144418213e-01
6.482424469083769569e-02
5.751568937621069633e-02
-2.840966162496359054e-02
-5.896926766071418635e-01
-3.954818191385612858e-01
-5.284424103396444944e-02
5.343268426407452587e-01
9.704847772181636190e-01
4.863005706667235528e-01
4.875417903256099028e-01
1.000000000000000000e+00
6.441985769035908638e-03
-7.562645146600982526e-02
7.866114388556171289e-01
1.000000000000000000e+00
2.111251371255858655e-01
3.462529015375755415e-01
2.275633328283170609e-01
7.470315283454864730e-01
7.756193274582093844e-01
-5.627331242924835664e-01
2.861700209148759777e-01
1.705501857134812393e-01
-8.707908929392430553e-01
6.035212233969775575e-01
2.404117904739750400e-01
-3.104117217692409225e-01
9.984818572087954536e-01
1.000000000000000000e+00
1.460148125468982774e-02
-1.420890345107035102e-01
-6.598156543294235732e-01
5.225690480822204886e-01
-2.971654429145640930e-01
-1.117915994378717304e-01
-9.014014681768106607e-01
1.958562796728772759e-01
-9.269763946514573139e-01
-3.404398077637587616e-01
-8.926410708165298802e-01
-4.999773864797970591e-01
-6.900726552345141096e-01
9.665863773297155015e-02
4.633644610056286695e-01
1.589976184588296759e-01
-9.903470945352375043e-01
-3.367279018148447434e-01
3.315278115929889413e-01
-4.674661725370011789e-01
3.242953634401324337e-01
-4.591768519851364139e-01
4.626448727739004285e-01
-4.794643281345010721e-01
4.362223835854616150e-01
-9.356394133981560390e-01
-1.139677285991097175e-02
-1.736130844740465251e-01
-8.283129757157956519e-01
9.099010744345619184e-01
-9.362845394411488664e-01
-9.921157876984052493e-01
-9.993013577959781735e-01
1.000000000000000000e+00
-8.583263308245778767e-01
-5.066905143945142909e-01
5.372666417214955192e-01
-7.825210496151872031e-01
3.981117030864683715e-01
-4.525005695986702436e-01
-7.378383110279072010e-01
-9.623094486936581982e-01
4.559719116508277881e-01
-9.114995255357671855e-01
4.452426237408539378e-01
-2.223369981399953010e-01
3.622534959936792309e-01
-3.393458350109783139e-01
-6.680926114921473813e-01
-7.438430973325175222e-01
-2.346660687517930152e-03
-7.818271587717819937e-01
5.482333094071362156e-01
-4.195505576640644607e-01
-7.196022682259758385e-01
-5.875839444606480999e-01
2.609475009756643815e-01
4.961763430525564789e-02
-2.628229227066462143e-02
-8.894506930665500022e-01
-4.543872198961776965e-01
-9.434691800075047929e-01
-3.796407026918631744e-01
-1.153013833174893754e-01
-2.993903324129961185e-01
6.973809120920835269e-01
8.878783567238917040e-01
1.416151820292272517e-02
-3.006496587848964674e-01
7.265446849269104890e-01
-1.146520580408543905e-01
-6.098670261637935130e-01
1.516277375225807966e-01
7.052714183490889077e-01
-9.149266821883977885e-02
-4.542017977367095449e-01
-5.030587067862661854e-01
-7.732787831551585223e-02
-6.179328836794072410e-01
-1.000000000000000000e+00
-3.500126774593279033e-01
6.883156541355699432e-01
4.829814453393015961e-01
6.845143324723148570e-01
-8.434190977111825083e-01
7.559197279617552168e-01
-8.369089902529336378e-01
-3.708978437959088992e-01
6.248579124674624730e-01
2.335270980810781882e-01
-1.717679759517869442e-01
-8.163437632365684316e-01
1.864260302915139444e-01
-9.223043890110288467e-01
-7.330534360605757138e-01
-1.000000000000000000e+00
-1.595999366036707917e-02
6.558428115150359838e-01
6.889777602754415531e-02
1.000000000000000000e+00
3.617963660718377938e-01
-3.366221469272943634e-01
-4.576135106208828462e-01
1.525695635370659109e-01
-3.536948985834291737e-01
8.920485067346672903e-01
-2.068575298813727092e-01
5.197769399134485324e-01
1.000000000000000000e+00
8.641446126123123461e-01
-9.861263092170514666e-01
8.863195678806894406e-01
3.089270741528223341e-01
8.405209177134297382e-01
-4.391143459700977414e-01
-7.074663657306601294e-01
-2.710975760899927978e-01
7.313953634967476081e-01
-1.780081037440785774e-01
-9.662627470601254931e-01
-6.886822484762988861e-01
-3.008938004308435166e-01
-8.711152504735010238e-01
9.492458042597098355e-01
-7.680231490395361682e-02
9.191422989964740387e-01
-7.909751335487841262e-02
-3.590231185300920558e-01
7.089828497750214620e-01
4.961239232446240655e-02
-1.970688751041100029e-01
5.753327449593662601e-01
6.505792283748268456e-01
9.253461176061449356e-01
-2.289687908539604633e-01
2.413961912654395414e-01
-4.645347815790841217e-01
-1.930260019863327681e-01
-9.944485914776912683e-01
9.963887006528513446e-01
-1.954742915710845352e-01
8.105142919463570461e-01
-3.463374527678358961e-02
1.079978119667149988e-02
9.541785959008780571e-01
9.523844014970859195e-01
-3.077830243493712148e-01
-6.715408832983437160e-01
-4.420883629831680040e-01
-1.000000000000000000e+00
9.262395737808455376e-01
5.720343279194576441e-02
4.507877459092139438e-01
-4.204164991657460271e-01
-2.206150853069073769e-01
-9.817325300271743105e-01
-1.343270922229764519e-01
-3.834898211315197480e-01
-6.523571037306192810e-01
-1.000000000000000000e+00
-1.000000000000000000e+00
9.337670001323573610e-01
-1.517545109570426209e-01
5.580157751178878023e-01
-9.075682574338069797e-01
-1.724590143127942288e-02
9.585467346630458518e-01
-3.763359226817190040e-01
4.709427480567043300e-01
7.383644863430409711e-01
6.112856961872085160e-01
1.089195494861455865e-01
1.621949460761281103e-01
9.194727496126275934e-01
-2.878742421662676687e-01
5.391429516195852534e-01
8.103926600731174990e-01
-4.116599115275490495e-01
4.273736139348199847e-01
-7.937505122580731376e-01
-4.056999643787017606e-01
-1.000000000000000000e+00
3.191140132677675045e-01
-8.584819650877003605e-01
-5.656607964156156187e-01
4.192132971435530986e-01
-6.027135683708566283e-02
4.809792007146413417e-01
-3.971322294189641444e-01
-6.973318667734117460e-01
3.084033291963710344e-01
4.906095055954757256e-01
3.839570536884042151e-01
1.449324511811554417e-01
-6.980531161236062099e-01
-1.206744318847627340e-01
1.426010244187423705e-02
