-8.033698215700069145e-01
1.682331598526942418e-01
-7.861989238515058043e-01
-2.190992954057627562e-01
8.651098036439566208e-01
7.404534927426542623e-01
8.495573962162955572e-01
4.429140977695629755e-01
9.820031141758885918e-01
-9.386018616865766662e-01
-6.300921692560312870e-01
-3.340851522495459358e-01
1.000000000000000000e+00
1.000000000000000000e+00
-2.530270286600438401e-01
2.920244107724617733e-01
-7.619155803616967093e-01
7.433964368299413872e-01
-3.036285801699619147e-01
9.133029970903222550e-01
-7.830644485061725169e-01
8.105343634085182547e-02
1.000000000000000000e+00
-8.009686988578301747e-01
-3.041256482903508807e-01
3.265991609481992408e-01
-2.128091457000656217e-01
9.422030399235773457e-01
6.062951292210931875e-01
-3.825180328889356551e-01
-4.161212897641564656e-01
9.751252994332775259e-01
-8.254843418518521547e-01
-3.273814465085882197e-02
8.434373009769532414e-01
1.031559194640737365e-01
9.670742504856176813e-01
-9.743086879457888427e-01
-7.896189084640014011e-01
-6.665571034428668939e-02
-8.256448362030657240e-01
8.556761958085642439e-01
-1.450433633119956600e-01
-6.937743184856695056e-01
1.386611240487444219e-01
-9.262946412950626707e-01
1.385805743539608725e-01
-1.544563155410936250e-01
-6.306427103216303287e-01
2.049019842177212669e-01
3.385424206547092418e-01
4.491032406523513543e-01
-6.394883353886457455e-02
-4.085382030577578427e-01
1.185629259917224052e-02
3.351438861838517691e-01
2.123581508047196753e-02
-6.858651785160584380e-01
-2.825220755336204648e-01
5.366809236583901244e-02
7.013947730685713422e-01
4.989056063996897827e-01
-4.136452905526787904e-01
7.934610609116690139e-01
4.080620896549297383e-01
6.471442014888643124e-01
-9.680395482498124204e-01
-2.632119678863779899e-03
-5.464366241157261328e-01
-8.374714085699019872e-01
-8.423504738838204497e-01
-7.084951136017616502e-01
5.509325221182233279e-02
-4.374994740821087080e-01
-8.839833732105113473e-01
-1.658206430085394367e-01
5.789493087960584372e-01
-7.477979387028730329e-01
-5.781944095662561872e-02
-6.159665954959779866e-01
1.226808329789023100e-01
6.433293247369487045e-01
-1.335804521395621280e-01
6.703057241319514137e-02
-8.966976722737385330e-01
6.724134997183535134e-01
2.027455222785062572e-01
6.868585578154396964e-01
6.045005586158739286e-01
-9.927727413743153706e-01
5.609912797078151492e-01
-6.536910255669053926e-01
6.117570115627273264e-01
-4.583834985833431519e-01
8.893234221944942286e-01
8.696531054222352841e-01
-2.897211136114100083e-02
5.038781146237161224e-01
-1.000000000000000000e+00
-9.196496284209076943e-01
8.822588578629465550e-01
4.309340967314139736e-01
-7.173700769132024258e-02
6.397283276444393207e-01
3.576736499139295811e-01
-9.785248143209857030e-01
-5.229377701008801616e-01
-3.776913177281845946e-02
-4.929480952758926171e-01
-1.027154551217411838e-01
4.014214034787753627e-01
7.540546678610386966e-01
3.784973297037051987e-01
8.977575934024342175e-01
-5.995471066307653252e-02
8.551004489945568388e-01
-6.667577986854590355e-01
9.865995847307001965e-01
6.245649212148761675e-01
-9.300470087481800263e-01
-7.834944673871996335e-01
3.323409730845522936e-01
-9.748139820694943225e-01
-6.665310476703820708e-01
1.949048609691381717e-01
-2.180028384391057283e-01
-3.113386952335342461e-01
4.263958137227196743e-01
-2.174119542139932859e-01
9.529453005606093319e-01
3.538944357301435084e-01
-4.309028996748421880e-01
-5.996645003901236448e-01
7.012017493612301977e-02
6.817323400892508767e-01
4.770561503745027743e-01
-3.999493527882578281e-01
3.722735034683076760e-01
8.060135049729455492e-01
-8.550835407990169390e-01
9.130897946769510609e-01
-4.024487414873314517e-01
-9.623109922821528883e-01
9.696844217113990139e-01
4.685354725385755259e-01
2.456632223017048977e-01
1.739085773011197211e-01
-4.395948970342207218e-01
7.967964378491643185e-01
-8.193772647652900476e-01
-4.269745126669816093e-01
-1.366174454441493602e-01
1.000000000000000000e+00
5.299710108403056230e-01
3.038150022558575025e-01
-2.309788611724885588e-01
1.000000000000000000e+00
-1.000000000000000000e+00
-9.330302113571459222e-01
5.061567185532145352e-01
-3.760261999814555334e-01
5.179338483542564875e-01
4.938641776847431109e-01
1.000000000000000000e+00
4.330566137795798798e-01
3.425211644104318998e-01
-7.857781995309022216e-01
1.357225535576066511e-01
-5.663480365226730706e-01
7.168217600048223392e-01
-5.293982029713190096e-01
-2.371509198426859366e-01
-3.626838475265529160e-01
-4.404852307307902115e-01
-1.356092955336231365e-01
-7.048551659222709320e-01
6.597227649304419073e-01
5.506896471710815977e-01
-3.843090023522953702e-01
-5.354581646752577528e-01
9.091898106493587761e-01
1.169245554668579129e-01
-6.039031197371341753e-01
-9.208913941066039499e-02
6.989146497608560438e-01
-1.924760090313230865e-02
-1.000000000000000000e+00
-7.249921930385230251e-01
1.706336669165744169e-01
9.273445726916811349e-01
-2.804378799614329898e-01
-6.027182478805720445e-01
1.350714583782247347e-01
6.627106051554456645e-01
-6.351770348732558302e-01
-2.581030765268366167e-01
-7.519784858376739045e-01
-3.075933846542442951e-01
6.530907687134549500e-01
6.634279354706053011e-01
-9.668972527472147194e-01
9.725300721388402403e-01
-9.741885174493490895e-01
8.930307084342102852e-01
8.083203052335544703e-01
-1.000000000000000000e+00
9.329498736215572352e-01
-7.227619608806530316e-01
3.007451731470768830e-01
8.834226761771672987e-01
-9.569684892279997634e-02
-6.741114459385897373e-01
2.531006764855003865e-01
-9.670116344290651256e-01
7.121869623574527131e-01
4.905559550869406649e-01
1.000000000000000000e+00
-7.319993130426198924e-01
3.322991888927008253e-01
3.117452709964960156e-01
-3.508165732824813920e-01
-6.749195346514813565e-01
1.302858996872217345e-01
9.469433082802145574e-01
-6.538082087235829176e-01
5.379366283638110924e-02
-1.229032076962998932e-01
9.960193007809620136e-01
-1.765190095166223605e-01
-7.212793116027649276e-01
4.166078424918130407e-01
5.709035419765291497e-01
7.708662597165292230e-01
6.102652590154500345e-01
7.195684110292577262e-01
-8.262960415815665538e-01
2.613493371450880676e-01
6.114056568890884336e-01
1.470108714274863670e-01
6.220393016617137283e-01
-1.872761185909100623e-01
9.756713792422014864e-01
1.000000000000000000e+00
7.304890647606011589e-01
-1.437653234460211649e-01
-1.521346208692850033e-01
1.000000000000000000e+00
-7.110268573033912132e-01
8.900532983896015660e-01
8.333337720686094796e-01
-6.022983164990698690e-02
3.348895601125838062e-01
-4.078431480322529668e-01
-5.198498514255158742e-01
2.469216922036591433e-01
9.570644447372194108e-01
-8.065835893054056072e-02
-2.027389956007562000e-01
-8.496702190180502878e-01
5.967201179477178430e-01
8.573544780292048362e-01
-9.087253067292446751e-01
1.914566404842402703e-01
-3.922622613931545099e-04
-1.911699610854559472e-01
