-1.000000000000000000e+00
-7.223514786978199043e-01
-2.949396380459482492e-01
9.575432329493679395e-01
-6.045905144177683710e-02
-9.813186482912332753e-01
-7.128218230814420409e-01
-4.203797184235849027e-01
-9.181684061337876956e-01
-4.147252956635580912e-01
-2.254216499159920895e-01
6.407564711438792360e-01
-5.776162165575176033e-01
-4.820445774192536614e-01
7.075816016624978388e-01
-8.408969302132690560e-01
-6.313686471806362333e-01
-8.111216819691117186e-01
8.430651345873766411e-01
-6.054541380765256220e-02
-7.727065993985422487e-01
-2.859059428311248596e-01
-3.542397065419587987e-01
-1.704282096668343488e-02
5.946384348608068082e-01
-8.875305802107897879e-01
4.764793432738952950e-01
-5.981134877584299847e-01
-5.465689786534750905e-01
9.319385939238036265e-01
-8.100160019966495817e-01
-7.654677380894073790e-01
4.501995089176664688e-01
-9.321969379653863852e-01
9.441752862537667879e-01
-3.814838627919026059e-01
8.219461874717580718e-01
-4.131096401676581098e-01
-8.521516529539457929e-01
1.047048502266787057e-01
3.587351560297735026e-02
-2.840966162496359054e-02
-5.954106471294021707e-01
-3.971748884931993739e-01
-5.686155451308149561e-02
5.343268426407452587e-01
1.000000000000000000e+00
4.548441116455742561e-01
4.834815950509657734e-01
1.000000000000000000e+00
6.441985769035908638e-03
-7.989373405321353871e-02
9.065415003632059099e-01
9.692035512940743169e-01
2.111251371255858655e-01
3.353948580954466685e-01
1.882687557118059019e-01
7.152399396788740038e-01
7.970176096309998792e-01
-5.627331242924835664e-01
3.275839666935402295e-01
1.705501857134812393e-01
-8.707908929392430553e-01
6.035212233969775575e-01
2.404117904739750400e-01
-3.279381402794326883e-01
9.984818572087954536e-01
1.000000000000000000e+00
3.187800140474146386e-03
-1.667891236930519328e-01
-6.598156543294235732e-01
4.809951057459052604e-01
-3.231244670262847785e-01
-1.117915994378717304e-01
-9.720753498290680694e-01
2.048969833768939652e-01
-9.376723032560889681e-01
-3.404398077637587616e-01
-8.926410708165298802e-01
-5.085827209772367796e-01
-7.000260789383798699e-01
7.993647320170570170e-02
5.527112778487137668e-01
1.692602722641488311e-01
-9.903470945352375043e-01
-3.072557625228061751e-01
3.738995353166211233e-01
-4.684309677093292379e-01
3.899649647780574768e-01
-4.641868638608296904e-01
4.824377761980344625e-01
-4.897010541688067708e-01
3.926813789691497303e-01
-8.627056236392519617e-01
-4.979210450290668007e-03
-1.736130844740465251e-01
-7.724763748476021208e-01
9.109337130892272150e-01
-8.483804989153068687e-01
-1.000000000000000000e+00
-1.000000000000000000e+00
9.870581384278241943e-01
-8.307466792380614473e-01
-5.015124742982594030e-01
5.372666417214955192e-01
-7.749615985223494707e-01
4.754646928240440218e-01
-4.525005695986702436e-01
-7.270158433591096259e-01
-9.857061482021564069e-01
4.559719116508277881e-01
-9.114995255357671855e-01
4.452426237408539378e-01
-2.246811548512507029e-01
3.637237439123184313e-01
-3.577481780551494128e-01
-6.606731888453261092e-01
-7.438430973325175222e-01
-2.346660687517930152e-03
-7.818271587717819937e-01
5.482333094071362156e-01
-4.195505576640644607e-01
-7.404350149738495590e-01
-6.049229993257984050e-01
2.576546176452224612e-01
6.254860704941199445e-02
-2.628229227066462143e-02
-8.814241146191599263e-01
-5.047994589584259284e-01
-9.874605971686912786e-01
-3.824444801354812129e-01
-1.153013833174893754e-01
-2.993903324129961185e-01
7.122112551277456349e-01
8.097342574109702706e-01
1.416151820292272517e-02
-2.896254008416377368e-01
7.201603620790477667e-01
-1.146520580408543905e-01
-6.098670261637935130e-01
1.516277375225807966e-01
7.052714183490889077e-01
-9.149266821883977885e-02
-4.268484643779157928e-01
-4.956443607946381946e-01
-7.732787831551585223e-02
-6.696722977181410741e-01
-1.000000000000000000e+00
-3.500126774593279033e-01
6.883156541355699432e-01
4.829814453393015961e-01
7.098237104489433236e-01
-8.480245536432771125e-01
7.403971254669980961e-01
-8.369089902529336378e-01
-4.349823907473875928e-01
6.248579124674624730e-01
2.092962121853744473e-01
-1.660677632744878285e-01
-8.124336208351318200e-01
2.406316201798500976e-01
-9.775197804198703100e-01
-6.495409326340900735e-01
-1.000000000000000000e+00
-1.115401019113278734e-02
6.812868993486893565e-01
6.889777602754415531e-02
1.000000000000000000e+00
3.222838094360023775e-01
-3.366221469272943634e-01
-4.576135106208828462e-01
1.684474651607247853e-01
-3.536948985834291737e-01
8.614568721341094859e-01
-2.120057637483251933e-01
5.050970439688430291e-01
1.000000000000000000e+00
8.641446126123123461e-01
-9.861263092170514666e-01
8.863195678806894406e-01
2.917471099479893581e-01
8.321752756994119649e-01
-4.425059110433044451e-01
-7.074663657306601294e-01
-1.892175149980764304e-01
7.313953634967476081e-01
-1.645502876916731250e-01
-9.662627470601254931e-01
-7.289333193081098949e-01
-3.133283357332176111e-01
-8.711152504735010238e-01
9.839207710477417823e-01
-9.904751830014088543e-02
9.191422989964740387e-01
-6.013532169455032550e-02
-3.594045346049018486e-01
7.089828497750214620e-01
-1.298117223373597244e-02
-2.195119992310392565e-01
5.871906142034486464e-01
6.421163585250234673e-01
8.881330306742321046e-01
-2.289687908539604633e-01
2.413961912654395414e-01
-4.645347815790841217e-01
-2.721423477558422843e-01
-9.944485914776912683e-01
9.965361672558570305e-01
-1.632794798966271388e-01
7.979999679327108852e-01
-3.463374527678358961e-02
-1.350493042609385297e-02
9.656232030103742980e-01
9.723483952974855127e-01
-3.181223804983837056e-01
-6.282845810942715437e-01
-4.420883629831680040e-01
-1.000000000000000000e+00
9.262395737808455376e-01
5.720343279194576441e-02
4.507877459092139438e-01
-3.653986161798056242e-01
-2.206150853069073769e-01
-9.817325300271743105e-01
-1.675002580395075491e-01
-3.387964927826342953e-01
-6.506009916208560506e-01
-9.885191740260365068e-01
-9.817942193793792738e-01
9.337670001323573610e-01
-1.383894476990774058e-01
4.957345481276630439e-01
-9.075682574338069797e-01
-4.567713334251624624e-02
9.935797098648398995e-01
-3.763359226817190040e-01
4.709427480567043300e-01
7.303710831689665950e-01
5.997259111805622878e-01
1.089195494861455865e-01
1.795354098645960961e-01
9.194727496126275934e-01
-2.520183235717445847e-01
5.294617255464969530e-01
8.646516576958273026e-01
-4.116599115275490495e-01
4.273736139348199847e-01
-8.208159128451761877e-01
-4.056999643787017606e-01
-9.886490174994237989e-01
3.191140132677675045e-01
-8.584819650877003605e-01
-5.656607964156156187e-01
4.135159778413200482e-01
-6.027135683708566283e-02
5.096676758906176774e-01
-4.122265540207478707e-01
-6.973318667734117460e-01
3.068326654513699459e-01
4.906095055954757256e-01
4.094509185163061615e-01
1.341935973564857831e-01
-6.980531161236062099e-01
-1.206744318847627340e-01
-1.612871279593771842e-03
