-9.818144623611566590e-01
-7.154986441676136621e-01
-2.943258611226466370e-01
9.408597343636471155e-01
-7.850047255373175659e-02
-9.915019102529138983e-01
-6.845186319166386424e-01
-5.072983019602930188e-01
-8.679185822692228047e-01
-3.976077312673314545e-01
-2.698364141126781690e-01
5.876248436868625191e-01
-5.781319019558828209e-01
-5.391168331773837918e-01
6.822079240362789454e-01
-8.322173763150795267e-01
-6.421565051676341174e-01
-8.178250783818704628e-01
8.274742783023489867e-01
-2.327823241954171674e-03
-7.372646494067996992e-01
-2.326312682593677239e-01
-4.005317372243022422e-01
-3.436914453395448904e-02
5.977592276634010604e-01
-8.782099127162812380e-01
4.851108174635302972e-01
-6.445860841959267784e-01
-5.650566748176134579e-01
9.776072257785145547e-01
-8.028698868428176816e-01
-7.703174147203222244e-01
5.158424227842989263e-01
-9.291288901388129462e-01
9.861954868498071791e-01
-4.127413458315248862e-01
8.023748422458808482e-01
-4.933011313894106742e-01
-8.457212331604709865e-01
1.305791792064374748e-02
3.587351560297735026e-02
-1.862131401044982842e-02
-5.580709951903336519e-01
-3.678033584327412564e-01
-3.760270021555112141e-02
4.167442617696903717e-01
1.000000000000000000e+00
4.280922318019566575e-01
4.879433940492115540e-01
9.802948520875267580e-01
3.621083614863990219e-02
-1.262021953011764341e-01
8.838933462321098000e-01
9.611108875829894593e-01
1.995187793449665070e-01
3.342597859259753834e-01
1.701968734268520522e-01
7.361932678182636636e-01
8.154325537260772583e-01
-5.676892010085017315e-01
3.004983234883890075e-01
1.835158032542879014e-01
-8.328142456022138429e-01
6.465712842855824150e-01
2.637514005043940513e-01
-3.803699559021518350e-01
1.000000000000000000e+00
1.000000000000000000e+00
1.789444606301341528e-02
-2.140857300446370182e-01
-6.726879958264647685e-01
4.878032524833890160e-01
-3.221695561858327617e-01
-7.889786909131454862e-02
-1.000000000000000000e+00
2.079988236167693849e-01
-1.000000000000000000e+00
-2.740115160187659438e-01
-9.206310847001960562e-01
-4.397861290836883597e-01
-6.933155118504858994e-01
7.127959261719835071e-02
5.804291618046524270e-01
1.427387066100033464e-01
-1.000000000000000000e+00
-2.610475684273188546e-01
4.446028562518891669e-01
-4.636533414948428300e-01
3.930264931145866503e-01
-5.016011761405094749e-01
4.333712051085411576e-01
-4.962454058540283763e-01
4.399570989425625189e-01
-8.640765929888735153e-01
4.613355409571161941e-02
-1.419755940552138718e-01
-7.710154657192441752e-01
8.705252779332779411e-01
-8.476204529524641318e-01
-1.000000000000000000e+00
-1.000000000000000000e+00
9.451856898458825817e-01
-8.818300255626180251e-01
-4.586387887396903285e-01
5.059359269911759549e-01
-7.749615985223494707e-01
4.636069133867616876e-01
-3.744979226482116896e-01
-7.270158433591096259e-01
-9.852124957281804818e-01
4.648443601155405891e-01
-9.311540022666500160e-01
4.471395004182696642e-01
-2.577600120256544614e-01
3.578936264169124137e-01
-3.938195371907399212e-01
-6.316071156403169073e-01
-6.769850111321695785e-01
1.519947665298670807e-02
-7.836732973453053308e-01
5.355958034939618528e-01
-4.840936986978579548e-01
-7.674433689373949541e-01
-5.264311935164098788e-01
2.823322410591410647e-01
4.863494711841027940e-02
-1.029805699914141809e-01
-9.563251877816205671e-01
-5.394069596074620998e-01
-9.725933505420586433e-01
-3.973557454358470631e-01
-1.205378688489959771e-01
-2.670292406203867430e-01
6.909052739310427294e-01
8.137104026013083358e-01
2.466903133521538422e-02
-2.930905059887891073e-01
7.354095544737684342e-01
-1.210233503036668989e-01
-6.130982329836413003e-01
1.406494511004831582e-01
7.003064380713016623e-01
-1.164620228738250107e-01
-3.829141840074633540e-01
-5.331231430235514601e-01
-1.697949116681365250e-02
-6.575138848633402811e-01
-1.000000000000000000e+00
-3.640163669682325298e-01
7.283305041376197941e-01
4.759830831070351875e-01
6.893887541773057182e-01
-7.784855764826684732e-01
7.821412535987560810e-01
-8.876734567273453225e-01
-4.218805221407796457e-01
6.268771090249566358e-01
2.234129347945001953e-01
-1.938318471326566095e-01
-8.187150403444674041e-01
2.399854643813316979e-01
-9.868720970213818999e-01
-7.041804558312146911e-01
-9.752515425167223029e-01
-1.359734349626094338e-02
6.455924736110554285e-01
1.127140318438279304e-01
1.000000000000000000e+00
3.115672132261045890e-01
-3.738295102547748994e-01
-5.039638262344767750e-01
1.797604406809767408e-01
-3.722873878275388404e-01
9.035437332985160053e-01
-2.210733329307667250e-01
5.722966166111104203e-01
9.919317298168079944e-01
8.433832919633666991e-01
-9.861263092170514666e-01
8.634704646177054910e-01
3.874406451914224059e-01
8.509500249872538058e-01
-4.371369452877182371e-01
-6.957608231920410224e-01
-2.211036192634745490e-01
7.894158829301133329e-01
-2.269796196535487920e-01
-1.000000000000000000e+00
-7.170422485395340217e-01
-2.283464917976192055e-01
-8.906855886845732595e-01
9.843780697439510341e-01
-1.261854097176630940e-01
8.979592960542326363e-01
-1.011496912807293841e-01
-4.376137682127435036e-01
7.102078714362448641e-01
-5.839262276819252168e-02
-2.596482292847263618e-01
5.740005358518737166e-01
6.403398182480121159e-01
9.297070864269985080e-01
-2.273609929900555771e-01
2.689138533110747575e-01
-3.664395267379935706e-01
-2.403958427318151903e-01
-1.000000000000000000e+00
1.000000000000000000e+00
-8.022791473544632623e-02
8.037501574872807364e-01
-8.842432873915333225e-03
-2.503459735701328570e-02
9.846950321625327351e-01
1.000000000000000000e+00
-2.813954082031517312e-01
-6.077211223024874265e-01
-4.269594091945378422e-01
-1.000000000000000000e+00
9.846245112311435843e-01
4.473843018139293110e-02
4.160717706657204307e-01
-3.106812351277254969e-01
-1.970513466987004469e-01
-9.559543810271527997e-01
-1.415032079770759121e-01
-3.346331804271831523e-01
-6.622149545300034523e-01
-1.000000000000000000e+00
-1.000000000000000000e+00
9.143194997535958324e-01
-1.378270243490772873e-01
4.429805010054747028e-01
-1.000000000000000000e+00
-3.170907561457819712e-02
9.768606871479182940e-01
-3.724109640293247758e-01
4.604954592535764890e-01
7.437646807746813860e-01
5.757410986770685746e-01
9.580737706776351614e-02
1.645776225781584168e-01
9.949009588641630764e-01
-2.312295714539575053e-01
4.708529258106862736e-01
9.578022588117508507e-01
-4.488821815096010193e-01
4.273896986203352677e-01
-7.691616713724144239e-01
-4.455891219313985463e-01
-9.906245515691239900e-01
3.041360525315884855e-01
-7.785311582541181163e-01
-6.435813638732260644e-01
4.250820895581978176e-01
-1.227899617248637554e-01
5.220802913235864651e-01
-4.301676290299494831e-01
-7.083354616329401443e-01
2.955469843683222186e-01
6.287425791955350007e-01
4.287515187374124070e-01
1.087770211630828543e-01
-7.443971686766887030e-01
-1.301995648364628611e-01
-3.139311636722318805e-02
