-8.225536694643518221e-01
1.682331598526942418e-01
-7.337145564613172244e-01
-2.190992954057627562e-01
8.833557334131428851e-01
7.347252160164261525e-01
8.495573962162955572e-01
4.386839078193954244e-01
9.792577554800745432e-01
-1.000000000000000000e+00
-6.300921692560312870e-01
-3.437180144929921632e-01
9.555187300563251496e-01
9.711386194959588103e-01
-2.399706252822432773e-01
3.113936880789405226e-01
-7.598426298731491002e-01
7.368313564160539064e-01
-3.160498700938026428e-01
8.757879480917579729e-01
-7.830644485061725169e-01
2.659221533707534224e-01
9.817398723019363782e-01
-8.063783332247311808e-01
-3.041256482903508807e-01
3.230187331374759774e-01
-1.504443978951930938e-01
9.422030399235773457e-01
4.738826343564741528e-01
-3.538066395734431047e-01
-4.887036053923616286e-01
9.360427695037889517e-01
-9.611061787414021396e-01
-3.273814465085882197e-02
7.933557851830412844e-01
6.414048815656282765e-02
9.595132034803106613e-01
-9.587202351857214699e-01
-7.928351287962146499e-01
-6.970096618664010923e-02
-9.131580040335287585e-01
8.556761958085642439e-01
-2.642822303538550077e-02
-7.484561976155333918e-01
1.554739466088671807e-01
-9.203546428561001358e-01
1.333750708181122013e-01
-9.186298373964052466e-02
-7.037285603536226342e-01
2.049019842177212669e-01
3.281535373508362441e-01
3.889826900577849078e-01
-3.572849253320988655e-02
-4.217216787524300514e-01
-2.189840718559200525e-02
3.154154886615415099e-01
9.425314426886799435e-02
-6.788189100374689700e-01
-2.650614685541748949e-01
2.342192737013504972e-02
5.649299694675472550e-01
5.205057885319424038e-01
-4.496324348119952741e-01
8.390547484522654642e-01
3.964539384868093763e-01
6.459555038663251647e-01
-9.340973623702328865e-01
-5.463812422283915310e-02
-3.872686163995610054e-01
-8.699498592262105978e-01
-9.703431902864396719e-01
-5.929039726157608881e-01
6.194761302856567620e-02
-4.855765853870710469e-01
-9.300540342252906489e-01
-1.740847595492163447e-01
5.789493087960584372e-01
-7.955682381475062126e-01
-5.924068288774849561e-02
-6.159665954959779866e-01
1.226808329789023100e-01
6.598266593537950309e-01
-1.803845116586744179e-01
4.623012454878859534e-02
-8.966976722737385330e-01
6.188765012832962986e-01
2.027455222785062572e-01
7.120032133707336897e-01
6.091691256259377241e-01
-1.000000000000000000e+00
5.431400103362378218e-01
-6.069773008960658300e-01
5.760324183083621596e-01
-4.903691621866528849e-01
9.484280753416732823e-01
8.860239265912405182e-01
-2.136124731266154930e-03
5.058494054008615404e-01
-9.936948629682195167e-01
-9.196496284209076943e-01
9.236030649065841702e-01
4.738470925148932089e-01
-6.692826637154156155e-02
5.917417448731315810e-01
3.320636510610056602e-01
-9.766753535298627886e-01
-4.713959682535172613e-01
3.133267999239251755e-02
-4.367533298035225497e-01
-1.115132604195824828e-01
4.167819760320372602e-01
7.540546678610386966e-01
4.457477733182134694e-01
8.977575934024342175e-01
-5.995471066307653252e-02
8.735974773482615419e-01
-6.308072850183819025e-01
9.891987130978600051e-01
6.245649212148761675e-01
-9.918548921174397126e-01
-8.118473236009707827e-01
3.330205456484640614e-01
-9.748139820694943225e-01
-6.172999350187728940e-01
1.949048609691381717e-01
-2.358907706322617703e-01
-2.730061631029946367e-01
4.238676964111107726e-01
-2.000896487030348059e-01
9.325713137438884637e-01
3.538944357301435084e-01
-4.090036691925493795e-01
-5.663727584094361278e-01
6.222744778556701939e-02
6.837913771479839919e-01
4.770561503745027743e-01
-3.999493527882578281e-01
4.333867840246607428e-01
8.447760677662976558e-01
-9.000926621329968791e-01
9.089401402410950404e-01
-4.629743270336199590e-01
-8.873012598503707826e-01
1.000000000000000000e+00
4.516546795041267437e-01
2.551774075603193137e-01
1.739085773011197211e-01
-4.137243978821570356e-01
7.921038346108051353e-01
-8.460393167580545493e-01
-4.513335674068630343e-01
-1.027591117693578693e-01
1.000000000000000000e+00
5.363124023820718955e-01
3.207057972974561855e-01
-2.527845002816760389e-01
1.000000000000000000e+00
-1.000000000000000000e+00
-9.076461838077779509e-01
4.709719360538056621e-01
-2.694893116538948363e-01
5.383317489480519136e-01
5.012227540295165484e-01
1.000000000000000000e+00
4.365421434212288232e-01
3.425211644104318998e-01
-7.857781995309022216e-01
1.410432025116588328e-01
-5.252828398988407255e-01
7.168217600048223392e-01
-5.316034656098568290e-01
-2.379081106525638700e-01
-3.746378337530126279e-01
-5.421148958370067827e-01
-1.630821909981894635e-01
-6.868397607608991429e-01
6.713862297483729202e-01
5.597915972468660017e-01
-3.514778773173649618e-01
-5.098672984796531749e-01
9.905505450639456866e-01
1.263546683808688953e-01
-6.081030018905952961e-01
-1.077159157937689765e-01
7.131472407533351321e-01
4.532260600843553144e-02
-9.632617814555392011e-01
-6.515712821771556529e-01
2.078902856509234343e-01
9.235981508919703931e-01
-3.253595970066088805e-01
-6.612904134624690844e-01
9.935348266651589100e-02
6.917252067481083344e-01
-6.985138360776583788e-01
-3.442521445280502523e-01
-7.519784858376739045e-01
-3.041925232733456719e-01
6.917242693731613379e-01
6.527270455405800309e-01
-9.557325197253051519e-01
9.552377870137959137e-01
-9.741885174493490895e-01
7.869275217086217911e-01
8.083203052335544703e-01
-9.891767095456379666e-01
9.692277609439765573e-01
-6.999159797697939167e-01
2.773082699703457443e-01
8.711676201345175397e-01
-1.046136862272028234e-01
-6.790262840162879510e-01
2.599684439783846446e-01
-9.862344000086769036e-01
7.121869623574527131e-01
4.851533563114984182e-01
1.000000000000000000e+00
-8.135188246813602753e-01
3.136771266288280735e-01
3.432132631818216040e-01
-3.231682462193276595e-01
-5.540562002797421171e-01
1.445515090595650698e-01
9.423864082042544554e-01
-7.210763000349086349e-01
1.098799990916597968e-01
-7.017805971321913749e-02
9.960193007809620136e-01
-1.771709956908944505e-01
-6.966020322844794777e-01
4.080631016380193987e-01
6.171422774165943315e-01
7.666635586554612081e-01
6.510917020583739667e-01
7.181511580510652193e-01
-8.262960415815665538e-01
2.613493371450880676e-01
5.298193331090118585e-01
1.685813968463254486e-01
6.217919170858888789e-01
-2.041869445679682094e-01
9.853777857012795405e-01
1.000000000000000000e+00
8.432682005957148341e-01
-1.577703064917051201e-01
-7.312043193196554602e-02
1.000000000000000000e+00
-7.259739425943981805e-01
8.880884874976879839e-01
8.371189626211867907e-01
-5.270513816175571159e-02
3.165928660364876190e-01
-3.821854893526851482e-01
-5.323984368695647840e-01
2.622989983733657327e-01
9.651980047863177870e-01
-1.140383834280624675e-01
-2.187781002461514912e-01
-8.480793628391209982e-01
4.918716850776509442e-01
8.639121264306486303e-01
-8.978023849255778455e-01
2.237763555270884386e-01
-5.947618925053116401e-02
-2.045748193673848636e-01
