-2.078109944616388094e-01
2.867440565027001842e-01
3.048065226435370256e-02
1.000000000000000000e+00
-1.068526661989404047e-01
7.732367445748344892e-02
-5.695712071426334289e-01
-6.305682050910819125e-01
5.724169668547396395e-01
-8.163461749354321562e-01
-4.147750610337579413e-01
-2.287391343907080876e-01
-1.807403413454148899e-01
-6.097021928972097271e-01
1.632582480806643588e-01
1.361666145475132483e-01
-4.370464590688778461e-01
3.676121369377781112e-01
-3.569761926932288332e-01
1.423259407998143933e-01
-4.428312686568981471e-01
-6.021463279366932042e-01
-2.337446442283821479e-01
3.227027602635115233e-01
-8.587739162683869498e-01
8.685065732842378594e-01
-6.898061934344839052e-01
-4.125495646844674624e-01
3.196156961422949028e-01
-9.564973308783443207e-01
6.095656266895019965e-02
-3.271039856895385789e-01
-2.968747902075826728e-01
-7.027510714046206752e-01
-1.321027847724003113e-01
7.308910911398882604e-01
-4.840044024462687999e-01
2.015537099857456493e-01
-5.463409213674301768e-01
1.195582563869365678e-01
1.343988275983420688e-01
8.229907657734758519e-01
-6.351405588458455265e-01
7.868293459226269881e-01
4.108544170669362061e-01
1.000000000000000000e+00
-2.495202708618462772e-01
-5.030589831173588600e-01
2.358103759733270188e-01
1.395174543727427385e-01
8.418692023634566368e-02
3.454985893562784183e-01
-1.061014063503358251e-01
-7.070140595936887928e-01
-9.212398630747727912e-01
7.217263356658624174e-01
8.454044728307411605e-01
4.622364909102498198e-01
8.402054648875059151e-01
3.303581350688298834e-01
-6.480758205092184143e-01
7.879135852748161417e-01
9.418674740356359765e-01
-1.000000000000000000e+00
1.033127809853573442e-01
3.155699097712785228e-01
-3.570688226985170299e-01
7.350106752150274980e-01
9.713713919505705396e-01
3.847944148317996027e-01
-2.562827232278169776e-01
-3.755648779475706522e-01
4.889483076039299325e-01
5.232591688358629867e-01
-9.539364963653906848e-02
-8.466774258118067720e-02
8.350589576041430595e-01
-1.103683357932202097e-01
4.183990701887735919e-01
-9.440805142729560284e-01
-5.534981952900644986e-01
7.652054729139694533e-01
4.433232344588180496e-01
7.479216348380726131e-01
-9.965334567969976742e-01
-3.103956063574718205e-01
6.135330135357891512e-02
2.552638612724841827e-02
-4.021551195099075660e-01
-4.412578981153318924e-01
-3.529704266741026664e-01
-3.625515363639883470e-01
8.147017500517975686e-01
4.607296134596519099e-01
5.877761499408233892e-01
-8.027314899495530121e-01
-5.331947510654040379e-01
-3.506163590842146238e-01
7.028503563723174086e-01
4.670296215047674560e-01
-8.182727325685984487e-01
4.161247444081683788e-01
-7.834266003290969449e-01
4.329850465476761112e-01
-8.140061862832863593e-01
-5.955318848571853341e-01
1.888091803213518549e-01
-2.781355239689307091e-01
-1.775336211488313387e-01
8.338786409339447037e-01
-7.921875026979308121e-01
-6.781559463480699712e-01
1.000000000000000000e+00
-4.230584331442651669e-01
-9.578418127988935771e-02
7.326063181475188646e-01
9.042775969903388278e-01
-1.260098238303822005e-01
-2.824164502165142365e-01
4.601464254570201695e-01
-1.239963255681266752e-01
-1.648451025054509245e-03
3.777260307494654801e-01
5.912788848906818107e-01
-4.431413206248677183e-01
7.927076070078878933e-01
-3.748540424615838251e-01
8.900628840756935611e-01
-8.271896978260157018e-01
8.427463747226308088e-01
9.910057028234706133e-02
1.145366095778134891e-01
7.573143834846272071e-01
-1.000000000000000000e+00
-5.913391368497213918e-01
-3.286019076524105964e-01
9.238189194676083016e-01
-1.638221646737057502e-01
4.520919722181342415e-01
9.233264105417765544e-02
-9.700570215949647079e-02
-4.348060209644287188e-01
1.000000000000000000e+00
9.384269926649836391e-01
1.000000000000000000e+00
-2.777034154428962842e-01
2.297176371899527503e-01
-5.279050392911757150e-01
-6.427003568251802301e-01
3.534205047611117534e-01
1.624327255520111313e-01
4.884560538396451879e-01
-9.478150082525559073e-02
9.145638192957027401e-01
-4.393139339867763171e-02
-9.752416692016231403e-01
4.654874097341668016e-01
-8.952264454294733831e-02
2.182565239553155290e-01
-3.374421855571042017e-01
6.020632667966427931e-01
3.249871874323957410e-01
-9.390875900976453083e-02
2.386873636395224763e-01
9.186420467601624784e-01
-6.588019607247995735e-01
7.613556967381563956e-01
-4.958333983268831124e-01
6.646633580175640432e-01
8.295258762085478965e-01
-8.342396782551113610e-01
-4.728244221291553195e-01
-8.132858779290632611e-01
-5.067878745782543604e-01
2.196277809831974626e-01
-5.952292075696676843e-01
9.858570123227642368e-01
-5.760392420999259633e-01
4.339801904951057221e-01
1.000000000000000000e+00
1.716891281332635355e-01
1.686085731036391366e-01
-2.502642694352452679e-01
7.458972165133086474e-01
-2.571016661173960438e-01
-2.367859941833956317e-01
5.361034148034234947e-01
-9.226681120512345569e-01
-8.160252048302637506e-01
6.387820166305884229e-01
1.000000000000000000e+00
-5.854154789708849727e-01
-4.297579637664799002e-01
-7.931924701282442314e-01
-7.809625281593923773e-02
4.272236269695623978e-01
-7.877464108646944907e-02
-5.646783873747432958e-01
-8.047817706402397020e-01
7.751330053241154427e-01
8.671380153690632087e-01
-3.628390771831678241e-01
9.918926560514220725e-01
9.028719477576350183e-01
-8.323648186211819455e-01
-9.388549538895062385e-01
-2.131989743234387058e-01
-6.421755983020183134e-01
2.911628437578726025e-01
-4.993323672533002688e-01
2.334431120658148062e-01
8.602168305347993593e-01
-6.891327904481758804e-01
2.270411093590495033e-02
-4.744874822318992380e-01
-7.862328000650793403e-01
-7.752835863096433355e-01
-1.000000000000000000e+00
4.493553538140497294e-01
-6.440696574624221737e-01
-4.372200332855448179e-01
1.667291682331555336e-01
-8.980436020137026742e-02
5.688948371846249685e-01
-5.926988371507897480e-01
5.754482276750069181e-01
-3.225453973450604361e-01
-3.610263089857889129e-01
7.975422100557382210e-01
-4.797844489439969662e-01
-3.293770507251232715e-02
2.257367920396820826e-01
-6.376977683767458271e-03
-8.489161775077496142e-01
-9.339700340112897514e-01
1.442075837313307012e-02
4.387169780933486418e-01
-8.401725336862616578e-01
5.811141330536150340e-01
-1.893423741062592036e-01
2.260562429502804838e-01
-5.147792739344575486e-01
-9.013704393532895320e-01
-3.242269878287859508e-01
-6.246604704145755083e-01
-7.391065477502835046e-01
-4.225801697160169734e-01
1.641415576681636568e-01
-2.748750829989186073e-01
9.530992884631284134e-01
-9.110237308882629392e-02
6.576963842549269357e-01
2.436080961754738261e-01
-2.420528224203044865e-01
3.921998757009796388e-01
5.293659609560252832e-01
-4.966751670561559973e-01
-7.089937361398419569e-01
-2.591444723555789142e-01
6.064959983736026849e-01
-6.851072148518606575e-01
-1.000000000000000000e+00
-2.672091966115003880e-01
1.000000000000000000e+00
1.210167513376484982e-01
