3.142249510827648251e-01
-6.617740028736034397e-01
-2.997684616068887475e-01
3.230219241658576212e-01
-7.880759806287398472e-01
4.784567440684723838e-01
7.746811968746492028e-01
-8.836751677483649647e-01
-2.846574533200862955e-01
-1.224254958546622252e-01
4.225143023951400956e-01
-9.872312948705228575e-01
4.737176248843304460e-01
-6.092332711122816491e-02
2.054809298552482399e-01
-4.032301149428265674e-01
-1.564646983137496505e-02
-3.517655635579508555e-01
-1.109151718030407796e-01
-5.353260087405149470e-01
8.559190437500705517e-01
-8.597284856904041650e-01
-2.859944615428915426e-01
2.469517219914589834e-01
9.164373586584928510e-02
-2.328106124800728427e-01
4.822245395043083249e-01
-5.895751168344540716e-01
5.683704483717559874e-01
6.017497674773757410e-01
-4.845617578130934078e-02
-4.373485917622277341e-01
-2.015324361730688185e-01
-2.043844465668129828e-01
7.630058727748838532e-01
8.900905706086423841e-01
-1.089805301116271163e-01
9.844414757767427915e-03
-1.472918560676876876e-01
-4.298175618232407125e-01
1.690754865921779704e-01
-4.424574190776620064e-01
-9.627300819008759447e-01
-1.801322325875358565e-01
4.064117047716147013e-01
-4.311297206777022772e-01
-6.280555596853898415e-02
-1.956412074615287988e-01
-6.865634692252104987e-01
-4.255401785949202154e-01
-2.529250861048861765e-01
9.320513085529258390e-02
-9.914636854377509856e-01
5.667406731059756453e-01
1.440751954213055352e-01
-2.432026504869386763e-01
-7.433774189116735265e-01
-3.283315979938139506e-02
-4.939664154323959444e-01
-5.725421340118419522e-02
-6.062136369483785980e-01
1.041181570764981856e-02
5.801885347184634334e-01
4.545669499955289350e-01
3.031939257105453756e-02
4.724830406922928550e-01
5.570872705478795428e-01
2.639900395846739301e-01
-8.336786684520474111e-01
5.117771870145577662e-01
5.936251688071392252e-01
-7.117359565536809374e-01
6.127832596828872713e-01
5.974752935712088764e-01
-4.822729411408863687e-01
-7.968198353281374935e-02
-5.890517256776401922e-01
-9.738607724143513167e-01
3.711402773405845235e-01
1.027988003700379682e-01
-5.202585445041043588e-01
8.860504422221469056e-01
-8.618463465007231150e-01
-7.293153803144718506e-01
1.429857759278314600e-01
-5.889969695779448955e-01
9.588490494112134055e-01
-3.407834018837969658e-01
4.101952851153332080e-01
8.778468934612311259e-01
9.337970318976807071e-02
-7.103111164847262238e-01
-1.789069236934059948e-01
-4.134362834143794352e-01
5.500660654762832280e-01
1.714735749219331584e-01
-5.807613255086288007e-01
6.803475882927869645e-01
-7.534293260042912443e-01
-9.372559537925650996e-01
4.101423873009357735e-01
5.629026132674337379e-01
-5.089715873571436511e-01
-3.557597737545488137e-01
-6.317968364107695578e-01
-1.193035320606259386e-01
4.118295667582645425e-01
3.485160627537104983e-01
7.249287442075995624e-01
-5.572961423746372045e-01
2.050308108851490729e-01
-3.146757880835151511e-01
3.262905741510941926e-01
-1.496798544815307608e-01
2.700406715192373852e-01
-7.133128221744491348e-01
9.463521129732606063e-01
-2.993476678807316382e-02
9.773710789864531456e-01
3.430621909408788639e-01
8.626941940864421010e-01
7.463400321243705005e-01
9.723762589618756280e-01
8.154903479392161536e-01
9.601827808878253823e-01
-5.894088514797113376e-02
-3.969802837921290184e-01
9.166533121445459287e-01
-3.588923418634089035e-01
-2.985552034262712873e-01
8.254988011026576089e-01
6.958141544195002304e-01
-4.517410474286120969e-01
-7.691068573346842019e-01
5.453578434487171833e-01
-4.722736961568108072e-02
-5.824860321556832865e-01
9.233416432868468693e-01
-3.935017981494848271e-01
-6.319385438977043190e-01
-2.667498124159961570e-01
-7.699903725659886788e-01
-5.788580489949004537e-01
2.613343674778638714e-01
4.265950532459792388e-01
8.297780854861465105e-01
-6.034971725954487720e-01
-9.217730748553181197e-01
-6.625156222940078443e-01
-9.463642802440976887e-01
-5.609443805334661803e-01
7.252871557208140363e-01
6.905350586657157397e-01
-3.690831316699136888e-01
7.282097955515913767e-01
-8.413478285096565035e-01
7.625429883379801765e-01
-8.030517567281041380e-01
7.208936933410374781e-01
7.265102236040996697e-01
-6.141024182330054870e-01
5.756118732576356312e-01
-8.067468974987161978e-01
7.220046272801308174e-01
-4.385705766894707480e-01
-9.962839495649324917e-01
3.184827419184650399e-01
7.395760238371804629e-01
-9.573126968839129614e-01
-9.587394965462812113e-01
1.115877169650534295e-01
4.594826250930261757e-01
2.855469058247273040e-01
4.029526819175299757e-02
-1.096031340937542176e-01
-6.416434119298604077e-01
7.321788187695290606e-01
-1.145108222117663388e-03
5.980771824253687807e-01
1.776182938264845301e-01
2.595539217778584096e-01
8.087452832223038790e-01
-1.034078499440143073e-01
2.994823446898942088e-02
8.894313919720966410e-01
-6.702833403941776957e-02
5.123781003737493123e-01
5.279308801062945200e-01
-7.433014549738248267e-01
9.921723854132802334e-01
-5.109294838458517951e-01
5.144657739290821041e-01
-3.235609017153930900e-01
8.979995885188225557e-01
6.295810893491455840e-01
2.557515827832488320e-01
5.994872914191105018e-01
5.996221709527904675e-01
-1.203784540496015687e-01
8.565626504760963655e-01
-7.858030596323091199e-01
-4.706352251335526038e-01
-2.210036440722484841e-03
-5.774506987874465924e-01
-6.391514497299297659e-01
1.459286420074543678e-01
-8.305063761489359653e-01
6.290838554136060079e-01
-1.536656499136177523e-01
7.468083188658081184e-02
-4.467697137277637509e-01
2.819629185438286001e-01
2.734178634796966545e-01
-3.567973370108079578e-01
-3.858975075890411777e-01
-4.533044047515559782e-01
5.187798559692406997e-01
5.782327062256380490e-01
4.317803540212179492e-01
1.403215555748182908e-01
-9.944663101837252217e-01
-2.985077951256476236e-01
-9.818386213518404126e-01
-4.979457073357620445e-01
-3.907170816859037998e-01
2.266739327843918517e-01
-6.625846488209563567e-02
-4.448251906639164588e-01
3.270013715207675808e-02
4.522516539982537331e-01
-9.666042567329462543e-01
-9.474562363674401411e-01
-3.188501189516121936e-01
-2.262797281439270503e-01
-2.089219645203093112e-01
1.903211661400621146e-01
-2.624074696614240310e-01
-2.587985807595414300e-01
5.766353528128693728e-01
-5.917272687939578724e-02
-4.172190810356730672e-01
-4.917032739618365511e-01
1.519350304810460628e-01
7.883813221178073150e-01
1.030308831741579834e-01
-7.540727441120407271e-01
2.785408528336104084e-01
7.339156837047646764e-01
1.737496931568285330e-01
8.469811774806035309e-01
-4.292326026529458272e-01
6.551143932020186966e-02
8.063862625377948845e-02
-7.301020156634563385e-02
9.669929907221181953e-01
-8.350059050733744659e-01
-2.977512353229327946e-01
5.837819944521218662e-01
-1.124267801160840907e-01
-5.573138790471403592e-01
-4.445017046005799166e-01
-7.783433288800307714e-01
1.332374785209167189e-01
7.901236187670770406e-01
-8.686442279470534267e-01
