2.438723468430950003e-01
-2.637031068087141716e-01
-7.647250691936408051e-02
1.373900768063492372e-01
3.205821233653102231e-01
-6.161039285411864519e-01
6.527760693148674243e-01
6.930787858831854997e-01
-7.666176238702765433e-02
-3.855420624431760146e-01
1.822879462169929021e-01
-2.005552184487345291e-01
-6.109756469036551341e-01
-1.214680211303367230e-01
4.547468893005041646e-01
-9.542118431550938862e-01
1.555148406972842734e-01
5.168604616605237956e-01
2.400110717650907333e-01
8.699877819740836626e-02
2.455605912362949228e-01
3.880045989645519722e-02
-3.144828822607714791e-01
-2.944723133641931057e-01
-2.015648423088645114e-02
-2.763192748480579608e-01
-6.760889920042525425e-01
3.023340377012190272e-01
4.213188646095278322e-01
8.665539521168399428e-01
-1.353596993079335675e-01
5.019914434617984700e-01
5.342168141936872727e-01
-1.249380303888851795e-01
2.189640674355806671e-01
-1.355752567429770461e-01
6.160186101432533201e-01
-5.267220861625406814e-01
-1.364219880278434438e-01
-4.887547515051866576e-01
-3.413187397262175127e-01
-7.960901513197946588e-01
3.965874535875213991e-01
2.947574583770219969e-01
-1.798713354495665717e-01
1.747421707815025593e-01
8.546448620437316901e-01
7.042274454537312822e-01
-6.240771831376068501e-02
-2.160048679305842656e-01
-2.402628436203697038e-01
-5.745404142727734698e-01
5.696524426313172018e-01
6.669329195635780305e-01
-4.321321461470347680e-01
-7.889322068841619906e-01
4.255466474058593462e-01
-3.047609869332727484e-01
1.290387591114735000e-01
4.780959610769144885e-01
1.796852252910811631e-01
-1.516182510728969479e-01
6.217208425012459294e-01
-4.573976670495443625e-02
-2.316861631914235442e-01
5.734175149184264075e-01
-3.318589842727450168e-01
-6.468893211852110303e-01
-2.330496698555880597e-01
4.537451753152715872e-01
-7.625239417612222903e-02
7.796414290032434025e-01
1.382020324069136163e-01
6.196126326501506520e-01
4.278295826862654749e-02
8.384233076664270312e-01
-1.559239974915081206e-01
1.479074149516828585e-01
9.140337765577088991e-02
-4.431953580840123363e-01
3.141347275633021852e-01
-7.902912311549742386e-02
1.557972961688436353e-02
-3.386426152351066365e-01
1.509946291640644755e-01
-4.963937407190651685e-01
-5.062149837973297650e-01
3.235818174900424449e-01
1.472428696166656892e-01
4.038656027777310920e-01
-1.424241537387444523e-01
3.550019507373099459e-01
9.248379423160113522e-01
1.202038541217422263e-01
6.106479078589907017e-01
-7.036075361289517716e-01
-4.525622719111241921e-01
5.170164912367455345e-01
4.854974977179428719e-01
-3.954850470660137840e-01
3.180002099860922971e-01
-2.947443115036819661e-01
4.222098220112633360e-01
-5.985417123440472942e-02
-2.268416321872323282e-01
-6.454030452089982717e-01
7.874755328498472817e-02
-2.333738260215094118e-01
3.755099456974622107e-01
-1.115962125040201869e-01
7.072097271937738405e-02
-1.875700148812142198e-01
3.783331974384094853e-01
2.858045933422560525e-01
7.227530240011661444e-01
-8.074655399734577133e-01
7.058012599438359680e-02
-5.677155751969776842e-01
-1.890937933114077707e-01
1.170005952473107680e-02
8.936088701569597781e-01
6.100797594960357673e-01
-2.580354968391883053e-01
-2.533471988046530621e-01
-1.007943200192849831e-01
6.843799860181349892e-01
-1.671252404527339697e-01
4.390799163789398385e-01
-2.830703494686576116e-02
2.100865939452093434e-01
9.919499103552981145e-01
-1.138009140741142455e-01
2.636887152235741771e-01
-6.988102884211742083e-01
-3.898327255086043303e-02
4.213789016838744295e-01
3.964530814995324004e-01
-1.980493124973210228e-01
1.826527111436498096e-01
-2.119124483845259421e-01
3.487974314317395796e-01
-4.294065952404457764e-02
-5.230439427237731920e-02
-4.707300930793315019e-01
-8.347176911468904281e-01
3.144058454975062755e-02
1.237352582295068726e-01
-2.186541616067477212e-01
-2.742773481047211526e-02
7.187981013763521387e-01
-1.001924054909757444e-01
8.831719002471691282e-02
-7.163770274742384814e-01
5.758485780314621660e-01
7.341583199942951499e-01
-3.778780421334353434e-01
-3.416266871398414562e-01
-4.726415959574859493e-01
-8.552578073053154206e-01
-1.154450410595377757e-01
2.931556926393955598e-01
6.781068901030845586e-02
1.510474560431578905e-01
-2.491441972991155218e-01
3.948169791329373957e-01
4.558697131546491366e-01
-3.042541402529924666e-01
-5.931743432207045030e-01
8.575459701537138102e-01
-1.422014436341946242e-01
-7.749778438263867919e-01
4.549417435085244543e-01
-3.273099578317297254e-01
-6.874837168177513336e-01
-4.070973404758910785e-01
-3.691096768375020654e-01
8.093487554752745172e-01
2.807453849057348627e-01
1.706466743968165778e-02
1.210736439089088734e-01
6.085894771237199130e-02
-1.284051869903395440e-02
1.803103749213286755e-01
8.887650815463665754e-02
2.015851180476692928e-01
-1.233440890478785662e-01
-3.088332447491313193e-01
3.475260899858864660e-01
-3.165067267112751104e-01
-5.666194179428146738e-01
4.428478052752946592e-01
4.261445761227717899e-01
6.038037614035682843e-01
-2.446935446987228979e-01
7.491767072355867141e-01
-6.724832122610500118e-01
6.175818829563702039e-02
1.049061844025673262e-01
6.765272550215814529e-02
-5.419935946760015000e-01
6.552876460640157941e-01
-5.837324639894186928e-01
6.300084797084722910e-01
-7.038728991819503955e-02
3.728671446964950675e-01
-4.981065419627587199e-01
-6.262756033595531791e-02
-2.907887604820188487e-01
8.356376202631188299e-02
-6.643404020395307086e-01
-3.437115748409594329e-01
-9.158479805596703160e-02
5.675782596739532837e-02
4.878490433260466719e-01
1.063112044822054070e-01
-4.475968614833369941e-02
2.350545427585275515e-01
-1.509747859094516254e-01
5.598395675021448081e-01
7.415680407264446661e-01
-5.723404482167956386e-01
-5.351290969278600373e-01
7.964850918800594481e-01
-4.200071971155808770e-01
0.000000000000000000e+00
-7.494998055545184501e-01
1.008570232981975678e-02
3.081947814367658189e-03
-2.377423486888105286e-01
-3.085107022317461478e-01
3.593107723020942390e-01
-5.135173024195005542e-02
1.066378182709407096e-01
-4.063548943902372534e-01
-1.687745791365732884e-01
-4.704116428082855128e-01
-1.678918662285108776e-01
5.986515627821725749e-02
4.098579538053553906e-02
6.574919038931112958e-01
-6.373479692562634691e-01
-3.798040151347257254e-01
5.365529218640712195e-01
4.140316485789068413e-01
-8.583284874750155558e-01
-2.041052845393671045e-01
-2.079343428419254680e-01
-1.666966151672762964e-01
-4.815282039485072052e-03
-1.891223263553571121e-01
-3.765705154339611949e-01
-7.993755575979881733e-01
2.563779527447999085e-01
4.917644439691815639e-01
-6.828084658546590413e-01
-2.130074591412332297e-01
2.553012167882432459e-01
1.010916817321524386e-01
7.172487659796022985e-02
-8.376676780638196984e-01
-1.012079586066096520e-01
-5.332716041078600089e-01
-7.105668126337429946e-01
3.396833245492931752e-01
3.796986515485389901e-01
