6.993968198451498974e-01
-8.545332705820747332e-01
-6.964336850822687719e-01
2.004118787180058370e-01
4.990507319738325398e-01
4.283020682088094500e-01
-9.655027877763522337e-02
-3.090513262005669670e-01
5.185006818612329926e-01
-2.653240282054214472e-01
-7.267006311667573160e-02
1.172497812481468893e-01
-1.528987730556627955e-01
-4.069398038953829788e-01
-7.547331418946973125e-02
3.935069208905022098e-01
-3.431135230128249947e-01
5.646968682744755164e-01
-1.951426381750255290e-01
-9.279652087261552884e-02
6.546277982798467399e-01
4.158596883242097197e-01
-1.950843841753630570e-01
-1.203087646792164178e-02
-3.485111111687921870e-04
3.717061514779968490e-01
6.706446744819335448e-01
2.249301374390116071e-01
-1.142004983610327429e-01
6.243012615042075469e-02
-4.760617234318492708e-02
5.656929127274631375e-01
-5.617921030153765205e-01
5.423921340302320093e-01
-4.472016320526480126e-01
-5.814397587951565527e-02
-6.233841146772328701e-02
7.994249762009865146e-01
9.271738672703494499e-02
-2.135274125262676126e-01
2.178407532895923482e-01
7.579640968350460639e-01
-7.161356743554327942e-01
-2.964302534826429580e-01
1.194149478288245303e-01
2.379707124797178497e-01
-2.866019077132035409e-01
-6.864891629035578813e-01
1.422383987067488142e-01
3.537200672857432893e-01
-6.281485712329321069e-02
-8.376822789274038228e-02
1.577588756282005678e-01
1.690490808793948529e-01
2.318566433448144559e-01
3.664434031511458745e-01
-3.252237267849341640e-01
6.711776700287310771e-01
9.960497336297205462e-02
9.039260523434289318e-03
-9.033830772677468035e-01
3.554002906610701507e-01
-2.897754615694288494e-01
-2.138416963556384331e-01
-6.865718314118401944e-02
-3.440066241944719216e-01
-3.060173332256250767e-01
-1.034959611734648233e-01
1.120489707178973365e-01
-5.276484988068882442e-01
9.507254613220078587e-03
-8.034754351739963329e-01
5.407593119700737638e-02
7.350910600603060008e-01
-3.415339462805276338e-01
5.980360446906130001e-02
-8.424024346837322152e-01
-1.283043341513272206e-01
1.653651243181610830e-01
1.596547305098269809e-01
-8.704161721389014339e-01
4.094317274816586805e-01
-2.070600525104313028e-02
-1.794815506683450912e-01
-1.530410488798490953e-01
-1.691078214210180730e-01
6.294590386062964837e-02
5.526735561079231251e-01
-4.578178880776662130e-03
-2.343424259153513156e-01
-7.007893162246217056e-01
-1.388496007480396199e-01
-2.071228280552566692e-01
-2.560162571641406704e-01
-8.709149749194963763e-02
-9.123421718422757287e-01
-3.616330691718039336e-02
-1.876949129193386523e-01
-1.458293836403615762e-01
7.739699120423623735e-02
3.956120411037528095e-01
1.038352158349968857e-01
5.015905813222737430e-02
-1.666832079554323720e-01
4.754926462160708467e-01
-6.241906171220009680e-01
-1.991648457525445060e-01
5.183915513631213168e-01
-2.265323173809861146e-01
-2.644535752395323902e-01
-1.276840615703081494e-01
3.196491511797265872e-01
1.847478370076494070e-02
1.403257551491072369e-02
2.828130850684743569e-01
-3.548245192186842423e-01
1.046753000288029034e-01
2.878401659879780139e-01
-2.759240606310993105e-01
2.558455416752836165e-02
4.531017110201039921e-01
-3.874306016451658508e-01
-7.502960945575050111e-01
6.428053130892018574e-01
-2.908932571139314360e-01
4.145176426826357452e-01
-7.682404160105765767e-03
-5.677925523564983923e-01
-1.072552326196388184e-01
-6.697618305908045744e-02
-1.553790090901758236e-01
1.925456613901450065e-01
-9.826607191050015788e-02
3.668833863834789488e-01
-1.064121349348205459e-01
-6.559652048603206165e-01
-7.531592607777382042e-02
1.484280270596843865e-02
-5.244174872318105862e-01
1.610057344886786646e-01
1.302814046404467963e-01
4.715645479335465184e-01
-1.495727940797543509e-02
1.560798466342259716e-01
-2.231102587764166589e-01
-7.940656861267947342e-01
-5.374498959027786960e-01
-2.519510184064897018e-01
3.236961595570285732e-01
1.461516023801586184e-01
-9.131847448841245996e-01
-2.203972008175710262e-01
-1.824279965454904118e-01
3.351567686195374152e-01
5.731987617161951043e-01
1.065190598990438664e-01
-3.285269091907712102e-01
3.312052342692333173e-01
3.865054303684843373e-01
7.713841135781087655e-01
9.340345925963213780e-01
4.237607573680789996e-01
-8.542090358200582489e-02
-2.051924131083918690e-01
1.111291118309928605e-01
-5.189434824732959139e-01
-1.926938883577831163e-01
1.875701368057487994e-01
-1.069011753801084874e-01
-1.513159378557624168e-01
-4.742653785445388737e-01
5.711976822827008471e-02
-1.929332530243714205e-01
-4.799526397093215047e-01
2.588357912329470878e-01
6.513027924066964180e-01
6.049309750218896387e-01
3.863674904160886436e-01
-5.257926536763319891e-01
6.646763742596494273e-01
-4.042616588183386983e-01
-5.274754788346678325e-01
4.623127495846726664e-01
-8.620765987205893932e-01
-7.774830918415458481e-01
-3.944468903498664081e-01
5.269477350620397349e-01
9.714773419467386262e-01
1.476275841340796979e-01
6.997625862354855952e-01
7.528620272993662432e-01
-8.945362093780168111e-02
5.221830193658728581e-01
5.298439672929564637e-01
-3.585617484701189017e-01
3.405594299822953253e-01
6.662839833781203369e-02
1.133196573983592248e-01
-4.512232959019158995e-01
-3.169926318502542806e-01
8.323818069674897568e-01
7.201445923244437219e-02
-3.737032056710540839e-01
-1.260380705796002032e-01
-4.090757987963966058e-01
2.118610381149469701e-01
2.248275345805955117e-01
-5.185949331455546041e-01
-3.775238530028206252e-02
-7.189673507001868025e-01
-5.099290622460534994e-01
-4.057967881132156784e-01
-3.587377356279001228e-01
6.057087268396244006e-01
9.767660090462424449e-01
4.966538288287677960e-02
2.036042431887993831e-01
8.444989198381935847e-02
6.327763265662609271e-01
4.467284252955379120e-01
1.947782538778387029e-01
7.024928014921061337e-01
-2.002953788088412956e-01
4.111944946093910591e-01
2.836819703427583828e-01
-3.477782751494003510e-01
-4.125401880621451522e-01
2.414324278303205396e-01
-2.231392202114012568e-01
-7.592634171977906687e-01
-1.405886047032118835e-01
1.702996064163836976e-01
-4.481334492990871748e-02
5.006234537690035236e-02
2.245297014920182299e-01
2.987244273331818301e-01
-6.135226342472966943e-01
2.524717529722249054e-01
6.527371231157501619e-01
-2.025493642498296665e-02
-5.122575253175970511e-03
6.968213613772308301e-01
-8.262613528338962343e-01
6.848335486718484244e-01
2.451487647403343406e-01
-5.648661212896044503e-01
1.406890315572861816e-02
-5.873530174059182762e-02
3.214835071350164997e-01
-3.019859868668595682e-01
6.065355181219347358e-01
2.783940265256010793e-01
-1.011461843307931430e-02
3.907344948582061051e-01
2.138051024805132927e-01
-7.063350329262176874e-01
3.961847017737951671e-01
-3.689863089063506463e-01
2.930579201044986037e-01
4.374195451278792834e-01
-2.666759409021761673e-01
-6.076917541088827646e-02
2.701200345051735230e-02
-5.727896110414211206e-01
-4.055019342231185875e-01
