-2.414247440014380408e-01
-6.946572206359312718e-01
-3.259812388850558129e-01
-2.559639090589196919e-02
-5.654592360963273112e-01
1.665210724007421261e-01
4.173030381926889909e-01
-1.480133384475681990e-03
5.345344202393312871e-01
5.876425905102320435e-01
-1.278395260646570386e-01
4.881300440943936447e-02
-1.523378053669549037e-01
1.492228153968221394e-01
2.883290351739722368e-01
-2.315372220321533225e-01
8.855258631805855707e-01
-1.011384931591251535e-01
-2.827799001085402608e-01
5.408411063313648404e-01
4.906713162095394098e-01
-4.708518459652105692e-01
-6.976051752586326371e-01
2.883369679537299834e-01
1.844281367993633736e-01
8.168592838189214778e-03
-8.473652959819011343e-02
-5.984032803464479633e-01
-4.808563288269372960e-01
-5.433941419835106590e-01
6.787619879584201321e-01
8.176967973547368818e-01
-8.141229661253057692e-01
2.415905210376292356e-01
8.897981454670367274e-02
2.537048195029177333e-01
-1.369096046483951890e-01
-3.901695377083722605e-01
2.408627179396748974e-01
-2.994055107482779254e-01
-4.675430645603511626e-01
4.261943261076840961e-01
-4.294198552360709020e-01
8.014208013620820470e-01
8.874457723971426737e-02
8.293311071284814595e-02
6.671602780923963083e-01
1.213001166398415820e-01
1.394284698188403282e-01
2.202606721344727847e-01
-4.916001609090790980e-01
1.071167548314194695e-02
-9.140731888409794892e-02
3.788359794096766153e-01
7.094487435796847929e-02
2.278787393008337436e-01
-8.963595979297632743e-01
-1.321145263505923984e-02
-3.426723445228181397e-01
5.265989977354801344e-02
3.731537099277100200e-01
3.694543137825693213e-01
-5.397040378268174177e-01
-2.967175145912729906e-01
5.782799206728168606e-01
5.072004289549276734e-01
-7.930912207958228377e-01
1.995549740782250336e-01
2.992892939965342558e-01
-4.767150728616365019e-01
4.055667272973095816e-01
-5.134616365180327824e-01
3.631930189456647473e-01
2.310693341666203993e-01
-3.712150033827008033e-02
2.411024651451070533e-01
9.308081489120817453e-02
-6.175364741478253094e-01
-6.943729656090128488e-01
3.547668469858877849e-01
2.710169951274830624e-01
-6.733202026290779907e-02
-8.669081399382047026e-01
2.399453990137817572e-01
3.737498693768188107e-01
-4.415535187408815010e-01
3.700773697333699097e-01
-2.366478241846269870e-01
1.083776561980549086e-01
1.071121215800867610e-01
-6.784112682765204294e-01
3.820927717777188870e-01
-9.506172253854976439e-01
-3.007913725562550433e-01
4.997289971341039583e-01
3.042322804559547400e-01
-3.368174564101760193e-01
-5.918749987439229088e-01
-4.140125188561216696e-03
-4.123318737987210492e-01
-5.907324909964731807e-01
-8.715543272535569708e-02
-2.620879076433152988e-01
6.205965189852144515e-02
-1.863955391110423410e-01
-2.443096845018626340e-01
0.000000000000000000e+00
-1.008500457212513357e-02
5.795313904526507853e-01
5.434410891984173819e-01
-3.811904189568026680e-01
4.864612143135874089e-01
1.873256972404294118e-01
3.446992314084479370e-01
-1.418929394812077360e-01
2.119965202583769526e-01
-4.429934331318065577e-01
-5.622003917209981161e-01
-1.713011302901573385e-01
-2.706516581546543065e-01
-2.609193313404160053e-01
-6.711972205284363890e-02
6.214971177396966251e-01
-6.437078489447580765e-01
-2.397483363946306678e-01
-3.563222253817232010e-01
3.103938747404882958e-01
8.537261419299396747e-02
3.144233769049392668e-01
-2.509488739973689819e-01
-8.422906289346376862e-02
-7.541483614335079411e-01
1.245332786911902134e-01
5.900687379570781488e-01
5.009380833944211409e-01
-3.789243737644272247e-01
-3.723884257375927043e-02
-5.830816212354381634e-01
3.731008992454009077e-01
-2.514298924394253731e-02
-7.562938434436803359e-01
-3.905444382230003342e-01
1.222858041310528332e-01
3.671116203560398916e-01
4.601763722112217070e-01
-4.673237627561860896e-01
-1.494191588196684128e-01
-5.666771241680638171e-01
-5.237798721839062033e-01
-1.855782536251472659e-01
1.001795590089701316e-01
4.260742261315948465e-01
7.254453713130968318e-01
8.608279409107755242e-02
1.431730286461219137e-01
-5.188750270571877987e-01
4.679345768678382367e-01
3.604002637124941733e-01
1.527317692404671634e-01
-5.380026828839827857e-01
2.439456479167879110e-01
-1.765039927905105999e-01
5.474549807380030275e-01
7.108582070738397873e-02
2.433103736595332300e-02
4.232974954276352841e-01
-6.542391044094322261e-01
6.479163886609144996e-01
-2.747534404633894534e-02
-5.817758271634504430e-02
-5.449828943906316336e-01
-4.635440799019435731e-01
1.271331106636026942e-02
-3.435270466225001651e-01
2.710329720722201019e-01
-4.005781641786691494e-01
-5.812267011807855654e-01
-6.906667543356300731e-01
-6.055081210068549158e-01
7.065320080488285415e-02
-3.213316330179593616e-01
-1.538499933192450653e-01
4.243445965757296490e-01
4.149573463684259611e-01
3.003729077426415817e-01
-1.787851188974076688e-02
-3.245456117871831081e-01
-3.836731561814241687e-01
1.049055839267959978e-01
3.930628584864936936e-01
5.826083968288706672e-01
-2.811256446938880105e-01
1.187629594984161152e-01
-5.824241772349076918e-01
2.226992226657769081e-01
-5.266192383185714920e-01
-2.933949239132536690e-01
2.756354905951874379e-01
4.961517802850515246e-01
4.094380832688202521e-01
1.684143584085735779e-01
-3.018136045182718830e-01
-6.062313295948229541e-01
-4.704412792378893649e-01
9.376254519488758099e-02
-3.471517440439421121e-01
-3.178760352776794917e-01
1.540072061129323933e-01
-7.641131906623508385e-01
4.697900097052684631e-02
-7.175786791715386137e-01
-7.080934903560271998e-01
6.816030633534293504e-01
3.712576942664226332e-01
2.034460882545836569e-01
5.548495862167444059e-01
3.236213150556446205e-01
-3.489496966677564371e-01
5.807337913257009099e-01
-1.537263017796578757e-01
-8.048140754085588711e-01
6.352259661599107821e-02
-8.107144896169738990e-01
-1.045516729583090276e-02
-2.233424648627771458e-01
-7.734877916671076825e-01
-8.194794618206997505e-01
4.286447910365389080e-01
5.523684797422077075e-01
5.083003928365112944e-01
7.875551127427610210e-02
8.475271260116574723e-01
4.066689177047774773e-01
-4.590924321405915332e-01
-2.594366418948854669e-01
-8.813839685625501907e-02
-5.931153943442191157e-01
-2.434553506687282542e-01
-1.251315282924859162e-01
3.426962480695136537e-01
-1.802415101407811304e-01
1.356531894120563964e-01
-1.858116006485092259e-02
2.983852821536892574e-01
-6.450924441434079393e-01
5.553984736378456688e-01
-6.138708059992386001e-01
-1.913863573666772233e-01
-3.200551188973661532e-01
-9.636079593231329232e-01
8.347786591277044366e-01
-1.511007295601443090e-01
-4.150810622318084064e-01
3.942115757801608611e-01
-3.756586608825629447e-02
-7.152657501202042134e-01
-5.143279727311713678e-01
-3.775757857379114513e-01
-1.937522175357344889e-01
-7.089232449307276696e-01
-2.916578007603716216e-01
-1.840727118412104346e-01
-1.558031579109903642e-01
-1.207190966844343682e-01
4.741996632280004453e-01
