3.606861349573153297e-01
-1.000000000000000000e+00
-1.000000000000000000e+00
-6.253959361210104095e-01
6.074806879320329145e-01
2.415420985134612009e-01
-1.402757529391200353e-01
-6.630333882798726819e-01
6.878994414497867638e-01
3.562621789610933565e-01
-2.482177667331653681e-01
7.247233286279056164e-02
-8.987366519003269216e-01
-5.326430905954921968e-01
6.750473368245776262e-01
5.827435372257512292e-01
5.703652005116837120e-01
5.973586412474178875e-01
-3.260631582476433699e-01
5.489683596627785711e-01
8.691672362942353125e-01
-9.981786720759333598e-01
-1.382762170678470681e-01
1.766992658555162077e-01
-1.217861204267648434e-01
2.459445194740851326e-01
8.579090472562498348e-01
-7.456341024120010097e-01
6.894607930207116708e-02
-1.031545008854602430e-01
5.386363623132628398e-02
-2.249695421983850252e-01
-2.501129637971435393e-01
8.187835371500995496e-01
1.000000000000000000e+00
-1.918409765660714639e-01
1.578557426180453582e-01
-5.482355692823184246e-01
-1.026864081474801738e-01
3.406101242792988759e-01
-1.318145559910876563e-01
-1.000000000000000000e+00
-6.939135632784514396e-01
5.763318068759354373e-01
6.201671216936428532e-01
8.321418434132767938e-01
-6.680133760880465621e-01
-1.333405984420535650e-01
-6.080381527060410018e-01
-4.443245409863644246e-01
-9.186335837693682116e-01
2.069164251725459647e-01
-8.006269212734059559e-01
-3.315286022285815482e-02
-5.543799482755471519e-01
2.221817917188373681e-01
-5.734208907666754618e-02
2.781788126221401147e-01
-7.093123323801368008e-01
-3.912053850375744601e-01
-3.066618999453722960e-01
2.266869346750213510e-01
4.403823800016629098e-01
-6.571982310716866227e-01
8.518923651688981025e-01
2.877926415447257247e-01
7.870318255198835988e-01
-8.031030214740727535e-01
5.860685172184917913e-02
8.093626756647137599e-02
7.871710141343090106e-01
3.230715356088125212e-01
-4.823723844360602864e-02
7.305864969263162756e-01
6.912860109728378166e-01
1.693727782221413347e-01
6.167103344487627758e-01
-6.611694445127738184e-01
-5.042114354992203173e-01
8.228304480269201804e-01
1.000000000000000000e+00
8.713314180034803513e-01
-2.689467442629652760e-01
7.808787944084338850e-01
7.130458613406361890e-01
6.629082017499818846e-01
-1.428911905037562047e-01
6.308326336775327281e-01
2.456526314592520910e-01
-7.120340430468022896e-01
1.000000000000000000e+00
-1.000000000000000000e+00
-9.442163347879585500e-02
-5.533485317952181737e-02
-6.818309248179065252e-01
9.711355466452495921e-01
-6.303355486091761772e-01
9.232653136045303466e-01
8.214966422124855283e-01
-2.052067088060502420e-02
5.727163687849046170e-02
6.812109739298027877e-01
-7.866600217790182814e-01
8.716080314845655597e-01
5.400504212697890272e-02
1.000000000000000000e+00
-4.376240722733971272e-02
8.496844678402737383e-01
5.217696143197159131e-01
-2.960264481039684981e-01
-2.682677458940738724e-01
-4.388258582148018005e-01
1.000000000000000000e+00
-3.997130961913760716e-01
-4.076074083155206695e-02
2.085701665127943361e-01
4.851269183098760318e-01
6.513507675081885440e-01
-7.855373449271013664e-02
-1.383450685732447727e-01
5.198293526888287941e-01
2.971770378997387052e-01
-7.849446303528514468e-01
4.202823428646228487e-01
1.588823391154194353e-01
1.640766488404032664e-01
3.776707221465306352e-01
5.341341981322615950e-01
-6.191454944032959151e-01
-5.178152859177269640e-01
1.829247263828868708e-01
-8.348417733146777930e-01
-5.227097193764264071e-01
-9.144480960494866251e-01
3.711948850145692091e-01
-5.687236332962368746e-01
4.602734644868061720e-01
-5.857507013966762877e-01
1.281271110615866127e-01
3.034875152809620724e-01
-7.942950398785196819e-01
4.734241777830843212e-01
3.086354084824865507e-01
2.036390060956958514e-01
8.157140163986412729e-01
-4.046352469464135626e-01
-2.865917554343939688e-01
-6.986161288108054812e-01
5.753132752904190905e-01
-4.195553017398095386e-01
-5.780346380881528079e-01
-1.680785279872428206e-01
-6.338506310438969671e-02
1.418685247337660993e-01
6.641300676191894126e-02
-4.639561633032976973e-01
3.563387857188536345e-01
-2.927552425459620244e-01
-1.833594043494953807e-01
-5.940150862719036917e-01
1.806714394972572801e-01
-6.655124494815853886e-01
-3.628299420013745280e-01
2.598002400007640711e-01
9.485958692430189743e-01
5.192569391660759592e-01
6.057373900224864993e-01
-9.786568539412535683e-01
4.045471687661493232e-01
-7.762192724610168515e-01
2.408196367925442283e-01
-7.786780902572026930e-01
-2.148921848479046215e-01
7.033320394472943882e-01
8.061039532013731801e-01
-9.155794332747396735e-01
1.399634478731058285e-01
3.803869027004128656e-01
2.883112544033971658e-01
-2.594698851133395712e-01
6.893141434104316234e-02
6.350814883768642893e-01
3.856094311763340055e-01
-1.468051234729001453e-01
-2.645418329529096724e-01
7.412146504514957046e-01
-6.365490856147986154e-01
-4.665592718884995493e-01
-5.795408387232603431e-01
-7.844914383500061206e-01
7.552219204697098176e-01
-8.694753304970920249e-01
7.792435146662399781e-01
-7.789808828027419141e-01
6.356653950616462101e-01
-1.000000000000000000e+00
5.361139748843231079e-01
-9.428985219378546723e-02
-3.525968153402578853e-01
-2.253007087175612211e-01
4.867401211125295113e-01
-3.712420660148126883e-01
4.963515261036739457e-01
1.685587260450415181e-01
-1.000000000000000000e+00
5.655328255700480256e-01
5.877775963107324531e-01
-1.227384431898992379e-01
3.684687804761221930e-01
3.666938988691721413e-01
6.036688937206737826e-01
-8.083273880667050104e-01
9.234289894920078012e-01
-1.000000000000000000e+00
1.808530290344017855e-01
9.829477112081588253e-01
-3.887294879026594874e-01
6.957390569768113764e-01
3.551940208630466334e-01
-6.571548189468261469e-01
-1.063737281806770574e-01
3.812704525124671617e-01
9.693750566437013827e-01
6.709932533307491065e-01
2.136948300844690174e-01
-8.897410224316355531e-01
9.810798998955883032e-01
1.276977474773464127e-01
3.479595106741977251e-01
-9.545873939768321215e-01
-1.000000000000000000e+00
4.149921751053410879e-01
-8.588698330702445594e-01
-8.359593042222947246e-02
3.094065765928735029e-02
-5.127874237232848964e-01
-1.053129380706013113e-01
-2.539684836426835957e-01
-1.378099754329056847e-01
5.478475307507792991e-01
-2.545856361882364860e-01
1.000000000000000000e+00
4.335959316829045562e-01
4.475117361015469308e-01
-7.636778226599814923e-02
-9.891782947406850823e-01
-4.787797187439208346e-01
-7.775960655263629562e-01
-1.051315615355565281e-01
1.623768670106055523e-01
1.240345780982026053e-01
4.040090577623655643e-01
-4.304732489240103988e-01
7.694713440342200172e-01
6.840931838274626475e-01
1.000000000000000000e+00
4.822015341217898987e-01
-7.253981321398758064e-01
8.111598055151163500e-01
-5.817390180758992280e-01
6.719950257204880817e-01
3.392854263263222481e-01
8.706305963622518185e-01
6.598141670223351962e-01
3.587350026609056886e-01
