6.444168514606718468e-02
-6.335295557093270080e-01
1.343350960272947647e-01
-5.434610381495241782e-01
6.708860161615461948e-01
1.060531469730285892e-01
5.946047136179855030e-02
1.718201875684155500e-01
8.235616130373042409e-01
3.031556814796640409e-01
8.112265196065362449e-01
2.504676082248159519e-01
8.653324212389745806e-01
-9.680405823191320369e-01
-6.831019415099888192e-01
-7.570014994613538661e-01
-2.936160942113452688e-01
-5.389724954375445520e-01
-9.334242334615507897e-01
8.039469820986648863e-01
4.656231125896854728e-01
3.753032584262681048e-01
-6.625509996059321116e-01
3.101422671248678098e-01
-7.540337398885637032e-01
5.153390558760040374e-01
-3.518723112666931052e-01
3.800717134278429610e-01
7.074542360300153376e-01
4.167530552323649440e-01
-2.761194040143095663e-01
5.953657330812086590e-01
-2.728084491173208281e-01
4.042813045275119865e-01
-5.419072249994068002e-01
7.934459183357303047e-01
-1.930438896221891021e-01
8.782793821049865723e-01
-4.346780225844493195e-02
1.714012541342612161e-01
1.979803139580573745e-01
5.754857751608334349e-01
-6.303367587930601701e-01
-2.718226882346309603e-01
-7.437132800839455493e-01
-7.662006211404965850e-01
3.532869753006036007e-01
4.384006414500649096e-02
2.556542559192294672e-01
-9.752685091786822413e-01
-3.461137413677737307e-01
-5.716103262005833852e-01
-4.882350722446307523e-02
-4.976474237889447760e-01
4.940848539835318576e-01
-2.684503503619857234e-01
6.381921883712624588e-01
-1.923673237388674462e-01
1.092379439654069806e-01
-2.542734849505063344e-01
3.152384964750467589e-01
-5.231711493637878352e-01
6.421691018405756290e-04
-8.018870178256277681e-01
-4.784618783299997014e-01
-1.016449194993778393e+00
1.130027573556116050e+00
1.400137683000617916e-01
-9.286468765475012210e-01
-2.032647844355499611e-01
9.066528689627018078e-01
6.408520233677458267e-01
5.917909216849033260e-01
-6.206432481482944130e-01
4.697727502861029913e-01
-6.453878611677480448e-01
8.252604506463813161e-01
-9.744581626811990027e-01
-1.585820828455329068e-01
-7.616441903699603388e-01
9.698024055185270331e-01
9.199170800236429191e-01
-3.393319903592709741e-01
9.333632722530642578e-01
6.596606406344196483e-01
5.005793973810241937e-01
-6.344756627330787602e-01
-5.459779628981038524e-01
-4.203654352965050522e-01
2.211191085952745605e-01
4.017000456772978900e-01
-8.733616932413121314e-02
-9.343827962956319233e-01
3.769602649438721920e-01
-6.446528335904677665e-01
7.865088649665484821e-01
5.853608138034411823e-01
2.364866311389099973e-01
-5.770704085374154246e-01
-1.029209639412620447e-01
3.591774446598632320e-01
-6.176215918879046640e-01
4.919319349007202913e-01
-3.716543066337278933e-01
-2.376583321767555823e-01
1.017991296935045753e+00
3.800548010023371837e-02
-5.785593896255072366e-01
-3.269147292303886676e-01
-2.979138874860509656e-01
1.236862716328359646e-01
2.254465296325904589e-01
9.708595322631805580e-01
5.167311659930914347e-01
1.896762042634647649e-01
8.923866147039130059e-01
-8.450718567091954903e-01
-7.063031399119568121e-01
-3.891585514613569163e-01
-4.148260766542579692e-01
-5.442077624203385255e-01
-7.422011801867445246e-01
-9.742465380265781238e-01
-5.568226547123430459e-01
9.947636448626917538e-01
-5.709267356616232192e-01
5.987958547950258947e-02
-9.043479904937192781e-01
4.667796254556622060e-02
3.987381348798255676e-01
7.927906327807472397e-01
-5.378654658143897649e-01
-3.064641163932986800e-01
7.973300366822066998e-02
8.878304405181627335e-01
-2.541317668084545067e-01
-4.112797439684691136e-01
7.960510663525242059e-01
-3.780988774808669017e-01
-1.734404084474445162e-01
-7.756738265741116578e-01
-2.774004579807135551e-01
-9.767898331166389170e-01
4.729000046490643427e-01
4.051585143854350424e-01
-9.453950819452343612e-01
-2.317912080417636744e-01
-6.705123163844100009e-01
5.945053496457454179e-01
-1.299931877493731569e-01
8.585512895613068851e-01
-6.259583641908137430e-01
-1.396092030111389659e-01
-4.272464306879464324e-01
1.515795715669696619e-01
6.606968018399963505e-01
5.933207602302350558e-01
-2.724129917065153395e-01
1.176691738453138625e-01
-5.424370216892242524e-01
9.186970992814619263e-01
1.524979469097988705e-01
-2.906944711599570574e-01
3.546987379617747571e-01
-9.384693586856360792e-01
3.957077472950982777e-01
-6.755293212346331622e-01
-4.016037426876351013e-02
-5.052856942703982668e-01
-2.104940568831299430e-01
-8.302210275759913660e-01
-1.196853964627520028e-01
7.029071994473217178e-01
4.964699446847028463e-01
2.272617517232597972e-01
-7.392838821508809222e-01
-7.903034058986349586e-02
5.888309066219016286e-01
1.879871617031698694e-01
4.392933029282022339e-01
3.369835171616479830e-01
8.665821982555792502e-01
-9.644595317162116821e-01
7.723991188164349708e-01
9.193678791042401155e-01
6.003737929826795383e-02
6.136349866956729571e-01
7.871947304570363624e-01
4.392837532871237127e-01
-8.831847347075741927e-01
-2.583175420162575620e-02
7.644445938972732613e-01
7.714099260243250100e-01
6.212685363909273839e-01
-7.073903458160528679e-01
-1.871073561500485316e-01
-5.358471071422417076e-01
6.804761256530669211e-01
-9.290414095285876028e-01
-1.049330165039155105e-01
2.635466557133330778e-01
8.711898199974532631e-01
6.758111490935283516e-01
4.910051480029533622e-01
6.012357352552664125e-01
-6.215972031466666659e-01
3.812520083902452006e-01
4.025500003508337699e-01
1.014195866874886498e+00
6.381460426166360445e-02
3.129096544305738914e-01
-5.564775209973438219e-01
-8.370505626095287033e-01
7.753752600304513187e-01
-6.760991638881945764e-01
1.875753823113004426e-01
7.738670773579106044e-01
8.562594104614478230e-01
-7.104773064587106557e-01
5.691214494895223686e-01
4.604339837203919039e-02
-6.505859373740565665e-01
3.410985214410828803e-01
7.430736868213865254e-01
-6.731443243429227064e-01
8.811958864473254938e-01
8.023104133471461452e-01
9.609616401446867684e-01
3.695013251899295081e-01
7.136341528778411547e-01
-1.496186701217132597e-01
-1.146977638178206943e-01
3.714162609291442596e-01
9.432798268765316685e-01
-8.078987835912336823e-01
-9.028957748108489278e-01
7.952468778583643427e-02
-1.204310118061475698e-01
-9.208950515960864225e-01
8.974325668476696993e-01
-2.636795555101090205e-01
8.448497767016909243e-01
9.176908779851900011e-01
4.976510269685958665e-01
8.379063458338653625e-01
-9.599306237024274324e-01
-7.886091377754408382e-01
-7.376842224179693819e-01
-5.000749572676206345e-01
5.969827598015214898e-01
1.465402082862024280e-01
-5.445283866061960687e-01
3.498633664013488520e-01
5.635239427043119420e-01
5.861500872055612488e-02
-1.017883412928890507e+00
3.790380827306077949e-01
-2.163479474999294716e-01
-2.899563549136348062e-01
-3.445651200754304977e-01
-5.714273143402783806e-01
-3.171702221687111578e-01
4.973262839244469991e-01
-9.445253674117576326e-01
6.365258107577730085e-02
