-5.760191992723492360e-01
3.726552029640273211e-02
1.296959288644238539e-01
5.713708960791693547e-01
1.038610437831340549e+00
7.143945530590916082e-01
8.307410916202412343e-01
3.562343099342488717e-01
6.601733456642436826e-01
-1.886994852348757579e-01
-5.842753045521118516e-01
-9.027958267384021962e-01
7.708918093557277640e-01
-6.219305846498868195e-01
-2.520030403876253322e-01
-7.095896725203798550e-01
-9.370980805108283240e-01
-2.164407043357503557e-01
2.493104507253505187e-01
2.761361073434256408e-01
-2.576889812844427863e-01
8.298820017977217578e-01
6.520513422824436578e-01
6.088896355499049395e-01
-4.140216219212491389e-01
-1.827003515337892736e-01
-9.939277064381610849e-01
-5.399748589863446746e-01
8.297153521047280211e-01
2.243932979519512871e-01
3.164591879170236544e-01
2.302993958814158193e-01
6.548286170707030562e-01
2.285721249736751837e-01
4.283748450546451814e-01
-7.271471826269133576e-01
-9.687738202072507798e-01
1.924277796853783862e-01
-7.047194878224436465e-01
-7.864367833535921282e-01
3.245874049084293000e-01
4.783697962740526277e-01
-2.994666613828851354e-01
-2.994647671446322157e-01
-1.204835918520936744e-01
-6.018193674213674349e-01
1.259626871521284386e-01
2.166862710565620187e-01
3.857905943425572470e-01
-1.082764040195305644e-01
-2.625162698399203798e-01
5.318448159886681736e-01
-3.199117422132295996e-01
7.240263121033578830e-01
-6.709399843614131109e-01
-2.888127164827483107e-01
-9.525443429001176909e-01
-2.990655202931993273e-01
4.365992926041792344e-01
5.539157391928678509e-01
1.073133361744624814e+00
-7.439661007536673143e-01
-2.847346719683469529e-01
-8.628416984199254181e-01
-8.753274161101014528e-01
9.255323581093301000e-01
-2.141845073965742974e-01
-1.599925112512887715e-01
8.993470540369823407e-01
-5.526767014103881603e-01
-4.968358383651762245e-02
2.862728447953297728e-01
2.294945106848422789e-01
-7.695030276035996764e-01
6.069305552861803399e-02
-3.849296447364187745e-01
1.688157411130579433e-01
8.561141161189150806e-01
-1.126456652716142148e+00
-7.527922870692698165e-01
-4.930959391600109321e-02
6.890397511879471359e-01
5.833667364540600087e-01
5.137354302179307775e-01
-8.139889213108643107e-01
2.698865545197176585e-01
5.136854433344097970e-01
-7.967876273616565364e-01
-3.179371094849142154e-01
8.457726086563600587e-01
-8.971284622057909552e-02
-8.496987946817340376e-01
-3.900654596070778357e-01
3.288224407434070518e-01
5.538743642894168318e-01
-8.930978900711135093e-01
-5.036317322745872405e-01
-7.941600400506069329e-03
7.591586078807543991e-01
8.477569524245609500e-02
7.603903014896333801e-01
-7.849007509075192068e-01
1.438059155569002545e-01
-3.525295752666394167e-01
4.392612564081326276e-01
5.518740477190609006e-01
-3.802666463862514057e-01
-6.396838170721274031e-01
4.710321207375026686e-01
-1.650972604237410657e-02
-4.254656648324982027e-01
-2.461753891222800972e-02
1.554247145209131098e-02
4.712889453538036122e-01
-6.181987508569083412e-01
-4.839110305466361450e-01
-6.063152654808546815e-01
2.759262219934678351e-01
1.632527170797357374e-01
5.035418973859060454e-01
8.213583947356766224e-01
3.963300293563796206e-01
2.729288935123004300e-01
7.406373034656699161e-01
-3.461955270886904468e-02
-3.621785693572481257e-01
7.724745380087053581e-01
8.239626923007246917e-02
7.086939822251859811e-01
-3.799639653960292796e-01
8.332764574340907338e-01
-9.887860499327274511e-01
-9.809710838159424462e-02
4.123976564271838452e-01
-7.552634499638806176e-01
-5.959428143361493735e-01
-5.620609345574160143e-01
2.838492341218993853e-01
4.038018879134250838e-01
7.695804025508812263e-01
-3.549393031623688799e-01
-9.590246265382746937e-01
9.043387876923707491e-01
-7.493761351964375317e-01
-3.364115872657115203e-01
-4.285986949820346226e-01
-2.727864799309497323e-01
9.502072005882225558e-03
8.816303465809580686e-01
-4.518247752696741282e-01
1.242245014429584071e-01
4.756285660668995718e-01
-9.396786355546931091e-01
1.215437806824745670e-01
4.522742505992294326e-02
6.494574885698947142e-01
3.243121330608935704e-01
2.600730836861225859e-02
-1.739690102065416522e-01
-1.169247621250762759e+00
-7.245026871286681658e-01
9.297786250445794209e-02
-3.554752530189951298e-01
-1.045249934020550109e+00
-4.040929321859350054e-01
-2.944576990774870340e-01
-6.604370617282875333e-01
-2.524900005179151474e-01
-8.980683773841635631e-01
-7.879721503032814933e-01
-5.339018688534677981e-01
-3.858207790430947526e-01
-8.062406166823661291e-01
6.017076825523768324e-01
-4.499331646671087537e-01
-1.398503099719601295e-01
-6.979921540690061654e-01
7.195871172557908313e-01
-2.765422282000762899e-01
6.830026411366254546e-01
7.638505793003733668e-01
-6.450953955922206218e-01
-8.149529155272408065e-01
2.124810161352677917e-01
1.810156349823646704e-01
8.556266889228800743e-01
6.628135117853273250e-01
5.123682835536960134e-01
-7.183639878828491643e-01
-2.532591771490489418e-01
1.374091821381622225e-01
-6.492849465712184909e-01
-9.070629839096371327e-01
6.164189966743386373e-01
-3.304640524333398166e-01
3.898445482932617612e-01
-7.498222972847732315e-01
-3.730625192602607942e-01
3.865617912790274557e-01
-1.850006151751000805e-01
3.302143467545486377e-01
-7.385769136046968497e-02
-9.473758497361584041e-01
-4.457106476824892471e-01
7.584853294507880594e-01
2.674212163058910519e-01
2.121351446185140710e-01
-1.018639219431575871e+00
7.493539486731525257e-01
3.230975210643221018e-01
-7.893269529645300375e-01
-9.342088922747125990e-01
5.579170560244559596e-01
4.171439322533496696e-01
2.190982021859777529e-01
-1.032258629507210923e+00
7.943122807903306715e-01
-1.065444104984405005e+00
2.525856953024355200e-01
5.905886177444177321e-01
-6.246033937884225562e-01
-3.010549900355738995e-01
-6.599739135789015609e-01
-8.058064659949735198e-01
-4.324630334256357456e-01
-8.195135014990913014e-01
-4.116613786684983900e-01
7.255997694547778876e-01
5.832077614851249869e-02
-5.490641693776535659e-01
-5.876167881981810837e-01
6.661070238922832676e-01
-8.709460552106815800e-01
6.447837771933638829e-01
8.069718972349938513e-01
-2.262078161784026875e-01
4.792742442952105386e-01
2.068492570337641112e-01
1.855374316449944772e-01
-3.688029283579086215e-01
6.482247756087696766e-01
-4.045373726569422290e-01
1.977589206698793234e-02
-5.228966855271077740e-01
1.099990681300125478e-01
-5.602294752016994117e-01
-4.770900793506538951e-01
2.739689642399579239e-01
8.967688956607606787e-01
8.788125695915083302e-01
9.133538632573936500e-01
-4.683551636991041267e-01
8.374293330262843060e-01
6.507493015110608070e-01
-7.781648649650324545e-01
7.405151370070340855e-01
-1.391255243587663504e-01
-7.279203594057628290e-01
2.788481842461199012e-01
-4.104234340762227817e-02
3.349211170757326883e-01
-7.798556660132232032e-01
-3.392243275285202753e-01
-8.304923492557918507e-01
6.762031003908213211e-01
