-9.650219281266865234e-01
-4.600995434874516343e-01
1.000000000000000000e+00
-9.106891557669483106e-01
-6.560156427270245061e-01
-6.186225374041617320e-01
-7.367186398919101098e-01
6.112391484143269160e-01
-8.742746894872170937e-01
1.920563993189132734e-01
-7.959584019782030007e-01
4.291661810895198714e-01
-3.529060519945037000e-01
3.687099852075907680e-02
-4.159861201167731060e-01
6.702439581393515589e-01
-7.733324695579258945e-01
7.508576623305460718e-01
-8.975464009011862032e-01
3.319774446833768933e-02
-4.054756439052158434e-01
8.190918187767377567e-01
8.478266954111610687e-01
8.449632157361447460e-01
-3.914196250972072910e-01
-7.088857649818596229e-01
5.545202638074462342e-01
-2.739048285143075301e-01
-3.944924394263209511e-01
-3.614186507348551292e-01
-8.587626072752529982e-01
-9.043960392896905898e-01
4.624181272115741592e-01
-3.732598919080665212e-01
-2.303070786987081453e-01
5.078746209699889214e-01
3.134289848802483403e-01
-4.399121146083811995e-01
2.339004222024462787e-01
-5.362624143880380112e-01
8.185757118180337910e-01
-7.153131002399588656e-01
1.653379944561458037e-01
5.640240865147307936e-01
-5.334586859983356799e-01
7.176286469654284961e-01
-1.160007388627213309e-01
6.477909832352182207e-01
5.392590196268226554e-01
-3.208842083750251817e-01
1.835423338454543196e-01
5.777939900391428907e-01
5.256564371338050545e-01
1.000000000000000000e+00
1.839707608299768760e-01
-1.732716949083815128e-01
-9.575408393441566801e-01
-2.149751397997154145e-01
-1.000000000000000000e+00
8.133029721769630127e-01
7.149100101670190499e-01
8.249317297679971128e-01
9.685890028245349725e-01
8.033302597123581634e-01
3.545628292214579314e-01
4.012018293672892644e-01
-2.099074212802660711e-01
3.167663971215258778e-01
-8.723705602624224342e-01
8.286463722752979155e-01
1.057137317156713330e-01
9.348631749942422076e-01
-5.764609192759082568e-01
3.944537737312978076e-02
3.822583004225446057e-01
5.203495545389762444e-01
5.059525398880870828e-01
-7.374024873761896304e-01
8.240414197732292001e-01
-5.764583837980137293e-01
-6.590853505136793355e-01
-6.092091796015105531e-01
-1.000000000000000000e+00
7.964973456255101114e-01
-4.223623089438530709e-01
-4.652794098122477878e-02
-3.859586821875375939e-01
9.047861566598305316e-01
7.335078403036449091e-01
-9.368449360239093915e-01
-6.155584080549070247e-01
-2.291179550880213522e-01
-8.558451816175747240e-01
9.069471477372373913e-01
-2.945720943202684849e-01
3.714122041187517542e-01
9.925526190136089999e-02
8.125653558603571636e-01
-1.114192477427281419e-01
8.758911798783703545e-03
3.714327031152418468e-01
-9.147600244536817637e-01
8.514540242916728285e-01
-8.038522945546546783e-01
6.450298670071725748e-01
-3.886537423751990628e-01
-8.348215198870501119e-01
3.557447203490458065e-01
3.997857403835458623e-04
-4.642556779120858290e-01
8.696528579675650850e-01
5.058414675025273421e-01
-7.401331021937185284e-01
-7.426349029473994223e-01
2.268977397914014316e-01
8.423570671158030487e-01
-7.198209436487477131e-01
3.088973396389799175e-01
-1.988570852884314899e-01
-1.098583067177057587e-01
9.770375437014543196e-02
1.000000000000000000e+00
1.051118914080753919e-01
-9.676121249741791441e-01
-4.942975362259105498e-01
-6.105539732083667959e-01
1.096895956829433694e-01
3.724133347284201978e-01
-4.213128741210279138e-01
1.000000000000000000e+00
-7.316998979196813746e-01
-7.382975374083451670e-02
-7.022018381287410405e-01
-2.118060493549334955e-01
-1.000000000000000000e+00
1.000000000000000000e+00
3.493463934098893775e-01
5.146271248709841650e-01
1.000000000000000000e+00
8.005426753489204295e-01
3.029831488129017814e-01
-9.810987719265368279e-01
-3.930087310240952814e-01
-4.445042369304563756e-01
-3.738367207070980580e-01
3.737724697179554689e-01
-2.313770145201577907e-03
2.680636528815875108e-01
4.892793274405907722e-01
4.523287465433540877e-01
-7.593056244579354797e-01
1.111293132171704279e-01
-5.516490830200900808e-01
2.693151530897607282e-01
-2.019069735652296305e-01
-1.062861707568791836e-01
1.000000000000000000e+00
5.042044944557668718e-01
3.034761793034619348e-01
6.427301999768113561e-01
1.000000000000000000e+00
7.438110513556176473e-01
3.914653651687157732e-01
4.478825284677000473e-01
-8.814028621947047615e-01
-6.984100141347602264e-01
8.633413918481238625e-01
3.109567996540036350e-01
-8.229518345080411024e-02
-5.349456392309526187e-02
1.748146329397023413e-01
-1.815085349400955561e-01
-8.471297647561738808e-02
-8.689784639324165116e-01
-5.634031209642202942e-01
8.719592596828836806e-01
1.000000000000000000e+00
9.050857638240492609e-01
-3.472692913484212718e-01
-4.688878758513655987e-01
1.415670715536600233e-01
-9.376495598938383580e-01
-7.061612470774343286e-01
7.665436070416176140e-01
-2.118386855862644802e-01
-3.520061275654121635e-01
-5.406837577532869199e-01
-6.273501483913327403e-01
8.842834888764633527e-01
8.638438907397768540e-01
9.244142586666734829e-01
-1.000000000000000000e+00
8.279071478586812194e-02
-7.291974260234661553e-01
-8.618293905732635762e-01
5.071520586719029389e-01
1.701792137206507571e-01
7.148699029182191689e-01
9.100290656429037561e-01
3.817103573821804541e-01
-7.988394304933554846e-01
-3.514336283910162173e-01
-5.524235104883395975e-01
-3.156745480383486013e-01
-3.937201714216240767e-01
5.710529206656640433e-01
-4.480050620184833909e-01
-9.396995276785427009e-01
-2.653348319263998945e-01
-2.676929207542916300e-01
-4.593160947017698170e-01
-8.374189932876766607e-01
-2.622922230543889288e-03
4.656344131453462598e-01
-1.807728642884017523e-01
-1.807068544009534650e-01
-3.227708125497030789e-01
3.803686965455398972e-01
1.312584783109693176e-01
-1.834602908114884023e-01
-1.409626044668231826e-01
-1.000000000000000000e+00
-1.000000000000000000e+00
-2.144922464192768746e-02
-9.293235144172057316e-01
1.061370943258950206e-01
-1.306272533258597268e-01
5.086859674740380755e-02
-3.003161989768598494e-01
2.905528305425184588e-01
-1.687558021288818044e-01
-7.896336326926076676e-01
1.671100818073166794e-01
-9.297146341086461874e-01
-3.134647758838944309e-01
6.991328978142130612e-01
-2.245379728533828945e-01
-3.350826764774144095e-01
-5.178151611198387183e-01
-4.077864321218014898e-01
3.643436267721746891e-01
8.676769508976086565e-01
9.852327620843246425e-01
8.237968786614487948e-01
-1.495699762446041081e-01
-6.543700596843200490e-01
4.661957256384626769e-01
4.433710399063583996e-02
-3.460071276579750332e-01
-3.672147438118947282e-01
-4.497874387208221358e-02
-7.759486696545064843e-01
7.274822502376243616e-01
5.694462750816754459e-01
1.472746534831320953e-01
-3.031592950121066998e-01
-5.488108871831115509e-01
4.408248330143213489e-02
5.942740998644100436e-01
4.629387385538024091e-01
-3.135334812011780214e-01
7.847586177220233772e-02
2.798966908016005117e-01
1.485627759233044132e-01
2.804339716290178419e-01
