-5.614894861988142249e-01
2.468656865453941751e-01
-4.025002012087645076e-01
-7.095584077624048636e-01
-3.390589736306777180e-01
-5.819578207846205498e-01
-1.175393880678824998e-01
-1.170250766071256887e-01
-1.918184299760082867e-01
-4.898349597349371809e-01
-4.063746536557366618e-01
2.648813770914815180e-02
4.470703195539702524e-01
-4.193426761980874051e-01
3.046023939318405205e-01
-5.481481165743808948e-01
-2.391414023829183666e-01
6.119137713567185388e-01
-3.997473265370027340e-01
-1.496636249467584445e-01
-6.475378580395060313e-01
-3.481623176315398749e-01
8.700759786613379010e-01
-9.942723863457361144e-01
-6.893754091456828492e-01
2.115414764685797644e-01
-4.469115864715573760e-01
-4.552846068387945699e-01
-6.037228967964163306e-01
1.673129132194042246e-01
-3.597040068550927394e-02
-2.039813035551257536e-01
-8.929625465423292052e-01
5.759793487948050572e-01
4.271087680474923154e-01
2.503127891336447419e-01
-9.498744983407055864e-01
-2.759931445545255047e-01
-5.799151198263078344e-01
-1.000000000000000000e+00
-6.504086640892781102e-02
5.477562603556289655e-01
3.112767534414623838e-01
-1.042596623138693085e-01
-4.376741595307134247e-01
-2.954643405794931121e-01
-6.394620852048767956e-01
3.108009450910349525e-01
2.649730865100259347e-01
-7.043532643018294293e-01
3.279391431575016114e-01
2.527657380068576431e-01
-3.503441551432895373e-02
2.400727439537588825e-01
-2.998893045048800499e-01
3.101828041710306127e-01
-9.630098043638042338e-01
-2.701319855751119769e-01
-2.777658628937518248e-01
5.771393827486079875e-01
-7.848231383933681471e-01
-6.477710899890394280e-01
9.950924801118981033e-01
-1.141318272735486333e-01
-6.945136886004230625e-01
-2.411996669864938103e-01
-3.529585882956023934e-01
2.173651600781399129e-01
-6.511860684268937494e-01
7.555133861186735800e-02
7.142687037073860434e-01
-5.690191335474789058e-01
-1.942774952834056545e-01
1.000000000000000000e+00
9.020670776368809873e-01
1.000000000000000000e+00
8.722150200851882529e-01
-5.364342347437278669e-01
-1.292065578932004299e-02
8.754403512865389647e-01
-6.255503062062081621e-02
-2.729241435538942717e-02
-2.493051392030445068e-01
6.613429078509933667e-01
2.916285532281239767e-01
-8.702023189967649230e-01
-2.451334884028454897e-01
-9.525307744600343129e-01
8.968629376524661634e-01
4.031900586462551228e-01
-5.312565100398410900e-01
8.558210757251182299e-01
3.268985962880681662e-01
-3.749649810594853916e-01
-8.480648515617423833e-01
9.737164228367461982e-01
-6.988838426807781889e-01
-4.095255665605657125e-01
1.925256373272687949e-01
-3.041247640355855264e-01
-6.247616908085789067e-01
2.833054995132158749e-01
-4.003951086860185193e-01
4.864606414325105543e-01
-7.784050288712712762e-01
9.080814763327123007e-01
7.632837295948439182e-01
-9.879042139810394474e-01
-3.101892198388569444e-01
1.899247307073343993e-01
-3.777501976255632776e-01
8.467886630286431959e-01
-1.515875236916757740e-01
4.514378857237153486e-01
2.671492553702301542e-01
6.273991790782198485e-01
7.054080284013181101e-01
-4.608522770362621923e-01
9.757617675800507318e-01
-4.971869937725819089e-01
-7.565295551737778457e-01
-6.144367821909260119e-01
6.623010511372562359e-01
1.000000000000000000e+00
1.296941449056772111e-01
8.583060493977929806e-01
3.494817268628183093e-01
6.046347647830921934e-01
1.229956039774231513e-01
3.542892409778995444e-01
-9.179417910039506801e-01
-6.310502221897609787e-02
5.436167703746330737e-01
-9.484357088690995585e-01
7.692953299488249908e-01
3.143524254959910724e-01
7.012180622086883197e-02
8.792544840447857890e-01
-6.840214797574921679e-01
4.239677129162062741e-01
4.100827787811573422e-01
-4.367764171368489490e-01
-3.414337999794558876e-01
-1.554291103790241824e-01
2.521382279101875845e-01
6.313323157703389921e-01
-8.671769589983950866e-01
8.823633756082935875e-01
1.000000000000000000e+00
-8.922400802205805448e-01
-8.169825766916121168e-01
1.843290671596425900e-01
2.723833521185813900e-01
8.550043476267872311e-01
1.000000000000000000e+00
-5.625051137524559319e-01
4.561532838071040707e-01
1.000000000000000000e+00
3.756885236172176068e-01
-6.997009293073563896e-01
8.978653712359097039e-01
-3.475641820829881157e-01
9.739927844433956539e-01
3.541463421768144548e-01
-9.136916813691748906e-01
1.842560063356054045e-01
-7.729675399712163664e-01
-8.737053760105957245e-01
-7.106588199187346966e-01
3.062542125904688106e-01
5.930414684482853138e-01
-9.526393506685344459e-01
-2.420690052430156947e-01
-2.575148434929975805e-01
7.752606365109627751e-01
4.527411841102382262e-01
7.264249307222172547e-01
3.007738391809227085e-01
-3.836116195015351615e-01
-8.859637469597150261e-01
-9.288866743367959478e-01
-5.668804203061587055e-01
-8.114509242559686530e-02
-2.317984995941012316e-01
-1.969959711679227787e-01
-2.548526959201678488e-01
7.507976196892598986e-02
-9.188477065398229504e-01
7.429573803909970131e-01
5.975410607814855002e-01
-6.281083442405624995e-01
6.122282218098362705e-01
-7.529673520999038416e-01
-8.909690376985842653e-01
-7.880457209445046463e-01
-6.328157730512569135e-01
9.314622080807439808e-01
-6.101205451953214398e-01
5.516827860647879889e-02
-3.937591688275023927e-01
1.528501575252103617e-01
-3.140765218093211075e-02
6.431864293452393966e-02
4.822019467827746153e-01
2.783794042868106278e-01
8.474560273861699855e-01
-5.620905075107771598e-01
-7.314384949580182704e-01
1.222909468752022555e-01
1.221426493941019792e-02
-4.375100833691121793e-01
3.392445171674287607e-01
1.882458298474126018e-02
5.992898406831210778e-01
-6.687940466280146712e-01
-7.958729641033237545e-01
7.162857873660998242e-01
-3.806091556613827587e-01
-4.555171949006306953e-01
8.310123204466978164e-01
5.940466112647058150e-01
-8.885024626545848792e-01
5.199843001754825833e-01
9.301932035203210880e-01
-4.373676843624096366e-01
6.625716008399895607e-01
-3.559882976950110578e-01
-5.662811964308486212e-01
-4.231519005615675955e-01
3.709525047341766246e-01
-3.641594623326434021e-01
-9.204990161970960649e-02
4.439782663661500095e-01
-4.699295433553166701e-01
6.281228972882082484e-01
-7.286876519903722205e-01
-6.482466032429461400e-01
2.539221913602651703e-02
4.954823738622382567e-01
7.953083072801925280e-01
-7.244852190891126753e-01
-4.759617938135247694e-01
7.887123968608684699e-01
7.071621180839959830e-02
-7.851687210939005679e-01
-8.510429860794597179e-01
-5.653157602001974702e-01
6.482757932831049175e-01
3.747653869177443031e-01
-3.521662424423067650e-01
-2.831676536715546089e-01
-1.000000000000000000e+00
1.568380246087064389e-02
1.178201945326064481e-01
-2.841911822263512022e-01
3.409339327622487037e-01
-7.288981950629958018e-01
6.462752716592332636e-01
6.055018352602349330e-01
8.916598794066562528e-01
3.406795805089242180e-01
8.694563358649132212e-02
-8.630443112976521336e-01
1.092018386170745536e-02
7.471622304430317607e-01
