3.831709694510716524e-01
-5.878196200325417342e-01
1.580429819835041938e-01
-5.620833628010000194e-01
-5.249455229218955576e-01
-1.277537172354925588e-01
-7.658546284638187984e-01
-7.181638853394282929e-03
-3.469506862908222633e-01
2.114979966509105413e-01
-5.997505313640377755e-01
7.377746222615775284e-01
4.448908795818081741e-01
6.939179700771995751e-01
5.687702362186628502e-01
-1.000000000000000000e+00
7.636418933647453056e-01
-5.722522324091159351e-01
3.217215855906397914e-01
-3.991106661024308999e-01
-5.032519107207651388e-01
1.337157728051096561e-01
-1.678832353500534502e-01
1.395137467827236577e-01
3.269453964323066342e-01
-5.809245046486009034e-01
-6.575092876494423866e-01
8.127314008517219079e-01
-9.518397110694403196e-01
9.514868102909838088e-01
-5.280322780027327245e-02
-5.845578734842212798e-01
1.000000000000000000e+00
7.104654091449127407e-01
-2.691221530895515635e-01
-3.997485362707840495e-01
-7.405659824192003526e-01
5.538663703534207894e-01
8.560987220414648657e-01
-4.855051134019246484e-01
-7.758543531625354817e-01
-3.173995629888499703e-01
-1.152109184856340979e-01
-1.113801313761238199e-01
-2.363422099372023966e-01
-3.154911330264958957e-01
7.244060011106299157e-01
-1.075847085972299749e-01
-1.137268271091813471e-01
-4.074321498184804158e-01
9.343926820882081374e-01
7.496448119544907307e-01
-4.209155952623032659e-01
6.193495269197528685e-01
-4.098176661679499566e-01
6.402263493474830147e-02
1.000000000000000000e+00
1.255265889326014073e-01
-5.552237555056444007e-01
-5.598805919338319947e-01
4.114877288833587166e-01
2.794261957869701440e-01
-4.692247566452754926e-02
-7.537552874516780799e-01
4.890353684085919084e-01
9.261032335057716169e-01
5.095365526026679470e-02
-6.478968485147111878e-01
-5.495595730698623615e-01
4.214110609777842464e-01
7.211260536690645706e-01
8.918529269182476349e-02
2.930297102955719546e-01
6.035906688533096975e-01
-2.281171282869835504e-01
1.834715573229758756e-02
1.000000000000000000e+00
6.819658887795778668e-01
5.816396484994688088e-01
2.955060162692350056e-01
2.049342029721109015e-01
-5.100505147282310969e-02
9.181588956708157667e-01
-1.943267827918981894e-01
-6.174768621563733184e-01
-8.475964357326406518e-01
-7.221223398311853447e-01
-4.446241921340439718e-01
-4.462956139522760157e-01
9.872615353577014474e-01
-8.781379713485175653e-01
5.729954854292714783e-01
-1.000000000000000000e+00
-6.661641237456175091e-01
6.345891458386128114e-01
1.000000000000000000e+00
6.984955104882832611e-02
1.000000000000000000e+00
2.827924732168923261e-01
-5.365794015303237963e-01
-1.795163786610688705e-01
-1.157191493357777323e-02
1.205025112546128374e-01
-4.116283787780371239e-02
1.655929426009219441e-01
7.372754744748101219e-01
-7.902360247583906094e-01
9.514452090164706721e-01
6.203109688342288708e-01
3.086734268217939947e-01
7.687834925501302319e-02
-5.061209462380077406e-01
-5.179963368071125451e-01
-6.374628973289599987e-01
-6.347820661273355647e-01
-9.663105974411337895e-01
6.445101243956643522e-01
2.364543958626162158e-03
7.341116230718759406e-01
-8.083130060507516257e-01
-6.792706722376043449e-02
1.286588049423862401e-01
1.472465498701761022e-01
-2.522313544807729402e-01
-5.937653164714471465e-01
6.720734091537918786e-01
5.004260256779113902e-01
-1.645048358826704527e-01
1.000000000000000000e+00
-7.076477352201012705e-01
5.330341676329384271e-01
2.637695397968217725e-01
-1.571942628511020235e-01
1.124872617253198093e-01
8.521036342716625800e-01
1.908182379780967164e-01
2.740804978431000127e-01
6.467598976976921543e-01
8.062873222726666400e-01
-5.122232867429040715e-01
6.270185370858283314e-01
-4.788816503826156534e-01
4.389334915306918883e-01
9.665352687475957660e-01
-7.946205835499327019e-01
-7.803664231234807014e-01
3.985635181577762420e-01
3.162443116126526510e-01
-7.156903720174045969e-01
-5.919094249401115615e-01
3.666051730237424588e-01
-8.196509796220627919e-01
-6.093403780296353656e-01
-5.438453637043672018e-02
5.645115507388850373e-01
7.819974557880751131e-01
-2.152064835431787837e-01
8.988949550082058204e-01
4.404837701297584784e-01
5.018821268626219023e-01
-5.781929983733115064e-01
-4.688746163741045470e-01
-2.318342952157478876e-02
7.032414550089300942e-01
2.366031777754578069e-01
-2.473451587942800400e-01
9.516584948205419892e-01
3.895658969560270024e-01
-5.011758949195927598e-02
-1.123479589178355276e-01
2.926044769296307635e-01
-9.259765581910470722e-01
-1.220114291072779827e-01
-1.513515282868535261e-01
8.178185630579712928e-01
-6.707069211228222638e-01
1.623639116993783882e-01
1.821812705628342854e-01
-9.289533323954620725e-01
-3.610638541725214729e-02
3.375520435426582755e-01
1.342844560873738269e-01
-5.542814338800977625e-01
-1.938216216206658238e-01
2.660214245603920169e-03
-2.549845062414856089e-01
-3.256539928024288488e-01
1.936894051223058688e-01
9.075712028776942997e-02
-4.484278072701052831e-01
1.363841163705346859e-01
6.765108121784221273e-01
-9.947452443874142958e-01
1.793395548374985826e-01
3.556606938784546701e-01
2.863453553591273071e-01
5.028517903905973530e-01
1.633171852497543597e-01
-2.996450290721343057e-01
-4.079094794687680992e-01
6.626261068518634056e-01
7.821715874723086381e-01
7.325921278904586886e-01
2.115663993257329289e-01
-2.668552006595411585e-01
-4.935381043359815534e-01
2.193057259199418518e-01
-1.173570369154064708e-01
-9.244512008369161205e-01
4.012865574835816629e-01
-2.025936050145459300e-01
4.570936737257065285e-01
8.885987305083178356e-01
-3.568625330197743861e-01
-8.921278621053039259e-01
-6.083634268876830786e-01
-6.354345269893290071e-01
-8.782374445472150848e-01
7.076070230357034418e-01
-1.464411398547004473e-01
-3.834596241958613261e-01
-2.626123106734090662e-01
-6.588405715032918941e-02
-1.488401210916942552e-01
6.465890208905892278e-01
-9.206085627444400565e-02
-1.000000000000000000e+00
-1.961140825190879622e-01
7.261468055383848430e-01
2.746350051138510828e-01
-1.153657396235985289e-01
-9.848091905388900447e-01
-1.819961621546705155e-01
8.206848259323320516e-01
-1.311245151501217732e-01
-7.880930156420040689e-01
-6.308511814564625730e-01
-3.979017930447648066e-01
-5.764892311453642115e-01
-8.989100628698279971e-01
-6.040342142765841027e-01
5.125817954437493773e-01
1.358114246305397455e-01
-7.783870384969396872e-01
8.756438661905487919e-01
-5.458902741552396076e-01
-5.874896603486972069e-01
-7.747796653891655394e-01
8.912198752685078773e-01
-1.489797503715331040e-01
5.386616653599793914e-01
2.933647741228868622e-01
7.142260045648755051e-01
2.716123632579462432e-01
-7.559426202489034630e-01
-3.797474633314462111e-01
4.349997531413544727e-01
8.538834142228227675e-01
7.400699346917316568e-01
-3.437935343517030118e-01
-4.357219793413736886e-01
2.874060477844966321e-01
-7.479622832698966661e-01
2.718961397000277946e-01
-4.286496459525983571e-01
