-5.946496823543920840e-01
-7.803737282098289763e-01
-9.570870543120137963e-01
-7.695837919388186510e-01
-2.870708773029827521e-01
8.990749911779403192e-01
-5.759272539275127611e-01
2.095164595690854614e-01
8.587972707174950093e-01
1.000000000000000000e+00
-5.005215213800430496e-02
-4.424105297760035360e-01
-6.367448959412386200e-01
-7.902573118964340004e-01
4.378859025169046237e-03
2.795993090888253541e-01
-5.424921341923988338e-01
-5.335590670264684920e-01
-9.715935667106402329e-01
-4.128451029625421764e-01
-5.852794116800587032e-01
4.951499456706884850e-01
-5.046014151983992946e-01
-6.566425488383496878e-02
1.486332446772662408e-01
-2.440763403797343301e-01
-6.848885740490273655e-01
4.274766900029627337e-01
-4.776356599622771371e-01
-6.560895262318049426e-01
-4.163631134468347983e-01
-7.837290550913955656e-01
-1.185039047356943043e-01
-8.380595398264280016e-01
-4.717278175954924269e-01
-8.522817842442108605e-01
8.586682682202342320e-01
5.109959989915173750e-01
6.209447862733802337e-01
-3.571955644940395108e-02
-5.798846585352486205e-01
-8.505156577366516091e-01
-8.577889211153039151e-02
8.321429460084168728e-01
-7.670622123603537679e-01
9.384609500270428839e-01
-7.477640566702739022e-01
6.145883919208296187e-02
-5.780683956509911070e-01
-1.000000000000000000e+00
-7.198653069422372708e-01
-5.056888090405421421e-01
-8.914677445186180993e-01
9.719428059840442558e-01
-3.429248341878876616e-01
5.774464556383973601e-01
1.000000000000000000e+00
6.081027605934317126e-01
6.131182836166887418e-01
-1.601263017073117911e-01
-5.429077452672678161e-01
1.000000000000000000e+00
-9.143874570993340556e-02
1.203711980046792279e-01
-1.039959963966617662e-01
3.740709537123025896e-01
-7.464423691729383803e-01
-2.527623214854658046e-02
6.775863083419449984e-01
-5.682051782957306396e-02
-1.431103012621799953e-01
-2.054970282163922357e-01
7.920872083373138306e-01
8.709035643982260266e-01
3.797750746877376904e-01
9.991511274909644635e-01
-3.750459884305367697e-01
-3.344905620136757185e-01
8.125656074956908448e-01
-2.993770516898429657e-01
-5.133516716976640470e-01
1.000000000000000000e+00
-1.445810468831934537e-02
-8.490527728926791085e-01
8.999398034464378693e-02
1.571453818285702408e-01
3.986057396493139504e-01
-9.512973174032259838e-01
-9.931904017913185667e-01
8.742513114028999111e-01
7.455487630032284763e-01
-5.829071695772588546e-01
-2.383090743192344263e-01
4.952242779563083563e-01
-1.095768144314450965e-01
5.983263930761063554e-01
-1.908368325129603527e-01
-1.000000000000000000e+00
-6.849005312696200276e-01
-6.538672688630152718e-01
6.202108291575196830e-01
-4.140023518847743556e-01
-9.459707742582621481e-01
-6.960022049660186116e-01
-8.833468075372165051e-01
-1.805370972652931005e-01
5.016733409341944672e-02
-7.791837324137320664e-01
-6.613389221098810999e-01
-2.725781866380398433e-01
-1.000000000000000000e+00
-2.693093304117541997e-01
1.459682600545528786e-01
-9.173453916762371874e-01
-8.748127058649355359e-01
-5.790782286268064682e-01
1.936237497501035465e-01
-5.176292963200967989e-01
1.885240512491633269e-01
-4.699043068275648438e-01
2.520311925243991502e-01
5.528900856720042611e-02
4.182044676379376158e-01
-2.133102130149969189e-01
-5.371459415033527085e-01
1.426150237120307196e-01
-1.435241477169829083e-01
-1.374752149729800976e-01
-5.014593188109098820e-01
-6.143626287748009673e-01
4.678464898159138685e-01
4.364227451819919779e-01
-6.122604244220929415e-01
-4.821378244827902448e-01
-3.316366463946519016e-01
1.383527024231380742e-01
-5.208408093888143853e-01
-1.673741696190062800e-01
5.679755175905831788e-01
4.551890180837134814e-01
-3.244318484245941603e-01
-6.760349012740149988e-01
6.915281504651725752e-01
4.934938958916582075e-02
-8.983415772572195257e-01
2.860991386475928433e-01
-2.021762448837870763e-01
7.413880167116154718e-01
-5.007125867767001637e-01
7.509212411819846666e-01
-7.902457807727600869e-01
7.676318214887076774e-01
-6.908776217458980629e-01
-2.296714741995238840e-01
2.630883598036294901e-01
-1.000000000000000000e+00
3.202147491906990884e-01
8.004270384439587938e-01
5.510247745446239520e-01
-6.619196787291008466e-01
-3.958317149484328890e-01
-9.352028550515586458e-01
-4.753668357452534021e-02
7.587356947633023818e-01
6.310702206965146388e-01
-8.182570820233606712e-01
7.089905110711561820e-01
5.676171184905853817e-01
-5.181908138030723032e-01
-6.931272556859707779e-01
-6.366781301772928003e-01
-6.875377028129681101e-01
-2.711616476904546436e-01
7.740362189445540997e-01
-3.979282609091405187e-01
7.699718855614998692e-01
5.732424247635014014e-01
4.177582965662339776e-01
-4.857481938573408597e-01
-1.046972277718864475e-01
-2.913892714703858466e-01
7.964615356217189523e-01
-6.255411432539360606e-01
3.798744556709580111e-01
3.284171362018615259e-01
3.557713478818653741e-01
2.355539855970983643e-01
8.941790545250598576e-01
-9.318830055134477153e-01
1.503831147077924202e-01
-1.061871723616125973e-01
6.594895255746371365e-01
-1.057274751031606064e-02
8.380463545269067893e-01
-8.767432836618130887e-01
7.663635883550662387e-01
5.713468268986693355e-01
-5.076198646420041483e-01
8.932137907676139521e-02
-1.633464763309839807e-01
-5.831742717341015236e-01
-1.000000000000000000e+00
-8.405708240015264954e-01
-1.000000000000000000e+00
-5.810609273190198154e-01
-1.000000000000000000e+00
7.070977257883284128e-01
-1.290998114465226887e-01
5.457719013814122944e-01
-2.294526509728258279e-01
5.169845958567089728e-01
1.965132142009942684e-01
-1.542330981333158157e-01
8.200051363709559560e-02
7.908417915185593783e-01
1.002850671471692684e-01
2.228745554285126995e-01
9.028576655935809381e-01
-4.285989342080267495e-01
3.934374993908684726e-01
6.988664270618910601e-01
-4.186858905165213862e-01
7.752769534503376470e-01
5.588060253348201556e-01
-2.545601007171156005e-01
-8.290916765745892647e-02
6.494038333480878222e-01
6.559186053491010693e-01
-4.081184609267109187e-02
6.816628747022013268e-01
8.228429525059841598e-01
6.599831439018505330e-01
7.360575567748606218e-02
5.822926757126363206e-01
3.600632821463354838e-01
-6.724986627656699689e-03
-7.588420202388534985e-02
-7.652604389939458018e-01
-4.324359499145793428e-01
-8.784699265658728606e-01
-5.649693663483255079e-01
6.826508084092387518e-01
1.257488785718597346e-01
-8.064206728010920866e-01
-5.407388524054491663e-01
-9.562473511806171000e-01
-4.446605749482021031e-01
-2.508968321050891181e-01
8.521173715150769379e-01
1.071233046836692071e-02
1.960884360200389476e-01
2.126841368726096471e-01
3.222930172708876606e-01
-1.145651610580527696e-01
8.818782222349068611e-01
8.002476698693736235e-02
-1.000000000000000000e+00
1.000000000000000000e+00
-1.083534904426394219e-01
7.249968173340223809e-02
-7.490847925011439035e-01
-1.000000000000000000e+00
-4.178108745675624403e-01
-7.398671855735254876e-01
-6.952770304115523103e-01
