-1.000000000000000000e+00
-5.609245841496699470e-01
-4.659982499894599894e-01
7.942318386029031396e-01
9.433670640786941120e-02
2.230747988292581807e-01
-2.632744833890965919e-01
1.088887252777406972e-01
1.049436996052159066e-01
-3.731900380688684682e-01
-7.112110366147400553e-02
-1.000000000000000000e+00
-2.401083724103831030e-01
6.671629213839578298e-01
4.433742329175162644e-01
-9.770475790546301331e-01
-5.604203766084138172e-01
6.209593648867046678e-01
-9.163864072339094058e-01
8.320738014830233453e-01
-5.267277860195233030e-01
2.565396766271496945e-02
5.364522670408005123e-01
-2.806721901618308701e-01
9.620235114723239001e-01
-1.572538681209102174e-01
2.722384718176049101e-01
-3.711506367971538212e-01
-6.857379198213769955e-01
5.808713699952312570e-01
-3.308381729187727383e-02
-2.654691476537263672e-01
-5.272234989465266475e-01
1.813302935797425353e-01
4.549847512687009154e-01
-1.000000000000000000e+00
9.762991520519986866e-01
8.444225001049071588e-01
6.396745749434228356e-01
4.306609990209883110e-01
1.000000000000000000e+00
2.879595581424567730e-01
-6.403000216057177507e-01
-7.405091296572937631e-01
9.523985077109244912e-01
-1.000000000000000000e+00
-2.522087480401849491e-02
2.541142421403773562e-03
-7.284484141507503452e-01
-1.000000000000000000e+00
6.260136202030426311e-01
1.837029023052711429e-01
3.516180298773178836e-01
3.522483567077804023e-02
2.408294784166706975e-02
-6.826680986672459817e-01
-8.638188602007277339e-01
-4.671308963229722777e-01
4.235901375807837876e-01
-8.340516092332572740e-01
4.824462504576447763e-01
-4.051404403416723476e-01
-5.813383193416071792e-01
3.064994531977157100e-01
-2.142941709108681092e-01
-8.988210758659848088e-01
9.684890535272958623e-01
-9.730661531729906111e-01
9.860447192212334899e-02
1.628470554008231985e-01
-6.946532459657622782e-01
3.646854608370769246e-01
1.717168016841547906e-01
-2.507998729440112928e-01
-6.721224391356812877e-02
-1.000000000000000000e+00
-4.861244586589138494e-01
4.393858702992781140e-01
3.250099045493990424e-01
-6.058230465538712028e-01
1.336056037058308901e-02
-3.608017937082420579e-01
-4.830172282297293118e-01
6.235809898673572160e-01
-9.761726584533663154e-01
6.277016641261519148e-01
5.721577892102328589e-01
4.025208771233590999e-01
-3.543435977638159096e-01
-8.271398829900928895e-01
7.890702477242300672e-01
5.374745997054841684e-01
-4.657253558198728438e-01
6.721668747972060487e-01
-2.820543616142747734e-01
9.513388326141438700e-01
-4.115895392599717151e-01
-6.484464991510047183e-01
-1.435626813581590555e-01
-7.257783484362961834e-02
-9.801746026748536789e-01
-3.739153731618126697e-01
1.449746039115171470e-01
-4.603551700854913165e-01
-4.568997940542939840e-01
-2.254270696212809233e-01
9.659334666119580026e-01
-5.024745137678325868e-01
4.637508861986462949e-01
5.609798553414382383e-01
1.996829223934835917e-01
-7.913675779280764377e-01
-3.959045165801351462e-01
4.927537576158131927e-01
1.607956709902075010e-01
2.907266349718860832e-02
-1.000000000000000000e+00
6.493443331013636355e-01
1.746308624673941767e-01
2.716226710020652746e-01
3.522409235832253405e-01
1.059243758956466969e-01
3.402194653560515203e-01
5.467485494084958764e-02
4.294020593398400476e-01
1.829086553844140942e-02
5.291910890834867764e-01
7.759418237078397063e-01
-1.689906410516350266e-01
4.487746334909188395e-01
2.316040940967938611e-01
-5.976623172310343568e-01
-2.121815445757980201e-01
-1.841018501251062145e-01
-4.587463707885751640e-01
-2.753358521707410800e-01
3.965129314082170287e-01
-7.886543963220534748e-01
1.260726595355684820e-01
-4.921460057380923070e-01
-5.280052211300587661e-01
5.362109054419204046e-01
-1.276631875497802326e-01
-1.494056254787782811e-01
-1.219766439313266226e-01
2.254759331570830028e-01
-4.838035798457001602e-01
3.842005333652707133e-01
5.943336749767580418e-01
2.228646591775330643e-01
2.199313832604173902e-01
-7.397027106587930056e-01
1.000000000000000000e+00
-2.786327523390152439e-01
-5.080170677940510915e-01
2.427481518825060913e-01
-1.000000000000000000e+00
-4.680738875146830263e-02
-9.684715020044513123e-01
5.054604973562134562e-01
-3.024008074714584771e-01
9.737407217673059723e-01
-7.302691125661320282e-01
3.737564407586079218e-01
1.404680892358528832e-01
-4.674424413988421123e-01
2.439588689122177967e-01
-2.179809466040693311e-01
-3.507235938350746762e-01
6.591223412618294475e-01
8.173192408234669637e-01
3.905339379349183626e-01
9.171996562991939494e-02
-1.000000000000000000e+00
1.000000000000000000e+00
9.795352792122047347e-01
-1.696853315777399618e-01
8.748058595106926738e-01
-1.000000000000000000e+00
-6.264521115720006472e-02
4.069188546624839808e-02
-4.123659609759381950e-01
-2.895213775995266609e-02
2.078741433929003624e-01
3.308121563758428252e-01
-2.125475214520857192e-01
-4.899661142298570304e-01
7.047599757287227318e-01
-2.271551290945000023e-01
7.546400346074899623e-01
-2.369072681725581109e-01
1.635622499193703783e-01
-7.335514697769329739e-01
-4.987287588924737003e-01
-2.695592912212435577e-01
-5.676597116033500479e-01
-8.760098867129882949e-01
1.355703159717970840e-01
-7.151071230373167165e-01
-1.774697102832025475e-01
-9.450346145540244880e-01
-9.762941237660678340e-01
-4.729898696849242357e-01
4.273266179890756189e-01
4.652303720407057197e-01
7.588024826553733115e-01
-4.665601872134619299e-01
2.102056429014764749e-01
-3.794212266684907076e-01
1.000000000000000000e+00
-7.790739163769433429e-02
3.213130460681368206e-01
-6.598934952812655075e-01
8.280289394414497295e-01
9.551944367546628678e-01
-1.340431425462325632e-01
-5.512897238152657531e-01
-1.000000000000000000e+00
1.552856570594079721e-01
-4.690138466078037083e-01
9.662424753007321510e-01
1.000000000000000000e+00
1.154231564101421276e-01
9.252640287354816362e-01
5.950400828811057696e-01
-4.784853282636084004e-01
6.151938988685549115e-01
-9.112223875869340795e-01
5.272006159816260418e-01
5.066704495282911003e-01
-9.792681901581040682e-01
-1.000000000000000000e+00
6.395746501501083925e-01
2.480178807199249769e-01
6.520567209118798280e-01
-6.476286280036078757e-01
-9.617848644606408204e-01
-3.189979776886052720e-01
5.010215956327161990e-01
-2.012233886244894077e-01
-7.019380211827150884e-01
1.000000000000000000e+00
-4.129760992726888569e-01
1.826068375710287184e-01
1.000000000000000000e+00
-3.316979935782927158e-01
5.300188917611453610e-01
-8.257338191309033792e-01
3.260455127911243700e-01
-5.506681232645269652e-01
-3.270803855304407204e-01
4.427199672012280263e-01
2.706460434763830469e-01
3.971096924501764103e-01
-1.000000000000000000e+00
1.645385607660401484e-01
-2.543375026760884561e-01
-5.001004951995593473e-01
-4.540915008607391279e-01
1.130421782074388926e-01
2.834352453410756909e-02
8.494003383236174987e-01
1.000000000000000000e+00
5.327382017834096928e-01
-3.767908570025315096e-01
