

gen best mean std
0 89.558539 3.572832 22.010659
1 89.558539 14.609908 30.646345
2 89.558539 35.19745 35.841121
3 90.386611 55.703376 34.997066
4 90.663229 68.337353 28.937437
5 90.919688 72.743996 26.633755
6 90.919688 79.235542 21.663139
7 90.919688 79.974084 20.105707
8 90.919688 82.96221 15.853666
9 91.033561 83.636687 14.851669
10 91.033561 82.963483 16.418316
11 91.033561 85.22934 11.564798
12 91.033561 85.044594 12.460089
13 91.033561 86.326102 6.935149
14 91.033561 84.762592 12.984302
15 91.033561 84.828018 13.867076
16 91.033561 85.937775 7.77318
17 91.033561 85.626512 10.046942
18 91.033561 85.79811 8.907064
19 91.033561 84.51054 13.456291
20 91.033561 85.809554 9.366779
21 91.033561 84.689161 11.693292
22 91.033561 85.659813 11.155457
23 91.033561 84.956099 13.391188
doomsday
24 91.033561 74.452482 29.601287
25 91.033561 81.1347 19.826163
26 91.033561 84.216686 13.781481
27 91.033561 82.806974 15.840263
28 91.033561 84.514067 13.17619
29 91.033561 84.1944 13.060623

gen best mean std
29 91.033561 84.1944 13.060623

gen best mean std
29 91.033561 84.1944 13.060623

gen best mean std
29 91.033561 84.1944 13.060623

gen best mean std
29 91.033561 84.1944 13.060623