-1.298283793183502843e-01
-1.882549374471429449e-01
7.907957251301424018e-01
1.608608456829540567e-01
-5.817901921007331278e-01
-1.428732959949788606e-01
1.850539682040208411e-01
-5.289839032812995168e-01
-4.762231251221907824e-01
3.601971716031532322e-02
2.445743141382849262e-01
-5.125614893232285363e-01
1.492942762352157393e-01
3.039280332766339798e-01
-4.113972690258882459e-02
-1.788866164723874330e-01
1.993684097163484215e-01
-3.288619329271164071e-01
4.907911537737554286e-01
5.927534891848115217e-01
4.953952173475503762e-01
6.589241845472175729e-01
7.219910504214546165e-01
1.759155659990997989e-01
3.678699178184534624e-01
3.493253061127211678e-01
-4.568066927493832918e-01
-7.640098208652792433e-01
-1.380345525960791908e-01
-2.134219159833704582e-01
-2.360352601755327795e-01
-2.329910685557723404e-02
-5.044908392925877560e-01
8.996992323679620096e-03
-3.086405454627999534e-02
3.194266272848970689e-01
4.964202764232233944e-02
3.844331140053542928e-01
-4.821320109205745608e-01
-4.511215593174045524e-01
6.744381944436288467e-01
6.916086248129151848e-01
3.828942421490012515e-01
5.305504586908597053e-01
-7.393087186627403384e-02
-7.148854349995698021e-01
-9.010804456265171236e-01
-7.635753244227770908e-01
5.800609440152535434e-01
6.715837750695605735e-01
-1.718535069209893851e-01
-2.524546911982595843e-01
-6.173846089267298609e-03
-2.288923784401400985e-01
-2.032528928871884522e-01
6.099418902304016843e-01
-2.884753738278397761e-02
-2.216984365832704029e-02
-5.602996977188071659e-01
-9.820973763780236343e-01
-3.820688613684466439e-01
-5.107558584320555095e-01
-7.852347172799069019e-01
5.304240966469947471e-01
5.972579959302957153e-01
1.454944652383969861e-01
-4.565234480672163420e-01
3.337538736209643697e-01
-3.062565958400902955e-01
-6.807074588668737825e-02
2.174623825976986780e-01
-4.680242935684919559e-01
1.596854055956947183e-01
3.981549171435543322e-01
-2.928730885147060592e-01
2.475495440384670731e-01
5.230546084138774088e-01
-9.440440106934988584e-02
1.243554643779676283e-03
1.146031830668298168e-02
-3.851167368819516379e-02
-2.955458022927178741e-01
6.412820387127804445e-01
4.122772641320818776e-01
-3.190517104769630130e-01
3.193397654288796517e-01
2.034346292538804224e-01
-4.997037183693868734e-01
5.616411918882686649e-01
2.877884591438495399e-01
1.577144179860628936e-01
-2.546320827615337068e-01
-4.339083766661701591e-01
-9.030704170439246559e-01
3.261574406522687042e-01
-1.121340044141868053e-01
4.763786126048811242e-01
6.458750302616482752e-01
6.885171458440406678e-01
-1.894267249279736332e-01
9.717927584602814584e-02
1.287962479935802484e-01
6.717977771626097994e-01
-8.633840266329254609e-01
-7.231002077039815068e-02
1.017747308043959187e-02
-3.548684151165172329e-01
4.642700564422130860e-02
3.609046187602633626e-01
9.787225179526182206e-02
6.573688625197344759e-01
-8.046489937117435876e-01
1.877002646292306176e-01
2.917660858332433993e-02
-7.175127073812315182e-01
-1.299288947966148466e-02
4.054037718390804401e-01
-5.094820313793557709e-01
-2.079258479177140684e-01
2.507080956730842747e-01
-2.136819193455733457e-01
-3.348249204127416445e-01
-2.527883479123416155e-01
4.108736233477215394e-01
-6.131362404004360167e-01
-3.444252634731975182e-01
-8.012349564106566180e-02
1.267290708633582175e-01
-6.452238493817347154e-01
5.405364374452727994e-01
6.149342162666139311e-01
-2.863443080912153604e-02
2.983808485752556527e-01
-5.415938290120019261e-01
-3.165569623914204489e-01
-5.388113676620196468e-01
-8.221762723062714384e-02
-9.548853074532315244e-01
2.895288797822542781e-02
7.143123363771516909e-02
-4.505538031850916947e-02
9.425913969836346995e-02
7.758272834342561097e-02
-7.677217217704556118e-01
-8.759261431669132514e-02
-4.459675287175296488e-02
-6.956759920925971175e-01
3.160031625167598612e-01
5.147325912458797781e-01
-6.951190270063409837e-01
-1.178382222252076506e-01
-6.668061966176780375e-02
-4.885885628063890707e-01
1.514956421634596206e-01
3.172393623935117479e-01
1.775568547714166667e-01
-8.819079411517488643e-01
1.608163638400349760e-01
2.953188867809564133e-02
-4.774852974950027917e-02
8.222563469114417822e-01
-1.612669945918883685e-01
8.313274650737775273e-01
-9.010360834783098793e-02
-3.075141545650723063e-01
-1.361196333959504567e-01
2.681691184631773694e-02
-1.325209586473086176e-02
-4.894882061503775805e-01
-1.698964569549762382e-01
3.456900105162067915e-01
-4.120334772039042914e-02
8.212653908976266237e-01
1.319889524033453498e-01
-1.079222769538316085e-01
-6.712378595260971581e-01
-7.671159861326792839e-01
1.441029281213864754e-01
2.183420369275151929e-02
5.816792855767586312e-01
-3.343831550303655309e-02
-2.048447376295238209e-01
-3.702254941373312458e-01
2.566770434606953644e-01
-6.501355755882217702e-01
1.795752253927431208e-01
6.987295496878794809e-01
4.885927894479444311e-02
4.878061623996446383e-02
2.655251859916181179e-01
-3.384382184276065186e-01
4.163295898765644737e-02
-8.444055493438051840e-01
3.701034661077277632e-01
-2.110411006543289336e-01
5.973585025520400382e-02
1.033391360181330487e-01
9.233748712851119755e-01
1.300933802615390766e-01
-4.670486986183257638e-01
2.158957755105266885e-01
-4.343827733016628057e-02
1.237580427856735943e-01
-1.200137619994024879e-01
-6.909644207115817061e-01
3.414055858762882201e-01
-1.861868924478580767e-01
5.131267677709026032e-01
-3.141413404804913601e-01
2.831188223005962623e-01
5.127553272180016553e-01
-7.658045542895435265e-01
7.865001146326554560e-01
3.367089369705285051e-01
8.831923250456572005e-02
-2.787594550313257091e-01
-5.432474891751708501e-01
5.942986346271283971e-01
-3.703360099359296886e-01
-4.635936460287221061e-02
-4.655898613142143150e-01
-8.861083230315975889e-01
-1.149317852999378609e-01
-8.791804433065986135e-02
-2.126822304966992094e-01
5.646231852941534513e-01
2.662264359615216791e-01
1.355005886622248634e-01
-3.483789574740759343e-01
-3.289251304885906224e-01
-8.365175791162048347e-01
6.820847378724863574e-01
3.459180597871430729e-02
3.633518849660722361e-01
4.978397544982114953e-01
3.000592950429120109e-01
-1.896459385816728904e-02
2.061278345758642550e-01
-4.058483976717026653e-01
1.822284704340819683e-01
1.930745868338965832e-01
3.443806701067131382e-02
-7.758299566697053340e-01
6.864848039788571388e-01
-3.123448787846571095e-01
-2.068557325159420257e-01
2.023337204647962517e-01
-8.019947959232052170e-01
4.017932648241714366e-01
-3.555968512598401965e-01
-7.887206175592811341e-01
-5.029955809092860886e-01
5.105955362308304268e-01
7.773567135628515201e-01
7.442466102989916954e-03
2.987912079266866749e-01
5.723960973894571813e-01
-1.696613844586274400e-01
-5.955196975535692605e-01
6.735594676417623605e-02
-5.467447091541670634e-01
3.266148108950360784e-01
-1.648507661372510258e-01
1.394995802423286135e-01
3.969105408525553935e-01
