-9.251331799095442454e-01
-4.384348927215441782e-01
4.977991816016983373e-01
-8.036185171251747361e-01
2.199798565863721467e-01
-1.820714654323055681e-01
-6.293115588656923443e-01
-3.758436921709957801e-01
3.728064087414166283e-01
5.887098837054708378e-01
2.488970442649372505e-01
1.000000000000000000e+00
3.934369276934410742e-01
8.134011758504151590e-01
-9.281022724033372029e-01
-1.000000000000000000e+00
-2.024319387317046193e-01
7.121884591614457277e-03
6.160066046036093423e-01
6.846063851896436736e-01
-1.594158426795584949e-01
-6.135701023192453585e-01
-6.175506516742289564e-01
-8.691041820160143594e-01
-7.772102396696621840e-01
-8.799729003480848410e-01
6.160632293649694891e-01
-2.997423497932495406e-01
1.013488403142574247e-02
-7.869009564065002627e-01
-9.633201407559353890e-02
-3.833350327390663281e-01
6.334076616514324742e-01
-1.267549557555149864e-01
-6.214820749385312482e-01
-1.000000000000000000e+00
1.474501564633835249e-01
4.497278173643548538e-01
3.417691590865029605e-01
3.543716433146303357e-01
1.469854167033034786e-01
-7.074281792852881168e-01
-5.844941292165917179e-01
-9.556278159098759162e-02
-6.169842055025682725e-01
5.342274943911051732e-01
-7.273837251777865998e-01
2.161004923451561588e-01
-1.191732951490294123e-01
1.000000000000000000e+00
4.175713137612643844e-01
-9.811382943534556755e-01
9.525484987781264179e-01
7.676207591899703031e-01
-9.253936188957746500e-01
4.506232437787525136e-01
3.452821396288390660e-02
7.912999786245626666e-02
-9.928237383574800567e-02
1.199683804776820739e-01
3.292781686989482148e-02
-7.560853884803767633e-01
4.607210420019062225e-01
-2.790499079118063386e-01
-3.381840094372263739e-01
-6.181976938006412681e-01
1.452584468628599357e-01
-8.535674026683903737e-01
7.625104931766697458e-01
8.341131005405840737e-01
-8.661533257616710335e-02
-6.733976268991829217e-01
-2.176389073529914620e-01
8.601870639538606866e-01
-3.982331043008713323e-03
-1.151080679047719463e-01
5.332970151128783171e-02
-9.767153596868120013e-01
-1.803090715452992931e-02
-4.065485340670338399e-01
-4.654926031949469523e-01
9.265051021831522959e-01
1.248765863017789121e-02
1.035301273242471287e-01
8.655582430673699479e-01
7.427399817967371698e-01
2.011654176373576797e-01
4.653398311105610974e-01
3.415354590706976001e-01
-1.874375871709761388e-01
-3.276695958051990126e-02
-8.212987396469180190e-01
-4.487561588194923234e-01
-3.166275154359986244e-02
7.880057716857904460e-01
9.080581348120875251e-01
3.919087001005297499e-01
-1.492400507047847158e-01
3.521573734576918246e-01
-9.654271381949677266e-01
9.178910160833967380e-01
4.756783655667378152e-01
-7.761801537926205086e-02
-3.147951488754230365e-01
-1.330443853613370586e-01
-8.455926932577005894e-01
-8.766860473490578620e-01
-9.110717523358176084e-01
-5.867138984977067206e-01
-3.514167814934553435e-01
3.501712973973420961e-01
3.183040561328072116e-01
5.209436083633219722e-02
-9.078408627605640824e-01
-4.241155545305667907e-02
-8.480202046492810730e-01
7.739823640498805224e-02
-8.617641857060465149e-01
-6.072173654697881062e-01
4.899833967626758824e-01
6.814563798783287440e-01
-1.925326933644570249e-01
5.637106018944009200e-01
-8.287936814426051235e-01
1.000000000000000000e+00
-3.586017318771154150e-01
3.546679951837525824e-01
7.334700352869343298e-01
-4.105025343049669151e-01
4.624848080636301262e-01
-7.740114540092228879e-01
-6.159130987177058314e-01
-8.282891394064917368e-01
2.103367568842536839e-01
2.308980182286920202e-01
-1.123214744293267037e-01
-2.199808350956635183e-01
-9.411444080567423764e-01
7.598768920833567364e-01
-1.694157398989245000e-01
2.883273826505682036e-03
-5.214840771577594625e-02
-6.392739076542692800e-01
7.443106549053710164e-02
-1.000000000000000000e+00
-7.843203926625186284e-01
-5.545133156998678370e-01
3.755155068485997449e-01
7.793608289203570738e-01
7.567155746309215392e-01
-4.706972687633699803e-01
8.350792215951606812e-01
-7.377857624961727812e-01
2.304181479494548657e-01
-9.649240850242729595e-01
7.777187837574695006e-01
-4.759766417997094434e-01
-8.753949898015214170e-01
-5.472265136370497718e-01
-7.854837627804467370e-01
4.529723141784212925e-02
3.852168124197927757e-01
-7.156397065792353684e-01
6.684016678001954981e-01
8.411086929763629261e-01
-4.607093680573107197e-01
-1.806869829768076308e-02
5.756974589752328342e-03
2.454595083149272994e-01
9.995314273556197282e-01
3.269779263251999524e-01
-9.199808423877227082e-01
1.008057246689600950e-01
7.783050974515930420e-01
6.623908411015996811e-03
-2.595851822618308602e-02
1.606601880898013979e-01
2.867319036246704922e-01
2.238094015324836039e-02
-3.830454444442088491e-01
-8.931240709126883059e-01
-6.073513400409246143e-01
-7.248833836017923860e-01
4.294134525983540618e-01
1.000000000000000000e+00
-9.385708058502599815e-01
4.569290554824149697e-01
6.122567182207341308e-01
-8.067613643782020061e-01
-9.860261701992732997e-01
-6.497308312157280552e-01
1.000000000000000000e+00
-1.501350735847494511e-01
-9.492120643413511083e-02
-1.179600141682667497e-01
-1.782197463590817765e-03
6.108556993271866409e-01
-8.114066448200314419e-01
7.567455911800615720e-01
7.190338793188427724e-01
6.156965421866041899e-01
4.746042661249800787e-01
-1.000000000000000000e+00
1.866732117076717601e-01
1.000000000000000000e+00
5.719725105840203216e-01
7.177068272123439119e-01
4.725381368922176861e-02
-5.147418738243458858e-02
-3.703628941328347413e-01
-2.834117845277711600e-01
1.785069606947020104e-01
7.137514392034002841e-02
1.488830350627178556e-01
5.619750682074449166e-01
-7.423951687914239761e-01
-7.985566090156059893e-01
8.271302475061192983e-01
7.769307304152244242e-01
-2.994630487194346324e-01
3.771295120493023956e-01
-6.289422870559662204e-01
4.677665469337182191e-01
-4.129041633671111100e-01
-9.618292177330096671e-01
-7.530685759977620020e-01
-1.269434637136566124e-01
4.832441908216182358e-01
6.097787146237914069e-01
6.502093141956100109e-01
-7.635865411478051090e-01
-2.326480094515067099e-01
3.881537252191628040e-01
-8.412738161933578374e-01
-2.932532130393789016e-01
7.671846866985997382e-01
2.402366669131956733e-01
-9.810505169854040197e-01
6.063581231559775908e-01
-4.645657140111347227e-01
6.489475321499511562e-01
7.648119984153934903e-01
-1.000000000000000000e+00
-1.000000000000000000e+00
-5.523058885431799681e-01
-8.442301844886956896e-01
-3.783131354875085561e-01
1.000000000000000000e+00
9.834996108939844106e-01
-5.593096718373664900e-02
-5.238830314387018378e-02
8.101162160673425205e-01
5.660797620263466889e-01
6.635029521197348679e-01
7.211919107231991033e-01
-9.642372160415838556e-01
1.000000000000000000e+00
-3.910079042282685879e-01
-3.868517214692058781e-01
-7.875214763011536556e-01
1.885344264884327992e-01
-9.029511119124409291e-01
-2.189702026142393843e-01
3.302540682033600072e-01
-5.453105195440729469e-01
