4.076701647791192151e-02
-9.511456967751872327e-01
-1.826090271092475348e-01
3.001574854381867663e-01
-5.165139450880509298e-01
2.376575571684825805e-01
-4.838707744786113207e-01
8.870122669997255738e-01
-9.026110561869007398e-01
-2.836204254508256639e-04
2.334038394825330709e-01
-3.865975816971121137e-01
8.412873463952419417e-01
-1.059538666537171991e-01
9.654393783572066123e-01
8.663377152627840250e-01
5.428350035393768591e-01
-7.234874502300425725e-01
4.824332585712960975e-01
4.458197617600809792e-01
-2.871274744196247730e-02
7.473817643908238217e-01
-4.675186707478752868e-01
-9.459887328692900832e-01
-1.005165014896304554e-02
1.576259572573583956e-01
7.448075306315685151e-02
1.718251136962050118e-01
5.318122464874077693e-01
-2.274868270227900849e-02
3.408759437360922018e-01
-4.763945452233327993e-01
5.944255785072649623e-01
-8.091653521370805180e-01
-7.008696305850710129e-01
-8.592560871923449195e-01
6.030426770978718487e-01
2.585809382742003670e-01
2.174485269453658720e-01
-4.122391595302534739e-01
-6.213505726056431921e-01
1.000000000000000000e+00
-7.529781500251466753e-01
8.593678615234970897e-01
-1.203974680866440050e-01
-4.201129825204719115e-01
-3.614840434033295136e-01
-7.190328557017919842e-01
-4.059650096999966595e-01
2.325373057577451164e-01
-4.770106020406433278e-01
1.768482907938970783e-01
-7.004576030154796573e-01
-4.263795921167323755e-01
2.056340087602863687e-01
-9.614338738698755549e-01
1.472974001762383800e-02
-2.116601805910498513e-01
-5.727837614711916991e-01
1.539071494067822954e-02
9.651187261355655966e-01
9.179011345519261234e-01
6.737945746045206352e-01
4.914397858425498811e-01
1.420417826705251685e-02
4.684066434342979424e-01
1.867541810451929241e-01
-5.965742204957440453e-01
-1.047220403995602900e-01
-6.503872445003022751e-01
8.440379282825070106e-01
2.784234330145416436e-01
-7.677948292167275923e-01
-9.721037181816829520e-01
-6.996181290116265661e-01
-3.454656714399293449e-01
9.164065304451258775e-01
-1.218530740675194401e-02
-7.874681720132157281e-01
1.947200854303812179e-01
-6.128217321588407263e-01
-5.548943348127788333e-01
2.122245598394242039e-01
2.859794549087480431e-01
7.506923954797024567e-01
1.240620517911519283e-01
-8.077375888518891767e-01
-1.247967037715176364e-01
-3.319843796473253006e-01
7.276653478851400347e-01
-5.422316372672510987e-01
-9.149945653208008123e-03
9.316813890809865217e-01
-3.759885523766965942e-01
-2.291530386253872731e-01
-2.782821914179398615e-01
6.703538173170850989e-01
-5.733538801821409514e-01
-7.572033702859078952e-01
9.962112243226641795e-01
2.466810515574771046e-01
-3.092916445640423451e-01
-4.027903243443363701e-01
1.318779971396880912e-01
1.000000000000000000e+00
-8.068720389968696560e-01
6.992536824065231915e-01
1.000000000000000000e+00
-1.429206111277868119e-01
-9.193020506651863322e-01
-6.054947749768526677e-01
8.584495179319773239e-01
8.886419162971652685e-01
-3.652409318065131250e-01
-9.772627482331177617e-01
6.016460988228303775e-01
-8.379404190448722645e-01
-1.019103195710235887e-01
9.717755991581895625e-01
9.465302217622604264e-01
8.059427720999745581e-01
-1.000000000000000000e+00
-4.701008046934301854e-01
-9.185213646309964286e-01
-8.234414224844526231e-01
-6.178676690018505280e-01
-3.081965936259927208e-01
6.969434580052846773e-01
-8.024706908393571814e-01
-9.570704009415544888e-01
-2.254647853927947421e-01
-8.319720762117641666e-01
5.863489269414643434e-01
2.591913093317657069e-01
-3.647603040946698627e-01
-6.059017233263039870e-01
7.140198291821264753e-01
5.375169239523467368e-01
-9.968724183468803401e-01
3.285028564756037328e-02
2.319106306734641798e-01
9.435179989792696897e-01
-8.100933453002032714e-01
5.352263695604424498e-01
1.000000000000000000e+00
8.227445345441097846e-01
-6.386273915989302274e-01
-6.279701945659214024e-01
5.894882433229170493e-01
-6.583692390481186152e-01
-6.404008011040629444e-01
-5.751656438164742813e-01
1.760899990621869193e-01
-2.173510878897044751e-01
8.497856060714736870e-01
1.843239041162370029e-02
4.851683626411888994e-01
-9.641852829837433969e-01
-1.000000000000000000e+00
-2.424263412677698515e-01
7.310970319983840504e-01
-1.159282899116931276e-04
5.364165003372851626e-01
-9.262380137403793956e-01
-1.141949175444054720e-01
-2.752533830567958084e-01
7.812421646413145737e-01
6.675992224956903698e-01
4.713791302798320260e-01
9.016781086118716981e-01
-5.440270487521665643e-01
6.794989559419271075e-01
8.676544527081884173e-01
7.687751373930797882e-01
-5.451273884516325552e-01
9.315093729007648538e-01
5.641257829353114595e-01
-5.931419469061218752e-01
3.974479223050546572e-01
-6.040848210674931718e-01
-8.292845742764076711e-02
4.693308991627838100e-01
-7.099027073974942814e-01
8.662483389462782846e-02
2.111893037245129168e-01
2.862936179990764884e-01
6.601057615210927931e-01
8.537612162997471055e-01
-1.566053290235602802e-02
-2.012211697987724701e-01
-3.950791038812173639e-01
-6.911920380076495007e-01
4.847990052118344995e-01
-5.960685376990020323e-01
-2.904245568625162810e-01
9.567773580182750148e-01
3.102957370744869880e-01
-9.657608853662078552e-01
-7.631148479831071363e-01
1.900797972578095393e-02
-1.934541246640102408e-01
-1.000000000000000000e+00
6.392458408363388411e-01
9.319515114227909791e-01
-9.534564833089003155e-01
-8.558537335308794569e-01
1.439359667725330916e-01
8.329104714058706005e-01
-8.700953146258469384e-02
4.581948730394243274e-02
-3.396793819722042640e-01
3.029567878019149840e-01
-2.738938190638757764e-01
-4.719014641810619359e-01
-4.691671588715589092e-01
5.775516991037122905e-01
-2.074994209368417053e-01
-9.745685620057442655e-02
7.882416884078147223e-01
8.306013554086069117e-01
-3.026668301191548505e-01
-3.779627277544926334e-01
6.585818669746290599e-01
-2.973751721399373604e-01
-9.173154041396034408e-01
-2.624148115555229310e-01
5.026834563609193784e-01
-3.388138507763294172e-02
-9.454190192080944577e-01
2.412198614500440375e-01
7.406075145858426190e-01
6.134141340414838578e-02
-1.440302566921805028e-01
6.546559419391172474e-01
5.192157654667737265e-01
-2.689728425787921706e-01
-8.819856483964851890e-01
-7.146693437758349088e-01
3.013659891130624491e-01
-9.085679960216738738e-02
1.600229508332409178e-01
-3.304716080605614170e-01
9.830789829087176468e-01
7.627317322613302863e-01
1.000000000000000000e+00
-5.745194710914156566e-01
-6.608127590397915307e-01
2.931800413020688723e-01
5.234765965199577042e-01
-1.521176516252360500e-01
-5.845031317392106462e-01
-3.728420075651752708e-01
-3.723998968733743808e-02
5.762163931615129631e-01
4.732527517308402487e-01
-8.793916812738817868e-01
-5.952078821294457533e-01
-1.268128729956475437e-02
8.933420234798494786e-01
-5.323023069899980309e-01
9.112370305082555522e-01
6.076997972410839166e-01
-8.668687509441006522e-01
3.284680598682438446e-01
1.000000000000000000e+00
