1.000000000000000000e+00
-2.895077150962084289e-01
1.000000000000000000e+00
-3.909948215250595438e-01
7.283611830563754275e-01
-4.529328757338831335e-01
-9.160500032203215959e-01
2.953123060691692503e-01
3.779501275164316443e-01
-9.046755569095603633e-01
8.719902752031373216e-01
-8.569743841731409795e-01
7.744755500896409739e-01
-3.079346549859307558e-03
3.098392377063567960e-01
-9.964343154602396391e-01
-1.656628560633637004e-01
-3.268001621186667482e-01
-2.681620204356814918e-01
8.760750958263536781e-01
-5.798154746958196215e-01
-8.549967903954915904e-01
-8.562247007955061662e-01
3.432151998435671869e-01
-9.863303125057983900e-01
-1.707825499969103100e-01
4.780830452426797494e-01
1.000000000000000000e+00
6.877983210209908105e-01
7.511006369119127557e-01
8.028204661307724033e-01
1.459099487941197815e-01
7.050682203978354545e-01
-8.786675381665617346e-01
-8.009387554241615970e-01
-2.226130021736019149e-01
-6.195235574219090102e-01
1.000000000000000000e+00
-6.696700771569332744e-01
-5.268992494194222331e-01
3.401705848598396420e-02
-1.920575532900164681e-02
2.737425589668046610e-02
-1.362677812705536395e-01
-3.097853134216081994e-01
7.096416876569444643e-01
6.625258712710169196e-01
5.926881695165162611e-01
-3.468644812269984223e-01
5.795847461358903940e-01
1.418992016065817874e-01
5.785054140190833971e-01
-2.638292539632742795e-01
-7.623079210341993095e-01
-8.191044676353784748e-01
-7.669224306255130186e-01
-4.515641230938305384e-01
3.021834585818476415e-01
6.231114042963079580e-01
-5.243098224775273319e-01
-9.890961950075801701e-01
-3.287883108191131942e-01
-1.182438312814159259e-01
1.000000000000000000e+00
6.394213816980764964e-01
7.277358239891928982e-01
8.698817549719570774e-01
3.403632913267382043e-01
-9.485940133329489043e-01
6.935511560891046701e-01
9.118888288503942396e-01
1.059552859300311872e-01
6.716745945370727888e-01
-1.243119485194746077e-01
-6.627731274298285236e-01
6.868706504986890060e-01
4.244242441212452421e-01
-8.173549412236793543e-01
-3.829263885354912134e-01
-8.116305196861853810e-01
-8.088739427162418005e-01
9.406258500563897673e-01
5.253472345564010881e-01
4.045488427565390732e-01
-9.975468543021125400e-01
4.443451739740990059e-01
-9.924690895174902439e-01
5.017685177494872473e-02
6.323302641695733861e-01
7.492102793448527365e-01
-1.000000000000000000e+00
-2.173830635725049198e-01
-7.382286965405945312e-01
1.806899553703047445e-01
2.460070507138639381e-02
2.890299648546924560e-01
-2.214705361502524728e-01
-7.991807825659340281e-02
-8.003138355092254130e-03
9.786325577143444310e-01
8.445075888449437018e-01
-6.968074694085000242e-01
3.835523897062986243e-01
-6.692694918298897067e-01
-2.090128527433151584e-01
4.713516438851577117e-01
-1.439980573776382389e-01
-1.187137594168266030e-01
7.164486887146865879e-01
-2.987249657040690343e-01
8.676965786380343992e-01
-5.461870547433608225e-01
3.579218901574199307e-01
1.933551308362866927e-01
5.177355953396366450e-01
9.816319677760299012e-01
5.230785595064688653e-01
-6.335672022127422087e-01
2.155369632215821118e-01
2.818498516616705918e-01
8.815581079012556609e-01
-3.562342731283545949e-01
-6.385219895497159515e-01
9.888752090940412520e-01
1.014320787023195169e-01
-9.077008194738429570e-01
3.148943200495999406e-01
-9.637295111078537646e-01
6.696790517396719045e-01
-1.129027383946586971e-01
-2.781200019985153871e-01
6.449747895967649081e-01
5.567924624593024729e-01
-8.277328045025845737e-01
3.507325459311509408e-01
-4.506218887808680074e-02
-1.595568512189979860e-01
-6.658698361197346038e-02
8.113327044137550459e-01
-7.458275238276823593e-02
6.358978717642096434e-01
1.260015733808551031e-01
2.784585494222835411e-01
7.967835365955414639e-01
6.567624183612800204e-01
-5.994030176813163191e-01
-7.832373824427815157e-01
9.340641944101069072e-02
3.191873939240761904e-01
1.000000000000000000e+00
2.526761597366227741e-01
-9.448882386373296249e-01
-2.086607629147020637e-01
6.927012650424473339e-01
2.138108169961229210e-01
9.760876403780944788e-01
2.086532224168156369e-01
8.235676335240244006e-01
6.751904756809641306e-01
2.240764283898994402e-01
1.000000000000000000e+00
-2.669946365988324355e-01
1.557785422097575923e-01
-1.580173537896247538e-01
-7.269196003780699078e-01
1.586583321105012045e-01
-9.349129286842977615e-01
-7.766307462311529131e-01
-1.090125051580595472e-01
-1.390179891518469879e-01
-4.170449530416869832e-01
-2.523545422593310161e-01
-9.963046145095092454e-01
-4.404694854669327087e-01
-5.483756660865347632e-01
-1.148930897120161582e-02
5.093160807423904868e-02
-7.579385662179195515e-01
4.298361385670433910e-01
-3.305859236892972342e-01
7.950501108862335631e-01
9.610726853315504359e-01
4.687314647908183973e-01
-8.209808247156892280e-01
-6.750848108040248263e-01
7.392063780609646750e-01
-4.831417694964303400e-01
8.660698946457119352e-01
-4.084743438773680846e-01
4.819042508242544348e-02
1.761045295230710128e-01
-9.541319596939792369e-01
1.000000000000000000e+00
5.846903998847239325e-01
-2.399091415862621979e-01
2.381131712989723037e-01
5.278327882879977340e-01
-2.635743383042449817e-01
7.550745570513741622e-01
-3.762370338603722164e-01
9.765074572428970034e-01
9.513576261854407301e-01
4.440856813227101463e-01
-4.452984415939562624e-01
-1.333873029586889539e-03
1.648902404999989246e-01
-9.637366124827045910e-01
2.419550562622890810e-01
-3.793812031699553278e-01
6.939153308961715227e-01
-3.746281188023343756e-01
1.533909111265975844e-01
-2.707538440565658289e-01
8.091246475593510956e-01
-3.705415711487861641e-01
2.009796474855332082e-01
7.901277626645580865e-03
-2.546034534134982708e-01
3.861999305045430431e-01
3.540264988032859050e-01
4.593027274513628577e-01
-2.305472454426287510e-01
-1.000000000000000000e+00
-1.295652700472103569e-01
8.577756684673566445e-01
-7.670799972686596913e-02
-7.494245720223068341e-01
2.722682809968706152e-01
2.455394748528617332e-01
-2.447352554261701396e-01
-1.563022083053778877e-01
3.561762383949183819e-02
2.254060172277956298e-01
8.394205592421204454e-01
2.157687843644884862e-01
6.218714640465272669e-01
2.620747003199254133e-01
-8.478501521315934264e-01
3.990357874786474440e-02
-1.000000000000000000e+00
-3.723911244798672193e-02
5.760108137600428169e-01
3.266808335571368127e-02
8.421915216955564443e-01
-7.194039383485727468e-01
1.000000000000000000e+00
-2.073078595624614495e-01
-8.022771167519344715e-01
3.915869008945070673e-02
-6.730172566322701888e-01
2.269427118991900472e-01
-5.551166556525559681e-01
-4.767353588734749015e-01
8.017972442149046142e-01
1.090841832871709549e-01
-4.510656547487972290e-01
5.766595256840394423e-01
-8.992645772721798991e-01
-2.686471109912503263e-01
1.380190812044407300e-01
2.863392104207324595e-01
6.748883336713172587e-02
-8.004750555456896510e-01
-6.715755044789482042e-01
9.787546344543676113e-01
