-8.346265888172972325e-01
7.923448691659529253e-02
2.049051131985333007e-01
6.428508020020285985e-01
5.036224923637022677e-01
1.000000000000000000e+00
4.753705528135064584e-02
-4.755823906245794097e-01
-8.400602726128889031e-02
-1.380934114027512760e-01
9.881915915524466243e-01
6.973474237194601244e-01
-7.756668693694529493e-01
8.023661561141032239e-01
-9.371781454215069029e-01
-2.017027309625660791e-01
-8.894488987886445264e-01
-7.354902006159662609e-01
-8.646517303477809779e-01
-7.945067644690352315e-01
6.814784203764602255e-01
1.744475121867078704e-01
-8.574324186849825447e-01
-1.315701090616861191e-01
3.701372209332307039e-02
-3.423578360788935848e-01
-1.000000000000000000e+00
-2.656208461059970660e-01
-5.048457301052382551e-01
-9.436098263125320962e-01
6.501285162572147946e-01
7.243179986209208332e-01
-3.070279508986345496e-01
5.646943663458473539e-01
-4.417119879025304119e-01
1.960523677445015489e-01
4.879676544287015472e-01
-8.376566657622199763e-01
-7.091323493672065936e-01
-5.607673596604606514e-01
5.026116327113752114e-01
-5.401285337145487198e-01
-3.039122974482478257e-01
-2.985372550584285134e-02
-1.513591838966516986e-02
-5.712340250559304611e-01
-4.649680549004531760e-01
8.844548388980146003e-02
5.120543868835859824e-02
-2.870093625208700594e-01
-3.809660311784339726e-01
9.726210660764491589e-01
-2.001862082923840103e-02
-8.039703921030828815e-02
1.000000000000000000e+00
9.237643336755296808e-01
6.154682722155625507e-01
1.000000000000000000e+00
6.649365915425030638e-01
-6.012928955674597953e-01
-4.686880546118545876e-01
3.356731954139205443e-01
-7.312379831188152712e-01
2.924055474707259461e-01
-8.311184625452024965e-01
-7.542906496261525540e-01
-4.418645607091072347e-01
-3.428552457004525045e-01
1.738851424264136192e-01
-4.836093114049857533e-01
8.305242986849670217e-01
-6.578323406237428506e-01
9.727970342696712347e-01
-2.309366101100346069e-01
9.449655007755353164e-01
1.000000000000000000e+00
1.430877454560582074e-01
-4.326884407695543722e-01
-2.602922443509858019e-01
3.450642931250906542e-02
2.570529233619910925e-01
-5.584798619651860641e-01
6.940448448745619725e-01
2.266728613195851949e-01
-6.432607736212185845e-01
1.195355158952560032e-01
-6.990985405241098016e-01
7.464440298731606083e-02
5.174876625939653363e-02
7.329620425631753200e-01
9.651471278825218825e-02
3.240344280147308687e-01
3.838375455968215388e-02
-6.524670281180560139e-01
1.000000000000000000e+00
-8.728253356111198569e-01
-2.265291095040221914e-01
1.207559737828693969e-01
-2.968073630095152127e-01
4.249175886290201820e-03
-5.827480599324539323e-01
-7.959687748376437222e-02
-1.996764146605675971e-01
-5.127210519613311090e-01
-5.486724237759743605e-02
-9.215000357814628895e-01
-1.157661660446990259e-01
4.748986136380308198e-01
4.345842563113308521e-01
-4.084489669815943858e-01
-4.284377417564578239e-01
6.525387409055183330e-02
-3.715895718331185815e-01
9.584774233411172961e-01
2.967038094054547104e-01
1.000000000000000000e+00
-5.783534854431836569e-01
-8.976794872356033683e-02
3.933695218107018110e-02
-1.556258766928051984e-01
5.904528746829014185e-01
5.446328857545428281e-01
1.295420893627154124e-01
-3.112223551909977792e-01
-6.076048684386761156e-01
-7.588856748841585342e-02
9.491186658041146362e-01
2.301281656747176108e-01
3.841890975070781922e-01
4.171717005452220128e-01
2.825998743744425057e-01
-6.164779552607551061e-01
-5.731658743973679915e-01
-4.114335154781179060e-01
8.292756067015549792e-02
2.590432426937302468e-01
-5.523676269234460978e-01
-8.999770708068135505e-01
6.535998751246274718e-01
8.741549066220837272e-01
-3.528108255028676310e-01
7.784999193870278944e-01
-7.280427690814670338e-01
-9.383973165657158999e-01
-8.479060935574252167e-02
-2.113096057877824063e-01
2.135954022538654185e-01
1.168960946311557864e-01
-6.285214536323290302e-01
-7.388747066376921691e-01
-9.613601083979326223e-01
-6.641824557895179559e-01
1.152546311354852998e-01
7.749596405581926639e-01
-2.330270776989023240e-01
2.415335833459702763e-01
2.579837996957561330e-01
4.554231864712508515e-01
-1.000000000000000000e+00
4.295726001710257203e-01
9.513924323063105426e-02
-1.216835373290226091e-01
-6.693051344228166943e-01
-8.896484360521761392e-01
2.230877889068445807e-01
-1.324832169179185060e-01
-6.895722855160363318e-01
9.462882822868751154e-01
1.964457167851817454e-01
-1.000000000000000000e+00
1.000000000000000000e+00
-1.293117537259025895e-01
-2.264622239329546205e-01
-6.503077891178288272e-01
5.065092654036443820e-01
2.908428306061907609e-01
3.684378994569889598e-01
6.980393524987524856e-01
-2.987108609529479653e-01
-4.405939711523715330e-01
-4.069308720314889771e-01
-7.305148809235182394e-01
-2.638720402111860430e-02
4.629328959996346082e-01
-9.140190558196853443e-01
-7.193797432956542393e-01
9.030446815196344623e-01
6.714264299494261401e-01
-6.932734263129627372e-01
-1.122443753363985830e-01
8.881256528837357944e-01
6.805358898998548067e-01
7.593591013774579623e-02
4.303300194581278215e-01
-8.124360344188557015e-01
9.200292525199320615e-01
-7.543609119512389993e-01
9.447161670022452551e-01
7.197279344284037705e-01
-8.663187785869527202e-01
4.107613811025382367e-01
-7.494726928181023595e-01
-4.404219063470116713e-01
-1.519995628107169150e-01
-1.171176775331441294e-01
-7.377242647750115179e-01
2.124360348438772417e-02
9.994140819496007966e-01
-1.871800018654854736e-01
8.438425491139630585e-01
-8.670414655597897813e-01
-3.585993082623176731e-01
5.012189303969096787e-01
-7.684886515973761434e-02
2.557704119680387911e-01
-3.093385568891745541e-01
-7.439794342607228828e-01
2.872297929792673177e-01
9.863754057918818763e-01
7.900221471757573610e-01
-2.277831200489358054e-02
-6.490054402903459030e-01
-6.144842849538915130e-01
2.271153080979606831e-01
-7.621705682196775467e-01
-6.447465960398095497e-01
-4.251025489401499269e-01
-8.359885301000774538e-01
-7.791775840666366193e-01
-7.880710761271205733e-01
6.855805920273572163e-01
-8.213660130702095108e-01
1.000000000000000000e+00
8.175487964801239071e-01
6.857059932519051770e-01
-1.325822572121196363e-01
-9.115101838534152012e-01
-6.017105004895149101e-01
8.636008470130867032e-01
-9.924163201975783055e-01
3.195184135214240717e-01
-1.000000000000000000e+00
-3.312842545579169351e-01
8.757953317525390968e-01
6.132259385454910117e-01
9.127246906877561905e-02
-5.446441380048638869e-01
4.127912867254309170e-01
-1.807976631807633183e-01
-5.121342226465963599e-01
-2.319437423556362510e-01
2.951221544781056916e-01
1.670567602774960247e-01
4.806711045953198091e-01
-5.138541371081615239e-01
-3.932373757030470651e-01
-5.043732756988656973e-01
4.016012241300153107e-01
-3.104740051718435923e-01
-6.556704976203699964e-01
6.703040166525000565e-01
6.498687390051323121e-01
5.409299621363298227e-01
3.034313555670351548e-01
1.316567704500615221e-01
