3.808452870212067909e-01
7.673747170255906802e-01
-5.247323908153951333e-01
8.500038660082291919e-01
-3.664014156958302904e-01
6.345085782632321481e-01
7.384225873995031719e-01
2.078369727598109451e-01
1.541205600229908768e-01
-7.263950900090446750e-01
8.995062134916907981e-01
6.966462758714522252e-01
4.126298540835746653e-01
-8.500464680114594440e-01
-2.305661472485886210e-01
9.805989335603344514e-01
-4.096740521150294967e-01
9.248317923592639378e-01
7.347845292123049710e-01
-1.918560059355731984e-01
2.108176073335463474e-01
8.105358466675478823e-02
-2.195818539419298610e-01
3.566392623939353967e-01
1.810484489762633209e-01
5.391383158277085474e-01
-8.283716477786630117e-01
-7.066829165037202820e-01
6.948897337817163677e-01
6.643651938979813210e-01
-9.625237783775282274e-01
-9.220259584999794811e-01
1.699918062718943634e-01
-1.370847400004913119e-01
3.442362304775751780e-01
1.409439818600907723e-02
-3.136880442977851291e-01
1.780336620023077465e-01
-1.101884968717930374e-01
-8.927741547633356589e-01
-2.917782776099178133e-01
7.998871666384630430e-01
2.076934795133906497e-01
-2.226430883844596476e-01
1.961834514997545797e-01
-3.475310719757193634e-01
-9.813033103226516118e-01
-2.658186153548889319e-01
4.715962085262113135e-01
-5.998472664898566453e-01
-9.036689555566606025e-01
2.795249353516973123e-01
8.798932601874325243e-01
-1.035359189054059881e+00
8.062386263417034016e-01
5.289893701030211615e-01
9.174403670724876614e-01
-2.028863624410769395e-01
1.158589802501940602e-01
1.048110390324152874e-01
-1.129933122018977609e-01
-3.487381297371660582e-01
7.077229772547959374e-01
-1.257553310558978676e-01
2.254657368793739347e-01
-1.153706937564428214e-01
-6.387799539959126971e-01
2.250347613057387952e-01
5.688438343918135187e-01
-8.089963668058697266e-01
-8.554102627576107842e-01
2.562587418357029634e-01
-5.502304939434539133e-01
-4.891337041793919482e-01
-4.594917934471183241e-01
9.578849952808943247e-03
-3.425294009992343458e-01
4.823434468826244270e-01
4.037279632131745566e-01
-2.675067164132523545e-01
-8.759633686285710485e-01
-7.134496170265870463e-01
-7.504417108753205223e-01
3.647670043185635702e-01
-3.692024781288647528e-01
9.354963460243543860e-01
4.257091092577499625e-01
-8.832974021695993994e-01
4.339031302044543681e-01
7.584870690477929500e-01
-1.454434616956298831e-02
-2.390793504248185375e-01
-5.485034589599758759e-01
8.897104528393456890e-01
6.063400917760384257e-01
5.323670175284653805e-01
-8.951854028460991264e-02
4.073829797022303634e-01
5.122417103362456037e-02
3.456771951523309738e-01
-8.621412296731227887e-01
-7.601193004940038911e-01
2.236835933799837806e-01
4.495219059193201749e-01
7.393013332362308176e-02
8.677318578416322037e-01
8.093409363009966828e-01
-4.321106886192521146e-01
7.159855095411362669e-01
1.112549537056702065e-02
-6.103744600835228074e-01
-2.065831429932003527e-01
-2.717283117836768458e-01
8.427318430445869257e-01
-1.156056893292438659e-01
2.217512504269993634e-01
2.539631462316609412e-01
-8.342726809396183718e-01
8.324340754742873827e-01
7.357230897214676046e-01
-8.539788007791824231e-01
-4.258708099696302818e-01
-2.169866673035838467e-01
8.354281218618879734e-01
2.232038157649311461e-01
-7.500255245416721506e-01
5.420327091068432024e-01
-4.789280407317990651e-01
2.456197973377405308e-01
-2.890282679676814404e-02
2.072256173161922399e-02
4.495949079371613921e-01
-6.811504224368762905e-01
-5.841036393501233270e-01
9.782131675436283036e-01
4.443006360137377042e-01
-3.799867640122360501e-02
4.743230674169831573e-01
-1.565036798048757005e-01
-3.023008944956974142e-01
-5.947067930888780829e-01
-4.364537618897594839e-01
7.797477897522631096e-01
-1.672193243372832594e-01
-8.546019775337448943e-01
8.596391911744349912e-01
8.479403718872946527e-01
-3.472737005261619103e-01
7.182294578946790686e-01
4.165758120089616545e-01
5.140132724266531783e-01
6.250348046293709992e-01
3.710863694464876517e-01
-4.347938368175723323e-01
-2.906643636084516036e-01
-2.695577593677687123e-01
2.082839961013901176e-01
-8.518959426226120346e-01
9.341813281498151378e-01
-7.069866884995147371e-01
3.112579002403756956e-01
-1.771574951222848471e-01
-7.190360091726998026e-02
4.926982709550895567e-01
1.088765403660203468e-01
2.808569547538015687e-01
-1.031743511499695620e-01
-3.620450855866779172e-01
2.754329576170512217e-01
6.103391702746706615e-01
4.286600162421702609e-01
5.872652435289513750e-01
1.702416962777935083e-01
2.315934309928786849e-01
-9.613652282066167398e-01
-8.400595176322547264e-01
5.393296367946461833e-01
9.329347737971704912e-01
-1.867206688404511317e-01
3.972524301889190923e-01
-5.614730806443264388e-01
-6.556777180706168107e-01
1.992575782396958650e-01
-4.096913640222742403e-01
-6.058194623891371977e-02
7.497053702274314446e-01
-1.026286282717346676e+00
6.444913843369808326e-01
-4.061772532227603261e-01
-1.216845733974141475e-01
3.796611904916493696e-01
-7.574349671151641150e-01
8.378087348209519725e-01
6.204755656869128666e-01
9.038404578310316184e-01
-8.632617225001406602e-01
-9.555400513625267322e-01
7.519624864763843064e-01
-9.771482147389192185e-01
-2.936734849320301599e-01
8.560291619077242675e-01
7.836118332115246110e-01
-4.892468528069395806e-01
1.095968916479454824e+00
9.517720416848072240e-01
6.722233223398319524e-01
6.289596284709753071e-01
3.351045266816148338e-01
9.348623500187973612e-01
-2.217626359039421846e-01
-7.095009839477334213e-01
-5.076502206312096810e-01
5.433262164497585367e-01
9.016057340832881462e-01
6.061660494535792143e-01
7.376057036753316254e-01
5.860932191998420304e-01
3.882628649121095954e-01
-3.536068534750580472e-01
6.328297930767660950e-03
7.898749568058314185e-01
-9.118719364272112049e-01
3.422775044320289783e-01
9.111647593058931349e-01
1.153738254160208143e-01
-8.547925681981770607e-01
-4.974311553731365354e-01
5.102323008867573062e-01
2.104969581223067876e-02
-7.194538664246499238e-01
-3.090695646407087827e-01
1.427442226561381755e-02
-3.999407777231602790e-01
2.822922563469298929e-01
-5.682581207430132952e-01
3.097956471629812469e-01
-4.625528319992155968e-01
-7.026598375236079441e-01
-3.276215859845499900e-01
-6.311356752817448568e-01
5.989858398903189496e-01
2.057086914775103637e-01
8.859684940375984752e-01
1.379471466628476028e-01
-1.019433154145890641e-01
-1.001915860384330781e+00
4.693575569376964296e-01
1.381305522494082894e-01
2.170419430003400763e-01
-6.000834557121961788e-02
-3.733163342351515368e-01
-2.277606644232506028e-01
-2.654532548121260604e-02
-6.089009565631768872e-01
-3.104997293166068539e-01
8.891509238137620397e-01
-6.654254564917415626e-01
-1.648485524839464755e-01
-6.937850006953145687e-01
8.236016221714252961e-01
6.749798549252150615e-02
5.943781081963558366e-01
-9.082795951389242006e-01
1.683656687539980545e-02
6.803490496488826533e-01
