5.625784797295751982e-03
-5.729719914517373835e-01
8.917526522606383788e-01
9.776646248299407649e-01
1.643359715533913301e-01
-6.673233857611704511e-01
-7.190108793465854742e-02
-3.879833494822158002e-01
7.296662343788731242e-01
4.054686540095231440e-01
4.139716654962571907e-03
5.584780280708885325e-01
5.025069488074237478e-01
-8.718563779614230125e-01
-3.721510113181820123e-01
-1.478495775728621009e-01
-5.432631935072455842e-02
6.698347427841235824e-01
8.562911261703189947e-01
7.643140187329151569e-01
-6.058002532716677546e-01
4.124543113869538757e-02
1.309910310979125747e-01
-5.237318978178716611e-01
-9.862035931621816742e-02
-1.604557709738275439e-01
-1.692864068105622843e-01
-9.268563236002366201e-01
9.677423161456666367e-02
-8.415955500066575334e-01
1.089670931032512419e-02
6.276427532832451472e-01
-3.871116723010414873e-01
3.817871135113842240e-01
4.644784354652321118e-02
-7.611969139087448877e-01
-4.265112923610130391e-01
-8.290592517071606604e-01
-8.186574291426477190e-01
-6.231750918699204833e-01
8.869146925526394387e-01
-2.866107465381404484e-01
-6.438561638586720592e-01
9.339063631138637689e-01
2.539321908605349232e-01
1.000000000000000000e+00
-6.225526065090362104e-01
-2.714686184397817614e-01
-8.342189194762372750e-02
3.833504270432757655e-01
1.393036921983295540e-02
1.330946500017764766e-01
8.395614471473876461e-02
-2.608601326704076961e-01
-6.784828531327897760e-01
9.541883526986334463e-01
-2.060542232474483204e-01
9.975100859760519523e-01
5.525595968741090491e-01
-6.405791667437807368e-02
-1.237315189527743997e-01
3.264440764853175914e-01
-9.812694684359761776e-01
7.222083454131916769e-01
-6.552422940141333640e-01
-5.113044223363734098e-01
1.000000000000000000e+00
-3.412905264950033546e-01
8.459030291146940606e-02
5.578129157228178814e-01
3.005017544500669935e-01
-1.629056967373163356e-01
1.000000000000000000e+00
4.297802481060309376e-01
-8.111223315201786521e-01
-7.546720465349008311e-01
-2.256050079370577610e-01
-4.577488821333617341e-01
6.559784673906569052e-01
-7.128936095662612438e-01
-7.734174758876024569e-01
8.690778012229978255e-01
8.855311094831391783e-01
-1.864959564898911737e-01
6.666123215460094675e-01
1.599107522314027474e-01
-7.754569630021628246e-01
-5.392803742822456226e-01
7.651028765424495726e-01
2.440023977702953095e-01
9.587414771289974880e-01
6.528438884927711960e-03
-5.009230814408400789e-01
7.657122273447907190e-01
-9.817465602414046089e-01
-1.940579830695763341e-01
1.997141777753405900e-01
5.604129263189827626e-01
-2.611542307292322729e-01
-9.989442381052144881e-01
-6.339104279421763355e-01
-3.897944341886411257e-01
8.691738308059825113e-02
8.676027364014994303e-01
-8.077265748762625375e-01
8.079481324388237962e-02
5.151904463599350503e-01
-1.022266597346230543e-01
9.071652786135657731e-01
-5.014994269669504900e-01
-4.407113907316553836e-01
2.817931470286289541e-01
9.729992870809174299e-01
5.659753161885332506e-01
-4.157998619061952783e-01
6.497301008667273337e-01
-8.599022208642758125e-01
-5.796559885207075435e-02
-8.163980736836077279e-01
4.146572568650307433e-01
1.108719976433023002e-02
-2.024464564604021855e-01
-5.096019774824787074e-01
7.924363581611464369e-01
-2.554724242689043190e-01
-2.438370944129029105e-01
-8.598036974817823141e-01
-9.224282801727917702e-01
-4.453907301357845072e-01
-3.706552840355800682e-01
5.698354774875655782e-01
6.702319477190992192e-01
-4.870317571195308393e-01
-8.588257935468045223e-02
1.000000000000000000e+00
-1.120531205940128450e-01
-2.152215964514613278e-01
-3.714584363160488012e-01
-8.725358586090690149e-01
2.032217041016578518e-01
2.163752352795720313e-01
5.914123870542223327e-02
-1.354250312334165929e-01
1.000000000000000000e+00
8.315902112350314068e-01
-6.016652423989601178e-02
9.117583790584301573e-01
-1.051462751518478234e-02
-4.543007993648945919e-01
8.227311144993660896e-01
-6.767824386832115291e-01
4.999652649967603057e-01
1.559523843503848317e-01
8.564347400544689570e-01
8.284252620281382651e-01
8.320730101356799135e-01
2.926567352022404478e-01
3.892149463134518261e-01
2.908954896118997047e-01
1.113312908276490459e-01
1.411115838093165431e-01
-5.462198054417565229e-01
-6.778786486277290635e-01
9.414599795722902176e-01
1.581613562023175268e-01
-7.222422358644858820e-02
9.770468892854694554e-01
1.757144720833315743e-01
9.913240896745723063e-01
-2.919256759954330094e-01
-2.122014222199191114e-01
-6.283096154312159953e-01
8.163043215333243285e-01
3.562338693374499099e-02
-8.922631826191818050e-02
-3.498004868907184095e-01
-9.795570452644751791e-01
7.000541840428128881e-02
5.510072439592651472e-01
-5.362538127241283092e-01
4.039533936211145426e-01
-5.761980309039907988e-01
-8.123318824617785650e-01
8.894336398948498035e-01
-7.893426226070751062e-01
-2.546667506998834263e-01
9.083987130199042692e-01
-6.549746404173025782e-01
-6.481993582488798644e-03
3.015555276760569781e-01
8.612502731113783616e-01
-3.704461670936105566e-01
-6.541988220666500320e-01
5.412292252268621762e-03
-7.771415488287162221e-01
1.939331485813406142e-01
6.923894554787292099e-01
4.608346296363620698e-01
5.527793479708931201e-01
-1.018836548753582760e-01
6.386173201661859977e-01
1.399485036813950811e-01
3.053007824514858415e-01
-6.599020046128183381e-01
-7.077765868276416628e-01
-8.229525456486547208e-02
-5.890142664533332129e-03
9.118727738524864401e-01
-9.788760815250435732e-01
3.203195517746628695e-01
-3.148391922504523155e-01
-9.631124877270054174e-01
-9.302480267056847940e-02
-1.790709754277586274e-01
1.541085066508227075e-01
6.490140094961649453e-01
-6.135860192395132806e-01
9.212269926929633757e-02
-8.600893746712511279e-01
-4.222712560823620453e-01
6.861570892147539347e-01
9.589755784118769721e-02
2.595918486402984948e-01
7.173455188468278454e-01
-2.020735256338904717e-01
6.965650855432907740e-01
1.000000000000000000e+00
-2.752837818788216318e-01
8.177011537662843832e-01
2.065485559423651807e-01
-9.404365750404921620e-01
2.094249471395212558e-01
7.841878726323217030e-01
3.513907493273087379e-01
6.742605023666778385e-02
-5.983488955642217721e-01
-5.199975025528096317e-01
-4.764238490924372904e-01
-4.492714928668471719e-02
7.713565135302412612e-01
-4.496843207412750676e-01
5.048767763051313917e-01
-2.446730940538305865e-01
-6.621207773291312160e-01
-3.036217639975419269e-02
-9.654990733160853100e-01
-4.851994503790715285e-01
-6.766156821349345041e-01
8.304685111228201633e-01
7.602006158087506460e-01
-1.548012121798906793e-01
1.681042424097858035e-01
-9.313396212703604904e-02
-9.930585869350398998e-01
-6.002837162069023513e-01
3.635581313060587405e-02
-2.103038654181065836e-01
4.733356516040613804e-01
7.431681022996307062e-01
-4.971337346295312543e-01
-5.571379807731938749e-01
7.165476520109503866e-01
8.525712586658078518e-01
7.589630332518442213e-01
8.257383875033257326e-01
