-4.988008176864129339e-01
-7.837077450696428027e-01
-1.540949704224076761e-02
-6.255876775043746063e-01
1.494048295758346467e-01
-1.707401397205028093e-01
8.990137230404464663e-01
-9.682838173512617885e-01
4.983253992778615138e-01
9.602803396025011429e-01
-3.418897098636924925e-01
8.182502589358529033e-01
-1.000000000000000000e+00
-4.393852200774248651e-01
-5.359309209948222019e-01
2.750336119003685131e-01
5.670512939543904674e-01
9.045926239080110953e-01
4.589519881497667875e-01
-7.911076985979185183e-01
2.173560806530044076e-01
-7.627908977933615109e-01
-2.745906922041266296e-01
-9.610357439765038201e-01
8.143675554298845931e-01
-1.367147076856434218e-02
-1.286362038285586706e-01
5.276630325248174991e-01
5.960020919645256932e-01
5.969783386457039320e-02
7.056965802354684403e-01
-2.736438267351510301e-01
-5.807238446906142215e-01
-6.587956624842765674e-01
-8.876723262045207452e-01
-8.904554810555352917e-01
-1.392914808395392667e-01
6.134306990908331425e-01
6.843917080760647531e-01
3.121318541491295839e-01
8.876024960669341990e-01
4.052408373336188752e-01
-1.515671982531342221e-01
5.794536850663143390e-01
-4.642990082936730989e-01
5.160571459704256236e-01
2.272989319203105318e-01
-8.545707465147743820e-01
-2.669983061464263896e-01
-5.174156917443936132e-01
-5.690755665817199827e-01
-2.451501100987988069e-01
-2.513362412926539169e-01
8.162271552502342598e-01
1.008103190182680908e-01
8.990253731977627671e-01
-9.466346282095506881e-01
-1.844869007246794368e-01
9.653958475739767009e-02
-1.000000000000000000e+00
-7.262904618759138398e-01
3.472330941895060974e-01
-8.245421746875977176e-01
3.983587362474949600e-01
-5.895888690745394456e-01
-7.055381997249154935e-01
-4.481915511326970414e-01
1.818328934392854368e-01
-5.896251675907393519e-01
-6.199072847557272059e-01
1.058476461528856660e-02
-7.028743788474984822e-01
-5.913440170379297145e-01
-3.123054989579164276e-01
-7.658807673538686744e-01
-1.000000000000000000e+00
-5.552646727099164181e-01
1.135542308947892209e-01
3.420145953998665611e-01
4.683594061913180506e-01
1.000000000000000000e+00
-2.301182466674973892e-01
-8.245396770825230703e-02
9.532705267727107357e-01
2.662601120717207337e-01
4.295684789546116988e-01
-9.468346279649382524e-02
9.285663127707274311e-01
4.185857510719204200e-03
-2.107147230904458102e-01
-1.000000000000000000e+00
-6.331355379785614801e-01
6.673201892023600257e-01
1.620985076361523003e-01
2.486751288048638653e-01
-5.562966275332732469e-01
-1.000000000000000000e+00
-2.294924089321959682e-01
-4.567283017652690180e-01
-5.098742349088210002e-01
6.688903410899550706e-02
-9.712371817204058511e-01
-7.114452874399034288e-01
6.237975539896660759e-01
-1.984438620304131151e-01
-1.374569678943407536e-02
-4.179087100237910413e-02
-6.911541497970477010e-01
4.058975338547510248e-01
-4.161457253727262051e-01
-7.000412473886246101e-01
9.921130208330730671e-01
-2.883774933678715513e-01
-8.142025810537573127e-02
-7.514728248628351759e-01
8.254426308741166229e-01
-6.616805330360384652e-01
4.746149244786783683e-01
-7.146757007824917629e-01
9.718051147355398767e-01
-8.842315143636865216e-01
2.604226630969991296e-01
-2.733537446381369973e-01
-1.850491878719997541e-01
1.690905357500591677e-01
6.102308335359094560e-01
-5.104781574180861092e-01
6.926268606562753227e-01
-4.101683061099213878e-01
-2.475151921127782817e-01
5.896327627889521583e-01
-2.986204371618155218e-01
9.867992722711154130e-01
-6.476518876637547828e-02
1.000000000000000000e+00
-1.619896426342082307e-02
9.737363618903641105e-02
-3.516922261292886320e-01
9.733259618325193485e-02
-6.011607416720862185e-01
1.556891395304647596e-01
9.230998736202955524e-01
-8.014688461107110085e-01
-6.767328239900858300e-01
3.670124023752086018e-02
-3.499964787359413076e-01
-1.203730187050813943e-01
5.618742926789715986e-01
-7.067813940485430102e-01
-7.197144624950584380e-01
-8.055295037785017431e-01
4.249250732935153096e-02
7.237367152323928021e-01
-4.091828431323616400e-01
1.369286720415090197e-01
9.675525546515733044e-01
-9.751527987134988029e-01
-6.219359245437994232e-01
2.960023487091961170e-01
7.037462908360936353e-02
4.953598541272427047e-01
-5.515304682433042061e-02
-1.798594883431103852e-01
-8.197024689372472972e-01
-4.267032784765623088e-01
-7.206541197128528697e-01
3.678114838448120483e-01
1.436641684339559633e-03
5.729749470112321941e-01
6.919880641664011289e-01
4.084304645861194238e-01
2.075563365916532621e-01
7.640933427987972593e-01
3.853151279258743012e-01
6.591586192215987960e-01
-2.082756500055020776e-01
-5.530638407530901191e-01
2.183225261808528495e-01
3.160854372001650758e-02
-2.857007647609052792e-01
2.235318160835604584e-02
-2.554174936901724702e-01
1.000000000000000000e+00
9.676135447167051318e-01
5.847896947206311369e-01
-1.000000000000000000e+00
7.437279315502188792e-01
-2.437296896777449984e-01
2.664970365869176461e-01
-7.072678094449538211e-01
6.602840827854320471e-01
-6.004055906218709326e-01
-5.663621678158938799e-01
5.303908487830472085e-01
-1.787002657334218481e-01
4.753341531583843427e-02
2.922832660731426446e-01
-5.350413725855945879e-01
1.264059349141523070e-01
-4.142802022207168200e-01
-8.147963986467616770e-01
-8.344542853964118656e-01
-9.876924260303583392e-01
7.707112184272969513e-01
1.000000000000000000e+00
-4.365659299512684721e-01
8.037746164336285748e-01
-9.737435268500918006e-01
6.351811860922487174e-01
6.741058325564248666e-01
-5.335046202014961381e-01
9.777218635945232883e-01
-4.922573842344765693e-01
3.863032761188667230e-01
8.187692122160358799e-02
-2.050681670506996346e-01
-7.598872324219947405e-01
-1.156020664037363255e-01
-4.879106670652536559e-01
-1.000000000000000000e+00
5.296868738024901324e-01
9.902593201381001409e-01
-7.662412100815644278e-01
2.076279595495844621e-01
1.772439887307892814e-01
9.660715810666880010e-01
-4.649604973619629877e-01
-3.292293264405339870e-01
-6.401413795159273112e-01
4.560274489802416120e-01
-3.062090732334064036e-01
6.457214906079561390e-01
4.653969165616556047e-01
-4.109066589473173714e-01
-1.731442240254565945e-03
-2.441807432727265414e-01
-8.219776691640279243e-01
1.564094647704068752e-01
5.466654139300597404e-01
-3.618665743404503865e-01
1.750476257057829721e-01
-3.393290671044963958e-01
1.819026150571109168e-01
-1.874466147071127686e-01
-9.314749682992464752e-01
7.286787725674730432e-01
3.437641316918094159e-01
2.251340742688802410e-02
-2.999784909752004070e-01
-6.746603250893695725e-01
-9.925895446784700482e-01
-9.236464955545669042e-01
-4.736913242869107421e-01
6.291921929314461259e-01
-4.131510666722512104e-01
8.423472360941430814e-01
-8.347677424717664385e-01
8.781130227454193582e-01
5.312811511595861846e-01
9.322299989966463807e-01
-1.453584133883675800e-01
-3.100154263941312660e-01
-7.603510092694421019e-01
4.152441028498331521e-01
-3.320772609455701629e-01
