1.912393005587110228e-01
-6.507254595683615861e-01
4.125112564883601785e-01
-1.366785460902080473e-01
-6.106830754162317909e-02
-4.329071698076472074e-01
8.819492351962118226e-01
-1.188153134876936134e-01
5.400670608301914033e-01
4.569317984329049898e-01
7.798563308525931215e-02
-6.227944221940245884e-01
6.853285804091460154e-01
4.740472122621652296e-01
-4.988891681775586839e-02
-3.529350693351281931e-01
7.399673181131216637e-01
-7.244644636804749016e-01
6.210783695959719575e-01
1.536444718837815526e-01
1.127240143353880064e-01
-2.973854345825650836e-03
5.618449404126818481e-01
8.900549898581595620e-01
-9.060211436677739760e-02
-5.271139608187130898e-01
8.955117819481475117e-01
7.551369772157763283e-01
4.177699155261316855e-01
1.049287954912458964e-01
3.515252225540356212e-01
-4.883330810687928625e-01
-2.106983271635915478e-01
-1.972283869398759049e-01
-2.672517354483908147e-01
-6.024560247695806003e-01
9.632708804043467188e-01
7.045392039255542471e-01
-3.722407942808898529e-01
-8.486602412416024421e-01
-6.273921165332336791e-01
-5.071355350050242849e-01
1.093880886990682283e-01
-7.892158253993210026e-01
3.121156743920419085e-01
-1.095023427444868913e-01
7.673340053496693347e-01
-8.406510889935735475e-01
7.085726254706264937e-01
7.621558418448642902e-01
2.594443173961143989e-01
-1.042830770204138807e-01
2.660355567654236197e-01
5.169766963701685758e-02
3.516746190319788856e-01
-2.317676308613736136e-01
-4.610073264427232420e-01
-2.994690872527651093e-01
8.256568081948477689e-01
-6.516196644409059102e-01
-4.509397322686972132e-01
-7.351509475497584045e-01
-1.275617543657630859e-01
5.098875312251205383e-02
-9.612988743739517838e-01
-3.437076327482632698e-01
-6.202764359910341030e-01
-5.062517803186712406e-01
6.692964074398474184e-01
1.105386822260738811e-01
6.886913762480680878e-01
5.024596263350195047e-01
9.019140529559791508e-01
5.140929039221500130e-01
1.301725466829072864e-01
-1.000000000000000000e+00
8.127360553675764265e-01
-2.446673971937654013e-01
-8.913946834159041099e-01
-9.887750827765289241e-01
-8.202010762882858685e-01
-6.349520023278780734e-01
-1.949457553992925973e-01
2.647505548862651437e-01
5.065691531604319398e-01
3.418867848565636525e-01
1.450679475573454780e-01
-6.937480603071393137e-01
2.748983936754756385e-02
-4.299914854777047712e-01
-1.159967856602483159e-02
-5.730990805041764613e-01
9.123028957808341222e-01
-7.228472288067158136e-01
-6.796500849261747357e-01
3.296853191190063925e-01
-7.019922101492021005e-01
-2.318152499323201110e-01
7.100983116704059350e-01
-9.505098805841787346e-01
-6.912368975411975480e-01
-8.575563680322816351e-01
-4.946718421115277597e-01
8.174369970014789821e-01
7.291818428003079555e-01
4.583932932329011500e-03
3.697177087520954752e-01
-3.827084669280584883e-01
9.812121136778558794e-01
1.866014788026761351e-01
3.499163786397871956e-01
-1.075577290113982620e-03
-6.101668211521793506e-01
-4.259315599101987093e-02
8.546312048571941267e-01
-1.411568561571948099e-01
-2.382151117566236320e-01
1.152789889586071648e-01
5.519802681698363078e-02
-9.142756767047337529e-01
-8.386357402853775178e-03
8.704337302955872380e-01
-5.328009431635587489e-01
9.404948265255099749e-01
-1.052238448903766166e-01
9.717621596399067530e-02
-1.000000000000000000e+00
-8.710956168790997545e-01
-6.529762855495810925e-01
-4.861042402149289288e-01
-3.895413741233746951e-01
-7.876753269959408943e-01
8.736112911938520575e-02
-3.241632697365591231e-01
2.979161495166700035e-01
-3.350443436326979163e-01
2.253227135018829319e-01
3.659497892244517603e-01
4.488831512454451445e-01
8.295153409431625935e-01
9.706300391961242280e-02
7.723259385571337177e-01
-5.001618289081221080e-01
6.291488070927176990e-01
-3.082714636254214047e-01
-5.971294914304936530e-01
-7.703868264042875724e-01
-4.992354677686350328e-01
8.798131261684021265e-01
7.779452246651465952e-01
-3.061093764807130690e-01
-1.640826970301850207e-01
8.195364760020700245e-01
2.529778100162503041e-01
-2.170242390573471070e-01
5.053079797843980092e-01
-2.954141223406597239e-01
-8.248112346827680685e-01
5.187865052209283956e-01
1.267826956313856113e-01
3.077076986021859417e-01
-2.053920824297066072e-01
-8.990074017387483796e-01
-9.198572284354380457e-01
-3.620583242124434942e-01
2.391526445986427440e-01
-7.402219314166557096e-01
4.671114417641336614e-02
4.748348993827796738e-01
-4.924964222656735280e-01
6.604354704507933160e-01
2.938845298684577001e-01
-9.717611743978584737e-01
-1.000000000000000000e+00
-4.962948915197079591e-01
-2.421618991261029752e-01
-4.677591976976576138e-01
-7.382224050854025998e-01
-1.000000000000000000e+00
-4.185447928505567350e-01
-6.720537830194039941e-01
-6.288356603590472549e-01
-8.330991246931321870e-01
-4.059745409856870824e-01
-5.299647900644999243e-01
7.672063892842652111e-01
3.190070043424591412e-02
4.862962537418239473e-01
-2.899692924850280074e-01
-4.706208745769194235e-01
-8.234128269867468930e-01
-4.665436692736466551e-01
5.369045260963372090e-01
9.765421686076311003e-01
8.908014062748282891e-01
6.265414600168622838e-02
-9.800690601715075223e-01
-4.529309319464852601e-01
-7.655365667372038274e-01
-7.172369770303023140e-01
-3.303843465524795020e-01
7.544022137657653282e-01
9.627566141523953569e-02
5.601754953435666984e-01
-3.976455933006173282e-01
8.547995751684822618e-01
-9.103825973279044970e-01
1.000000000000000000e+00
1.418295160908930042e-01
-9.929175376964353150e-01
9.607659889592098934e-02
4.972473426093326765e-02
6.070515779963138181e-01
1.000000000000000000e+00
-7.018047739525168360e-01
7.089642235176366047e-02
-4.877415547092016634e-01
-4.744072119681395083e-01
-7.214936995416160181e-01
2.710911384148284031e-01
-7.296949774360935725e-01
-2.812119204715921028e-01
-2.271149309370536773e-01
3.223566253615338661e-01
-9.516097380257607652e-01
-9.547803391986910138e-02
-8.382622346942503189e-01
7.723046208696938697e-01
9.051091045286235870e-02
1.000000000000000000e+00
2.655564016649349934e-01
2.915991932968660105e-01
1.000000000000000000e+00
8.699251369650236043e-01
2.683739573981233084e-01
1.475725043337252906e-01
-3.388849363127231507e-01
6.623969263396681795e-01
5.011499165634429875e-01
8.233539502726316961e-01
6.866663898128902987e-01
-4.238971815859206571e-01
-9.368664440502560975e-01
-1.705730497517363997e-01
-4.487416021649367481e-01
-2.077833404804661777e-01
5.807971757488747944e-01
-4.784459184643360952e-01
-3.931495590942596374e-01
-1.688997947446272963e-01
-7.312612960669875317e-01
2.792780541351488344e-01
6.045497135230446517e-01
1.349417448080411919e-01
-6.619422555384133489e-01
-5.636983025755410992e-01
-9.342799762355231685e-01
8.336478535593851991e-01
4.517796109599043208e-01
-4.590135032967970763e-02
-3.608248783349786160e-01
2.519556773549270212e-01
1.172757811689136842e-01
1.000000000000000000e+00
9.906733179359493713e-01
