-2.002085273125435716e-01
6.071331686937494476e-01
8.643789578690252995e-01
-5.174190995513907598e-01
-1.894170066609413006e-01
8.118176562439107791e-01
-9.058439578463696185e-01
-6.812613810822174543e-01
3.028090915776026626e-01
-2.673828388366895625e-01
-2.523167698529624747e-01
-1.313437722500927496e-01
1.038406017898496625e-01
3.142567787231480558e-01
1.040146261433434471e-01
-3.993245001636957503e-01
-6.841612202258782194e-01
-2.742423040155626129e-02
6.555933344330722168e-01
6.148185717132033101e-01
-3.450551585283694322e-01
8.522187869863653287e-01
8.508541759443211117e-01
-6.011718929182556792e-01
-7.693526631084783851e-01
4.368704597750603380e-01
-3.402539999967091333e-03
-4.060278211524115388e-02
-3.549794586671526364e-01
2.174647490041833886e-01
-7.261540679905713613e-01
4.150629942035659603e-01
1.847447903413399484e-01
-8.812691290522518539e-01
9.826875995704702493e-01
-6.995448333594842527e-01
-3.792449221935843551e-01
6.960510139275695174e-01
-5.448792548385592571e-01
-3.643237031326332920e-01
9.786862668389231246e-01
5.967071603752267528e-01
9.880162436484227761e-01
5.026451325951593052e-01
4.323609757310751256e-01
4.805075799254503455e-01
2.985552261733626089e-01
3.846357232624562084e-01
-4.612077043821896094e-01
-6.348562850750618658e-01
-1.000000000000000000e+00
3.014769273784643211e-01
-7.287042929016565029e-01
-8.027359307154899870e-01
-4.829368215526512742e-01
7.843336019053286368e-01
-5.475700084801442546e-01
-9.829605250103194969e-01
-8.972985084450282312e-01
-7.330496149203922229e-01
-9.495332635840152413e-01
3.086288120735285467e-01
-7.236668504714602879e-01
3.216775413406832151e-01
7.446268582712290973e-01
8.702495608916220871e-01
-3.896567338344085751e-01
-6.743127147525933562e-01
-3.438397400203596632e-01
-4.233420730523223541e-01
5.081299440602373707e-01
6.072377037629338448e-01
9.985544166745248251e-01
7.756184924835578531e-01
-5.308392444113283481e-01
-9.816077235723905114e-02
-6.003793818919223035e-01
7.711947360980058175e-01
-9.762208538521923717e-01
-8.507746534451698928e-01
-4.249938558099772279e-01
-6.690232228626369348e-01
1.000000000000000000e+00
2.643373091660498053e-01
-3.743644985598566510e-01
9.146087318072273487e-01
-9.267701723889800736e-01
6.983412519605824986e-01
-7.617286116764669934e-01
-6.621261624553749225e-01
2.722157466924595148e-01
4.196602578310182352e-02
-4.823410886568002542e-01
-6.491981388329606251e-01
-2.803360890973549679e-01
-4.742175884608725855e-01
-8.442392442763084759e-01
1.893710142019817688e-01
-8.910740266331420578e-01
8.374322153918658529e-01
-4.166535886191264915e-01
-7.357789055491603669e-01
-9.988667880914212649e-01
9.734659462157853049e-01
-4.234822465977698680e-02
-7.213057324671654502e-01
7.815080010471926464e-01
5.345091399040893254e-01
-1.116845067111658096e-01
-3.943925526438436524e-01
-4.614336168148966966e-01
-8.393238488141818721e-01
2.196781502565572364e-01
9.904639620449893211e-01
5.830351578339079133e-01
-6.649683892052309364e-01
-1.669874508489592735e-01
-6.602774284273682515e-01
-9.192657193945117378e-01
-4.728092057291347627e-01
-4.466215353969668067e-01
3.715654310405652749e-01
6.487092240688482336e-01
-8.794760824141056865e-01
4.659853600806873608e-02
-4.572813286774006780e-01
5.856364267754516906e-01
-5.735668606965016458e-01
2.643744598235454601e-01
5.812266713399002471e-01
-4.606675210454331815e-01
2.498075122552734229e-03
6.611219440838689287e-02
-3.900683480396090475e-01
-1.478899919510646144e-01
-1.636003340743199530e-01
-5.389106148387718953e-01
-4.041427003142070706e-01
-7.010919737421270614e-01
6.261212423023791995e-01
8.466161439956279011e-01
6.101576754048783080e-01
-6.963452854811431614e-01
1.646134720821492148e-01
9.196992773144712086e-01
1.790158075253647230e-01
2.393021735902294556e-01
-4.014190000815536230e-01
2.782954328479073092e-01
6.379374604627026102e-01
-5.043746286726945582e-01
-8.300701314193441593e-01
8.355998771438424289e-01
-7.605017760722416753e-01
1.514703441516824789e-01
3.688814478019666332e-01
-2.548503883969322481e-01
-7.033942125976604398e-01
7.116231567967282179e-02
6.948689978422601943e-01
4.764122191347752722e-01
-7.844208886505533718e-01
-8.961436234882191876e-02
-4.680072792081442223e-01
3.749610341638953681e-01
4.761391553951954680e-01
-7.121215143609496145e-01
-1.986961346560978392e-01
-1.000000000000000000e+00
-2.958241966411123691e-02
7.757159927049870340e-01
9.613844417632984030e-01
-6.564407073058422526e-01
-7.910374606555810040e-01
3.049831063671044618e-01
1.190816035664290506e-01
1.187841366217470274e-01
-9.851493175066681207e-01
-3.033351124667753584e-01
-9.687235084563334819e-01
1.581125294074210430e-01
9.803980634152968943e-01
-4.611404315498395245e-01
-4.167862402731912219e-01
7.644608599880151623e-01
9.376017946460315500e-01
-3.782893292607208413e-01
6.200017232917554022e-01
-2.790623255868966979e-01
-6.349601468271282023e-02
3.365862368963346007e-01
-6.217389558645972647e-01
9.207126638379639072e-01
8.744156815597095012e-01
7.883970305004059931e-01
-7.920235925664265153e-02
2.252418229881580913e-02
-9.214057194684739382e-01
-4.698534623609996741e-01
-1.035968537572200532e-01
-1.417595669240037104e-01
-3.514670723747292946e-02
-7.854843990953739308e-01
8.186181104803322839e-01
-4.697631283060481611e-01
-8.059075476955293027e-01
9.043909281274000733e-01
6.994479442750809461e-01
-6.793868585130482529e-01
-6.327344013017812685e-01
-8.008743570177716542e-01
6.830418127742969858e-01
-9.782448732411053172e-01
-7.053438988886662209e-03
-1.138328783155069385e-01
1.730375854620283260e-01
2.825701901914197123e-01
6.985365823380433881e-01
-7.169363333315801334e-01
4.115432389140823988e-01
-7.642137902224287460e-01
-1.449605170560012701e-01
-3.384866686668195901e-01
-4.042765435634154692e-02
1.669979442370106426e-02
-6.874294611955213963e-01
-7.735243304956032073e-01
7.740752554063778934e-01
9.214804756727088542e-01
1.524859593292899607e-01
-3.517660318024222743e-01
-5.213711406430321382e-02
1.456646390220160958e-01
-5.520492647030872391e-01
-9.015915824774887177e-01
-8.820782546125536250e-01
-5.895160399959239461e-01
-3.375210844242410024e-02
4.697435436021322186e-01
9.340835159519180753e-01
-6.787867769252553529e-02
-2.796911900220155900e-02
5.616607468816892101e-01
-4.542756673536489931e-01
-6.083136702646783078e-01
-9.529008181618947582e-01
7.283242375512163913e-02
-7.853484759826552253e-01
3.862432566394184974e-01
-1.000000000000000000e+00
-3.215610884689086291e-01
-5.005642350144754449e-01
4.725171929392182335e-01
-1.334370589885141012e-01
-2.295524654386276175e-01
9.557362755053648851e-01
-4.142620188748659671e-01
4.964140209132653636e-01
4.523076302179409036e-01
6.577048501498374833e-01
4.311928873541988061e-01
4.147141258585014256e-01
-2.646889999246226921e-03
-2.017034971551277256e-01
-1.000000000000000000e+00
