-3.263106315316390837e-01
-1.059780722055623930e-01
-8.138521019452960026e-01
-1.134091843787101567e-01
7.882730963634700938e-01
1.205711907674725941e-02
-7.229337513629755518e-01
2.789893274896019376e-02
1.317110194128882639e-01
-4.502095189091810390e-01
-1.522778443138667059e-01
-6.630137567880558525e-01
-2.236914243483040243e-02
-5.380196081469064140e-01
4.553618153603722907e-01
7.576235442607952564e-01
8.806032493847177900e-01
-3.839114157180668202e-02
-9.991292387847807710e-01
1.175692818154265573e-01
-7.884043257009034633e-01
-4.364449386041514556e-01
3.755170420432412115e-01
9.883079951786595541e-02
3.430665799529212245e-01
9.803607946666361705e-01
-2.323631874454402391e-01
-2.264468821515976393e-01
-7.816191955184270679e-01
-1.030356029698952236e-01
1.589516917156225118e-01
8.181406579722598771e-01
5.943940546449062445e-01
-6.836004363212994095e-03
3.271934493019035273e-01
7.962485604990074961e-01
5.938218875875945768e-01
6.262979704359111777e-01
2.704486165004428289e-01
-8.665657423082837596e-01
-7.219505739069238537e-01
6.941644163175209048e-01
4.042600545957060199e-01
5.865979715173783582e-01
4.259730188906293846e-02
-2.284183518901194976e-03
-6.390714334823509590e-01
-3.546896949719633430e-01
-7.609417156300414264e-01
7.797720414566504665e-01
-5.049615071868294169e-01
9.059295146646406671e-01
9.063597753930774381e-01
-9.870677070351639992e-01
-4.631287834817893190e-01
-8.418098994792683198e-02
-2.496120012743491268e-01
9.160648240424458244e-01
6.082952711290754433e-01
-7.394740453490151744e-01
8.986375602088789716e-01
-6.905585675371530563e-01
7.690669931443274709e-01
2.010059968638570060e-01
8.393701352641163016e-01
6.271869043117757336e-02
-6.641230597166863925e-01
-1.004901127866002913e-01
-6.853953881277561333e-01
1.631484573683405492e-01
4.078132341147133189e-01
-4.661787496950344223e-01
2.156444692273646879e-01
5.336860907262422904e-01
1.816121866546160923e-01
-1.000000000000000000e+00
-6.644051144358995575e-01
-8.070422459258799197e-01
4.912445524279319686e-01
1.000000000000000000e+00
5.099436812847218947e-01
4.317846003104989228e-01
-5.362610438279218350e-01
-8.868681408907955754e-01
-1.429534662096664521e-01
1.256809221484641026e-01
3.156053365382417430e-01
-8.718352874350063786e-01
9.743226791146227805e-01
7.022899243926198354e-01
5.153844329553595172e-01
-6.588737804662957442e-01
4.913709390924170251e-03
2.972472129987485667e-02
-9.430231203970460552e-01
7.750589381574002346e-02
1.811353110221669560e-01
-1.194933022688314112e-01
-1.941812874091485008e-01
8.484887610012626924e-01
-3.231434721829162804e-01
-8.350846777202221016e-01
4.973979671920640833e-01
-9.667298092971188250e-01
4.396176208630142579e-03
-4.845934168192485014e-01
-3.759031978363072679e-01
3.966321945386930281e-02
1.191367282852146409e-01
9.322596907544352662e-01
2.683064183807479797e-01
7.379866642648068575e-01
-3.513146127723143497e-01
-5.410765081850663627e-01
4.873586599388486928e-01
4.995154623441946384e-01
1.562017222287743479e-01
8.095531157771160835e-01
-4.173994692433597997e-01
-1.408869479598691410e-02
5.651464309915842366e-01
7.406891074245384177e-01
8.496669534823925174e-01
-7.221166549891010478e-01
-3.965013690754964903e-01
-6.626083565409021103e-01
2.941966873590201592e-01
-1.575653195559570396e-01
6.992945334979014937e-01
-1.000000000000000000e+00
-6.536745756288813158e-01
4.770626110687569144e-01
3.403453074629017028e-01
1.570525669372869193e-01
-7.956082575835484727e-01
5.988723841371270673e-01
2.226699059466134833e-01
3.865604405584770475e-01
8.750296077321497723e-01
-4.388170709872539765e-01
-6.702525803359355994e-01
4.187083902864696672e-01
-1.304346599310245436e-01
-6.416796858489952626e-01
7.854213172484219019e-01
5.972564241733667734e-01
9.761616407427281539e-01
-1.000000000000000000e+00
-8.976933022199093948e-01
8.473625062123320006e-01
-8.199717431626967201e-01
4.232792060122119726e-01
-1.742222564684255959e-01
6.784642651198198315e-01
2.811790576351110293e-01
-5.806924753736252276e-01
-5.974576889332015028e-01
-1.055930671494313411e-01
9.538141020326581510e-01
-5.336592803954256503e-01
3.034712055630525707e-01
-8.547387614532737654e-01
9.498218968792637718e-01
1.000000000000000000e+00
3.178968105615578854e-01
6.876519973623014259e-01
-1.447245520420189502e-01
-1.883482816201245968e-01
-1.027863443916977593e-01
-6.448893168009134369e-01
6.610550942077999537e-01
-5.642202040162574983e-01
1.000000000000000000e+00
-1.319487216014361697e-01
-3.449107368942169183e-01
1.284649298860097433e-01
2.623472310721878253e-01
4.941289372697184046e-01
2.919071827062970081e-01
1.853589176788834059e-01
8.682009133458592487e-01
3.389253694290247365e-01
-3.302424108142536507e-01
8.347069250851589794e-01
-9.297045859747143925e-02
1.809733994126593859e-01
-4.522119743207827502e-01
-5.747931545051949698e-01
7.584000212653634332e-01
6.663151791323778106e-01
5.558365686097105351e-01
3.174457435866817612e-02
5.901926813542953676e-01
-3.829775534552235516e-01
-7.672808038176468504e-01
-1.153736469425496874e-01
-8.740536183450808849e-01
4.714333674745118108e-01
5.638724380942400360e-01
1.188974387843606539e-01
-9.795036409188769833e-01
7.136147962452887850e-01
6.290265815042965780e-01
-6.401877788122380952e-01
1.371257358765459178e-01
8.959526676326323713e-02
5.802761922320056609e-01
6.124019388447994316e-01
-8.688316394252763031e-01
2.718044752408353970e-01
-1.000000000000000000e+00
-4.576171781706615538e-01
-1.322811610012732675e-01
-6.999808851499629281e-01
-6.261554509732960572e-01
4.982784610405505132e-02
-1.000000000000000000e+00
1.493149932395305135e-01
7.008552194814932079e-01
1.945925329823226524e-01
-1.000000000000000000e+00
-6.106426560759368183e-01
-5.949085216200888926e-01
-6.347601503154245428e-01
4.915034900362532655e-01
7.239772508129390660e-01
1.000000000000000000e+00
9.398602854653206329e-01
3.993824173569299196e-01
9.759805160626633391e-01
8.873668029792386447e-01
-6.748450277825667198e-01
3.989776795662154374e-01
7.261425739713704974e-01
3.951275630196647848e-01
-3.705153532096174818e-01
7.280762386939179098e-01
8.357290827062358041e-02
-7.149989651076454900e-01
-5.298640200697172231e-01
7.942245263070306649e-01
6.368753846845756073e-01
-5.854689349175647983e-01
9.351060341206798299e-01
8.918474990760500987e-01
3.760743761960932408e-01
-3.117143742416430552e-01
-8.615324678109206324e-01
8.358423685938005665e-01
-6.388045103642342459e-02
-2.992506200845106157e-02
4.685492012667884509e-01
5.814639098229927860e-01
-2.930078534506508348e-01
-5.623932379400840009e-01
-1.000000000000000000e+00
6.027993366958522836e-01
-2.884538374066256128e-01
8.611094170102059353e-01
7.166604425438549697e-01
-3.996356383154476832e-01
-6.283861525470296749e-01
-4.011870512748483275e-01
5.019780519176102462e-01
5.649447085243511912e-01
