-5.827700931407318041e-01
-1.346787258256444964e-01
1.144290150338344442e-02
1.000000000000000000e+00
9.714034853678448211e-01
9.130384207419957043e-01
-1.250430716433426348e-01
-4.727659681765971067e-01
5.229853560356827469e-01
1.000000000000000000e+00
-9.896975832787846539e-01
1.177623997972463976e-01
-5.364721363422059186e-01
1.297260572524300618e-02
2.749961599114449373e-01
-8.364924285692965089e-02
3.452730350022398809e-01
-5.706547752250846761e-01
-9.951956098051185640e-01
-9.063353459464891237e-01
-3.891059645486382168e-01
2.830762745059418606e-01
9.393408689300483672e-02
-9.493542006371091801e-03
-4.646615392452456694e-01
3.488360631028166181e-01
-8.096758483804888940e-01
4.989822235458147848e-01
2.849195840442394351e-02
-1.000000000000000000e+00
8.081703029040536723e-01
-6.173206758461814436e-01
-1.000000000000000000e+00
-7.693866241748872348e-01
9.617279854965316011e-01
6.558892296682070633e-01
8.842404070646807668e-01
5.260822977883019558e-01
-8.609100856865938844e-01
4.788110811914359499e-01
1.796201549445158308e-01
3.007201367806870418e-01
-4.479626819371925195e-01
5.921261901551352347e-01
2.832512620671120973e-03
-6.938960129962656875e-01
1.529616183684023856e-01
9.776907935845087216e-01
9.740741995509417939e-02
-1.838441069123141203e-01
1.233479362780726118e-01
8.438256633191024703e-01
-2.473776033864427126e-01
-9.580198491381540782e-01
6.972492724460436220e-01
-5.784405810232455813e-01
4.224426382427803883e-01
7.964091797502308445e-01
-2.442621286974431816e-01
4.874024415185412296e-01
-8.421122104801398445e-01
-6.133426521896117034e-01
-2.198917008534868323e-01
-8.296385813954998412e-02
-9.125897471265712602e-01
6.994377058315759399e-02
-5.197433804321541784e-01
-2.790529820348917056e-01
-2.145026373293686950e-01
1.592992597843667646e-01
-4.182706370052895473e-01
4.838456658324752357e-01
-5.394182064278050248e-01
-5.435561159560944322e-01
8.633741779143928596e-01
-8.881454574742293495e-01
2.562315978764559965e-01
-1.476390678552255142e-01
8.139202243992561536e-01
-5.891386188708440663e-01
1.000000000000000000e+00
-3.788715467887758814e-01
-5.568570046638238180e-01
-1.019471865771722774e-01
3.747708029407526564e-01
-6.877153435768162959e-01
-4.631540327085151842e-01
-9.085110590320151502e-02
1.151936437090954751e-01
-2.294153735587950715e-01
-8.800741802270420355e-02
3.366594648654847033e-01
4.996284873228713508e-01
2.323678223858189895e-01
1.000000000000000000e+00
2.660594470470138417e-01
9.870839063403961111e-01
3.825777290740008385e-01
1.537190973507676084e-01
-2.053544483249421515e-01
-5.537308153127218358e-01
-1.808882158672293905e-01
2.353778481547320611e-01
7.780945589032441934e-01
3.374361647542043485e-01
3.733247291654477329e-01
-8.876306616734750410e-01
-1.071717281655813342e-01
4.282103594095075794e-01
-2.016703789945390735e-01
7.043642815369868249e-01
-4.701377224443589742e-01
-6.463085863275993548e-01
-2.582488532798443703e-01
1.505101834016002726e-01
-5.005366733908980237e-01
-7.919427720768619228e-01
7.726849758784893885e-01
8.000251557506540268e-01
-6.394633196976080569e-01
9.338247743686747260e-01
-2.630559987785816012e-02
4.950874053423047205e-01
-5.271549364957426320e-01
-8.430822994764355371e-01
-1.518076557912440283e-01
-5.974797632182509144e-01
7.823553428273982702e-01
-1.000000000000000000e+00
-2.010069589999045336e-01
-6.887776565562715447e-01
-9.611378650455435491e-01
-4.509916959122577951e-01
9.441081547465767221e-01
-1.253564939242392817e-01
7.920822606810623556e-01
-1.003380248805941510e-01
-7.108352497192120811e-01
2.464435954107403737e-01
5.237512175868752617e-01
-7.258091688978627332e-01
1.406181263525285163e-01
-4.166367724044744980e-02
-5.100012794242230196e-01
8.782128364633547957e-01
7.085358653796047790e-01
1.000000000000000000e+00
-4.652361632425137117e-01
-7.635200811778521945e-01
5.624697999595028586e-01
-1.209270456100282609e-01
9.772947891721812663e-01
6.805451907064845596e-01
-1.058246396193572858e-01
6.787963399423435629e-01
4.476702040304373353e-01
3.840324528018732586e-01
5.220172363200451526e-01
6.210519656394967170e-01
8.688220255191572150e-01
1.157798283188525568e-01
6.133345404161005820e-01
-4.315211552806864914e-02
5.983781371132944338e-03
5.541595337438658120e-02
-9.570143081187734158e-01
-3.762349103499795788e-01
2.947722634401652719e-01
-1.888962348796281721e-01
-7.936747535080448390e-01
-1.010273386096350312e-01
8.598654518500686850e-01
6.666047105045431742e-01
2.392138050067209587e-01
-6.646917662163590590e-01
-8.681474585446491421e-01
-9.115048173159067124e-01
-8.284973122437069848e-02
-8.311672391258287940e-01
9.753148059699968675e-01
-4.693816291971044108e-01
3.502278106960054482e-01
-7.696946085946116956e-01
-2.328450055612017733e-01
-8.090777217834782542e-01
1.000000000000000000e+00
-3.402633685510531025e-01
-8.283229388501470725e-01
-1.000000000000000000e+00
-7.521582116446313693e-01
-6.596298877052664267e-01
4.310168400197438715e-02
-3.266030294592500716e-01
8.301694448720881025e-02
8.298631391318583850e-01
4.307225199384768222e-01
-3.793572512287841647e-01
3.226197071729591248e-01
-3.208330584302350186e-01
5.809015186490157356e-02
-6.095603829873117580e-02
-1.000000000000000000e+00
-9.217838249426754671e-02
3.897405788804334525e-01
-1.209141153277813047e-02
2.766671905208045734e-01
-6.532548801815994954e-01
8.270193754483723403e-01
-2.649001930832716595e-02
8.160187870911196628e-02
3.420226985158104638e-01
-1.000000000000000000e+00
1.933275408324414413e-01
-9.640101602427704197e-01
2.746090928377022400e-01
8.152813802512083319e-01
5.165549083626465032e-01
6.681362811822862957e-01
1.000000000000000000e+00
7.309591682513713051e-01
9.142437382228314757e-03
-8.194437586391265516e-01
-5.795225099692953297e-01
6.656094620696129116e-02
-3.919396719959181152e-01
8.191664472569154531e-02
-5.905678160579265201e-01
-1.000000000000000000e+00
3.943833360899473561e-01
4.062487810234505781e-01
-7.091341794366678997e-02
4.488855825022221024e-01
-2.895347145955535217e-01
-8.008924834283235317e-01
-6.127715772749586787e-01
-4.756444844270185102e-01
-1.051495892289439765e-01
4.329733340614164150e-01
9.946879413435261164e-01
1.521452929347097416e-02
-5.749284594571421048e-01
-8.397677673550188460e-02
6.044841892820002061e-01
6.274786292947532873e-01
4.008250687139155999e-02
3.006504313499767100e-01
-2.339302028079938145e-01
4.810230517437811826e-01
2.951570161013727933e-01
-4.832197505504898238e-01
-1.000000000000000000e+00
-7.102127414347167988e-01
-2.705400442166992492e-01
7.274500371219837502e-01
-9.701511059409893001e-01
7.904597653325184936e-01
-9.570487037603471192e-01
-4.215529898174195100e-01
-3.653471531320696686e-01
5.082873493703250478e-01
7.112462010152043046e-01
7.627831256781490987e-01
-8.064093834369977509e-01
7.421863436944601267e-01
3.294136168855438807e-01
