-2.990870167909906452e-01
-3.654249940515372774e-01
9.877803709434153090e-01
-2.957791648429173859e-01
-6.730243769382082686e-02
3.478573783124032648e-01
-6.611319108391020549e-01
-4.173751626127731873e-01
-3.297508390763532748e-01
-9.254546028694090598e-01
1.000000000000000000e+00
2.039035754463130456e-01
-1.844494232213462759e-01
-7.081392569090516620e-03
-6.596834657235856048e-01
7.737646280667223042e-01
6.594994961885607132e-02
-1.000000000000000000e+00
7.405950652294670533e-01
8.883958407839647187e-01
6.046816513056683107e-01
-5.115611295136627268e-01
7.664142447675598158e-01
9.396704222283509544e-01
-1.000000000000000000e+00
5.433700304394665226e-01
-1.571249956011582516e-01
6.163629166236138657e-01
7.982890074481943099e-01
-2.379456135101352954e-01
1.709216571948823926e-01
3.014330444190876923e-01
-6.934289947708422996e-01
7.639548515212102320e-01
-9.620315225900522016e-02
5.612120755383144255e-01
3.795021000838016967e-01
-7.021102688712501649e-01
-5.148530091011023213e-01
-6.218131504281905197e-01
-6.644719081156003071e-01
1.356768652368856576e-01
-1.000000000000000000e+00
9.670223923320205861e-01
1.679991641181997064e-01
4.853472543457643118e-01
-3.130890490974771456e-01
6.796775609637075721e-01
-7.887183208385390998e-01
3.293579553013390449e-01
4.378183942039932663e-01
2.753263740552163163e-01
7.977819597367030724e-01
-9.030174448617483973e-02
-1.581393007544823204e-01
8.019914000566222279e-02
6.958740036938354523e-01
-3.708860556892035754e-01
4.061411629408753221e-01
-8.907896062350383060e-02
7.270809151274280069e-01
-8.740324275667109566e-01
-2.288376166206244344e-01
3.125186227631349123e-01
-9.795410820191797763e-01
7.142227746991316462e-01
-1.517310900852711364e-01
-6.820263291253256810e-01
1.000000000000000000e+00
1.000000000000000000e+00
3.318475543125765093e-01
1.000000000000000000e+00
-5.970382444594393156e-01
-8.861641911594333454e-01
-2.704384466056236058e-01
-4.819017790645761523e-01
-7.127264751735276072e-01
3.349082231276515054e-01
3.807222437964443706e-01
-7.642549208135811512e-01
1.000000000000000000e+00
5.693025310622473745e-02
-6.423296595260936659e-01
-4.289923756312380987e-01
8.899406135774359239e-01
3.807363838140235823e-01
1.000000000000000000e+00
-3.272784511994166201e-01
2.185399678293300507e-01
2.060156463651508230e-01
9.119462669617545147e-01
1.000000000000000000e+00
3.076686969098209601e-01
-2.524796993420207469e-01
8.392325698510463283e-01
-4.764087666102330698e-01
1.000000000000000000e+00
5.995623801137760500e-01
2.734940769411257078e-01
-8.050821723477160630e-01
3.033953578958140662e-01
-6.572924761862866117e-01
-1.000000000000000000e+00
1.639495003662333195e-01
-8.036051122914678047e-01
1.266893372171806753e-02
4.955125707094609755e-01
9.012464497239247585e-01
-1.000000000000000000e+00
-3.238149150987873481e-01
-8.757930493083511125e-01
-1.845212226194876126e-01
-6.932129723540209065e-01
-7.209012429216108409e-01
6.394000534142074699e-03
-4.459394602125080764e-01
1.347679203402465387e-01
-3.419541258734878353e-01
-3.906470191844216844e-01
-9.775113834645148270e-01
-1.000000000000000000e+00
2.609677135547827653e-02
4.635027668905820075e-01
-1.000000000000000000e+00
5.464975038829937848e-01
-7.032646638957711360e-01
6.631630126718731644e-01
-5.555086785262629556e-01
-1.834896748083638673e-01
3.131533457873493798e-01
8.384808395788892477e-02
1.701260852483594821e-01
-8.233457107370909522e-01
4.272497570277798695e-02
-7.769171355992969819e-01
-3.020606447752625101e-01
5.875383068990912561e-01
3.858445141901506448e-01
5.317418974002766641e-01
2.229904489688153690e-01
1.944562873830008587e-01
-6.226217560175536514e-01
-6.924401739051209148e-01
-4.899134019003731910e-01
-1.990748873417209630e-01
-8.242916146488274975e-01
6.420928357437416523e-01
9.846058990928193699e-01
-3.859451284891819989e-01
1.000000000000000000e+00
2.335915568578260659e-01
-6.101823566423462131e-01
-1.148803529603937834e-01
5.150165445038547007e-01
-1.546183674768930871e-01
-1.227625612715349535e-01
7.725722078301840989e-01
5.682083784173220797e-01
8.808409398615495434e-01
1.000000000000000000e+00
8.794716570004557088e-01
-6.734478298188536494e-01
4.587053947967754675e-01
5.916585848972302220e-01
4.366869522850471697e-01
1.000000000000000000e+00
-4.783117372908705089e-01
4.742316210190103964e-01
5.368147906810307735e-01
7.845440593390362594e-01
2.419266082139863994e-01
4.218901599004947767e-01
4.282013906139917614e-01
-3.896268560915908674e-01
7.563290444880361729e-01
-8.024825049184776127e-01
8.291221793032269582e-01
-8.639964561246765706e-01
-1.711403218562239370e-01
-2.607731705224808350e-02
4.805755602184386133e-02
-1.000000000000000000e+00
3.304667079311363054e-02
-8.829130178822028330e-02
-6.427951280764478970e-01
-3.025064520739930221e-02
5.790717815329773921e-02
-8.077733813663706686e-01
-1.000000000000000000e+00
2.282043780079700546e-01
3.264323457683785956e-01
7.904529386836630644e-01
-4.780779621781389155e-02
-5.653248388589900975e-01
-3.704157604316280494e-01
-3.862279013430984786e-01
-6.515883577820623662e-01
4.681007427835353618e-01
-1.477708390200557775e-02
3.458156940450414218e-01
-7.258646532875964730e-02
1.135996502953306175e-01
6.666162387707108561e-01
-6.515876514418197929e-02
3.066810346929743636e-01
-1.607536580332262210e-01
1.000000000000000000e+00
-3.556140645485626472e-01
9.008890742593194112e-01
4.710890596277747533e-01
-1.116243059408416616e-01
-1.000000000000000000e+00
2.727999681527537579e-02
-2.997895217436460369e-01
-1.312535511017542955e-01
3.431898595934805840e-01
-1.954028695800542614e-01
6.632254649412019365e-01
5.040326868208306887e-01
1.987961935997208107e-01
2.298100557498471697e-01
3.771842520490532036e-01
7.268245909781585468e-01
2.046302586412307445e-01
1.000000000000000000e+00
-1.000000000000000000e+00
9.806497472185693454e-02
1.000000000000000000e+00
7.244507807433799851e-01
5.050214807889621405e-01
1.830216998498832015e-01
-7.762340205794654446e-01
2.466365589451327278e-01
-1.134077722726380966e-01
-7.869888442244139526e-01
-3.257939313474952914e-01
8.750418290231698482e-01
-4.230516213582122820e-01
1.875356483478285430e-02
3.112056583003758869e-01
-6.894608304646654418e-01
-6.399284207876103636e-01
-2.510167271185821947e-01
-8.193025734613986755e-01
-8.510357464073106115e-01
-3.403710340371914334e-01
-7.827460001271858703e-01
6.609767017570110648e-01
-9.365612539873259257e-01
8.329314076670967237e-01
-3.023046167013205832e-01
-3.723923726841684712e-01
5.844420376739932754e-01
1.199194248944599472e-01
1.245418514069169813e-01
4.176684691705534469e-02
6.782968060880479877e-01
7.782616403066811017e-01
1.000000000000000000e+00
-7.959265666357795421e-01
-6.761671687153824051e-01
2.990622823411979159e-01
-9.468601405960605510e-02
1.000000000000000000e+00
4.941552882509153699e-02
