-4.920195034631510284e-02
-5.507671637990902563e-02
-1.158431542329464992e-01
2.829501724474265401e-01
-4.427543803945714895e-01
-1.061968699167801788e-01
4.766503889964638918e-01
1.731259279741208246e-02
-6.997454943244843517e-02
1.773815658375033910e-01
1.869488223359188905e-01
-3.894399022130138888e-01
1.079512763801080411e-01
1.905275276699967824e-01
-2.481515684430405377e-01
9.044815721150076260e-02
5.593874249708748192e-02
-4.038950433558178843e-01
3.751881283280278923e-01
-2.144608343067241907e-01
1.810495444397280940e-01
6.783942640497762078e-01
-9.270517840195881265e-02
4.812640114468010322e-01
1.138251395511159433e-02
-2.614462446735285606e-03
4.063075053718039342e-01
-3.661227422371112206e-01
5.070560913860917562e-01
2.029947329896545916e-01
-5.055192890367739278e-02
3.525217446110349706e-01
6.874218124351907933e-02
-1.022329792677517668e-01
1.483293654938616646e-01
-1.091784028755120040e-01
2.574738482024014341e-01
4.657097583233980043e-01
4.451859976975911515e-01
-1.848334616485519666e-01
9.139001710259515854e-02
8.765952802229701191e-02
-5.023076572627451775e-01
7.226218592374221428e-02
-3.373528020533928529e-01
4.327339003546647189e-02
-6.487632779742735778e-03
2.837147949085122023e-01
7.859331280096044925e-02
1.619820628942910956e-01
-9.859884995271225860e-03
3.496682408092980365e-01
-2.214399986055834157e-01
2.935737787833763157e-01
4.203594437424202357e-01
4.142096621287268826e-02
-5.380175020970403565e-01
-2.508457165470295291e-01
-1.115354654691152678e-02
-9.499709918565420186e-03
-2.419675394934952539e-01
2.605418457505508378e-01
-3.036997124268387971e-01
-1.114875616203389042e-01
1.396128415311145149e-02
1.513507372421027952e-01
1.255441883803114222e-01
-2.843025705991802377e-01
-1.276468798719215814e-02
-3.269158809731410598e-01
2.221829221319611136e-01
1.948400807026114401e-01
-5.005251761827114176e-01
-1.067921753156825804e-01
-3.736883847500785949e-01
6.709877188518270641e-02
-8.842768787500301930e-03
-2.484866870359793145e-01
5.521373656451557255e-02
8.200030110066551525e-02
-1.116251179357988094e-01
-7.082406049565791173e-02
-7.592775090880726774e-02
1.077544630005433102e-01
-1.845357966818292339e-01
2.634353726052338085e-02
5.967349289673706814e-02
-5.815613647034104799e-02
2.743651123831721828e-01
5.148811645472142762e-02
-3.531690298903623071e-01
2.565762030251876880e-01
1.898926798088531043e-01
4.673973012013672712e-02
-1.928190321781065864e-01
4.056651017036725371e-01
1.196455462904643663e-01
2.846325524031896315e-01
-3.419666295324476080e-01
3.239892847721074776e-01
-1.094959697022447331e-01
1.855434640376395494e-01
-2.138358898646031403e-01
-1.117005120424923170e-01
6.977443956649828638e-02
4.572252807386881224e-02
5.088966139314261838e-03
-4.317327487080790949e-01
2.968811330189899400e-01
1.482725028588403049e-01
-2.442670424368202642e-01
-5.127009593916658226e-01
-1.605150252547956347e-01
1.371562145569507618e-01
-2.267845709281035016e-01
-1.944456176866816988e-03
-5.197419195957590082e-02
7.153834783403745234e-02
-4.535886236152724682e-01
4.817188994164960103e-02
-9.916638399473023946e-02
1.804250959647492603e-01
9.823943966583327525e-02
-4.148638947627360934e-02
1.981765872254955818e-01
-3.203782946088632455e-01
-3.468204626076606956e-02
-1.048310541194139855e-01
-1.191270206955019617e-02
4.033955565145818656e-01
-4.130131120295890690e-01
3.589267799058051128e-02
-7.467992788648558644e-02
-1.899260161014441062e-01
-4.774202474923219808e-01
3.556944728096895769e-01
8.702187713371847821e-02
-3.316248058541361177e-01
3.362474603281961905e-01
-2.397665742056149241e-01
1.005045966932495149e-01
1.599826325091470158e-01
4.488961660530345621e-01
4.336678503463715084e-01
-3.072047333097567279e-01
5.276326485896540852e-01
3.057274971120073626e-01
2.798261467298387428e-01
-3.877118939153707533e-01
1.940441469287708665e-01
-1.156801637886910039e-01
-6.132132757139006074e-01
-1.463517000958775294e-01
3.948172309602881319e-03
-2.047257538964508683e-03
3.203827801479772197e-01
-2.309514266647599290e-01
-3.029479116586184517e-01
-1.626485125965634049e-01
1.108615010571074172e-01
-4.622896583428584560e-02
-4.097467806513149235e-01
-3.781099479534796859e-02
1.704267400338349558e-01
-1.584070846170534119e-01
-1.898683309761811933e-01
4.047938689396743950e-01
-5.482392002331137881e-01
-2.328909147721183737e-02
-1.287686632881191451e-01
-3.669323312822452277e-01
1.280827565823845493e-01
2.950578745080965071e-01
-5.437976583276701859e-02
-4.267570478123581257e-01
-2.169857031753504306e-01
-3.641051118456860025e-01
2.288525186567778869e-02
-7.111866489681828440e-02
1.728091690925281920e-02
2.796330824477899490e-02
1.423537546968118850e-01
-1.899007043050026933e-01
2.797181110605978516e-02
4.062310457386877349e-01
1.696475659369301933e-02
-3.367966983485147225e-01
-1.150446144768800250e-01
-1.873050831784811299e-01
6.512046876840696941e-01
9.442574803778500114e-02
-2.585585977442999561e-01
-3.619788542859863067e-01
1.083577888932893418e-01
9.144005907834379387e-02
1.823221193045253541e-01
2.057868857671893703e-01
-2.438610926761384246e-01
1.001372270407578507e-01
-2.941464987693463429e-01
-2.859677794961687503e-01
-2.903280302461062057e-01
4.435314448683696509e-01
-3.506144448205426173e-02
-1.942631565609296285e-01
4.349576734773530351e-02
4.096207597429316616e-01
1.020756144970672852e-01
-4.316070987160233741e-02
1.401092970488483080e-01
-2.719842689921795897e-01
-2.683459447756784272e-02
3.962738761031904811e-01
-7.355480180978514471e-02
-4.248217936068370837e-01
-1.886396952803618410e-01
-1.432577831056834061e-01
-1.056306629269968267e-01
3.547909670318944997e-01
3.524088876245551893e-01
-9.647347104704251386e-02
-4.833076494136613332e-01
6.558264178859983529e-02
7.939772108859835531e-02
-4.550460971236715002e-01
9.922363550129828513e-02
-3.860111897806576819e-01
1.069946881154099499e-01
-1.885059225816866912e-01
-2.194413840352216760e-01
-8.765415035377586983e-02
1.068590374378666913e-01
4.368916531657122126e-01
-6.220789156360248540e-02
2.310079234962764683e-01
-4.281764625442402994e-01
-3.955564299518159466e-01
5.550623050348453269e-01
3.058401494437392176e-01
8.466649125085469463e-02
-4.812774199095451455e-02
2.356896573773313575e-01
1.659116464248899525e-01
2.976909148320111553e-01
1.841813481166582056e-01
-2.416498899864795435e-01
-4.630202364639294244e-01
2.058214342051133960e-01
-1.019589996051273040e-01
2.904467646791081270e-01
-3.901780684218156825e-01
4.160828491543225316e-01
-2.516941817193719677e-01
-3.756742364367635645e-01
3.491174914988170452e-01
-1.077017717789175988e-01
-3.322576343168046620e-01
3.987676951492041821e-01
2.702640564884042917e-01
7.746794755458838444e-02
1.877617189022248168e-01
-2.978631362671269045e-01
-9.070271620574574256e-02
5.315216018195014769e-01
5.076624891277057433e-02
