7.025933181950840822e-01
4.142594113882219209e-01
1.571604719622399227e-02
-3.447496048790625600e-03
6.219941737017378180e-01
-7.212712707211509366e-01
-9.478000744457731885e-02
6.968709505219763400e-01
-9.247390116072888855e-01
-7.410140796380300099e-01
-5.306670181762245253e-01
5.079379558415242357e-01
-4.769261052205883145e-01
-6.401701216161513885e-01
-8.998962209195121575e-01
-2.270904609670414964e-01
3.303224777083928476e-01
-5.201100404233405250e-01
-6.956009672846281688e-01
3.526998419812107377e-01
3.584608991436684655e-01
3.836667988222053349e-01
1.002293663869560092e-01
-9.994044247902402756e-01
-8.369427366427684145e-02
-5.208421782272663059e-01
-5.037696445323684991e-01
-8.604093595892948754e-01
-1.725917736651200740e-01
-4.296750565451783466e-01
1.988960273967967929e-01
-7.621471635565435498e-01
2.307345353449233305e-01
2.369774368312786428e-01
-9.761138304140768440e-01
2.625511719822234968e-01
-1.302385072436438862e-01
-7.218727919504794865e-01
-4.107486124319867926e-01
6.085726126266519653e-01
-1.000000000000000000e+00
-6.078793859669124888e-01
1.395448331634323025e-01
-7.393253957379473940e-02
4.564989419640194113e-01
5.686070181247323552e-01
2.895565487294582407e-01
2.424052371894326319e-01
4.150151411473675389e-01
4.938737326970142338e-01
1.000000000000000000e+00
-5.811221524389804660e-01
-6.908625840742146362e-01
-1.519032378063616129e-01
-8.805714054331466034e-01
4.083050065559897801e-01
-1.007090365001604704e-01
3.471982796167584207e-01
1.000000000000000000e+00
-6.947501542077809678e-01
-8.116385309482986310e-01
-8.231687001100167489e-01
3.729333295793947622e-02
7.772608157289782049e-01
6.165384538419800275e-01
-2.537867775790284552e-01
-9.464095545558008915e-01
-2.169475644735338882e-01
-1.612581561834402488e-01
-6.855142907214415438e-01
6.983054030903986797e-01
-8.888428270426240729e-03
2.992961222361690821e-01
1.000000000000000000e+00
-3.072360515279110027e-01
5.348622180093944856e-01
2.743655361408847138e-01
7.126164662286371687e-02
-7.700363857062084705e-01
-5.970659819856858341e-01
-1.000000000000000000e+00
2.111946522253373426e-01
2.443857723672644422e-01
8.549483486142928079e-01
-3.618900598824288384e-01
6.814130738510391916e-02
-6.379344687242116674e-01
7.716081432238919291e-01
-4.320359295970743196e-01
-6.747141250315318306e-01
-3.360413812090332075e-01
-3.334175254877447259e-01
-4.121797479593653502e-01
-9.155381518547258679e-01
-3.240487778088103621e-01
5.273855372099244265e-01
8.120734243089346993e-01
3.370387044153935058e-02
4.027333125165913907e-01
-4.654235044077200678e-01
-1.583875114007082252e-01
-8.756591008929739961e-02
6.919063973996689709e-01
7.829866451636297020e-01
8.239204431798767825e-01
-3.786765947009222422e-01
4.866104735232495981e-02
4.970500929066248297e-01
-6.652072214034607800e-01
-4.350706984197405536e-02
7.227131748310071657e-01
-3.938756946698630801e-03
7.343952813158518556e-01
2.140835690861972451e-01
4.704381073610873765e-01
1.000000000000000000e+00
7.405301790926333005e-01
4.467368350255990217e-01
6.592385560505348296e-01
5.852958109381312113e-01
-9.654888190281605276e-01
5.845166387607315661e-01
5.536500175804554003e-01
-1.216351151270421427e-02
-3.984959626712383240e-01
-8.343155295532476146e-01
2.692464975643590330e-01
8.028738325201444370e-01
-5.540920724058819857e-01
-3.916231764321826958e-01
5.180805329332959230e-01
-7.648029952093507444e-02
-1.128047627301855815e-01
8.989799876718174154e-02
1.084263318818070587e-01
-6.301751975872236233e-01
-9.515452499786489771e-01
-9.787976612868710680e-01
5.189527408357363925e-02
2.759541870008612174e-01
2.542622214481432552e-01
-9.071430965680722380e-01
-2.528509000316683242e-01
-8.108976821133225821e-01
-3.617163506412551799e-01
-4.272146179554053846e-01
1.000000000000000000e+00
3.141540707200896065e-01
-7.921383094310517903e-01
-6.739422191789491423e-01
-4.649608853878082204e-01
4.170036374358629394e-01
1.023387878312189692e-01
-5.344374323692249185e-01
1.346854439796932867e-01
-5.948954916218680555e-01
-9.795411618727567493e-02
9.747738822065592501e-01
-7.606149612238531921e-01
-1.662738237679062259e-01
4.413255652376806282e-01
-1.434491382607566701e-01
6.305771061467495553e-01
-3.676819889104021577e-02
2.967209599931436292e-01
-1.131858245018108611e-01
-7.075637609728677724e-01
1.207984893295488554e-01
-2.214761941677288459e-01
6.925715247143021669e-02
-5.353374681352390807e-01
-9.138760906792545713e-01
4.839884135752520189e-01
-1.750898749010454392e-01
-6.414561451041519424e-01
4.222249619200654225e-01
-2.484993802858748435e-01
5.951190588114146918e-01
-3.560279967573860560e-01
-6.060797142450091712e-01
-4.728294282938362292e-01
1.621949016924910947e-01
7.601008862604109462e-01
-5.485457701752077808e-01
4.244276649819982428e-01
-4.899408346887501597e-01
8.103648318478703372e-01
1.570372989495000260e-01
-3.445998632797924177e-01
8.264572496416200398e-01
-3.452874352643910405e-01
1.615666454933082641e-01
5.716036326602376150e-01
-2.604462433124092868e-01
7.626432513855058160e-02
-6.154346434956089462e-01
-3.199819369638572386e-01
8.930527064284228267e-01
-3.399033730572318945e-01
1.062656486020022856e-01
-5.891566420023888195e-01
-9.036777948410676942e-01
-9.586304876100160133e-01
9.958863458490591070e-01
1.793796871826330297e-01
-6.389770231084092311e-02
-2.402363675229062245e-01
4.413807030463986480e-01
7.020996309488434228e-01
2.223771713846852127e-01
7.508609610565179782e-02
-5.571982894246026996e-01
-3.998134505856106302e-01
-6.463742857923679974e-01
-2.033827117280245234e-01
-7.763154744460086798e-01
4.578715719943081686e-01
3.957381554665501677e-01
-6.880123377611278013e-01
-1.399581696655523011e-01
8.141750797237191639e-01
-9.201138439206286712e-01
-8.493770527724827657e-01
1.089820223668900301e-01
4.122663514035285748e-01
3.256776375987529004e-01
3.478999815879983692e-02
2.460438574670966161e-01
1.528834525719243442e-01
7.882081504434329533e-01
-7.322879461451783367e-01
-1.302226068980781304e-01
-1.044679302887543404e-01
2.420053917975619751e-01
6.251950185777281899e-01
-9.577195059809712196e-02
-3.523415623828570209e-01
1.000000000000000000e+00
6.045430406073910579e-01
-6.766913317756844126e-01
-8.268620396131671768e-01
4.375563326505653716e-01
4.115996001007786731e-01
-7.756491485899716376e-02
3.569553797077734680e-02
5.381156968607362368e-01
8.322763805210192656e-02
-6.503977938197943454e-01
7.945440056150848696e-01
7.053715401008746611e-01
-3.495088789357624348e-01
1.228301187943523776e-01
2.472108328053316817e-01
-9.174378495878179884e-02
-7.841195675247963903e-01
-8.897814459013277943e-01
5.880109473255509256e-01
-6.696151146980443558e-01
9.685506996076255481e-02
6.106520549125056263e-01
-3.710226735623523009e-01
-8.027612539705309969e-01
-4.515402498107902174e-01
6.225685676748375919e-01
-9.201780275283408805e-01
