7.150792194298726256e-01
1.595510927917322963e-01
6.000697203593627904e-01
9.702696844420471978e-01
-5.483565605102241891e-02
-7.693536887288272563e-01
-8.545983497251703476e-01
-5.940068061511232234e-01
3.263226300891370890e-01
2.542012803370879426e-01
-5.368512308514244297e-02
7.391910902988085841e-01
1.000000000000000000e+00
3.245483910443267006e-02
-6.156530513063700472e-01
-2.952547839954406950e-01
-9.667191079784998031e-01
-2.135641754151632321e-01
-6.730839245049987651e-01
9.663997262892435325e-01
-7.741017165824018997e-01
7.858705472630813649e-01
5.843558468167020514e-01
6.505383967389372080e-01
-5.802863480444605537e-01
4.579659731510835052e-01
-7.103175730970066049e-01
-9.671500802227692706e-01
-6.078317286668072361e-01
-7.756770766609872858e-01
5.118574372434340214e-01
8.769709774488492204e-01
8.898650821094348240e-01
3.601346520241014981e-01
-1.922697435072020511e-01
4.280442272825670802e-01
7.816308300014366273e-01
-6.172322020014371358e-01
-7.817435546854828443e-01
-5.111665103562632595e-01
-3.942153624336586781e-01
-1.652182067957161105e-01
-9.992461302741773022e-01
1.000000000000000000e+00
-1.616354751124160494e-01
-6.000936598179215098e-01
1.000000000000000000e+00
-7.482801895726953756e-01
-2.305847083032187828e-02
9.465377496941704827e-01
-5.597770245198747663e-01
3.323916225887379450e-01
2.795884256571595228e-01
2.068148685603497239e-01
6.352506998337007493e-01
7.034849501551267981e-01
-1.261987860206973955e-01
6.847425601553182029e-01
4.018035800271976821e-01
-3.755764862582195995e-01
-6.813672806177593078e-01
-6.886535425535574850e-01
5.006960645635410989e-01
1.000000000000000000e+00
7.731312121481616062e-01
1.000000000000000000e+00
1.000000000000000000e+00
-1.877553022747235623e-01
-5.413369877706130096e-01
-1.000000000000000000e+00
4.809973068631563375e-01
3.656072880776781858e-02
5.211634484703146081e-02
1.311603621854895430e-02
-1.000000000000000000e+00
8.468972484866782099e-03
9.847366518290252557e-01
7.480639083006268564e-01
-5.738734234912127308e-01
-3.265056501637315645e-01
-8.887962586430939727e-01
-3.684190165930584793e-01
-4.000916367737915036e-01
-7.966731918414748925e-01
4.938813074961456162e-01
3.485762654790067749e-01
3.104681958685699961e-01
3.638803034290948868e-01
-9.108436251544569373e-01
2.319651164192787496e-01
4.922461030581275210e-02
2.277063508295905370e-01
3.874228071223694281e-01
-9.910855491483543389e-01
-1.142288859111722787e-01
-1.000000000000000000e+00
-6.130046846427086304e-01
4.847723274018821416e-01
6.042581057699693003e-01
1.653065516352906494e-01
5.954241817114308555e-02
-2.537150383267859632e-02
3.180260368853051745e-01
1.000000000000000000e+00
9.008931782197246996e-01
-7.231512771813656260e-01
1.688975985033384086e-01
7.126343794791399899e-01
3.230711757346080848e-01
6.837389946782214400e-03
-4.577177090767059475e-01
1.198039621146410605e-01
-6.545345885878156578e-01
-6.608410685804173568e-01
9.881207705076534564e-01
8.097351264367780299e-01
-2.719181347265067772e-01
8.893102077079586554e-01
9.886857782305132902e-01
-9.399417907635284619e-01
2.956583365467064795e-01
5.486880063236903027e-01
-3.046441980947765527e-01
2.622773031455952752e-01
-9.841136425352029482e-01
-1.394924099777261617e-01
4.030184121903604422e-02
8.051629334339515109e-01
-9.618195194948566673e-01
-9.915682437687535211e-01
4.338609841614049500e-01
-3.848302837450992553e-01
-3.343210816222464410e-01
7.555324780578561716e-01
9.007229223528635531e-01
-6.889202145203995320e-01
7.248923072410234925e-02
6.252846860397470730e-01
-6.419307589408553838e-01
-5.440385599458595900e-01
-4.124558827956012474e-01
8.084591000882880574e-02
-2.910021962557502451e-01
-8.099803337387351254e-01
-9.684947641048553546e-01
-4.775140741855687376e-01
5.653582820718350277e-02
8.082653266167734440e-02
-4.423375138053192157e-01
1.732940256756549946e-01
9.697952551623238993e-01
1.715404396789617369e-01
-6.111518008543479485e-01
-3.240593221902438592e-01
8.157906843135528385e-01
3.744607667708105270e-02
8.880621982055427743e-01
5.259321572547730472e-01
6.773124370227748825e-01
-8.514600504764060496e-01
-4.835515004617236823e-01
4.029072979166662405e-01
-6.082728987785721575e-01
-8.505226751813280139e-02
-4.564221265839484842e-01
-3.193534047122498221e-01
4.640490618129443079e-01
7.329141444625876245e-01
-1.622223366165821135e-01
-3.377424727872936350e-01
-9.188290797134723853e-02
6.421742285655330368e-03
-4.191891952895359652e-01
3.716318616078285730e-01
8.306451341496657870e-01
-9.307434542813015632e-01
-2.657356346807527303e-01
2.028097431139549711e-01
8.533405305990692247e-01
8.539247906908565833e-01
5.511064857429996966e-01
2.877076090645643847e-01
5.299307438192742969e-01
-2.820249396741646430e-01
-6.078145252351303540e-01
-5.575084941528833937e-01
-6.688005993301815444e-02
-5.525388517972087410e-01
-2.273027393830218124e-01
6.583577678190017934e-01
4.777913609843718601e-01
-8.624891439864548759e-02
7.517790021761864283e-01
-6.997235281935144657e-01
6.426628628467655480e-01
-1.000000000000000000e+00
5.164276305837938175e-01
7.659318705263423732e-01
-4.848531001312202937e-01
-8.662991760191762758e-01
-8.911364265328517442e-01
-3.093197214454264030e-02
-4.904472890735957491e-01
-8.968483988349895686e-01
2.605411715888934776e-02
9.786951928060370065e-01
9.424726206569024045e-01
7.357504574141988662e-01
-9.237358781741535907e-01
-2.918997698388112738e-01
9.974647752481138330e-01
-4.699199538545640875e-01
-1.535472257266054241e-01
-6.063720853395065946e-02
-6.153231522490280048e-01
-1.000000000000000000e+00
7.989647428838830834e-01
-3.892903111785335213e-01
4.708267296421503878e-01
1.058938828511101771e-01
1.435338903470159411e-01
3.655029535890462200e-01
-9.406572280446500178e-01
6.160012157195626781e-01
5.317186333537439191e-01
5.695676313455015904e-01
-6.255916931581261275e-01
4.753565796294620394e-01
6.521883909381521738e-01
-6.828942746778119410e-01
-4.334208846257324166e-01
-7.767687383660224487e-01
4.278787417867411236e-01
3.021932829124028830e-01
-4.714912452256921904e-01
-1.000000000000000000e+00
6.032089725180166395e-01
1.710513389639603532e-01
4.839806862285804812e-01
7.610033130184725714e-01
1.794772141842269630e-01
6.784265740881192386e-01
-9.758451008342585720e-01
-9.391643504863751435e-01
-6.265270484500702342e-01
-1.681811827949816485e-01
7.615981298755479800e-01
9.829968369024897346e-01
-5.201327615241832514e-02
9.305003757807365217e-01
-3.324068816251216085e-01
-5.305349109488220749e-02
-3.503213163552204579e-01
6.627096650430914782e-01
-1.000000000000000000e+00
-1.338594911828267509e-01
-9.292220192515945332e-01
7.160494611753983607e-01
1.029748318842304555e-01
5.441449428534063104e-01
9.882066168638035109e-01
-9.934812655829666772e-01
1.800771678468053860e-01
1.913409967392554201e-01
3.206288099669778457e-01
