-4.241856497427491934e-01
-6.979112522917871875e-01
1.238770925650462401e-01
-4.491179795010449838e-01
7.976007774754572122e-01
8.708383684576270767e-02
6.825286656295359577e-02
5.664836482436685916e-01
3.648492246924574522e-01
9.722500993220180021e-01
-2.614071245312814262e-02
2.831759932404527280e-01
5.700643263412238371e-01
-7.655098040040211327e-01
5.036910890147504594e-01
2.823790481689560927e-01
6.724655900502434225e-01
-2.523196320348750077e-01
5.217098167673290821e-01
8.547686574610376953e-01
-1.818750123596735158e-01
-6.453237303407884928e-01
3.605036151124362681e-02
-5.633282365025884530e-01
-4.981597978277083616e-01
5.893379270141400061e-01
-8.621483049419323974e-01
-1.021804603420304547e+00
3.788107920415881846e-01
-5.792221449817170909e-01
7.653195741864966817e-02
-9.832643673367271742e-01
5.444228330813516425e-01
6.057332166465385637e-01
-2.265276893205561137e-01
-4.357676928615864531e-01
9.559186925679967750e-01
3.610607703886443282e-02
-3.089484554492105683e-01
9.300155031134983430e-01
-4.153998261457236829e-01
1.664117520999139621e-01
-8.033922258199585054e-01
-3.319522938163022019e-01
5.573041367130966428e-01
-6.315369985607410808e-01
-3.340408220147045304e-01
3.709751962458794350e-01
-5.072899300300444114e-01
-8.151097078454738742e-01
5.142458303686576748e-01
-6.621340087371982430e-02
-6.615099460752700278e-01
9.862386708959864912e-01
-2.555140855061134308e-01
-6.503956545157838498e-01
4.780470644295330973e-01
3.421988510685696205e-01
-4.716695261719723309e-01
-7.350294206503731331e-01
-4.598666421353733713e-01
6.367166716281931205e-01
-6.528952131060178354e-01
-7.505850586612466957e-01
1.712075124215605704e-01
5.092978911620325011e-01
-4.406498794956950626e-01
9.396491147828006651e-02
2.647749759551937809e-01
9.338754709903154261e-01
-4.843034391498813873e-01
8.331260214234206263e-01
-2.719318453967604077e-01
-7.252515888744895389e-02
-4.721594804737820894e-01
7.074388418286280400e-01
3.757584379523740137e-01
-8.233799638770580298e-01
5.135536752110443359e-01
-5.726748170485678191e-01
-8.372281386694879757e-03
-2.745346106943063469e-01
9.862915843579715958e-01
-6.329333022431262723e-01
4.814189073990930989e-01
5.067554005374808046e-01
-4.846952852962586045e-01
-9.220926562847338026e-01
-2.913643392631299900e-01
3.064929654615070609e-01
7.340901277204892050e-01
-3.196309532666257169e-01
3.642476186690136175e-01
1.087827628317072248e+00
6.138753651876435735e-02
-2.136346457394470155e-01
6.419792632465524118e-01
1.649910143971120291e-01
-3.194104480240432808e-01
-4.283224223225465255e-02
2.619104734930028933e-01
1.011278468831128263e-01
5.027587782344484779e-01
-3.492131587168066376e-01
9.812953719559971977e-02
6.214412000981410777e-01
-8.438047591213923004e-01
-5.401345292556799516e-01
-8.824653143941241229e-01
-6.829314389300216170e-01
-4.054828713246561023e-02
-7.129295850576645721e-01
-5.945441966452790217e-01
-4.824266702380408667e-02
7.653475002090945889e-01
-6.627628013623156900e-01
-1.072990338350300110e+00
9.053693614808732137e-01
-1.309088603468739620e-01
2.650688061343333679e-01
-1.350192782213524845e-01
-7.599163625494925745e-02
3.621725146034809328e-01
-3.054069489746119026e-01
8.854976166202631616e-01
1.693499553424018256e-01
-9.152700642428599487e-01
-3.698786501070783217e-02
1.074031499468951489e-01
3.471753434072241129e-01
7.611587039043540281e-01
-3.908141500959050330e-01
8.601708617043459792e-01
-6.057156569635762100e-01
-4.851488976972807565e-01
5.403668634269724880e-01
6.199150461945122093e-01
2.882416401839941189e-01
-4.103652540569847074e-01
4.027125792839361118e-01
3.233303524279572683e-01
5.910030064397302496e-01
4.178687224928293587e-01
-5.739704958497304776e-01
3.998017414508614475e-01
-2.375862148634019233e-01
-3.822731772582341758e-01
6.079141122545173026e-01
-8.423660381374800665e-02
8.311213305001988183e-02
-1.828154480023781447e-01
1.057942649953038439e+00
7.028967003008557146e-01
-9.398555630925352622e-01
3.251906441962757466e-01
9.939308585262501827e-01
1.143904971656400926e+00
1.171385208039064096e-01
-4.930644567663182709e-01
-1.030389912504450001e+00
-8.762948461246156118e-01
1.045448013656163910e-01
-4.163039784622445394e-01
-5.712639216476023130e-01
-1.060247619994563406e+00
-5.027334701831055463e-01
5.439108694505250252e-01
1.098813076382167075e+00
3.653922871916265303e-01
-7.933713589609527883e-01
-2.241511498403183644e-01
-6.033235422245627477e-01
-3.837705918091780521e-01
-8.091402315345805896e-01
-5.251951793267920499e-01
-6.691117818093823832e-02
6.173289262660934806e-01
-6.131181295904064577e-02
-5.219814092609806888e-01
2.976441102259755889e-01
9.579690114215055896e-01
-9.410401661338159141e-01
7.283949994919973747e-01
-8.312119952248635535e-01
-4.653253839645916101e-01
9.217709447817379331e-01
1.047690918043379327e+00
-8.683401145807646548e-01
3.559046613609593290e-01
7.783536419806075246e-01
-6.429812564586125934e-01
-5.155290868560897799e-01
5.527039010566194843e-01
-8.668680883209911592e-02
-4.903093453960364889e-01
-8.616646940103386276e-01
4.923729574544490339e-01
-8.578346377934262246e-02
4.579276330909289872e-01
-6.998995215560133154e-01
-7.666348025903995111e-01
6.760685363961164152e-01
5.124772454543562450e-01
5.436927892076091062e-01
-4.983236165954241792e-01
-4.255096958146289410e-01
-9.449405358808322664e-01
-2.195346500615500962e-01
1.390014514571342730e-01
-5.287843215175123124e-01
-8.692521853798900189e-01
-5.157391028259334931e-01
5.915269681681031844e-02
1.408497737056058075e-01
-8.856158559698066313e-01
-4.728078696897439204e-01
-1.198345415548043302e-01
-3.330238350189543284e-01
1.244140086863805283e-01
-2.339488448471369608e-01
-2.116142438182375962e-01
-5.590638397328302478e-01
-5.248836159524835621e-01
-8.048888674081184913e-01
-4.683866774858562176e-01
-6.985170595137403238e-01
-2.869037094936141563e-01
9.033276576428783677e-01
9.180180521412792394e-02
-7.171729391436517664e-01
2.333261428300914819e-01
8.070751309694608189e-01
3.326814702549329983e-01
4.595394466303838743e-01
-7.845404782879614736e-01
4.484639971943660264e-01
4.439626959514605398e-01
3.007052544828500706e-01
5.955368056366388413e-02
-3.416688558527763986e-01
5.653964472026036248e-01
9.644438123244049033e-01
-3.050875440942871775e-01
1.456821392749541033e-02
-1.114243403600893301e-01
-1.052600537407549330e+00
-2.676547688189755414e-01
7.988303998017216856e-02
1.632358892434277453e-01
-1.014379068444645204e+00
-3.709021224225651503e-01
3.154776946875363919e-01
8.361357734971729405e-01
2.078279987956028751e-01
7.030376233489880056e-01
-9.128066710436373299e-01
-9.889714517979734942e-02
5.611383114336589983e-01
5.343442176416697276e-01
-2.745009883728053990e-01
-6.524007855561919644e-01
-3.618783979338790480e-01
-6.601801058009610923e-01
-5.276844879267544863e-01
-2.292275667097441738e-01
