5.178953147769820298e-01
-1.222431602546451834e-01
-1.538556698134909695e-01
2.488470387709091902e-01
-4.498476106253823659e-01
1.000000000000000000e+00
6.003907611476870798e-01
-8.376541877042175122e-01
1.673682574582984472e-01
6.876081851298823100e-01
-1.760155996433359071e-01
9.873588015809402485e-01
3.541405631394882736e-01
7.997684975202300484e-01
8.192443197859129445e-01
9.004737232554422821e-01
5.220102637949944335e-02
5.394360732442040618e-01
3.210629212534121812e-02
3.502851097467849506e-01
9.769908738239900803e-01
-6.719506555468508502e-01
-1.514636675777913943e-02
9.025416215288797339e-01
2.722996666948402922e-01
-4.534884575448379085e-01
-8.402837128470688199e-01
3.645721919145035184e-01
-6.474034291657387863e-01
9.400036228855269682e-01
2.904615347160805494e-01
8.691154238857207170e-01
-2.952684525443545205e-01
-5.933605199455385115e-01
5.389399486531003536e-01
8.848928305327216082e-01
1.934576743449352709e-01
-8.085163393131395981e-01
7.789098638166148669e-01
-5.024029575819408677e-01
3.431258632262217390e-01
-3.248635688158270640e-01
-5.416488278602052953e-01
-9.987913149449714201e-01
-1.220011154474638371e-01
-7.301155347383065930e-01
-7.964251535993760456e-01
-7.163926752113192187e-02
3.941353652609500546e-01
2.672447524543901110e-01
6.455609191021181859e-02
7.974858686334113100e-01
5.685976399837602280e-01
5.556109491246411514e-01
-8.684457019214819606e-01
4.947007080131415879e-01
-2.756582537924271437e-01
7.830140326551282559e-01
5.519626227989629097e-01
-3.667798363732748257e-01
-7.342073025503188521e-01
1.586964220877921938e-01
1.585456744435795873e-01
1.104125461715023265e-01
4.305331236756499980e-01
-3.846064512410155567e-01
-2.752298382730793413e-01
6.242416195488376118e-01
-7.368668860513369889e-01
-2.112342264718951035e-01
1.686711300020797832e-01
-1.941543029602164905e-01
9.592438645395440222e-01
9.198565976279082790e-02
8.948866933839634275e-01
4.192699438508649123e-01
-1.608822166325007963e-01
6.055121808212635681e-01
4.888164869620206243e-01
5.481082092866078614e-01
-6.531641712956266499e-01
7.613341152224251118e-01
5.324292706989453006e-01
-9.920057849093590063e-02
7.884220449198812153e-01
7.634559470706350215e-01
1.323615862360716378e-01
7.803208393619401884e-01
-8.280710384441603011e-02
-9.764353170089218326e-01
8.130335008863056601e-01
5.763594985192163067e-01
2.826976553632227773e-01
3.608913260730988171e-01
-7.602976550521440835e-01
-6.010027875578847212e-01
2.780445726050706501e-01
-3.408444956700722450e-01
-7.694144817488591803e-01
1.000000000000000000e+00
-7.445954811835733267e-01
1.419760018121822842e-01
5.453489485598971287e-01
8.203833617424167723e-01
3.657769463418594214e-01
-2.891173825388848595e-01
-8.500044829522270806e-01
-5.300971867365364965e-01
-5.722693330408402251e-02
-3.143251622448925420e-01
-8.388881001010575211e-01
6.074189059852084238e-01
-3.385875647450247161e-01
8.481593996446838979e-01
-9.660812774250069346e-01
-7.400287770953073441e-02
3.564704709402226612e-01
-6.685682929095089211e-01
-7.184794664408720166e-01
3.683274283186711573e-01
4.913571718009985823e-01
9.652973176750971884e-01
-4.280562886475045015e-01
6.137817020432754234e-01
3.772658699630506707e-01
-9.179951239267800656e-01
9.926862297591414475e-01
-3.435756800520324283e-01
7.497620258798987081e-01
-5.587196150590468813e-01
-4.727043475551938601e-01
5.376301702420466233e-01
3.927319779032464181e-02
8.039391839645939619e-01
4.517184261493865094e-01
6.735829754288409355e-01
-2.815277049888273986e-01
-3.823604639434257102e-01
-4.651184512395774018e-01
5.479870513903184470e-01
-4.251874918417528626e-01
-5.064687782597383503e-01
8.524766343044897221e-01
7.654863968904794813e-01
-7.306548722044259314e-02
-9.838816534589986951e-01
3.518532895617970668e-02
-1.731180320140790485e-02
-4.397685480707091976e-01
-4.905612352127996512e-01
7.338942253415012829e-01
-9.017621905573727226e-01
4.964040371367510751e-01
-1.898338072183333169e-01
9.784154609603601394e-01
-1.935602694289101644e-01
-7.327091389409960964e-01
3.028371398497473610e-01
5.810226066948102064e-01
5.010968500910151224e-01
-6.682079936124857289e-01
4.000774442859489355e-02
5.729643770147951898e-02
-1.000000000000000000e+00
3.218825178891688288e-01
-2.977475897041600983e-01
-6.043264974855991900e-01
9.434051368976893726e-02
1.584773670987393857e-02
-5.618622838402413944e-01
-7.946515069521805641e-01
-3.765826925370721057e-01
-4.245772432044301326e-01
6.568936257902104892e-01
-1.703270129832274993e-01
8.796560040704608507e-01
1.217389669503607941e-01
-8.948042153070311366e-01
-4.186579741901297336e-01
6.459502242014523166e-01
-3.476944833235516563e-02
8.526956806979549830e-01
-1.088398993970192130e-01
-6.916874853694168213e-01
-7.080445559236117070e-01
9.130305508627115652e-01
-9.679514265804713968e-01
-2.736121201795937985e-02
8.243295677285655820e-01
-8.947493643487747228e-01
-1.792427287545274306e-01
7.963907513590622322e-01
-4.982312517612628167e-01
-3.575646989244922747e-01
-8.266468667497157696e-01
1.387616846132060378e-01
3.107306432706464783e-01
4.107666696591302236e-01
2.979169634990770366e-01
-4.379306154549451602e-01
3.834704000654083345e-01
-5.598202442337378848e-01
9.081694439650136452e-01
8.197168239111688459e-01
5.662051302194952285e-02
4.325161240990917921e-01
3.993253572433093090e-01
4.710832367572772572e-01
-2.716771922804070982e-01
7.583509637034312467e-01
-8.704185910736244036e-01
4.870622177290169219e-01
-3.598892255889052372e-02
-4.958538202683668850e-01
1.977906231153556127e-03
4.356500724864562635e-01
6.974202460644053359e-01
-7.391042605746697136e-01
2.038685245489149089e-01
8.420263350781028722e-01
1.716357952470795034e-01
4.099847156312808050e-01
-4.943689731298921419e-01
-5.112089109663104924e-01
7.086628731597797992e-02
1.342564946696627182e-01
1.051974098432890692e-01
8.957478876673342638e-01
7.375851388925750429e-01
-1.092999797706941667e-01
4.777786919568502988e-01
1.548402545694398807e-02
-6.462159055691190090e-01
-6.061955778343408596e-02
3.977503599285492353e-01
1.843195345997779844e-01
-5.941223777833457564e-01
4.729006959018069445e-01
-6.872568695454202015e-01
3.397529136690382590e-01
-9.855566532030706206e-01
-1.346045928187487029e-01
-8.094454464353897372e-01
9.599896147291828719e-01
6.592810287285109094e-01
-4.848135637959576361e-01
-5.468449085241011698e-01
-3.158248686190924248e-01
-1.058336735688185648e-01
-7.155799332346892694e-01
8.268717816515376295e-01
-8.897265577617483601e-01
-1.896943416669470972e-01
7.357464090395053891e-01
-1.000000000000000000e+00
-4.612863767135289561e-01
3.136641853722126339e-01
4.342826098962900838e-01
-9.697317529751710019e-01
4.890366769519149948e-02
5.120972714343119403e-01
-5.340268034184120216e-01
-7.316749513085492040e-01
4.556732989006986867e-01
-2.113367849711300650e-01
