-8.228332904732470476e-01
-9.770252082714103725e-01
2.760882065135245034e-01
5.699564675402308822e-01
5.243873992854375388e-01
-5.178298773751781603e-01
5.787692835376391232e-01
-6.348357884662665374e-01
4.751470674698112795e-01
-1.473878863206704859e-01
-4.840401118480740505e-01
-4.968920268897081272e-01
2.159185555013680702e-01
-1.204577144598979466e-01
6.744287850154644381e-01
-8.907806232103743227e-03
-2.315196856184120744e-01
-8.820101128880522001e-01
5.359961383148967862e-01
-6.245054434115493436e-03
-1.783392867272725613e-01
-2.253109347229219905e-01
4.435476972509622140e-01
-7.657772181384769894e-02
-4.156753659620960883e-01
7.941903936940343245e-01
5.089945203113055427e-01
4.110718615895237460e-01
4.635159678230860170e-01
-3.668085103191113250e-01
-2.995593525839188587e-01
-4.307655888379088305e-01
-9.201987138307609060e-01
1.819378403462771909e-01
-7.330891572384683474e-01
-5.230720784211089214e-01
3.056669234682909408e-01
-8.561563660288966648e-01
-6.372861095933307629e-01
-9.551675184900775273e-01
4.968287182041113970e-01
3.979288853589655894e-01
-8.909398493007856246e-01
5.109039946257378784e-01
-8.070216693505873895e-01
-2.046041189858993636e-01
-3.283037122175595512e-01
7.159256669613244251e-01
-1.630159030594625635e-01
-7.215609435101173752e-02
5.206487998418976026e-01
8.190911205280285712e-01
-1.194107922814598710e-01
-3.936114074699345600e-01
-1.000000000000000000e+00
6.080567663049187832e-01
9.638393506399285382e-01
4.706431582114944945e-02
5.776572842736169000e-02
1.000000000000000000e+00
2.640854857977011083e-02
-7.155981690781560989e-01
3.651621846322006815e-01
-7.317571180865362068e-01
-6.499575610157184435e-01
9.063199613696220069e-01
-7.140646108944674886e-01
1.872716176598740456e-01
9.141785375916843259e-01
-1.111002027397280933e-01
-2.471453589535060058e-01
7.974241263402803703e-01
5.223329539529366627e-01
-2.028355569782787360e-01
3.603321208312988411e-01
3.576966563683698919e-01
-7.423267664668423693e-01
-2.987505522519251500e-02
-8.740803698377026532e-01
6.850600422499067976e-01
-9.788271816318190321e-01
-3.585883053113235741e-01
1.495040518096554250e-01
4.468027994217149690e-01
-8.982687564455624774e-01
-3.766003856551392026e-01
-6.749353072981477408e-02
7.262477097426320860e-01
6.027557789785620290e-01
4.024495502225920729e-02
2.358512822879985649e-01
-2.698987535434382856e-01
8.473430637309473656e-01
-8.571696018189327582e-01
1.000000000000000000e+00
6.243789504982697608e-02
3.397236386834435740e-01
4.436834912703948031e-01
5.703923933185084394e-01
6.170176622761618379e-01
-5.758142530794843061e-01
8.714419529024338695e-01
-1.686931821332077752e-01
7.790756472802702337e-01
-1.342047361666358629e-01
1.000000000000000000e+00
-9.257061253191207761e-01
3.033859607445950068e-01
7.761571903536123029e-01
6.500274826956085050e-01
-9.900345189776105226e-01
-1.545056568508806905e-02
8.236239973663683767e-01
8.408627877486966051e-01
-2.849696607399676562e-01
6.970975830430373721e-01
-2.708317733514448156e-01
-5.250866169933487981e-01
-5.784066112781918179e-01
7.506500783519474140e-01
-4.597846493885393571e-03
8.616039940651435414e-01
7.441243735534740500e-01
-7.965203774743214726e-01
1.837891726198137565e-02
4.082494790128580742e-01
-3.386516226411110525e-02
-4.678166488999521144e-01
8.271551079957863983e-01
1.928848781705823356e-01
4.384078703352869422e-01
4.112968051487055354e-01
-1.036826880913301052e-02
7.579599102462351023e-01
5.243624249797991244e-01
-2.217334263786485682e-02
7.859555346690501043e-01
-3.090732892012630351e-01
4.158487521884027260e-01
5.252231790100798658e-01
-6.096981528509377579e-01
8.402790749618792576e-01
4.786560146082834422e-01
7.140377469700570634e-01
-4.614961460725244824e-01
-9.160195795041137234e-01
-4.256517664051002736e-01
-4.608717242395192759e-01
-4.913553628325618705e-01
-7.262049831194497540e-02
-1.000000000000000000e+00
1.466046120417092979e-01
-2.953823477973286371e-01
7.110085826107867546e-02
-3.217512488228166379e-01
3.390809871175939350e-01
2.234555880171055775e-01
7.492720946912431179e-01
5.096272282677336563e-01
-1.786041713986039614e-01
-9.018112198147337777e-01
1.861558848645194775e-01
-3.576299131640925388e-02
4.622680859276754872e-01
-9.239129549728720692e-01
1.000000000000000000e+00
-2.595907473260345988e-01
-2.933793120533196852e-01
-3.086816982155864419e-01
2.206350839559050314e-01
-4.095566209900807220e-01
-4.164455072516434764e-01
5.684684481435987591e-01
7.382258603607869674e-01
7.243205376518738747e-01
1.253015227783151886e-01
-2.525314694362970069e-01
3.355345028373277194e-01
8.280148397446915887e-01
-3.839153229443229565e-01
-4.060412647992088231e-01
-9.448204983813173197e-01
8.744867331599517346e-01
2.300812775245956732e-01
-4.171172618067642279e-01
4.437820219810756361e-02
2.278014807687593901e-01
-8.279702675576349202e-01
2.022740612386761949e-01
-4.328478277880136171e-01
3.885486011984845001e-01
5.991257150776866380e-01
4.816996006552618503e-01
1.385769375664645531e-01
-5.669909930119587660e-01
-3.783630057590777751e-01
1.000000000000000000e+00
7.655842110251225296e-01
4.133215775181686147e-01
-2.865190803451472812e-01
2.376756193811051521e-01
2.902240693907904845e-01
4.458557560554811672e-01
-3.474027185041391186e-01
-9.980439323482257485e-01
3.652030164129617396e-02
4.386422338064800697e-02
-8.171333931282608321e-01
-5.170847617034253219e-01
-3.339742740742210891e-01
-8.385414225084426576e-01
-3.239056371166262327e-01
-4.498087230578368123e-01
6.289081933926151669e-01
-8.333366584983644687e-01
-1.768603195666252348e-01
3.650254263151972434e-02
2.721043014444997077e-01
5.330844851300839959e-01
5.679093292864787479e-01
-1.613288739928137594e-01
1.961181769013575493e-01
-7.446764718077376610e-01
3.751795450136485854e-03
6.483917244028264415e-01
9.186140351803513404e-01
-3.344616212805493483e-01
5.653680485247598586e-01
-4.358572750010122343e-01
-6.902371196911698537e-01
-7.264682448871684350e-02
-2.377186655916732894e-01
3.701283747949792868e-01
7.113434815984315263e-01
4.137683492111979833e-01
-1.975824278281783919e-01
-5.128377023042004490e-01
6.429343650738056359e-01
1.000000000000000000e+00
8.387116593591835700e-01
-9.218247674349364651e-01
4.291639974552729497e-01
-1.735224397800112506e-01
6.384931365013014615e-01
7.967226296763801896e-01
-6.813826236332048980e-01
-2.737493011162148715e-01
3.196938511767910551e-01
-9.349738103431405323e-01
1.000000000000000000e+00
9.532461647092776991e-01
-5.780645901690463218e-01
-4.695389750907286164e-01
-8.923189746036166436e-01
-3.995239628550922295e-01
-8.488256366805303488e-01
8.663882506758653346e-01
4.257325396119306937e-01
1.340451168294276296e-01
7.476810899162589230e-02
1.258841362961984345e-01
-5.662838414254751651e-01
2.207664350143074758e-02
4.845303105501947982e-01
-1.000000000000000000e+00
