8.657322736351780179e-01
-7.401109247736727959e-01
-4.136974265511471627e-01
-9.958793589166085036e-01
6.524078067336754883e-01
-8.579771774439588494e-01
4.703035142683485992e-01
4.777159346143695084e-01
6.210911093572336616e-01
-5.658676041983627947e-01
-2.820327614279559136e-01
-6.315429270567082809e-02
-5.038811224887388418e-01
3.755033811871887339e-01
9.890578124157310969e-01
-6.835347893470930525e-02
3.206578379143150137e-01
9.056216368611925693e-01
2.297424631978554621e-01
7.303647049601762198e-02
-8.265751242191424764e-01
1.025012620316525375e-01
2.341152434029817805e-02
9.893253056582433924e-01
1.246150339855402467e-01
5.799665924879561230e-01
-4.175002791073820219e-01
-2.787157964092775164e-01
9.867164539472590423e-01
6.077544637395361493e-02
-7.439535050930078386e-01
1.086115044893996157e-01
-3.170981996512447498e-01
2.371108695613113881e-02
-6.245502948495031958e-01
9.988167513429804245e-01
-2.146474213319100877e-01
-4.101102505257002151e-01
-9.404814209295482286e-01
9.080440039813784114e-01
-4.326200447451565845e-01
-9.665670482978397926e-01
-5.115012429496093027e-01
1.764873420287242367e-01
-3.435841459089710170e-01
8.971502821334327304e-01
-3.646877120917023096e-01
-2.977817882462917010e-01
-1.000000000000000000e+00
-1.000000000000000000e+00
4.654960065940335623e-01
-1.694301648561553630e-01
-2.765537226228944601e-01
9.983222288552665025e-02
-4.265410853017461146e-01
3.163792659624006243e-01
-1.644544220991874806e-01
-2.493809849917672516e-01
6.587026503256929733e-01
1.693921133297943693e-01
-7.464532891538658843e-01
9.002327891424557471e-01
7.686614494880448234e-01
1.717664064694293946e-01
-7.853852480802889779e-01
1.113648019127051227e-02
-9.126811405865978832e-01
1.831442968056813669e-01
7.400094907996107585e-02
-4.285284733465165585e-01
5.340704923127574943e-01
5.607946530451248801e-01
-6.384965723060576082e-01
3.475107882806203197e-01
-4.716566091315294584e-01
1.420557753542809887e-01
5.691424376864292478e-01
8.779792642129095048e-01
-4.343547136877755066e-01
4.373603644166583204e-01
-9.964841264540845733e-01
8.740242323658899970e-01
7.475852761055764573e-01
-2.600204747942093109e-01
4.908393974455817488e-01
-1.430384881270813924e-01
2.576588036629112177e-01
2.217485673430267534e-01
-1.000000000000000000e+00
-4.251520306216607370e-01
2.964798093110438404e-01
8.604385485146593959e-01
7.896516853071501307e-01
-7.586810276441523226e-02
-1.134716133126441040e-01
8.173670840848779040e-01
-6.809039609148229144e-02
-2.442189034382349355e-01
9.398871620943170802e-02
9.074181917525157015e-01
9.702099174031947326e-01
9.089325179698349855e-01
7.503830190112068532e-01
-8.158286186979379906e-01
9.734926516753844572e-01
-3.287979622494153209e-01
-5.903026994826956475e-01
-1.275171568624976215e-01
-7.038247765767219333e-01
-5.073241953999683140e-01
7.222792452223345538e-01
-7.799323905625786812e-01
3.905981764081367102e-01
6.454168892778286426e-02
4.390117389269669324e-01
8.475151790088233383e-01
8.525140381222912067e-01
-9.418040442285957603e-01
5.205471946296138519e-01
3.560875042652401623e-01
7.403250317169320083e-02
2.406441609836269535e-01
-9.922754342050686960e-01
-3.621121580079000313e-01
-1.000000000000000000e+00
-8.987311933254740204e-01
-6.204331273879953867e-01
-6.228001346161965435e-01
-8.229700387187783850e-01
-9.816595840657853511e-01
-3.586233229390467514e-01
-2.658070585675206265e-01
7.122508638836810846e-01
8.721171960927833755e-01
-9.817735547955334097e-01
7.319470649670060114e-01
5.608202860681332780e-01
-4.739467722976760666e-01
-7.954645031185463011e-02
7.258155895849242034e-01
-4.633701316416914684e-02
3.005145432170263087e-01
-4.519033843505008696e-01
2.937836663532522596e-01
-3.489464559031745239e-01
-1.000000000000000000e+00
-3.610031319119747645e-02
-9.911520794743651219e-01
2.306446083531467350e-01
3.101342527455753229e-01
2.758448024114354413e-01
-5.699042852539304427e-01
-3.132790643561872423e-01
9.850378227768182837e-01
-9.075954747827658098e-02
9.440961213810156183e-01
4.598642167224181176e-01
3.568874558115728290e-01
-4.728765958463178321e-02
1.114537991116933413e-01
9.361449239101672370e-01
6.124239823883913525e-01
-5.023601610167540699e-01
-7.556550237065485787e-01
-9.608896467373934103e-01
9.229323523068645452e-01
-2.240081134772992644e-01
2.038856860758152534e-01
-1.000000000000000000e+00
7.972518991845030101e-01
-2.856347183670309153e-01
7.930898844411694848e-02
-8.900371140842179285e-01
9.724841573470189848e-01
-2.457162765427125042e-02
6.903112003833651311e-01
-8.084386032355971308e-01
1.051972345017490595e-01
2.040397316435656749e-01
5.687600189427328701e-01
2.408115274380911996e-01
-8.020362941215879449e-01
7.488883374444154084e-01
-6.978846384170465100e-01
1.450054515468427729e-01
6.979463892879519404e-01
7.784341309429896327e-01
-8.856638281502144938e-01
8.464945603188984702e-01
5.972458022572730840e-01
6.681666664459848803e-01
7.870431686300159990e-01
5.096373919894390259e-01
7.289959224403298466e-01
-9.498619607433863576e-01
-4.192953706516162199e-02
-3.367172763089562038e-01
1.285702622366116099e-01
9.098567067380516349e-01
9.429858136608509911e-01
-9.719491300270547418e-01
-6.782387042022888779e-02
-3.783047673925136328e-02
-9.043418844452641991e-01
1.202042594223083904e-01
-9.511571699013028347e-01
2.085766752313845396e-01
6.701032275143709027e-01
7.357366576873621833e-01
1.501471774936923298e-01
-6.827505840861607389e-01
4.226166193095515916e-02
4.211667615883353810e-01
-3.986680355058082048e-01
4.215994888529577822e-01
3.911258200189985934e-01
-9.518972474301570230e-01
-2.766102772311598151e-02
4.720301000869264740e-01
-1.241969384771951790e-01
2.700962411896862259e-01
5.170215881138855440e-01
-6.977481708683669348e-01
9.245967331013243973e-01
-9.949677888651401458e-01
2.328844001666748875e-01
3.896694230753655064e-01
6.704391637456230679e-01
9.900851678038876669e-01
3.043712412981605109e-01
-5.537765060425444696e-01
-1.000000000000000000e+00
-4.735399520338690049e-01
-1.700491329017456699e-01
7.287845155861454316e-01
1.821979753203629981e-01
-4.811362258187876773e-01
5.950479845919225408e-01
-1.285809269654731024e-01
8.399389983762403089e-01
-2.046844618483904810e-01
6.133989773064466577e-01
7.812314940695167520e-01
-9.756475112911814351e-01
-1.000000000000000000e+00
-5.263190709603050577e-01
9.547558557664675982e-01
8.584892298420669920e-01
1.000000000000000000e+00
9.177317566110044789e-01
4.341953461363887157e-01
-1.074730513477205607e-01
6.560252949043743342e-02
1.000000000000000000e+00
-6.905040661434211913e-01
-2.528234602190027047e-02
-9.911754724306078845e-01
-3.573685043616842139e-01
9.999172623641611191e-01
-5.283601996722989691e-01
1.016654848469615152e-01
-1.379396875164443648e-01
-5.842866131698156718e-01
-9.016712224505509798e-01
2.586201571826296508e-01
