-9.082691981391496361e-01
5.699389014925440033e-01
-2.123066452360714562e-01
5.254478286024805156e-01
-5.739376046186934754e-01
9.213525195078715591e-01
1.236130412817548208e-01
4.451172027386965935e-01
-2.833692122130746505e-01
9.200398245657730456e-01
-7.612345429850697620e-01
-6.201208418050945248e-01
-4.201134200832669086e-01
-7.920033843244465022e-01
-6.307394893498606825e-01
-8.051636401167739931e-01
-8.931442812588991087e-02
9.285110065218479258e-01
-7.924283814410275628e-01
-8.284963300187089263e-01
-9.012843491732666079e-01
3.105440721450447583e-01
3.779894600510778080e-01
-4.289456890457234994e-01
1.000000000000000000e+00
2.447358998639034555e-01
7.600343981834292162e-01
-6.830316000334056559e-02
-8.558618124458285958e-01
4.070559680016071491e-01
-2.384448047396384163e-01
-8.875966079876970172e-01
-9.375722270665028946e-01
-1.000000000000000000e+00
-3.816682608086779949e-01
-4.588842121410476871e-01
8.009564503766247734e-01
-4.844970593686720450e-01
-1.748300453476346328e-01
-1.338643879882346899e-01
-1.144138767729111356e-01
-8.481250431018723113e-01
-4.211763250404538250e-01
-3.479004756209677085e-01
4.715894181538533569e-01
-9.747422882429237490e-01
3.611145849725849177e-01
-9.382934496100961974e-01
-1.828252658840598399e-01
8.327303169516118153e-01
-5.984430968302747456e-01
-6.595460000841868453e-01
5.895631410012944773e-01
3.413502717422615962e-02
-4.436748066990020556e-01
6.280787025447596150e-01
7.512678223935826960e-01
-3.790622875345087683e-01
6.493213144303527917e-01
4.689457890032248666e-01
-9.078277169432744098e-02
9.784758538272245731e-01
-5.954455304876389299e-01
3.192463423584671056e-01
-1.000000000000000000e+00
3.199917312275576964e-01
1.292338951883188480e-01
6.906351554092000633e-01
-1.000000000000000000e+00
4.572222071441383595e-01
-3.689099679839107915e-01
2.959606420964763229e-01
-2.412388471985653093e-01
4.816416901206918011e-01
-1.288859962713195528e-01
1.000000000000000000e+00
-1.449734593699751328e-01
3.892805012760708339e-01
-3.834279211278570076e-01
4.792207919697686891e-01
7.013844907605087942e-02
7.697820989643879841e-01
8.038195746440881528e-01
-3.469376964861442536e-01
9.942374953706879515e-01
-4.143372449338836305e-01
-3.761978364068984115e-01
8.428951547078041839e-01
1.000000000000000000e+00
-3.618930020658351898e-01
-9.049649937459270932e-01
-2.683818859668072460e-02
8.296184373587012217e-01
7.222073699305180394e-01
-8.137361370631259749e-01
-4.222514133726942287e-01
-1.569909283340598372e-01
8.188954435895897666e-01
-4.444250698322733673e-01
4.942142062125366442e-01
4.348827816163907678e-01
1.748017125178913389e-01
-5.385440115527816429e-01
-7.751713474903813017e-01
-8.584918736987837695e-01
-1.000000000000000000e+00
-5.829290365472372670e-01
1.422358112692107823e-01
3.440261068748767803e-02
-6.081425579258792347e-01
3.493676346998970672e-01
-7.325362257913687891e-01
3.923311335342380968e-01
-6.711842890756476443e-01
-6.506874446893975428e-01
-9.407860733060541270e-01
-2.075222686060235466e-01
4.452235723811727719e-01
-2.999250165812938906e-01
-2.902006142271300604e-01
-1.000000000000000000e+00
-8.025123252231616267e-01
8.175147957659858466e-01
2.610533012269153907e-01
-1.697849905079335531e-01
-1.000000000000000000e+00
-7.358561555832533463e-01
7.315731776663936259e-01
-8.480052391096712938e-01
9.520263745322732341e-01
-9.339340689332163992e-01
3.252431539263518356e-01
8.036552098597128380e-01
-6.346547336584950072e-01
-2.279095270532512651e-01
4.412271042710800284e-01
8.897016081798958531e-02
5.256358835568515353e-01
-9.563204205850616146e-01
-1.940650324254063197e-01
6.971665896262783102e-01
-4.071571944535904430e-01
-2.794930627073966001e-01
-9.142816586160650294e-01
2.057901326172481560e-02
3.179871368866166170e-02
2.497470611316434663e-01
8.762483196444716960e-01
6.306040787308094808e-01
-8.776274597481896755e-01
7.909700999891068340e-01
-8.714286084237616858e-01
-5.655825997703055608e-01
1.241167249283449403e-03
9.529391328938677797e-01
3.733936010269991446e-01
-2.694623242960930143e-01
1.000000000000000000e+00
5.079162477219316685e-01
2.232480189804108561e-01
4.372868194091298344e-01
3.539806423138374680e-01
3.680237268612115975e-01
3.901514707287965233e-01
-6.356125916079915505e-01
9.568146677166836089e-02
-2.686339932084880200e-01
-3.092272530663217611e-01
9.687519024110217147e-01
8.074337640030145868e-01
9.699424287634449415e-01
-6.031272822352788943e-01
-5.909259753094524559e-01
7.314959267217516770e-01
1.208550275985834782e-01
-3.625089072170349924e-01
-5.165718059945990648e-01
7.199466781673352633e-02
6.021370655323838861e-01
-6.936068284506075043e-01
-4.125427837273374365e-01
6.807122270276692866e-02
3.268912186897153793e-01
-8.102943851867304703e-01
9.952526007374082884e-01
8.255685891163162538e-01
7.258546616747488800e-01
-5.640921279469338634e-01
-6.641299661601137716e-01
-4.871939161860704415e-01
2.170664656700698192e-01
-9.875921395023755656e-01
-2.802801234925152984e-01
8.105082865377301049e-01
3.692986758777663803e-01
-7.637362734700769984e-01
-8.464622698729531436e-01
4.578542098829730955e-01
3.607924296718998391e-01
5.833021642702858056e-01
1.328376853797569312e-01
8.898720755188173070e-01
4.694017953804691112e-01
-4.760134924000145040e-01
-5.933176314191877104e-02
5.949910764037446009e-01
8.444873789796668584e-01
-2.092726007974246571e-01
4.291567791572830637e-01
-4.175037953193585366e-02
-7.873253824516506238e-01
5.913566626307954766e-02
2.375220218787967852e-01
9.018030016359723788e-01
5.269901653935415986e-01
1.072527054535641344e-01
-4.862994450283448788e-01
5.772735462388506322e-01
-8.545838704891965953e-01
-2.582009806423089526e-01
-9.145472781195499445e-01
-9.359293043499633535e-02
5.759266736163635159e-01
6.452129900326823986e-01
9.973809796665346061e-01
3.040186628213135678e-01
1.945350926538505498e-01
1.665031782953664552e-01
4.037007291343808202e-01
-5.452387752371523622e-01
-9.748048329689520397e-01
-6.118386915075696431e-01
5.185241039020549447e-01
2.617690487460945237e-01
-1.546046150496639959e-01
-3.986084120853174428e-01
1.183883189634929445e-01
-7.899470874467525716e-01
-1.930890479370385715e-01
-1.000000000000000000e+00
-7.184694820626866263e-02
-8.811257183782178481e-01
-7.439356887466324064e-01
-1.000000000000000000e+00
2.115365538579558335e-01
-1.000000000000000000e+00
7.052712795959459324e-01
3.253064062530267725e-02
-4.620469796493007486e-01
-4.195783985717780884e-01
1.000000000000000000e+00
-4.153079439027156788e-02
1.726445688252225552e-01
-6.792603356348164700e-02
5.349467832835250736e-01
-6.383089742080526596e-01
7.402474537422136791e-01
-4.753320660997363278e-01
1.508133199562923243e-01
-6.836757103541875047e-01
-1.632416708495742497e-01
-5.290035177522540710e-01
9.406701779144735487e-02
1.309006203791119594e-01
8.816140601505140229e-01
