7.354433555710231385e-01
5.499149571204406950e-01
-7.688595857567646075e-01
6.073417874455216969e-01
8.379149281377853420e-01
-1.459143819144492482e-01
-9.995414786462414325e-02
3.146482873184561213e-01
4.407219799701550533e-01
-8.226031804721541940e-01
-7.470503999393048877e-01
-1.000000000000000000e+00
5.147477266960776010e-01
2.093985910711409215e-01
-9.264839461062238657e-01
-3.238053398972465247e-01
4.373204526981527285e-01
-4.797352121288107618e-01
9.173506872262344736e-01
-4.003825802594377370e-01
6.232958264763439615e-01
-9.864570558958762891e-01
-6.344713712393271754e-01
9.017975501507405900e-01
-6.450783251780394245e-01
6.343776803880090132e-01
1.000000000000000000e+00
-1.000000000000000000e+00
-1.116207583689296789e-01
-8.043513307675842494e-01
8.874273488963062562e-01
-3.322140790220279860e-01
-5.410376628112956165e-01
6.719340617979280283e-01
-7.543441072509000644e-01
-1.000000000000000000e+00
-4.138127327850619763e-01
8.291400046610523100e-01
-1.712800794976401531e-01
-1.373685606971507822e-01
3.592116446623435100e-01
4.159877264936613361e-01
-7.995253440526958189e-01
3.128199024443283349e-01
3.609779488681403303e-01
8.042738590639869622e-01
-8.493182900405479296e-01
2.667119031110354865e-01
-6.687180792000653184e-01
-1.000000000000000000e+00
2.659168241511733477e-01
2.577825243519904497e-02
-1.000000000000000000e+00
-5.835175673531839413e-01
-7.465294190378614081e-01
8.670975331623145821e-02
6.307280977016148649e-01
-6.162376427726768968e-01
-2.837824366292407419e-01
-3.068285402638606940e-01
-7.134911577051801235e-01
-2.706112260929507407e-01
-6.408581195047304835e-01
8.630200590604526489e-01
-6.791494569190295039e-01
-1.000000000000000000e+00
-1.064061392637686426e-01
7.789766113385157009e-01
9.131005581746840516e-01
-9.489367282816625337e-01
-4.852674928867707349e-01
-7.590147155769033649e-01
-1.484289180277000297e-01
3.263963807998395694e-01
1.000000000000000000e+00
9.054500953694148702e-02
9.052433011381585404e-01
8.081074713126185083e-02
-1.133657388084139406e-01
-6.833287752358057077e-01
-6.710101468036770989e-01
4.914524626233383597e-01
-9.248020461288989358e-01
-3.004893974015820368e-01
-2.275520603370473349e-02
7.829075700890224532e-01
-7.898264850833285333e-01
-8.992002454875074047e-03
2.983154695586804350e-01
-6.131253723591993943e-01
2.108080282129479732e-01
-1.908372567023923494e-01
-1.516463348928966948e-01
-7.005766565917906918e-01
-3.549169775880379185e-01
-5.241340319615421794e-01
1.000000000000000000e+00
-4.717914752199700024e-01
-4.631463970945107755e-01
4.622183787505836916e-01
-9.449534386033195399e-02
-5.292291092650800444e-01
1.093866762636932499e-01
-2.614054349212765471e-01
-6.991316424177789202e-01
-1.400062265911591330e-01
3.714589097617192470e-01
1.796417868199516599e-01
-5.206592534003360306e-01
-7.579021860677170874e-01
6.741595965775581956e-01
8.670895572673795737e-01
5.363335350134672552e-01
-7.230183917790150572e-01
-9.403232881178791303e-02
-1.499537523347185819e-01
-2.446910094755689324e-01
-5.880898424149365589e-01
-9.966054203368395203e-01
-6.097668812706333874e-01
8.327254990608419227e-01
2.429888237655116190e-01
-3.300655496100221575e-01
-1.000000000000000000e+00
-1.000000000000000000e+00
-7.393219172727354405e-01
6.810641265555166246e-01
5.818316471012272562e-01
5.951562840408626265e-01
-6.896580351703576195e-01
-6.845169601609192300e-01
-7.302017638485532869e-01
6.655119292217173133e-01
4.763164491968828185e-01
2.849856987054346091e-01
-2.338026849075792724e-01
-8.832996956467903393e-01
-5.786456822452810123e-01
5.682053842584282588e-01
1.617734307351520184e-01
-3.630858703320164471e-01
-9.612910371399152609e-01
8.525669150479160407e-01
6.503106124337271199e-01
3.547766241281550409e-02
4.980255558711043640e-01
4.797261614425907261e-01
6.297303327825520824e-01
-8.221485378184584247e-02
3.590336314011089436e-01
-1.039106480196499149e-01
1.725817393109732034e-01
5.000066638490194282e-02
-3.956218762097067909e-01
3.611516284357005335e-01
-6.708395897591914459e-01
8.887798178433925500e-01
8.107866636277655248e-01
-5.945150890811653488e-01
9.737121939880076793e-01
-4.634103847713780255e-01
6.341006825200321551e-01
-3.540620657389224879e-02
-1.000000000000000000e+00
-5.095754196673046854e-01
3.356353189051974328e-01
2.563834892816234112e-01
2.149156059228579663e-01
7.568951089322086823e-01
-3.409307425796766489e-01
8.648365220235327833e-01
2.159424095520024733e-01
-3.072838643689207450e-01
2.833277414425734719e-02
9.827974371845031865e-01
7.132359670193327839e-01
7.992823834122259052e-01
-2.217551063814842127e-01
7.197170462061299734e-01
2.065041987531756884e-01
4.323319017744521875e-01
-7.258485997706431991e-02
-8.214063848115552569e-01
5.709539389667395159e-01
8.237043125108428621e-01
5.820925517528069415e-01
8.496946348595781906e-01
-1.324575672963457240e-01
-6.961229399268606954e-01
5.267623335571066656e-01
9.885554324929290981e-01
-7.282848222121854898e-01
7.802813558921182224e-01
-7.450440507951023861e-01
1.830777826624160887e-01
9.629180601769440351e-01
-8.728097974270863091e-01
-1.192622532362969945e-01
5.339376070495298610e-01
8.515170662464180973e-01
-7.324955870625078358e-01
6.728710432731335178e-01
-5.096843874458972801e-01
3.760977984773918870e-01
-6.611384942128317732e-03
-3.497942525723052309e-01
6.359641147580172849e-01
-1.000000000000000000e+00
-7.815514247318170460e-01
2.818828604310623653e-01
-2.852235206803765966e-01
2.471576450912194023e-01
8.940127079336858407e-02
4.245761359994993378e-01
4.096134376876799932e-01
-9.328873057482018893e-01
-9.339908080549961245e-01
4.172345216389932165e-01
5.355862931307402430e-01
-8.068378255626720286e-01
-5.173116025217635583e-01
-1.624775148350445786e-01
6.139315635104727331e-01
-9.134225367732590195e-01
2.191049757354014971e-01
-4.999979701949326394e-01
-6.259209194122232756e-01
9.022380036717286833e-01
-6.179559267983545379e-01
-3.099201862704794586e-01
2.299816515985200205e-01
5.987070859899767949e-01
1.000000000000000000e+00
-6.687377447746464254e-01
6.218037480429767783e-01
-9.771930263862339539e-01
2.271972939125430635e-01
2.367160420675964994e-02
-2.797931026441541902e-01
8.810796577308239730e-01
7.118241994768633729e-01
9.480249499905735178e-01
-3.497319855918250564e-01
-8.431072856465846588e-01
-8.420096298511694499e-01
8.839424902665204975e-01
-1.787394891865952684e-01
7.289029866105962707e-01
2.400927278417625543e-01
-2.195239123159885286e-01
6.603403954435702050e-02
-7.776263421257728625e-01
-1.000000000000000000e+00
7.797905065574086692e-01
-8.915227191537322682e-01
1.077050742168011027e-01
4.194090885267242053e-01
5.263980951506521677e-01
-7.170212618792725090e-01
4.838584739417581826e-01
4.770104846591285280e-02
-2.482055685468445572e-01
-6.593463057138699845e-01
-1.000000000000000000e+00
-7.936787335275050648e-01
