-6.820141933022593195e-01
-7.700006489551867173e-01
-3.531575653268497206e-01
-8.985531254486938124e-01
-7.579970255289006920e-01
4.813980625611674058e-01
3.616053876725961458e-01
9.214652488894574667e-01
-7.384818441962139879e-01
4.599685748947582864e-01
-6.004130246328509557e-01
8.706500141132300641e-02
5.169006112725247348e-01
-6.409474065786795460e-01
-7.209394226772677383e-01
-9.175946871915149350e-01
7.188061746171414690e-01
-1.734896014781314166e-01
1.000000000000000000e+00
-6.989017388581686419e-01
1.000000000000000000e+00
-3.088518150996794054e-01
8.955832904329773525e-01
9.433163833948192689e-01
-2.558656362915376903e-01
-9.965271002995096383e-01
-2.750073721111032099e-01
7.280805503062129924e-01
8.257404834129969950e-01
-5.600899716594106570e-01
-6.496008153580599132e-01
-1.000000000000000000e+00
1.944726289018360865e-01
-7.254988559524419012e-01
-3.355883620559158564e-01
5.333334863546366211e-01
8.282532766934951329e-01
2.125024678333823913e-01
3.440365280775974366e-01
3.356123479178525493e-01
-1.805791597925496816e-01
-2.569284776845170981e-01
1.000000000000000000e+00
-5.786564654202878966e-02
-2.177851541712321204e-01
-6.163251785748244949e-01
2.711711040183530375e-01
-3.385382891910246883e-01
9.558270421170220743e-01
-1.798710029319618153e-01
-4.287327018325546302e-01
-6.498458482286166848e-01
1.295327036461445536e-01
4.020591541517186118e-01
-7.752688808920563113e-04
2.266304571458344908e-01
2.754048048601603904e-01
-4.117209990364083527e-01
-6.918933707083109175e-01
-8.979543568808596721e-01
1.000000000000000000e+00
-3.393881580625477956e-01
-6.745977063223719539e-02
-4.021221419051579371e-01
1.056866056762377770e-01
6.828118250582695392e-01
-7.380337739894049509e-01
7.182451123486301992e-01
-1.073225497510081755e-01
6.455184129175950414e-01
2.575278731107278896e-01
7.537468199150297865e-01
4.556714483218327061e-02
-5.547961659616110763e-01
-7.711703489184823512e-01
1.544876258768466959e-01
5.887520888445152423e-01
6.228591031598578187e-01
6.225749928822374990e-01
-2.007097874507803303e-01
7.324206642785504595e-01
-3.889184076864558026e-01
-3.207511133990764707e-02
6.602805924009184091e-01
-1.491520902948508809e-01
1.000000000000000000e+00
5.272777701164337305e-01
-3.798295604688127769e-01
4.160752483121581968e-01
9.113745577741637627e-01
-4.065149116987057387e-01
1.000000000000000000e+00
-7.954747787356704070e-01
-5.785509898944164731e-02
-1.573365666634189419e-01
6.067409346921314173e-01
7.937512603708681835e-01
6.752164202123100978e-02
1.905028996469151081e-01
9.956606966127647951e-01
6.863618274764169414e-01
4.167887789729352588e-01
8.271026471577999639e-02
-2.381130744746811911e-01
-4.697094050354480577e-01
1.000000000000000000e+00
3.706977269893519944e-01
1.743653769098465478e-01
1.406318106544334756e-01
-4.028917307729462660e-01
6.875477723499362481e-02
4.884234433075382853e-01
-4.552390592256765345e-01
-6.088745176603089782e-01
-1.195250551893142776e-01
-1.005910476744970444e-01
3.217007935175451028e-01
-9.394935988555439543e-01
-5.928230596490093873e-01
6.687039454150608409e-01
-6.743526235723429352e-01
3.190535707726310788e-02
4.327424096969145206e-01
4.561194428637294074e-01
4.491180468674094706e-01
3.225444642228630365e-01
-7.209890755535603990e-01
-4.373616523793399935e-01
8.996898160534847477e-01
-2.246339331693753827e-01
4.485687731992804572e-01
-1.000000000000000000e+00
-6.076879863876667454e-01
-8.842684341225032219e-01
9.434961829303982750e-01
-3.187389820624316195e-01
-5.424663207081990013e-01
1.759263795293712906e-01
-9.416928627310813260e-01
-8.669866705886788982e-02
1.763565657812679877e-01
1.673804047454028887e-01
-8.189489007186432357e-01
3.573972338618056632e-01
4.995041229706372876e-01
-7.288655209474854679e-01
2.359025763045734525e-01
5.774223974344906418e-01
2.472889086062268482e-01
4.288047042908865181e-01
4.391172940958080195e-01
1.000000000000000000e+00
5.744361497841100617e-01
9.926165909461013293e-01
7.690868010637146313e-01
7.894510039377689026e-01
8.648101480126629825e-02
4.270448495206574657e-01
5.618600750513662589e-01
6.777922531560229835e-01
6.607239598322576235e-01
4.264977408931751035e-01
6.309372872914311703e-01
9.065491850075027003e-01
6.077605287427026992e-01
-8.558564915017463637e-01
-3.057923695456108426e-01
-1.599924034906622383e-01
-1.510892013375849663e-01
5.793203379182538804e-01
7.168896400354548559e-01
-3.575781527633292711e-01
-6.434807444488723771e-01
6.622967279289722065e-01
2.578326519100707648e-01
9.374172255864470227e-01
-9.739822916160985056e-01
-2.135780403574002451e-01
-9.451088339950470818e-01
-1.000000000000000000e+00
-4.681779025492096569e-01
-1.334097901170189227e-01
4.230985685245795547e-01
5.840991891544973225e-01
-4.076820042874368388e-01
2.633902729766541828e-01
-5.105687354285819435e-01
2.505400024080577381e-01
-7.638755244193484728e-01
-9.026358920561201593e-01
-1.895159194668161184e-02
9.679454187871545656e-01
7.543878451059576884e-01
9.537667462346324232e-01
-4.786153412195415791e-01
-9.932924798578952608e-01
-7.389413446998632784e-01
-2.016332780391324186e-01
-7.537553055416075232e-01
-4.639160760315441112e-01
-5.951219154618110352e-01
-5.398153344517444552e-01
-2.700070146910835134e-02
8.979650679880394337e-01
-1.796916251379971352e-01
-6.890989785196385276e-01
2.687124747638300337e-01
1.544384811091214782e-01
-6.099392593390826622e-01
-7.022155265352975073e-01
5.159427247759141438e-02
3.673763076510902503e-01
-4.746586743534925157e-01
-3.908254784628761858e-01
-9.424295307039406988e-03
-3.372247110155138228e-02
-7.087709420373640157e-01
8.913397915340983690e-01
-4.613031394361190585e-01
1.582580691200548006e-01
-5.180738318939792642e-01
7.637232645543752252e-01
-2.739498276252203546e-01
2.603936565658221958e-01
-2.260904567451125780e-01
4.161098166481508320e-01
-7.731158529995527662e-01
7.956819771787837503e-02
-4.339355273705668981e-01
4.458059525859482397e-01
-1.000000000000000000e+00
8.816743081765563428e-01
-2.379992784081284285e-01
3.444001302808822329e-01
-9.054212659690611398e-01
-3.792863778000810093e-01
-8.831924603027039300e-01
5.966855923448423360e-02
3.677313319360722144e-01
-3.841688071012306915e-01
6.685477644496262695e-01
-2.623985228024354466e-02
2.745267162703409758e-01
-3.476160565750279763e-01
3.317368276793699056e-01
6.187999405575010936e-01
-5.403348304091978305e-01
8.616359203242850429e-01
7.102969978633911774e-01
-9.294305186375461103e-01
-1.949335712369935081e-01
2.734805605586366761e-01
3.904094094986289565e-01
5.070284851902195911e-01
8.885267330953872111e-02
2.493577162996596375e-02
2.717638886174611468e-01
-1.290353322039171080e-01
3.501777397447278228e-02
-1.000000000000000000e+00
2.545593383825863198e-01
9.786617171904332668e-01
-8.210091480591292790e-01
-5.435702897892515928e-01
-2.490641999844905863e-01
