5.477502233244817553e-01
-6.647626289078648609e-01
-2.641050854970863893e-01
4.431737970002922467e-01
1.253451311856574879e-01
-9.939047781782418545e-01
-1.576780390831369894e-01
9.707787612593063997e-01
5.756033373405491371e-01
-4.786141824990957638e-01
-3.907502674632205575e-01
-1.159670408582330059e-01
7.522745378574833275e-01
-4.934566555063993887e-01
-1.023686009517942030e-01
9.915239481151139067e-01
6.349042879714374144e-02
-4.504751345195189272e-01
-9.598794889825416066e-01
5.902389053425987075e-01
-4.365795698345758535e-01
-9.955402469465615134e-01
4.144095103736110119e-01
1.331274158219728221e-01
8.014056029562715011e-01
-1.811287016075142919e-01
-1.057941969399627480e+00
-9.661848897445137752e-01
-7.711377493038761022e-02
-2.655706061651722516e-01
-6.309933648230360292e-01
9.680297632816152742e-01
-1.061754501283882490e+00
2.810735651865083340e-01
-6.940780246524519415e-01
-8.384519862029008452e-01
-2.432692862021048064e-01
3.233192812818276862e-01
-6.915833908818436182e-01
-2.908077341937093663e-01
6.737132903599074574e-01
-9.523449916318499353e-01
6.047217130139441732e-01
-2.906658113437027846e-01
-2.692873788188668849e-01
6.688674749143842801e-02
-3.640194348752937570e-01
9.582888683609146474e-01
-4.142612714679395625e-01
-6.597833972620865683e-01
-1.573979388096572729e-01
-9.022931890934861032e-01
4.160990871179680584e-01
-2.361184933977157341e-01
-2.120918186887816304e-01
3.538952617491551988e-01
-6.882041025643444998e-01
7.382322836262129595e-01
8.931551020460900547e-01
4.964105969971862597e-01
-5.658094726297818733e-01
7.723198140544169643e-01
-3.515474047917869216e-01
1.000000000000000000e+00
-4.508512931991303652e-01
4.424815705423406631e-01
4.669396126965910110e-01
4.280826357723421793e-01
4.516053098353948747e-01
-4.847209597970216638e-02
-5.256466687328857912e-01
2.943173856069200567e-01
-1.893256132522926904e-01
-2.757806209472389927e-02
-9.237599153713603739e-01
-7.768174414759793089e-02
1.000000000000000000e+00
6.060550551312465783e-01
-1.564732572934170451e-01
4.051715448211000714e-01
-9.193136791670002139e-02
-3.051546917517425905e-01
-2.782082768317369337e-01
-4.573854244061602292e-02
-8.746773731986087763e-02
9.317407462815134600e-02
8.671251356335114568e-01
9.882598567790765731e-01
-1.966658221782775218e-01
-1.549591517712136657e-01
-7.022651648243526390e-01
3.583640962387809603e-01
6.624253235712356247e-01
-6.533444879260835725e-01
-3.372692863619759507e-01
-7.552665282469268604e-01
8.062005572072820092e-01
5.652287926174442978e-01
-9.423620306793079049e-01
-1.588020148337020154e-01
-4.997435846078852606e-01
-6.338890943773146658e-01
5.385248889289838692e-01
-5.633186466476538534e-01
9.455828515221608166e-01
-6.727902884776028047e-01
-4.008969441817928914e-01
8.311546795254624032e-01
-6.111595697725134002e-01
-3.193895476039198406e-02
3.060263752852959707e-01
-8.013323078010250455e-01
-9.449591271204258458e-01
-4.173530489053386416e-01
3.674895886316304483e-01
5.587184276225227730e-01
5.788273874681151288e-01
2.893141973870630990e-01
-7.851561214975873171e-02
-9.251844520066093702e-01
-3.216858560242693010e-01
-5.406376598434108754e-03
-3.950988522774362965e-01
8.202885386343997665e-01
-1.369000330033968149e-01
4.217243575014985035e-01
4.639480663151908102e-01
-3.155510565295332470e-01
-8.380858536312626450e-01
-5.598085277634297086e-01
-6.368678087210616345e-02
-3.463187400191852783e-01
-5.538656622397125640e-01
-1.981706537503802878e-01
7.415117350736200041e-02
7.288827831753775799e-01
-4.983892300422649302e-01
5.317469567611450287e-01
1.000000000000000000e+00
-9.998441006302779543e-01
3.550366748989893795e-01
-4.342832168865345954e-02
-5.072952836694186729e-01
8.856747290912352355e-01
-3.828087777406835590e-01
8.824454729104823647e-01
-9.491408757154137232e-01
-1.022539739837766970e-01
-4.147752817440097939e-01
3.129305132892941099e-01
8.409978685709086355e-01
4.872776828166019425e-01
-2.679132939430424742e-01
1.998648050592745362e-02
2.247792997362527134e-01
-5.772903271321384172e-02
6.842318242844731557e-01
-5.687336864008111226e-01
-7.054545254221818995e-01
1.000000000000000000e+00
3.671005713436908402e-01
9.323881876014555870e-02
-9.608854201374373849e-01
-5.916158091881503767e-01
-9.483055104817785796e-01
7.457996996181325278e-01
7.879022878682584441e-01
-9.310298889150662172e-01
-2.387407853221564513e-01
-2.856965645927206365e-02
-5.516860359922057810e-01
4.949929703208124643e-01
1.539501513203081207e-01
-2.323094581408518544e-01
-7.249475248614379863e-01
7.155594199464361260e-01
3.522755683892829330e-03
-4.810924006331767644e-01
-2.404059789923340407e-01
2.854849280061712291e-02
-4.379035456301784424e-02
9.012001731150129369e-02
-5.787895430592349122e-01
-1.000000000000000000e+00
-3.006091273113744022e-01
-7.086229117022817547e-01
7.120832113626015536e-01
-5.835787424819026681e-01
-4.613199776252971396e-01
-7.182640206998408550e-01
-9.026176900615137111e-01
-4.256580903691901674e-01
9.294327745793530549e-02
-5.532626484460859695e-01
8.939092224829755517e-01
-1.409276233037103643e-01
4.334833474836981004e-01
9.993841871658786236e-01
8.147473091957442293e-01
9.648024817402728326e-02
-1.671620976826005134e-01
8.989786524429161929e-01
-6.001077912806779269e-01
-8.246556909012050518e-01
1.061515552834043419e+00
-6.933644200390353118e-01
9.960823314972405695e-01
-2.392276938411577458e-01
-3.113987148504078761e-01
9.736453076807122242e-01
-5.895156376007749666e-01
-7.472018779112957754e-01
-5.028201853156247791e-01
8.256978537247295913e-01
6.897180879458779668e-01
3.425098102820585688e-01
6.478475897334574629e-01
-1.077159696507719866e-01
-8.700741554733300021e-01
-4.961207833651922194e-01
-4.817587379178707718e-01
9.070195710037606274e-01
-9.913288700722213687e-01
-8.372736681211091492e-01
3.911081577624343497e-01
-9.523483383594264495e-01
-5.809154700196288434e-01
-4.815074671567140530e-01
6.868591177771875556e-01
3.726227539881499795e-01
-6.608342463064482697e-01
1.908696204830520882e-01
-5.860077835248557188e-01
3.243272389626395968e-01
-3.521993879280659878e-01
-4.890682079244504377e-02
2.421591165364366527e-01
5.118788827518981899e-01
-7.240739712635674286e-01
-2.440610282619152249e-01
-8.893063475866102019e-01
9.353017928356941596e-03
-1.339882538986066074e-01
5.562729597970831330e-01
6.550197523481107176e-01
1.885230098545805089e-01
9.848833794680925680e-01
7.094728769481360997e-01
2.470051601863430257e-01
-6.054526669393275329e-01
3.287752039459674869e-01
-7.716904515914212448e-01
1.000000000000000000e+00
-3.191784294308691039e-01
-1.164588948069881780e-01
8.271100148585693868e-01
-5.669771539776887748e-01
-9.987428405679833476e-01
-3.345045562559948449e-01
2.497817824065020897e-01
-7.884293597865449366e-01
6.438363009089578259e-01
9.691787977395954767e-01
5.700650047421551569e-01
-8.049923071573363842e-01
