8.999630799545478288e-01
-7.673661049489191033e-01
2.011749627497353421e-01
-1.142790240111927896e-01
-3.612286819182930486e-01
4.115228836061937123e-01
-4.181895227248712543e-01
-5.857112866762513859e-01
6.155745670537016156e-01
-4.251277762604604438e-01
2.077237515668488854e-01
-4.012121436229871829e-01
-7.262461509181428188e-01
-8.749083366174642551e-01
3.918472975399509006e-01
8.944486726282256939e-01
-2.098508253641141186e-01
-3.252930145367088910e-01
-5.631479353560794321e-01
2.351213025688091984e-01
6.656998411474595034e-01
6.906672278594888637e-01
9.032984816084331792e-01
6.413932934076784775e-01
8.461757671104844780e-01
-6.275322760408352796e-01
5.932245291620479311e-01
6.874543038367204872e-02
-6.802759165373906125e-02
4.561324661190724328e-02
-8.625448921944783853e-01
-5.797584062674880634e-02
-6.176511766604437792e-01
6.850286036999092554e-01
6.843791977422289952e-01
8.259694856272372654e-01
-3.443195410148924274e-01
-8.563518547727684282e-01
-7.208727513403039300e-01
-1.481792297572912254e-01
1.776413682516654324e-01
-6.068593063408237454e-01
7.488510443568491270e-01
7.295063805320006756e-01
-8.858801348193456882e-02
6.494248940475049192e-01
8.489777982481121477e-01
7.857602373744968505e-01
3.038429128886712682e-01
2.028798370840921295e-01
-1.925679703670549747e-01
-1.094666071330155643e-01
-5.364197017425370584e-01
3.673643901831225023e-01
2.499011673844415693e-01
1.233116864662436862e-02
-4.818681188496878320e-01
9.731896675545071984e-01
-1.000000000000000000e+00
-6.622458165736188063e-01
5.471774681743328816e-01
5.215289955664604848e-01
2.614572712699313461e-01
6.020922625963873731e-01
8.779290723611420377e-01
-1.000000000000000000e+00
-6.543666682502244369e-02
4.858083410784429235e-02
5.641542758341239194e-01
-2.402958945705218619e-01
2.196511060517749026e-01
-4.521603129705058927e-02
-1.748667885755350593e-02
5.582072202286797458e-01
7.129719108264669369e-01
1.000000000000000000e+00
8.177204456521618425e-01
5.997368745664414247e-01
-2.458826601874148921e-01
-2.303581400706363747e-01
8.058302176871843248e-01
2.295416678285167600e-01
-2.480931852473819976e-01
1.000000000000000000e+00
-4.248880367565062710e-01
-4.241071745357073430e-01
-3.288560853391638006e-03
-5.145955506294193071e-01
-5.563126845906363194e-02
7.078426878747383633e-01
-7.523140064024296247e-01
-6.622606041025007606e-01
1.112838370737121163e-01
-4.373222281916067100e-01
7.307636377520836390e-01
-5.503021168483107628e-01
-4.995598534920717704e-01
-7.278166177549161286e-01
2.782511552484012718e-02
-4.942096550894458096e-01
4.855962378434425242e-01
7.538361697032022191e-01
3.504059755076870397e-01
1.000000000000000000e+00
2.783401195176443133e-01
-1.442621362547023833e-02
8.444503311476717622e-01
-9.392518179977592530e-01
2.337812169671115159e-01
-1.000000000000000000e+00
-1.266740220354086732e-01
-7.660590672724707506e-01
2.481248926668691013e-01
-5.140810599337798381e-01
4.244780624470192998e-02
-9.131021129230960653e-01
-8.582652026501819131e-01
-4.142043874584097063e-01
-6.632839817204645438e-01
-3.742882787743073703e-01
-1.000000000000000000e+00
-8.308164746770928533e-01
5.783199941120905629e-01
-8.712279125092902143e-01
-2.142363915690197462e-01
4.702731815001145455e-01
-6.348021930806307944e-02
-4.880479857819965128e-02
7.998553716769501998e-01
5.585856520717730200e-02
1.548096860893549698e-03
-6.333515246780769825e-01
-2.976345260920085223e-02
8.600241136286526089e-01
-8.101389990247489514e-01
3.204936415761925339e-01
-5.097034144758980645e-01
8.269716607850501333e-01
-3.704386463714620659e-01
3.905150812502738988e-01
-7.229268896716133375e-01
-2.054277312963490865e-01
-8.565780810636360876e-01
3.686886591491914111e-01
1.861126228737912947e-01
6.002430938270740812e-01
-4.225906226871478100e-01
-5.116027704428895984e-01
-8.499391845880011065e-01
-7.082072867695280438e-01
5.449348753882182761e-01
5.862975715776781449e-01
8.922025618031780292e-01
9.095497187172498776e-01
-7.151875410433338187e-01
-7.615746028810289614e-01
1.835606978444630222e-01
-4.240411606991991711e-01
-4.953493290672663085e-01
8.786567100044825329e-01
-1.518808047934248548e-02
-3.538517159675872437e-01
-2.900718852877725781e-02
-3.835362455525100911e-01
2.938586221180238822e-01
-6.725960932249105406e-01
1.000000000000000000e+00
2.872843257624117519e-01
1.833995110321057498e-01
-5.993118487048688658e-01
5.364497081859346261e-01
5.259344869794431165e-01
-3.568699200743374877e-02
6.783251878635540022e-01
8.941083919045959838e-02
-9.637415684167296437e-01
8.396341822964529245e-01
3.436476311423805607e-01
7.800047949439085082e-01
-7.914259166604822315e-01
-6.384968415889467064e-01
1.433877790729977952e-01
7.505807976716682983e-01
-7.810305667563907095e-01
-1.570214701774520494e-01
5.059304681516335611e-02
-8.161647126402041819e-01
-6.602008120965476845e-01
-6.156814422869398840e-01
-1.280035590938846113e-01
9.086277298956811910e-01
-3.939330128900885297e-01
-5.408956939574575129e-01
2.776329729566390792e-01
6.826056668881417266e-01
-5.224262683933371676e-01
5.697775518934183880e-02
-8.618467475658875276e-02
-4.277805619002358339e-01
2.676138624627303897e-01
7.118784571847587284e-01
1.828207462086219315e-01
-3.634372425420939190e-01
7.067010385195175992e-01
5.390667868880313351e-01
-1.272311416022692265e-01
8.924152832492475707e-01
-1.380351171634237317e-01
8.902235797006757823e-01
-8.134603492836023353e-02
-7.543263116498521992e-01
-4.544222653256735356e-02
4.365932274413372172e-01
-7.359182026096333651e-01
3.386286951685107405e-01
-6.169913347215265631e-01
-8.829888973834168486e-02
-5.914946469036219678e-01
-3.572007209197525235e-01
-7.420206118127598005e-01
4.736315865907732015e-01
1.951955905250627177e-01
-2.400005275610721522e-01
5.080179481916099471e-01
-4.731522622600138339e-01
-3.242166209130660781e-01
5.191855460792936805e-01
3.566797444382868720e-01
2.240704641868891678e-01
1.000000000000000000e+00
7.868727647425233229e-02
4.183543986975464812e-01
2.437035835204944267e-01
8.166590807305584843e-01
-6.652903669482377325e-01
-5.685385063630964408e-01
-3.737681512580922072e-01
-1.000000000000000000e+00
8.115454632506216015e-01
6.981354738942664451e-01
-1.970764201232273749e-01
7.618755809349938568e-01
-4.445378856739882756e-01
3.609549497198490942e-01
3.938766223314768555e-01
3.699028704646976085e-01
-6.646564335057930650e-01
5.176972416631513418e-01
6.690790434814737342e-01
-2.498758129029813313e-01
5.698581424542851215e-01
-3.457286557440104047e-01
4.084781813912601034e-02
1.473879092689422965e-01
1.188570278270654063e-01
-5.563955271552016857e-01
2.387060824546712867e-01
4.722941619412165393e-01
6.888976976922459028e-02
1.087246268602246047e-02
-2.012575783324796752e-01
-9.534982609058487713e-01
8.064108486431337264e-01
-1.511280143133030829e-01
7.145585106370599959e-01
