9.740179308265117797e-01
2.672784977598576250e-01
3.622857997092376880e-02
4.945402773528546625e-01
-1.847127696967643118e-01
1.790965047708572011e-01
1.252219608458018385e-01
-7.366351549625776984e-01
-9.988993694751666652e-01
-8.065707689869978658e-01
-7.781500560851347670e-01
-5.013920611797969551e-01
-7.016787168357001558e-01
3.057659989203791451e-01
-4.834473419540358807e-01
6.347656609674788841e-01
7.592845990030376857e-01
-8.119508579082260202e-02
-1.000000000000000000e+00
7.149905843886256163e-01
-8.899352314687759558e-01
-1.000000000000000000e+00
-1.000000000000000000e+00
-1.303464832043091659e-01
-1.434724089535356281e-02
2.784617335890245959e-01
-4.151855281237124551e-01
-3.066747588367131350e-01
4.682104015294017429e-01
-5.994009506219237782e-01
4.446035285091490818e-01
-6.918727537959756813e-01
-1.000000000000000000e+00
-9.145985526863549264e-01
7.749695400014354751e-01
-3.165477360558411335e-01
-7.444055594985796720e-01
-4.315905068226145724e-01
-6.902980639524786133e-02
6.336102434286670082e-01
6.489011847263711497e-01
-7.309893363052346604e-01
8.973567163758264797e-01
-9.311866556440883125e-01
3.683523832777628737e-01
6.206886647715250671e-01
5.167552228630806210e-02
-8.378183500664451167e-01
7.841674662330669898e-01
8.253003390523373506e-01
-5.058924436180302076e-01
-3.515910443162094390e-02
8.073416297477954418e-01
1.000000000000000000e+00
-6.329464783890075275e-01
-9.051514351169412942e-01
6.274512327975543258e-01
2.828109606739359072e-01
-1.000000000000000000e+00
2.416145558076702171e-01
6.507311649760514349e-01
3.812660300485160025e-01
5.209521820212019705e-01
-5.984840133032471865e-01
-9.430057949507516524e-01
4.825761417246378082e-01
8.570177126281579572e-01
-3.701424575186096910e-01
-9.644058683750629246e-01
-9.526437444347980454e-01
-9.461494305460806942e-01
4.115082178624327458e-01
1.747628711104624866e-02
-5.016403270510843004e-01
-5.891328681835802383e-01
-6.669601121891086670e-01
-2.298903391068951585e-01
1.327354658910400720e-01
-9.113134855551465741e-01
2.687591682981370633e-01
-5.408476777127673163e-01
-6.044055449326266594e-01
-2.469478968705396127e-01
-6.987124738075108921e-01
9.683769285548565753e-01
-1.874684669270579862e-01
-8.831837023393784847e-01
7.490729624528926767e-01
-3.497108747487380764e-01
-1.379056698109617507e-01
-2.836110988787371445e-01
7.916342224490366952e-01
-9.242831348335019959e-01
-1.176237948828465774e-01
5.636688843147577566e-02
-8.032662327392637858e-01
7.920321472937287277e-01
1.608541738268343679e-01
9.935296654052606646e-01
1.510682115123175850e-01
-1.482752035065601839e-02
8.103275228373008066e-01
-2.691220343009428917e-01
6.899654957593110982e-01
-1.396460596156467726e-01
8.326732930109733699e-01
9.151792232342883526e-01
-3.429184200927376525e-01
-2.097994268519688399e-01
-3.597854192250578564e-01
3.058720699524379860e-01
8.807511986694371853e-01
-2.044697395003337581e-01
7.912208605358178604e-01
-5.362875260386512632e-01
4.210929604004557958e-01
3.854497923488710009e-01
3.299960397592875405e-01
9.827967355772744551e-02
-7.970676747051741451e-01
-2.115115151576553165e-01
-4.217940368167727994e-01
-2.487288821558232277e-01
-4.826239891077968025e-01
1.370955480454762523e-02
-4.656787955514262722e-01
1.000000000000000000e+00
-6.974875909023848797e-01
-4.423806990520402493e-01
-4.147074878522700736e-01
-3.678200666026012478e-01
-2.746954093139118980e-01
-3.644313106606921759e-01
2.786297285229937665e-02
-3.754057311203596314e-01
8.598926632297316797e-01
2.186167988080998659e-01
1.127880402353774042e-01
7.130066620704486047e-01
-9.991925208503782407e-01
-1.696023588406217475e-01
-1.548802589702880372e-01
4.228093128702419823e-01
-5.542479481916551265e-01
5.566972297337644537e-01
2.518307276568652608e-01
8.025813620912326529e-01
-8.057046591110473832e-01
-6.714918449762139474e-01
-2.745744293092033939e-01
-1.000000000000000000e+00
1.000000000000000000e+00
7.428643791669191643e-01
9.562985378346305909e-01
7.193669058737687250e-01
3.487891305162981181e-01
9.617199199414735444e-01
-9.210245477006102632e-01
9.870188231774570387e-01
7.677072112051841479e-01
-8.457876181925464421e-01
-3.400275025713789812e-01
6.142855584118185330e-01
3.827673419041821012e-01
-3.413222708921626047e-01
-1.629917209158050773e-01
-9.153609269467062326e-01
9.606114178093975164e-01
-3.144155837028157485e-01
-1.663247495694258615e-01
1.509174476026329259e-01
-1.621939530425305920e-01
-1.064395938990965740e-01
7.407744726841462013e-01
-2.979520134968881573e-01
7.103999711074450163e-01
-3.078362943115661721e-01
-1.928475965136277059e-01
1.696175666583109587e-01
-5.931179841543412490e-01
3.575367782860351396e-01
1.604621883048632514e-01
-4.699324303209841958e-01
3.908901176456407445e-01
6.929549518949429388e-01
-1.802759428367614047e-01
2.717283273369344165e-01
9.924995384227778272e-01
2.194947348863392489e-01
-5.512883190592221538e-02
-3.553033608614906136e-01
5.342801103254728456e-01
9.312796990592565605e-01
6.110758497951193080e-01
9.110372947303314595e-01
4.782816146127579215e-01
-7.353656159227717204e-01
-8.060749919993972501e-01
6.702891934636376892e-01
4.695247492157076374e-01
-7.519009051256482223e-01
-5.747614406135258536e-01
-3.432595642338098774e-01
-4.600914731203515351e-01
-4.768932933588729828e-01
4.385333075352852439e-01
-2.608704517776602727e-01
-6.960318921994828045e-01
5.204594234129562569e-01
-5.447381325202190760e-01
-2.729937737189481184e-01
1.000000000000000000e+00
8.992572769418610834e-01
8.061517065030444629e-01
5.715095203062792173e-01
-6.837049929952390137e-01
-1.128269458361824407e-01
8.316341553864476516e-03
3.854545902411933289e-01
-3.273662400719196119e-01
8.121917290847019411e-01
-7.161304501966199165e-01
5.597566252461241287e-01
5.809537315882625785e-01
1.350199510837327976e-01
-6.261376768481706767e-01
-1.859747222587904425e-01
2.884175944574821626e-01
7.863408249703076613e-01
8.331791431749721588e-02
9.259798157468683844e-01
1.303013028590079003e-01
9.630588347233549618e-01
-7.479189798925409138e-02
-4.690499109640490494e-02
-2.506420737007077348e-01
-3.931439492542456726e-01
9.202333229511507895e-01
6.310210903581596753e-01
7.685266953356589825e-01
1.299765384723188810e-01
-7.350191726310902895e-01
2.423789227183945627e-01
8.965245926775752272e-01
-6.075936405921706501e-02
-6.837601580265283419e-01
6.945596133436233999e-02
9.344866767655214401e-01
3.147523633000964272e-01
6.452490635728267421e-01
-7.028567488886333647e-01
-4.087152075942021567e-01
-5.102967105200265641e-01
-4.902040196888145518e-01
5.431663160777910893e-01
-3.604577012598151331e-01
5.060891464715739918e-01
-5.928487834758142672e-01
6.519767594498213636e-01
-9.439080075390027247e-01
4.072722557230035734e-01
-1.847896278128354774e-01
2.692500146414140150e-01
-8.711842584268598699e-01
7.857356074972393634e-01
