-4.866315648894126711e-01
7.655002462917470663e-01
5.705083169626559148e-01
2.260307225918252172e-01
-8.054504231484584942e-01
-8.530167390418197382e-01
3.119730980216083027e-02
-5.526044446738664906e-01
4.739553110557224169e-01
9.669711748681824037e-01
-4.130870909907697897e-01
-9.660926703490237966e-01
-7.281623939355679198e-01
7.243182212362082595e-01
-4.980928230253813815e-01
4.413753956141692747e-01
-9.377132251652651185e-01
-6.308535036602103130e-01
5.813720067205345732e-01
-4.763397797393109645e-01
-9.505520096560995391e-01
6.620337720915414614e-01
3.639910072839176447e-01
-2.767280528609744605e-02
6.830414001227068654e-01
7.985555552487271225e-01
9.576147485733692566e-01
1.294460259027745419e-01
-8.678553090781332413e-01
7.002843535888743087e-01
-4.031116895192828897e-01
-8.656304368236568125e-01
8.090280602865254078e-01
-5.676728311009471284e-01
8.481281060487289025e-02
8.409453184294874983e-01
8.341898510847551851e-01
-3.313301574231657942e-01
5.104933327126912612e-01
6.240714364350072874e-01
7.271493736105605343e-01
6.759220704144157654e-01
-3.571808378690366492e-04
3.336430035932775873e-01
-8.195273915404536202e-01
-6.057250180500592940e-01
5.285990063091113855e-01
-5.255892809975298841e-01
3.937137950868347946e-01
-3.775484396752986083e-01
4.454063954313667306e-01
4.645899378115838640e-01
1.937995019752393189e-01
3.365693392630075831e-01
-2.401959726247520077e-01
9.977060561551871487e-01
9.038935938070111753e-01
9.911176536047290320e-01
-8.029124842307888699e-02
-2.632423712363854418e-01
-3.736650572064130760e-01
-7.836868174239293161e-01
-1.594699447250166324e-01
9.318015497306049166e-01
5.208819708437051332e-01
-2.029265577610782079e-01
-2.314992810863547024e-01
1.570923854659198038e-02
-2.541366948864871578e-01
1.605600830568023607e-01
-7.886135711490636080e-01
2.723627803026165695e-03
-9.185803422762320869e-01
-8.611556961916448927e-01
-2.450052404725870936e-01
-6.446408302891046826e-01
-8.816557243759892692e-02
-5.004545389405798961e-01
-4.871511702230583163e-01
-1.099306973481343763e-01
2.372060434031326159e-01
-8.834331677236373359e-02
-8.116892547954783765e-01
9.551378858951498074e-02
6.431871019454666882e-01
-7.449585314809694658e-01
5.726224695469780412e-01
-1.311167087894473671e-01
-7.988374985668658113e-01
4.719488856739670890e-01
4.284494498263937134e-01
3.874098838558797109e-01
-7.111568170527695631e-01
-4.335913638013463300e-01
3.250517486714485926e-01
-6.182295943068334410e-01
4.792298156820515853e-01
-8.827835316131409371e-01
-6.810811257761281712e-02
7.686346542145039429e-02
4.568480528962910459e-01
-7.182918108413881564e-01
-1.862315117106052575e-01
7.850233979852525579e-01
4.864059198436935239e-01
5.873370047733303956e-01
-1.489812316243122048e-01
1.438614366236447284e-01
5.573061393537706021e-01
-8.003907869626637472e-01
-7.794320947721422588e-01
-1.325425428818398643e-01
-3.341711823218302957e-01
-6.154822942552922171e-01
-3.994716303931247214e-01
-4.074452235661883970e-01
1.000000000000000000e+00
4.636891678396218297e-03
9.855981849485041801e-02
2.220494928996963602e-01
-5.842909894475977195e-01
3.839876655276706074e-01
3.919546806980620524e-01
2.944663030568361872e-01
6.725433246173774249e-01
3.828227598103395302e-01
-9.247076754114180730e-01
6.340751802153465899e-01
-9.525837799164385000e-01
-5.531266620412051971e-01
2.917538199498665996e-01
-6.123628809266357109e-01
8.736261814679255888e-01
7.931536322290624330e-01
-9.808167262847802270e-01
-8.381000468130355152e-01
5.351052128339173208e-02
6.030003851750046495e-01
-8.885868706924141547e-01
7.711717435228276907e-04
-8.127247312249574751e-01
-1.051936323587538968e-01
-9.749139409905680509e-01
1.980557744733180137e-02
9.541046239263550888e-01
-8.424647339044306626e-01
3.916571236625565611e-01
2.263808783052896345e-01
5.760255440849859632e-01
4.502429398496741175e-01
7.521147905242135945e-01
8.413328685152734465e-01
7.694509141237936278e-01
3.381870113005258638e-01
2.879273012730156900e-01
9.973572112640731735e-01
-4.218710609843379089e-01
1.309094040925240510e-01
-3.513262853964774779e-01
-9.187418769911388505e-01
-2.502414264369137165e-01
1.000000000000000000e+00
-3.898797224958876484e-01
-1.896245055608012375e-01
4.529235908073956374e-01
1.316927426254190792e-01
1.702667654663195529e-01
-9.724388585718649058e-02
-6.599125083121317736e-01
-1.819664254807848991e-01
5.530715625387290224e-01
-2.012898737700601348e-01
-2.171487000006524226e-01
6.031327657154291755e-01
-3.929585745402893737e-01
2.082847036157278175e-01
5.749621649598994910e-01
-9.660869921667718518e-01
-6.612596473958374244e-01
-4.183187908993782345e-02
-7.610338042065192266e-01
9.339820528884497097e-01
-5.486614667040132787e-01
-1.230187575637847752e-01
-3.786044570373164331e-01
-5.668510175375920390e-01
4.577796473386412934e-01
5.360752992680311024e-01
-2.086198581265186203e-01
-3.576900908717652872e-01
6.122363366038359178e-01
6.774357623205845558e-01
-3.244228151779242619e-01
3.615113973094622457e-01
9.778041894558793246e-01
-5.443445454631878899e-01
-9.147191636932658909e-01
-1.486758661105695989e-01
-9.398623144503077675e-01
9.036977862348747337e-01
-2.867156288169119271e-01
-1.021733636236128451e-01
7.032252872313922154e-01
2.393339977302531008e-01
7.713149040455717920e-01
-9.685521889310957366e-01
-7.377872642826190930e-01
-1.403011145771078105e-01
-5.897787419123987629e-01
6.056505051047418320e-01
-3.737055380958566597e-01
-5.748736709365347419e-01
-6.362427060447932714e-01
8.216865036238816256e-01
-2.913191204161891257e-02
2.766087767253752050e-01
-3.693304217426764957e-01
-7.650564512302417963e-01
1.292458824680564611e-01
-5.017635567722762424e-01
-5.374963864792321466e-01
-8.184148212459989580e-01
7.075978891885885691e-01
9.982960092804578078e-01
-4.800121820814535756e-01
-8.975712409616423137e-01
-1.855213934615311810e-01
-3.115775837932455716e-01
7.812725739495520738e-01
7.016230523152826581e-01
-5.419593008256691213e-01
-9.106997554595541722e-01
9.355575068807486794e-02
4.580242274254437973e-01
8.235370838246054426e-01
6.151231664349148254e-01
-6.988935010073360488e-03
1.440990805860725699e-02
-4.787692953989770572e-01
-7.990233733813231765e-02
5.504620279372574032e-02
2.262371475621471895e-02
9.231827398396128537e-01
-1.936783148319016767e-01
-6.105072488757564697e-01
-6.940312491216045210e-01
4.080808059999845305e-01
-6.573156459336206847e-01
1.750695649659335107e-01
7.651280327906924139e-01
7.165730018134972568e-01
-2.208363157326247161e-02
-5.699948011542772530e-01
-4.161904231379798258e-01
-4.516136782336416244e-01
7.705247648040538522e-01
3.466705440465465693e-01
9.996281301884750725e-01
5.889150275988048744e-01
2.813298853677157485e-01
3.144641901126812300e-01
8.811509411229343502e-01
9.234400854384889890e-01
-7.293253744037213604e-01
-1.000000000000000000e+00
