4.133465326294576414e-01
3.163415211362747281e-01
-3.813126461716350168e-01
-3.552448338287734764e-01
-2.659742664004389745e-01
-8.297250031498352163e-01
-7.771496427469336554e-01
-4.169216823309925823e-01
7.199686347788891716e-01
-1.409208717068501371e-01
2.801776164492312815e-01
6.896319709366893758e-02
7.224187417300326208e-01
9.267245873066746187e-01
-7.336827194102620853e-01
-4.026011602073872320e-01
1.161631775516210191e-01
-2.677850904839154667e-01
5.149823564592571623e-01
-8.389805512948451671e-01
-7.826463683368161117e-01
-4.082717745740118143e-01
-7.278815105529947704e-01
3.833041743136144097e-01
-3.625015909108318390e-01
-8.742084665728301340e-01
-4.709437696918176708e-01
-9.262911585431268247e-01
3.200467225680115879e-01
1.508064332473149083e-01
7.660005611787092938e-01
-3.884849988324141634e-01
-1.461730794020349167e-01
6.003406696850355218e-01
3.965783346292814371e-03
-7.652786526903394559e-01
3.443396596678866550e-01
1.899422595919756096e-01
-5.385003471679157272e-01
-8.639781479698679378e-01
3.543835071051456564e-01
5.139731794862173464e-01
-6.024523279842924905e-01
-1.244232769245182529e-01
-1.000000000000000000e+00
-9.817811248491682408e-01
-8.099186195591001614e-01
-1.000000000000000000e+00
9.942509521040011622e-01
-7.691601372936224257e-01
-5.482079285693287618e-01
-3.743565764446563082e-01
-6.389117988986108276e-01
-9.064282867873787453e-01
-2.452784618643035763e-01
1.245417619587754626e-01
-6.412723972406475514e-01
8.216980616593619891e-01
9.770328262967459265e-01
8.285658100067277987e-01
5.422234667056866630e-01
5.974112783856391218e-01
-7.229288396001073980e-02
-2.519816959244586263e-01
-6.246330246894975513e-01
-6.850420402688486288e-01
4.754922360423290140e-03
1.682646895173502133e-01
9.078824841471522245e-01
9.362383129147602290e-01
-8.129280260602649300e-01
-4.236876971700409555e-01
-8.672820712724120806e-01
6.589068354443600173e-01
6.006452853508289502e-01
9.274259999613214678e-01
6.204199636333881385e-01
3.850594435408410954e-01
8.142226242344500209e-01
-8.330963493523784180e-01
5.470564266110079510e-01
5.142073156184666649e-01
-7.078602751488208278e-02
3.656801289902233965e-01
6.306578423899096286e-01
5.721682545130463149e-01
3.987559813926612740e-01
-4.523574565409633763e-01
-7.726863366973719671e-01
-9.772428356265936422e-01
-3.333265485428432706e-01
-1.000000000000000000e+00
9.509590540530454827e-01
2.897346949773886848e-01
-5.098871046320301303e-01
-5.394301594025716629e-01
-9.222373963386027995e-01
3.535063309886994354e-01
-1.920863584587653439e-01
-3.164635627797502959e-01
-6.108733485119874906e-01
9.773246073997082783e-01
-4.712665698395990255e-01
-6.924757144756096272e-01
3.647737240894872168e-01
-1.386286788930944647e-01
4.767698884280475724e-01
4.157922244698531444e-01
-2.322074219572245746e-01
5.442828820233592824e-01
-9.777967814814532144e-01
-8.145821555838878014e-01
-2.096411633316630496e-01
4.763603449685779867e-01
-5.337340340365112068e-01
5.170102672994775217e-01
7.170523562496006198e-01
-8.293435837141883704e-01
3.821750214122199285e-01
3.953393160652590721e-01
-8.297121114832023414e-01
4.653166011990588768e-01
-7.881067785671420634e-01
9.902859369936181100e-01
3.198763754160050543e-01
-8.355853932075594237e-01
8.105847591997365764e-02
-4.557316213234288704e-01
1.025169330792976286e-01
8.595373743127067145e-01
2.532112248553101616e-02
5.959829433230409701e-02
2.708920754519066332e-01
-1.599660224782966100e-01
-4.859639226740340989e-01
-8.769105551864406767e-01
-8.985074054926992515e-01
1.169516370322105370e-01
6.929754057951889035e-01
5.740154227202358683e-01
5.770973347925633101e-01
4.022303640396694968e-01
1.987929980410852934e-02
8.848063184783693247e-01
4.309374859732422736e-01
4.732488120534601994e-01
9.942773526154115027e-01
5.621656107629646737e-01
-9.770175028880886403e-01
6.418391222946912000e-01
-3.322329370238644164e-01
-3.527712490148803837e-01
-8.946233275057452472e-01
8.561167809940353202e-01
6.009164502856021439e-01
-9.782676204929318109e-01
-6.000026309988787387e-01
-1.000000000000000000e+00
-7.169055518900160351e-01
5.308699911202796606e-01
2.055634861804045699e-01
-6.683215557850609168e-01
-8.956905182977404900e-01
-6.042481556377736762e-01
-9.821106995224113678e-01
2.133511628495788903e-01
6.441407870070046116e-01
-3.178924264597817184e-01
-5.398804790640381324e-01
-3.649432589963274021e-01
-1.519281539167617046e-01
5.173683030232245628e-01
5.385825116698427228e-01
4.103864368425049758e-01
2.396857493818719542e-01
-4.662304599761318141e-02
7.194523272950766879e-01
8.105270050236851320e-01
4.657850540116437177e-01
-7.895397001457243880e-01
9.993477861883344471e-02
-1.427636300502575784e-01
3.997119714956903769e-01
-1.000000000000000000e+00
9.917339757778322884e-01
2.393591664959766607e-01
-1.114400269506256730e-01
9.337852358922508200e-01
-2.809390959683566447e-01
-5.785880348737685308e-01
3.785829506526741106e-01
6.773678198205638212e-01
-5.620294502788739655e-01
-4.539880689631511368e-01
-8.259420806539262694e-01
1.318139073591778898e-01
-5.554142649769042706e-01
4.824312556891897641e-01
-7.420193973929573028e-01
9.621509241191854994e-03
-8.318933177935344814e-02
-8.287433425202997972e-01
-7.272895057668892216e-01
6.271929902636836918e-01
-4.226264858282094417e-01
-3.456108472156849132e-02
1.000000000000000000e+00
-7.385549072977932727e-01
-8.039514765431442223e-02
8.498811761476079973e-02
-1.000000000000000000e+00
-5.124423778474215263e-01
-2.999663160903958126e-01
5.578848105736481378e-01
-8.355194139526758157e-01
-4.168427221220929457e-01
7.134376137763008552e-02
9.959879444857671071e-01
5.574944147732561195e-01
6.360322616850159205e-01
5.467694753777924133e-01
6.440259998213537784e-01
5.740287917132583795e-01
5.369656955313992786e-01
1.014095074702802135e-01
-2.078047779681239104e-01
-1.028254657403642053e-01
-4.357098424105906864e-01
6.836748641155124817e-01
8.087730424680433794e-02
-3.384666651022908423e-01
-1.169189441673110230e-02
-4.917962421252175531e-01
8.486975563839702641e-01
-7.751702450616732021e-02
8.442537828198168892e-01
-4.233598519750770284e-01
-7.395476544413597253e-01
-2.570885840373257070e-01
4.127005588028243022e-01
8.125101977122793917e-01
-4.109787573521476722e-01
-3.582109951371093004e-03
-6.793525991882426451e-01
-1.653552431218747731e-01
-7.711058143604559989e-02
-4.624509337313625346e-01
9.937619877091873333e-01
4.860412150057625835e-01
-8.062731808862874106e-01
-8.317294829040469129e-01
8.136521385990398425e-01
-6.637195984190836784e-01
-2.186939391852889547e-01
5.806913182958383102e-01
-7.632793490904117295e-01
8.335794713461552874e-01
-2.517095043734937088e-01
8.498920967052853159e-01
7.542138354392460275e-01
8.460019085270522599e-01
-3.043543475486855110e-01
-8.482955770416643615e-01
1.156433602495653828e-01
1.000000000000000000e+00
