-4.906650044410102995e-01
-9.051693089385511870e-01
-3.280036795781737791e-01
8.427952001550671479e-01
5.273261662414987505e-01
-4.003276908279475577e-01
-3.073619878147802464e-01
6.748595641424345315e-01
-2.882761331262817528e-01
-7.477532178336413482e-01
2.374029843141365337e-01
-1.952703751030274992e-01
5.206975704916053660e-01
-9.889402609226956020e-01
-6.916111463103548074e-01
6.272930403225200902e-01
6.696840891814874464e-02
6.234563652953284407e-01
-1.463386213360796106e-01
1.499732889703497274e-01
3.966427002183591233e-01
-6.197008409853959066e-01
1.191588154679097955e-01
3.153913319320980069e-01
3.754714940622438379e-01
-1.535867507660136910e-01
1.000000000000000000e+00
6.043130010670993979e-01
-1.555730168411903827e-02
8.421683119592326960e-01
2.149198403300995042e-01
3.542463441815782432e-01
2.704777326430031770e-01
-3.308162605833575576e-01
-8.473790865519759130e-01
-2.038860777801630164e-01
8.951475248066148582e-01
-2.840396524678254209e-01
-1.757577127789885785e-01
1.137984042289156283e-01
3.999816749615607847e-01
6.091827724290672930e-02
1.000000000000000000e+00
8.751665867515550090e-01
-6.457586886619488542e-01
7.206841182915511845e-02
7.364992222227959573e-01
-9.623421377756395667e-02
-7.355984579349703623e-01
9.020214374554480496e-01
-3.782242833170696983e-01
-7.580308260371928508e-01
2.003220151595968002e-01
5.405627707890118261e-01
-1.579337119678551893e-01
3.439758992061188181e-01
2.499044218746317159e-01
3.256044577040397847e-01
-1.413347800388096709e-01
-7.593912440950632003e-01
9.010342156976599570e-01
-7.536989967557243819e-01
-3.634476878698839064e-01
-7.259410760292019926e-01
-6.423879485054756477e-01
-6.183095632779899153e-01
-4.155851701456441116e-01
5.147460261703292739e-01
-9.219787458016632797e-01
6.336374184365327622e-01
-5.651240028872798193e-01
1.680967347038346271e-01
5.811737703079076223e-01
1.907344895330657653e-01
-6.336956205412291876e-02
-6.740146639070151435e-01
7.064145110896227209e-01
-2.777458100434480048e-01
7.467006275272574101e-01
-4.942621111940891931e-01
-6.527557692736873918e-01
5.924450859652137247e-01
-2.141593033386224032e-01
-5.527076235661149139e-01
-6.094754807496376436e-01
5.398384460392451345e-01
1.000000000000000000e+00
-3.900399556548164171e-01
3.712939428022932753e-01
3.389292000596912380e-01
-2.550825710946131863e-01
6.253796664065477406e-01
9.031036739185754891e-02
5.149921227022885573e-01
5.961129988046961481e-01
4.811819301421817463e-01
-9.946871430479172771e-01
-1.281268999483955451e-01
6.424558169531855434e-01
-5.148623563279612902e-01
-6.819212556271448955e-01
2.868788665345071154e-01
4.958609492205963698e-01
9.707195500050875836e-01
-1.465279466787049352e-02
-4.150831906746848543e-01
-2.304338477768818616e-01
-4.319059775174451943e-01
-9.928787890240000635e-01
3.622517328398582870e-01
-1.135044711995988193e-03
8.284687728338322454e-01
-9.126025484356324879e-01
1.745708013725652541e-02
-5.007245568055325169e-01
3.129553632123311946e-01
5.447954104736296710e-01
-1.880015371828874238e-01
-3.174342893146593902e-01
-5.493651901195513165e-01
-9.606041690443126724e-01
-1.677410444095699671e-01
-1.545056294216649029e-01
-5.706567460141381831e-01
-5.346013574146465386e-01
-8.057971578752030073e-01
9.902629509034246436e-01
2.829665371546433855e-02
4.653946067903727557e-01
-6.704909220266735970e-01
-3.717207323256769280e-01
-8.975525218883073642e-01
-8.287438193119031071e-01
-8.206794099793299768e-01
6.340840171688824078e-01
-2.653619606100143247e-01
-9.943292770730646768e-02
-8.027129042488964084e-01
5.984247813975491770e-01
-1.857588986212224957e-01
9.206345250832542737e-01
-2.195949747441109934e-01
1.000000000000000000e+00
-6.576505553612446153e-01
-9.657916781832383002e-01
8.392964073992293939e-01
4.955016746554832818e-01
-6.983227064206255497e-01
2.593213382313346860e-01
-8.091618880738102315e-03
2.316731226877569161e-01
-7.053710177550328586e-01
-8.221990853160763280e-01
-4.067023411918792575e-01
3.714018054594385720e-01
9.805385629918318413e-01
6.730587775335554745e-01
9.492418264155090268e-01
-7.481570493661827692e-01
8.424634735183218481e-01
6.842415992897425969e-01
7.539238612491768743e-01
3.781581324870660898e-01
-8.339619979122314675e-01
2.378850115794993725e-01
6.663636770211062155e-01
-3.621409691211711634e-01
8.373904724811580547e-01
-5.748801412412207767e-01
2.858636639680329772e-01
-7.177790917465288745e-01
4.204939111671736063e-01
2.405413154146683608e-01
7.699373333040109291e-01
-3.026464525670277128e-01
-5.031838393036567325e-01
1.149408158300450067e-01
-6.358797706221698265e-01
7.555561161083532706e-01
2.374222531473677011e-01
9.995548134276955876e-01
9.225117738134809287e-01
-3.723016308505944783e-01
6.795606194882408690e-01
-2.240884425762482701e-01
2.469711610410760261e-01
5.211261794468539238e-02
8.653413969700700648e-01
1.016020794089654983e-01
8.396762906066559395e-01
-8.727272767445608537e-01
-2.988937435205561433e-01
7.569071805225482397e-01
-1.000000000000000000e+00
-4.059277364061019133e-01
2.369190484418734755e-01
-3.721736683597582918e-01
-7.230931055387213036e-01
8.797575050157465659e-01
9.719583497484286516e-01
-6.910346506676211531e-01
4.044798299842339850e-01
3.804722168678449923e-01
-6.592394369948290089e-01
-9.392058742882841704e-01
-4.914846023328191538e-01
-5.074015773931990214e-01
2.525845351990980703e-01
2.893167620677337681e-01
-2.598985398933058022e-01
6.863836129268804376e-01
5.600704072317995719e-01
-5.924726588267371641e-01
2.736725310136007283e-01
-3.732103844736798376e-03
-8.551821489691007194e-01
-1.725719224101718297e-01
7.341802301681233933e-01
8.085553041250270745e-01
-6.525689196217493437e-01
5.145491288545281927e-01
8.647082201348768038e-01
9.443209640114614833e-01
-9.101312392608259527e-01
-7.304641586120993457e-01
-9.363651184966272911e-01
6.358682313120850305e-01
-8.052867622786069601e-01
4.893298962246178663e-02
-9.986691475929403428e-01
7.856577340039836432e-01
-5.785962335219392294e-01
4.572981588839070688e-01
-2.584276553379711849e-01
-9.918436505463162911e-01
9.109358821230223446e-02
-3.206936536986521036e-01
6.193996838840418739e-01
-1.827874935811577561e-01
2.875810977604310592e-01
1.308547380467949550e-01
-2.282431765230990561e-01
7.387773175552176941e-01
-5.492663870837091178e-01
-9.011797362892395302e-01
-3.053067846094184024e-01
-8.273112691080621861e-01
-2.204360001905686720e-02
7.315645983810428188e-01
3.515727424054792549e-01
2.319737199321026400e-01
-5.420187201716342162e-02
9.741381365739870679e-01
5.156798275166438739e-01
4.724395233799056348e-01
-7.556417357364582088e-01
-4.323532005420135937e-01
2.266087989768563737e-01
6.491948092260511061e-01
1.339690053382638635e-01
-3.812209615922590999e-01
-3.333214705835079728e-01
-2.245442192655286440e-01
-8.024827054857341935e-01
4.781096654797716838e-01
