-9.680301605200171133e-01
-3.577527798893206379e-01
-9.693994540631106771e-03
9.782043942804834469e-01
3.144119999473660165e-02
3.714710334774260492e-01
-4.330596024859263427e-01
-6.442440023568253293e-01
-1.517798689924679811e-01
-6.728260883271441894e-01
-6.583257051554569639e-01
3.198551026338904424e-01
-2.486163946452135398e-01
-5.225978657453593801e-01
1.508489392385520822e-01
8.374314755040432878e-01
1.000000000000000000e+00
7.504543972013323350e-01
-5.315260378182431467e-01
8.031129173961464307e-01
8.263828829254132868e-01
-2.763104137242118341e-01
-1.000000000000000000e+00
-9.352905773123323385e-01
-7.978019351641469914e-01
7.571728986815851048e-02
6.671648557563998327e-01
-3.061939596923434204e-01
2.319346132678679895e-01
-3.624078524440354498e-01
-1.586433452953556200e-01
-2.809588300760734181e-01
-8.018871268564208288e-01
3.085903185108263003e-03
5.482054919330768827e-01
4.990489818142822553e-01
8.422151683554575108e-01
1.000000000000000000e+00
7.314397967021964153e-02
-5.406459321432300902e-01
1.127673973932790119e-01
-7.866789679729355722e-01
3.112716208324128875e-01
1.636030608916262952e-01
-7.346647334312319533e-01
2.328718849464427865e-01
-7.858427641381426909e-01
4.494281510364350751e-02
7.522581274659170258e-01
-7.575995888577183868e-01
-9.875487741126280916e-01
9.758192116776908120e-01
-9.804976079477185635e-01
7.202930503182169986e-01
-6.877566945388844388e-01
8.580734987884581777e-01
5.954664345739226761e-01
-2.746185028176231779e-01
-8.622829513516689914e-01
9.519911348417922081e-01
-4.298768437652902286e-01
7.165563837281708759e-01
1.235009952785869058e-01
-1.655464510623705365e-01
5.085068785356162691e-01
-4.658340641615954514e-01
5.805228164810031233e-01
6.373789459044836292e-01
4.622789992806896064e-01
-3.036016354043625243e-01
5.032350706474988389e-01
-4.561856415448020674e-02
-8.068842754378602322e-01
-1.957992353019507026e-01
-5.814872477678956209e-01
-6.646441000710545666e-02
2.130804575530470535e-02
5.412274151084768281e-01
-3.207835147402751108e-01
-6.089263873254175952e-01
5.365382642863429918e-01
-9.852920910462945603e-01
-3.246806962093009008e-01
-7.974490169315426868e-01
4.904661704815319045e-01
3.594609354156003689e-01
-1.742400267434371930e-01
5.105737760238473477e-01
6.302865100859534886e-01
-3.497185533936444934e-01
-5.913893751161797274e-02
-5.654655889093856969e-02
5.157962465373693295e-01
4.685174840048780820e-01
-6.596260631605361802e-01
7.716410318415100056e-01
8.672822737658787418e-01
-9.824120861475905686e-01
9.364302099702856985e-01
-8.474454904077026729e-01
-8.901730259437283799e-01
3.752618571275412318e-01
-8.051709145338588058e-01
-7.521661288505280263e-01
-3.698879968305127108e-01
-3.741901529128213721e-01
-6.157791397267150524e-01
3.383598365400624086e-01
-3.357656586716067371e-01
-3.891686638798189102e-01
-8.995763046340975455e-01
-1.000000000000000000e+00
-2.442662934538093467e-01
-3.229813257126207260e-01
5.303850896036472751e-01
-3.892092057194120880e-01
-8.686415713774151559e-01
-5.501578930616064511e-01
2.826141499919871403e-01
-3.124646430255737517e-01
2.972531240342899395e-01
-2.085312573111861023e-02
-9.408908746100723697e-01
-8.542683292677203388e-01
-4.067356097183993380e-01
-7.950102577145843341e-01
-7.121383178484999021e-01
2.160777674874425625e-01
5.267562536844366816e-01
-5.031200043410533063e-01
1.778505819709026992e-01
-6.449947886654023854e-01
8.066138014996258876e-02
-9.371718226435903354e-01
-6.772042083738540885e-01
-8.130099070501572989e-01
-5.431284396934853431e-01
-3.195690009679792443e-01
1.578198152073013727e-01
-7.231757317226867876e-01
-7.761908283086438320e-01
1.000000000000000000e+00
7.304290363658155760e-01
-3.301073504605376852e-01
9.783714247558940036e-01
-6.980324251999928675e-01
-8.801029126704691397e-01
-2.851849523507736794e-01
-3.475006155622003545e-01
5.632406394245726977e-01
2.510319771558416901e-01
4.593389817942009068e-01
7.144604683000240763e-01
7.061570899637431564e-01
-3.830619196931850379e-01
-2.645129131138432843e-01
6.921256645044111533e-01
-3.895773732023306568e-01
-7.440642109056696540e-01
-1.398461929468963749e-01
-8.945809746385989802e-01
-1.691666433279848669e-01
4.394677758331460016e-01
6.793011084879816419e-01
1.576288179155579394e-01
-2.113015461518228388e-01
3.992930924334341380e-01
-3.560903722576282959e-01
7.882720481345971697e-01
7.214529288432705578e-02
3.974043181912190192e-02
5.034632145059603214e-01
-2.259252772218994787e-01
9.357359073122812898e-01
-9.423872869274250164e-01
-1.543067013912533536e-01
-2.446742821976142512e-01
-9.039041294705013607e-02
-5.661707808011406939e-02
6.772859092811915893e-01
-7.631472351383905561e-01
3.943301723057334174e-01
8.919068564479403216e-01
-1.000000000000000000e+00
-7.707474713416576084e-02
-6.722355424505127575e-01
3.983841100993490425e-01
-6.603202610917893178e-01
-7.429245416893603959e-03
-6.504679469567116179e-01
3.400252759561210869e-01
3.923296156900329401e-01
-5.256460981828138257e-01
-4.713402632326758601e-01
-2.834042713140424441e-01
-1.229263111771601302e-01
-2.023441529246753912e-01
3.669040078723700971e-01
-8.851847257882862197e-01
8.457628799835092970e-01
-4.996760863491859217e-01
6.837004860005978513e-01
9.162274099373584058e-01
-3.267051534009188796e-01
5.975132863092784685e-01
3.996747374063249758e-01
1.049118610381212235e-01
7.364422091709109663e-01
-2.222268803996430009e-01
-7.829663397992319140e-01
-1.524107888572273639e-01
7.946319155141230439e-01
8.173961286811414206e-01
7.026693961530945387e-01
9.418906156681658981e-01
-1.818024648665048371e-01
-9.879737621969055805e-01
-9.268981068851434024e-01
6.012764220861807063e-01
-7.692403187384599939e-02
7.198632676093683624e-01
-2.868054035705898119e-01
3.655690889208952354e-01
3.377940846229812166e-01
-6.234640234386410462e-01
5.738909796689288800e-01
3.360269297658330934e-01
-8.207875198009217943e-01
2.461479800259147588e-01
-2.013011878742493876e-01
-7.936698099009209528e-01
-7.652033886007643115e-01
8.520439881961803241e-01
4.959356805451521355e-01
-9.223934199737739981e-01
-6.138593349305603297e-01
1.122893145637433865e-01
-5.524584833763799274e-01
8.518801296749316521e-01
2.369728592795939670e-01
4.459683895626302963e-01
-7.749544813005471156e-02
5.100297661529682447e-01
1.186241690870613041e-01
-5.397358432274219631e-01
-3.356031399939956028e-01
2.990120203449248004e-01
8.323296802162336583e-01
3.651698004979925805e-01
-5.584469798698483978e-03
-6.223286485943049229e-01
-6.267238607988518950e-01
6.402336264739256766e-01
-7.491886518501101877e-01
-6.038395960639885152e-01
-9.870273086787532124e-01
-7.841347106857703420e-01
1.384710799930328751e-01
-3.045311618920708563e-01
-9.328508386260693508e-02
-3.589994916168642858e-01
-9.461766813436407464e-01
6.023909648757750368e-01
-4.124831585083792440e-01
-2.541883490923958766e-02
