3.914037835950241462e-01
2.349696892096160283e-01
3.839332622639062276e-01
-6.497167426737351370e-01
1.000000000000000000e+00
6.273845498033587820e-01
-7.199340975163823764e-01
-5.032621319483432387e-02
5.155399316027713397e-01
1.000000000000000000e+00
4.972130161991947794e-01
2.170778599693938826e-01
6.127771389653502432e-01
-2.727673717963106093e-01
2.705372619279732826e-01
-6.045226568335877460e-01
-7.057719819443313281e-01
-9.434751244602683773e-01
-1.628759587447792256e-02
2.559332701046035385e-01
-7.489840116187016505e-01
2.366126069521436170e-01
-9.540711534340089450e-01
-3.304890166014589070e-01
1.252281298794998277e-01
6.085967412618067396e-01
7.399383500680456471e-02
-7.883666963957491891e-01
3.576611511135245891e-01
6.951927220407456698e-01
-7.101346022431328509e-01
2.219164359979683421e-01
-2.597736565382098295e-01
-6.199882080233174442e-01
-8.500641393515175892e-01
1.952338667319986065e-01
4.572876193606597583e-01
-3.013069899911386962e-01
8.257436271701028563e-01
-9.485237903312755403e-01
1.197621316205686737e-01
8.119264325194743837e-01
-5.764996483043520747e-01
-8.476545396871777438e-01
-5.772680659466783437e-01
-7.926825829207895246e-02
-6.560561762219471182e-01
2.792696984940468141e-01
-8.377340804668500507e-01
2.242296799788179307e-01
9.729185378169954990e-02
5.344874165572610636e-01
6.115504754416563049e-01
-5.449748018865845367e-01
3.375684425425553581e-01
5.341139963884906638e-01
-8.329340097772528484e-01
6.826069966436014713e-01
6.369371227889193410e-01
-2.084875308818322920e-02
7.921266608112401686e-01
3.294055821479804358e-01
-3.439365664172933101e-01
2.298608310311436309e-01
-5.731130217226697576e-01
-7.776246910133099988e-01
-9.626123830291103411e-01
-8.523981823220994070e-01
3.118916574843618728e-01
-3.979270012959394975e-01
7.720760274162432601e-01
-7.958487742507266982e-02
-4.176948353307937678e-01
-7.244186957075983146e-01
7.564423651008369553e-01
-8.746322162952820112e-02
1.155906578420122788e-01
4.018348431267444454e-01
-6.648879118096076013e-01
1.000000000000000000e+00
1.000000000000000000e+00
1.106739028192324503e-02
-6.458797994577907264e-01
5.928840183712302814e-01
-1.899977262866299199e-01
1.920578630883157389e-01
-5.728870162021789669e-01
-6.403956696120592929e-01
8.227660021217110264e-01
4.336573351093373496e-01
6.103665240050604179e-02
-5.291223618750225816e-02
-3.611081717139115188e-01
-3.524754637256477530e-02
-3.504629945308754824e-01
-4.806218176722911739e-01
6.532873046146749907e-01
6.139204256183045105e-01
-5.014551926544266180e-01
-5.406133783019484440e-02
-9.598755258522873035e-02
-3.543155227003606522e-01
-4.002372829049767322e-01
1.342151745048028033e-01
7.976620139659307274e-01
5.512748131066833590e-01
3.383001448980671455e-02
6.449184198998627604e-01
-6.041392909327831795e-01
6.561287491133902527e-01
-3.394387300720045353e-01
8.291841852498763599e-01
2.223695536071307044e-01
-5.296789948904137013e-01
9.816919706676106028e-01
9.999140658174414664e-01
9.804300836080157566e-01
-3.732358367136537902e-01
-2.156686385399624317e-01
7.560248826724803584e-01
-9.410734224394884384e-01
-1.119401639933339521e-01
-5.675215090158020059e-01
9.839563181131045777e-01
2.407936771932350783e-01
9.456589302920193063e-01
4.234521441150667087e-01
7.300551806357499229e-01
-4.298344585139257656e-01
-7.729581463841809219e-01
5.900676356492833285e-01
9.970559033100032664e-01
-2.284632671218118638e-01
5.931632602157093093e-01
5.080370958108334500e-01
6.173386844915710325e-01
1.989385402242576095e-01
5.837028256727074815e-01
-8.171950188286307704e-01
4.983683506944043273e-01
-7.503108384656647090e-01
-5.724295147387967742e-01
9.142502836167150093e-01
-3.581041945661785908e-01
-4.311952197159497069e-01
-2.245467861470913373e-01
9.300054480825308278e-01
8.580076563750940188e-01
9.104561545726713723e-02
-7.861847686998846285e-02
8.442573918815425849e-01
-6.157812346129829528e-01
-3.487817626989688780e-01
4.327090140035698695e-01
-1.740627690290621477e-01
-5.125788106105689801e-01
4.784278502748458006e-01
-2.036810385924503475e-02
-4.583339120790639321e-01
-1.000000000000000000e+00
5.075893425477982779e-02
-9.529844529452742297e-01
1.000000000000000000e+00
2.172105627128701477e-01
9.132433662129302299e-02
-9.779314603089339641e-02
-7.210047097080762857e-01
-4.669000519495094537e-01
-1.422433491990152121e-01
7.425670182167520839e-01
-9.352480891523140549e-01
-2.982218069573705499e-01
-9.485622605495180881e-02
-9.436941011873434260e-01
5.211402740301720460e-01
7.104019665337846234e-02
8.817682200635172940e-01
6.358638760710775273e-01
9.182176335731693229e-01
3.989968620845820713e-01
-6.451721301743675863e-01
3.570285642852022434e-01
1.000000000000000000e+00
8.565283003990525890e-01
-6.202294470534159831e-01
3.543654449977894916e-01
-5.022903845933317513e-01
1.000000000000000000e+00
-2.701416859930858561e-01
2.617536232554262821e-01
-2.241798389284708481e-01
-7.029213037541732767e-01
-8.930890156523407786e-01
-1.752329344451530047e-01
-3.065746410803171784e-01
8.912091464391371787e-01
-5.372867876511613350e-01
7.628072134432596352e-01
-9.763476265442043722e-01
-4.979160151247436494e-01
-8.205534255829002310e-01
5.104859905248076979e-01
-3.356611490654358709e-01
-8.834901649492102327e-02
3.925190750097377612e-01
-9.637898858589006856e-01
9.456043138011880345e-01
2.621821142734337418e-01
-1.077425805287214322e-01
2.887493021903477786e-01
-5.296269055329203557e-01
8.533385296715187973e-01
-8.788296383365744591e-01
-6.716840636341585569e-01
-5.339790006433771108e-01
6.836024434324627919e-03
-7.411797760270240065e-01
-6.603794488338784463e-01
4.834146079637606230e-01
-2.980502612355049874e-01
-6.504523017108447824e-01
8.260397994223289686e-01
1.320203450701428749e-01
5.907042198523622389e-02
6.486789264778962671e-01
-3.151900863237453443e-01
-1.838255543678939397e-01
5.912756577315767537e-01
5.754539054172447266e-03
-5.896856809730897098e-01
1.108622512666663784e-01
1.470671562007252187e-01
-5.412472605317768526e-01
9.220675143841998711e-01
-6.003307776372979188e-04
-8.529533663021892087e-01
6.282097534191299903e-01
2.282282567920913274e-01
8.361794600691035972e-01
-2.172042441236779198e-01
7.030787726111559222e-01
-1.696905526870304826e-01
5.197781003969741409e-01
4.265137593161557050e-01
-1.798434678734273096e-01
-9.406609341519654999e-01
7.247194484474237530e-01
6.826035719339769159e-01
8.751214161293568994e-01
2.279938391409412901e-01
-6.075976661572178861e-01
-2.079423798317647232e-01
7.050772757350285413e-01
8.585574976117389401e-01
-8.994263002636955218e-01
7.662504502279399166e-01
-2.708827025677749134e-01
-7.195206709040185000e-01
-1.265910014953710583e-01
-5.518631029850702419e-01
8.907561414842246617e-01
-8.003828591948882742e-01
-9.538896255220949971e-01
7.453843943588527310e-01
2.158446335806156746e-01
