-6.866676562736017120e-01
8.204034878328883007e-01
-7.165670187264286950e-01
-6.917264376804233006e-01
6.994830573077583935e-01
-4.564966182269947215e-02
-5.261421763235030191e-01
4.743256466046353870e-01
5.580461988172099597e-01
-7.391325402873613060e-01
4.329588731863488471e-01
1.908683715198986330e-01
-1.058357487824289178e+00
-3.157259863130147948e-01
4.142600774794953922e-01
1.091790599312891796e-01
-5.488862361780999510e-01
-9.353027443370727223e-01
-1.491783422009869131e-01
2.654748434545780578e-01
1.053773104285843365e+00
-8.787267184262823605e-01
-6.906513094628508043e-02
-7.753866511602387490e-01
9.675416037155715188e-03
-8.015743740838273679e-01
-8.908634133529006460e-01
8.566968390859655003e-01
6.443377891892887455e-02
3.039837049805573788e-01
4.343588108738664633e-01
-7.068313560620534952e-01
4.263549762881015948e-01
-4.297386375113707024e-01
5.108264569323865967e-01
7.901654903364970783e-01
9.861102364381773011e-01
-4.795366704570238614e-01
-3.696299497264956546e-01
1.739499682770232203e-01
-8.800368690537817562e-01
-2.270179716039619211e-01
9.509073561579768352e-01
8.274873786245808827e-01
9.926366763648752922e-02
8.980963435958396746e-01
-2.331491799340240645e-02
-5.059958035914109420e-01
-9.064620468494530847e-01
2.019230402825601123e-01
2.431790957783309670e-01
-1.278329105548164923e-02
-9.590928181125242258e-01
3.834768911269810232e-01
-8.229487177274609211e-01
-4.584085207528075800e-01
5.485592894583637413e-01
-4.089840752806180313e-01
-9.167195071714686616e-01
7.460537454039505301e-01
-2.849640945273331782e-01
1.226015264801967319e-01
4.618219649494043066e-01
-7.629408699206477462e-02
4.496296719548826815e-01
-3.225103669087636682e-02
6.722191346975717741e-01
-5.179631612174711019e-01
4.053935096017550199e-01
5.888843935792194006e-01
8.239196148069811709e-01
3.599199437141041291e-01
-9.078136692061485880e-01
-3.089774550058303482e-01
9.068228432124703087e-01
-5.966938470297240560e-01
-6.826272702730504238e-02
1.952094535352748295e-01
2.728610859707920611e-01
7.015236676432234919e-01
-9.037613982042532745e-01
-8.597031663600211981e-01
5.946056325452753200e-01
3.314115282065425716e-01
-6.750910554391784668e-01
1.450979640469034493e-01
-3.329295727908783142e-01
6.296805860342997718e-01
-9.133878176733756238e-01
1.451566676708588854e-01
-9.545978661214297167e-01
-6.955670096820918413e-01
7.228873966488771341e-01
-1.521514376775019439e-01
-2.568435044759926900e-01
5.602361023772400861e-03
-7.301573730703674325e-01
-8.124452340799366568e-02
3.493519432042795358e-01
-4.936485526752845687e-01
7.824479986248304986e-01
-3.991022647041432281e-01
7.780312245754865685e-01
2.079931377215235022e-01
-8.676255503358145660e-01
8.717901966625321020e-01
-6.077030740292161948e-01
-7.948047368386230715e-01
1.495741610528069643e-01
-2.223972435022523175e-01
-3.644390658325363797e-01
3.411496069924321861e-01
-3.468085172900403634e-01
-3.214603682463404444e-02
4.600428990058873513e-01
4.381783645146103412e-02
6.429617933373842353e-01
-4.118544189636268449e-01
-2.734142591546481066e-02
-7.790278982399493346e-01
-3.364123218400862925e-01
7.031511754830750416e-01
-4.823996671781605183e-01
-5.595200411375518268e-01
8.966041928816770312e-01
-6.570594074955238284e-02
-3.043487840533574615e-02
-8.293079548364246101e-01
9.991339767505244551e-02
-8.204815309119257716e-01
-7.806154567705991809e-01
-2.684499931740469969e-01
-1.244268855641066235e-01
-4.044348305338806848e-01
-2.135619413015395485e-01
6.346418839530572065e-01
-8.431161062257931382e-01
-1.617598451397665449e-01
5.272257166790453864e-01
4.373858879489067597e-01
-9.433570205343078108e-02
-7.038436691002789569e-01
4.289771410026592680e-01
-1.668264916348687066e-01
8.898616663280153327e-01
-9.543394703938435919e-01
7.273608695857108897e-02
-4.420284985554574775e-02
-1.340065601281371088e-01
3.812158164161697504e-01
-4.187975483315063974e-01
-3.970933092772811479e-01
-3.616109320833545970e-01
9.190720653876996993e-01
-4.067273326663345401e-03
-8.932844881741131005e-02
-2.565324278255826096e-01
4.829680623116298643e-01
-2.541761174178768790e-01
-1.932753112403852169e-01
4.131048834517172530e-01
1.037501634546273976e+00
-3.378260867446638560e-01
8.127391481332715273e-01
1.538361308029001506e-01
1.194154694027713126e-01
-6.337199744649462119e-01
1.287209984487026615e-01
-9.828675481466073727e-01
-1.092293451083846817e-01
-3.560794640652775733e-02
1.075154630758466734e+00
-2.115769853348378193e-01
3.681510308118938202e-01
2.547560005033711050e-01
6.141104061402125058e-01
-2.499398608666814070e-02
7.968482420705031988e-01
-5.426594124385007989e-01
9.874940253637065624e-01
1.025064910262175610e+00
2.530332177672651728e-01
4.871394391306174132e-01
1.354435013215244676e-01
3.664093901029817912e-01
-4.814900402588992989e-01
-7.051526464732528199e-01
-6.417375111995944348e-01
-2.119969841759634654e-01
-5.355155730252003643e-01
1.537364662673480209e-01
-5.688214472433792412e-01
2.890877744440256691e-01
-3.366961845258373276e-02
2.948451881350910853e-02
-1.487309828096624598e-01
7.249844850190700907e-01
-1.000433814142719147e+00
-6.727312118132959817e-01
9.058789457018621150e-01
8.446286041372075282e-02
-6.072452453739634048e-01
-2.556949104409218521e-01
-2.584890843845499830e-01
-2.149799511853571765e-01
8.131738715613323620e-01
-1.153633445228722243e-01
-4.782396908440437328e-02
5.648019228152163507e-01
-2.961775763500287262e-01
1.560107947330332812e-01
-4.631213941885727881e-01
2.387150631006638990e-01
2.809939093821292588e-01
3.738628581451108879e-02
6.069462547751376391e-01
7.588368389570118167e-01
5.273868393272382882e-01
7.883886217195503754e-01
6.670495496217896392e-01
9.017230338081019259e-01
-4.233658633167554086e-01
8.029827809681724382e-01
8.002717079352417162e-01
5.752667151962574943e-01
-2.098939340040822110e-01
3.589749306514964933e-01
3.076650496536165735e-01
-7.287431627105440679e-01
4.111335271140877934e-01
4.685502538160242203e-01
4.255583010846318848e-01
-8.739659876649801262e-01
7.211700166138455825e-02
1.902987190967181386e-04
-8.303481572769784158e-01
-4.174223128386853610e-01
7.396512617875057316e-01
2.709000845369897714e-01
-6.959196930420785687e-01
-6.486961121354802018e-02
7.805383367138263306e-01
-9.915292880713488799e-01
-7.866434834279920629e-01
2.139044419793135199e-01
-2.746189342925048349e-01
1.030835101622404881e-01
1.044627534114803691e-01
4.993610632976012709e-01
-2.944533372787596637e-01
6.297505845687327852e-01
-4.324795808906023442e-01
-5.251512278665712019e-01
-8.564004702012545378e-03
-1.037651255208358769e+00
2.194413168881819420e-01
2.858473352099534792e-01
4.203439995481803582e-01
-2.213673893923845115e-01
-8.518117338706241437e-01
-6.668092029099028650e-01
2.925755971455151205e-01
-7.207208727908036572e-01
5.939933369854584200e-01
6.802301182241561328e-01
