7.093808222430980637e-01
-1.785175476292726326e-01
3.534975839141625276e-01
-8.271726802228374087e-01
7.055018514413691211e-01
-7.225445109451051895e-01
-4.803931070238298129e-01
2.509514724193552815e-01
1.000000000000000000e+00
-6.177983417797963117e-01
8.975693698126239184e-01
-2.633366992197032630e-01
7.325481633449320018e-01
-5.265791543076461800e-02
7.575721754887003445e-02
3.407500922553667322e-01
-1.165097594445076989e-01
7.685898106411869213e-01
4.266999126020185606e-01
-2.860203468890349932e-01
4.348435747382378702e-01
-5.618795265690354479e-02
-2.175055510177630880e-01
-2.037883899171782642e-01
-1.966444557698675266e-01
6.399984909989406834e-01
-9.362157996581599306e-01
5.015460586231590412e-02
-8.811318098572267221e-01
-7.702414969657058741e-01
-3.534393903573243012e-01
4.198556248136499081e-01
-1.000000000000000000e+00
8.710470765471522991e-01
-7.401804822049662391e-01
5.081799149455308307e-01
8.061787289261087563e-01
6.247540893753110725e-01
5.960815995541991485e-01
-3.612982627880759745e-01
4.852803770603845296e-02
7.885893935855693426e-01
-8.414023690488927620e-01
-9.621809780869639006e-01
3.209847619951859965e-01
2.003674518082078637e-01
-5.254159030871613512e-01
-1.423162867999545611e-01
-2.211083370877089116e-01
1.340211506475592618e-01
-6.306951224386726507e-01
3.846719837857341950e-01
-4.268890365397128711e-02
-6.288458281953688278e-01
9.606969064577141060e-01
7.665818134868064293e-01
-8.294630508889863085e-01
7.350150383648704766e-01
-5.765548642395499357e-01
-8.633430285178840258e-01
1.530978060187769274e-01
-6.153715222283698827e-01
7.558317491733659299e-01
-9.275964005082883990e-01
-4.029901911836580863e-01
-4.016126705625922000e-01
-2.031549750464359816e-01
-5.686052560058292293e-01
9.256703427410835072e-01
-9.286482476900461691e-01
4.623287349367742882e-01
1.510875092264890029e-01
-3.237186275198467023e-01
-7.948344581214946691e-01
1.593043261425828583e-01
-4.258927891393997633e-01
4.789907184798982143e-01
-3.753898948110426237e-01
-1.542215980963463628e-01
-5.706894267441535717e-01
9.389860017562464689e-01
-6.818481813586165785e-01
-2.747089804583717765e-01
3.438991655056666819e-01
-2.986985476559691488e-01
3.970639547935695540e-02
1.000000000000000000e+00
6.307107601512005335e-01
-5.813023328638800696e-02
-7.398118787448019207e-01
4.939780415067781538e-01
-7.734779663935479332e-01
-5.597053662609894342e-01
3.658248695982187493e-01
-7.543586938328111779e-01
4.867429685279005547e-01
4.848188039730476628e-01
-2.634940950068686005e-01
2.710072855108597301e-01
7.512271598085507041e-01
1.000000000000000000e+00
-8.751914972574454943e-01
5.098849313990283516e-01
5.881174501830768730e-02
1.347864622648661803e-01
-5.066249145434498224e-02
2.833129552535849083e-01
-8.297473662357495172e-01
-5.265441543877097397e-02
-2.861247805959993840e-01
-3.649814242466801750e-01
-1.370124751991744771e-01
-1.677681631980855459e-01
-9.129808459605435189e-01
-5.782479373991061822e-01
-2.758650497693810877e-01
1.401066943364256689e-01
-7.032358749199856263e-01
-8.360350678039547567e-01
-2.723729282647904260e-01
-1.249830978118762204e-01
8.791707139965110329e-02
6.700312913187910224e-01
4.639993619845469430e-01
5.539044847080587530e-01
2.725986420217525463e-01
-3.950697259361313773e-01
-4.638757247005666495e-01
6.367506578357418068e-02
3.581936487327025409e-01
-1.402712033450919105e-01
-8.783158906172825464e-01
-6.639733906435892896e-01
-5.703653207505264555e-02
-7.516050488670440455e-01
5.281653471715758164e-01
-4.519441567931606341e-01
-2.365394217672773247e-01
-7.047601854560608947e-01
-2.840013837906135707e-01
8.523418490836061068e-01
9.632547417761038178e-01
9.105271053935968251e-01
5.999522769250654752e-01
6.270951087290443926e-01
-1.608997121602020464e-01
-3.002757505377660618e-01
3.141690752828233402e-01
-3.330147832970256072e-01
-7.173360592615202203e-01
5.243364308553799535e-01
3.888935240676663629e-01
3.312624299102675529e-01
-4.676012516336685021e-01
-9.730707960103890386e-03
6.531808445082381009e-01
-5.787510771102311047e-01
-8.305176637547359020e-01
-6.403144892967416180e-02
-6.018877896943670702e-01
-9.552125470563032072e-01
7.587654460770074660e-01
4.088180497891796827e-01
5.070418079104294096e-01
9.200093979104428943e-01
6.689110022325835125e-02
-7.553662720908707051e-01
6.967821483434849528e-01
3.408362546167915674e-01
5.203256894880228245e-01
-2.477838120345778050e-02
3.975847988363591101e-01
-2.993958618341179267e-01
6.762139665647473041e-01
3.459029532658977613e-01
3.862880444115699974e-01
-5.434818170080608635e-01
-8.826287444147369321e-01
2.355488297608825388e-01
-6.648104631389875063e-01
4.960559571329261064e-01
-4.894540926157170957e-01
-3.831199307464691062e-01
-5.106886887632935412e-01
-8.172348968877203301e-01
-7.375452958888448762e-01
-6.736907076579581322e-01
7.240759398761446031e-01
1.001816182266224153e-01
-8.976768837913088328e-01
-8.391525409355614640e-01
7.341464661127923286e-01
5.979159717814899189e-01
9.605766328175112667e-01
7.726573309306550286e-01
-8.026027792902590274e-01
-4.293805914125272544e-02
1.857996139754224119e-01
1.199741622599555246e-01
1.842737910932583656e-01
2.769465760310850511e-02
2.147664314037636135e-01
6.391994431963825551e-01
1.799028614233044721e-01
5.000766846136968091e-01
-7.158585867873131781e-01
-9.009543075556768477e-01
-4.279092477058347166e-01
9.477816982763859199e-02
-6.890540083771203028e-02
5.949110591122281910e-01
8.954469779715045208e-01
4.410114112529557873e-01
-4.651412788371943607e-01
1.353878263804280391e-01
-7.517500445246976248e-01
-4.482962783481975189e-01
-8.202949231786147433e-01
6.110139401759767663e-02
3.199031385932070704e-01
2.618339864268653394e-01
3.786703018171339030e-01
2.786544270232331200e-01
8.418515510347399644e-01
3.003183526349385568e-01
8.599532964979097471e-01
2.288499743761827077e-01
2.381591098535822404e-01
-6.302947060685087921e-01
-2.228473142076534685e-01
-4.975644732158439054e-01
-5.654160686871952946e-01
-7.424748682196056215e-01
-4.035117161997757440e-02
-8.723759911087385355e-01
-7.303051681981601595e-01
-1.520830820049547394e-01
2.958962921391248280e-01
7.269415250093411718e-01
-9.690426408082335463e-01
-6.521107235885124087e-01
-6.549316570607881527e-01
2.374551277026551999e-01
-9.861662804517029590e-03
9.979279806798415642e-01
8.702342019835911380e-01
1.000000000000000000e+00
7.417672226307756578e-01
4.819727419487447873e-01
5.476121208009354646e-01
-5.242747705267301050e-01
1.600354076732526665e-01
9.937876346477252376e-01
-5.003849876730220858e-01
-2.563923204654094956e-01
9.574087477681852976e-01
-3.238132742112492801e-02
-7.995853645134607390e-01
7.904982894733971754e-01
2.454540766795800799e-01
-6.980475216296168073e-01
-2.727877227712888208e-01
8.364882250501332051e-01
-8.300589600072143526e-01
-1.299226391859450436e-01
