-6.790373925650066145e-01
1.771268298516198159e-01
6.161809063063219405e-01
5.099947478637328890e-01
-4.353384138296280126e-01
-1.759540802316255093e-01
-3.938114101201124484e-01
-3.262195925393379659e-01
-2.800923702133510940e-01
-4.788741774171881294e-01
-4.259911192641960276e-02
2.444272214218837919e-02
-6.610113707808000783e-01
-3.476347429581573834e-01
5.753030802027471191e-01
-6.244315693527148214e-01
7.695759727209496859e-01
2.713422779302894217e-01
-1.550290232181677497e-01
-5.033390649862701238e-01
4.266501364642730776e-01
6.474961080899839239e-01
5.600027758278118828e-01
-4.146761490487879676e-01
5.609307278597187585e-01
-4.285625680254236403e-01
6.114741129609276848e-01
-9.511521706485557281e-01
1.736457292297380606e-01
-3.933301538293648703e-01
5.893521497131430920e-01
6.927214677140374199e-01
7.034415124925792462e-01
3.767476866181345696e-01
4.040096427573163229e-01
8.963458188615544553e-02
4.494721797198018565e-01
5.079455037888483959e-01
-4.908635747278760064e-01
2.271668176230450253e-01
4.116721695418220639e-01
-3.145798103601733509e-01
1.155929887281107599e-01
4.230025094178624934e-01
3.961879240769330401e-01
5.497700928934587394e-02
2.163927196863786595e-01
-3.064310930326888949e-01
-2.364943678041898090e-01
3.348304878957666375e-01
2.366673206856860223e-01
-3.531333923639249917e-01
-7.742700980857350479e-02
6.485040442129086369e-01
-5.772196993290160671e-01
-6.480637169032651412e-01
2.235180896904413461e-01
-1.638346224257514194e-01
-4.289258439105128051e-01
-3.744751830221271921e-02
6.696347947679752444e-02
-2.883093426832442630e-01
5.870376279664293317e-01
-5.107679224136630891e-01
7.857412969094044186e-01
2.125895018989485963e-01
-5.080937353208772045e-01
2.438982528295510765e-02
1.288426791536180227e-01
-8.146488595243996100e-02
4.592574224668570237e-01
-3.007673879150995488e-01
4.189190605352336449e-01
5.292647080811951898e-01
-7.803480756909211280e-01
2.099541065156122766e-01
-3.546978056763321341e-01
4.907319994296397980e-01
-5.280152608863151187e-01
-2.234915624805371148e-01
5.205834656000700444e-02
5.508270284861207511e-01
-5.460535767671838014e-01
1.886787293785733843e-01
-3.366172978760019197e-01
-5.954968578123237544e-01
7.907857876885199255e-02
-2.890250328484458842e-03
3.905649697118752095e-01
-2.954098282248051807e-02
-8.006017921220959233e-01
5.918483037776934852e-01
1.966475081397245361e-03
2.251406497210703683e-01
4.563108756808408328e-01
-4.998119832209474978e-01
5.623776275714814643e-01
-6.208354589100816279e-01
-7.607847768082226514e-01
5.902894726094878308e-01
-5.495021050019761599e-01
-9.277035688456332363e-02
-4.498670853399785452e-01
-4.511370049317952047e-01
-3.098512330833614326e-01
7.374070375016285039e-01
5.849422568759495844e-01
-2.637940901470184896e-01
6.381770854153375749e-01
-5.223362604136212450e-01
-6.855644722802656243e-01
3.714894651640294754e-01
2.167888362196987995e-01
1.419094274061893368e-01
-6.888901044771226223e-01
2.823526890533520350e-01
-4.019917209427250476e-02
-4.050348097180761497e-01
5.666817194329090701e-02
3.921835677391315444e-01
6.725130081137982163e-01
7.401002859996370642e-01
5.521382323063936948e-01
1.805635390026096299e-01
2.937836894714683234e-01
4.214642902200587682e-01
-4.300879814958333824e-01
-6.335120085724498251e-01
3.854184511072892283e-01
3.787737834210368471e-01
-4.796915556830501082e-01
3.016323724423846664e-01
-2.667325623651694011e-01
-2.945897050261294878e-02
4.721744698768094439e-01
1.460194382344942587e-01
-5.438850778556151289e-01
-5.693084544730436791e-01
-1.188756116332251311e-02
6.345142955408067387e-01
-5.752397759737164495e-01
-1.068135595908888957e-01
5.789558514838826220e-01
-5.144191237126923832e-01
-1.784552889131584830e-01
-1.312221219049844456e-01
-2.626255615361148266e-01
1.858998320062627829e-01
-4.750319475671929692e-01
-3.323934669793345287e-01
-2.869832092116573197e-01
-3.972001848524971124e-02
-7.769849102471479974e-01
2.556817384319108322e-01
-7.237142588532123888e-01
-3.028529521539671809e-01
-8.099389543733128694e-01
5.150920293162936092e-01
5.317988663232469104e-01
2.396004392152346063e-01
-2.766500498018031884e-01
1.458774122726118685e-02
5.967471493347795142e-03
2.107452071443256525e-01
-3.702141991058014447e-01
-4.045424009720255953e-01
-5.691726719396115186e-01
5.216369330978538610e-01
4.017403595807190197e-01
-5.903777007656353382e-01
3.762745532642717827e-01
-4.399254962665734014e-01
-4.342461801473663785e-01
-1.862387484485964750e-01
4.591398366881327409e-01
4.568763080214748029e-02
1.156723600873908464e-01
1.618256579042251231e-01
2.150250482061122903e-01
-5.142822878346613447e-01
6.269619133421975299e-01
5.353193016081045918e-01
2.051821052853634586e-01
-5.519256105460712547e-01
-4.946127155581044876e-01
-6.262410607083699343e-01
-4.966714290609557381e-01
-5.484370679425593087e-01
4.621967331801943857e-01
4.939522225031817149e-01
-4.398124247192081171e-02
-5.335066000399624198e-01
-7.382329492061228127e-01
-5.360692856715301158e-01
3.168703839441574521e-01
6.068348617775137788e-01
1.346609465963521934e-01
5.760041128603933525e-03
2.153694031457163427e-01
1.111926742910922111e-01
-3.947070647433669199e-01
5.288093535519146071e-01
1.880658774469880501e-01
6.628385725657356953e-02
-5.257648434261628090e-01
5.608725969627443853e-01
7.130190521353377830e-01
3.067390684454746053e-01
2.222254285829848852e-01
-7.156231070871259536e-01
1.431653311888937963e-01
-1.728188969728781665e-01
5.699287889230361115e-01
3.124773494927718387e-01
-5.647344240446960928e-01
-2.799616125812773304e-01
6.974644142070191011e-01
-2.864920111383616463e-01
4.302581989607683344e-01
4.018149317087513217e-02
-2.536005988645665399e-01
3.019773363961486545e-01
-4.772786356628286319e-02
-2.229410918959581767e-01
-7.014532442863639083e-01
7.046368370580257112e-01
-2.851943688309332980e-01
5.600618897605643687e-01
1.572708097460895904e-01
3.393533435682628552e-01
-2.177979937370005947e-01
-3.549068552168774260e-01
-6.259365448097404805e-01
1.326307840496064872e-01
6.170726777672065344e-01
-5.579572227320700462e-01
-1.658554925232126054e-01
-2.710939937398189059e-01
3.463483585036332690e-01
2.844939722466082177e-01
7.249345313391009071e-02
6.263885996602522876e-01
-1.103623827336666502e-01
6.868999458514754020e-01
-4.591357133997428508e-01
-5.959177879029521341e-01
-1.844069256808094637e-01
5.085448498778213366e-01
-1.025752829444303710e-01
-3.367731363159724434e-01
8.323338899588754447e-02
-6.424731849141910311e-01
-6.018861000379428505e-01
-8.154537960314445222e-01
-7.234083577206200655e-01
-3.783568888214127596e-02
-1.785301520659826613e-02
4.470495537914240258e-01
8.872820039342473875e-01
-4.461483432741468191e-01
-3.784389926353307620e-01
-1.005347154611163779e-01
-3.569445022878764417e-01
4.321729583816592557e-01
-4.852617845025896104e-01
