1.964558717661641085e-01
5.295285368571879259e-01
-1.445097657354252885e-01
9.773064198865866192e-02
-1.921553887063239263e-01
9.331531652439326585e-01
6.460917498355488175e-02
-5.988476602576322527e-01
-3.024894233352354300e-02
4.955402419542779269e-01
8.714151744734502936e-01
1.189226877668385363e-02
6.865562709881017911e-01
-9.382923628716340891e-01
-3.530195557170225928e-01
1.005086318876633467e-01
-4.507213126060697905e-01
7.488505006138169717e-01
-1.137621124122753513e-01
8.175672057575217311e-01
-1.079452318618938644e-01
1.403155220760643751e-01
7.540009231216687757e-01
1.790466520127092509e-01
-1.921315074018461466e-01
-7.999153708626831338e-02
9.872912362536668818e-01
2.436955972309591822e-01
-5.157683862691962995e-01
-3.896764308426603485e-01
-6.843993348301391499e-02
-8.640572102118516673e-01
1.000000000000000000e+00
7.148706495957733997e-01
1.128932180982941819e-01
5.612548003397822560e-01
-6.677850359280745884e-01
1.000000000000000000e+00
-8.124257862254778972e-01
5.054337071120610370e-01
8.346867025311293098e-01
-4.909752575486067694e-01
3.551296013454234846e-01
5.726586983424242217e-01
3.651925983196218084e-01
8.728667849322002681e-01
-7.294232821760642249e-01
8.087481669074366719e-01
8.361670067601665313e-01
4.176425922617082453e-01
8.720219690306547644e-01
5.117657326475507640e-01
-6.855632718432540518e-01
9.316766541001550994e-01
8.380078368341612460e-01
3.127384574891134417e-01
-8.331462556030418964e-01
-8.596136291753910808e-01
1.713138993575569757e-01
6.196614702400649044e-01
4.059888905313875362e-01
-3.280656679006994647e-01
4.069697939350287452e-01
-8.974622077790317398e-01
3.477744641312847107e-01
-8.880915598625032104e-01
5.224878771740872896e-01
-2.244405716317127708e-01
6.171320253830663016e-02
-1.443992727589275826e-01
-5.973900481027312193e-01
-9.485383827987801109e-01
-9.317339847081153037e-01
-5.908328428666195786e-02
6.920854774705569312e-01
-2.767479945726743495e-01
-1.000000000000000000e+00
8.225063102047355246e-01
9.877550179982128586e-01
3.967669162013975903e-01
-4.374392497180651374e-01
1.478821253046355144e-01
4.338693838928665836e-02
4.305816348600660648e-01
-2.386408403786612897e-01
-6.154777259609934825e-01
1.594247233759860660e-01
1.000000000000000000e+00
-5.613160643644272696e-01
-4.306584208128128033e-01
-7.779636127416155178e-01
7.994656258372458135e-02
2.118681525141659083e-01
8.285341158054826405e-01
9.046794160012652242e-01
4.656581316956494576e-01
-6.871244082946743603e-01
-6.331015152714252192e-01
-1.000000000000000000e+00
-1.377936328262642507e-01
2.071706787292761920e-01
-2.962698799135318195e-01
-1.104396474218636709e-01
-1.055629343323050140e-01
9.560285163480053416e-01
3.582521672974634530e-01
3.438955190642356552e-01
8.091894165317353727e-01
-7.546863645367807294e-01
-9.429488999458612852e-02
-5.050136631206814108e-01
-5.793962879626035622e-02
-4.594531712809513113e-01
-1.137777981362287083e-01
5.799474013190418775e-01
-7.883237985043529683e-01
8.717220226027165841e-01
3.480032448218584595e-01
2.608993611325751694e-01
4.402594065360807551e-01
-5.568453457430548870e-01
-3.684247197599976320e-01
2.352047543893611148e-01
2.828145405539159718e-01
-2.977422190566108018e-01
-3.043106160959723194e-01
-2.999544573725945740e-01
-5.651208964080705055e-01
5.613587153530732454e-01
-7.603309863185898632e-01
7.359042786281895510e-02
5.161731383759751157e-01
-4.672799678415502367e-01
6.838533903508055012e-01
6.154710383967976206e-01
3.831803875043746643e-01
6.697518449715130773e-01
-1.714446534429824864e-01
3.592159221370549993e-02
-5.973041022219145457e-01
-8.434924802112795383e-01
-1.000000000000000000e+00
-1.872291736490674374e-01
1.580056927846140713e-01
-4.883731277733751597e-01
4.786656039915518357e-01
-9.509375106343083139e-01
3.527224425436874533e-01
7.449407423109133397e-01
8.711411460202690415e-01
8.974902060566858353e-02
5.982283057600217280e-01
-7.206597988485594630e-01
-4.705953667829467224e-01
-1.845163040868153803e-01
7.759373219010472500e-01
5.056458711806059991e-01
5.617112909365317153e-01
7.651349802580746928e-01
-5.992087888024248965e-01
-6.100379475218187242e-01
1.533992498255452586e-01
-7.372440016686079289e-01
2.428197691970091499e-01
-3.802001471748961414e-01
1.000000000000000000e+00
6.119783163196967912e-01
-7.196211983079436880e-02
9.847066595001869871e-01
8.304256514529462230e-01
-6.505839528199236499e-01
-7.733861660854896014e-01
7.046637177317780498e-01
-5.851445646505890608e-01
1.000000000000000000e+00
5.491045605934109508e-01
-4.788807811734505648e-01
4.936395933930752822e-01
7.387079300117990743e-02
2.590033588645649365e-01
-3.650878989286676646e-01
4.759510148220107428e-01
2.416618361223694111e-01
-2.479337286512886263e-01
-5.410562353860897122e-01
-1.645920533108984340e-01
3.586284541523210301e-03
-4.280303281684314509e-01
-6.853760693530350778e-01
2.606513176993261460e-01
-4.710272971656968011e-01
-8.702350467456346772e-01
-8.560172095256624036e-02
3.859188005719522696e-01
1.585748351251029531e-01
9.315987422372258298e-01
8.653853116528400502e-01
-4.826772953693578838e-01
-8.198333483765549712e-01
-3.139380727826495687e-01
4.514428820518556762e-01
-1.000000000000000000e+00
7.793274783088054436e-01
8.378717778549361617e-01
8.055284061383674032e-01
9.032486334600902111e-01
-2.801727729703726855e-01
8.500412233259031503e-01
1.086226930282601089e-01
4.577938723609718541e-01
-2.830522399068883255e-01
4.324293663607676752e-01
8.278594190153810706e-01
9.710789319142952847e-01
-6.185262959871082877e-01
3.187074729771899317e-02
6.815432203894979946e-01
-4.811408216943202087e-01
5.855916242994054777e-01
-1.891620298229713670e-01
8.014929911871169210e-01
-2.617532148447313523e-01
4.826300590354433151e-01
4.508100996542191430e-01
7.374352811851957457e-01
5.939910680169606660e-01
-1.053831867676586487e-01
-4.753856667649563050e-01
-8.750156201962680513e-02
-4.231233608694211501e-01
-7.442576110196559291e-01
7.076232345095166965e-01
-1.538766128468956329e-01
-4.508291069280581098e-01
-5.959740551006016407e-01
-4.489363225153500392e-01
-6.561736637946176121e-01
-5.700889242165816384e-01
-6.362279977328126890e-01
8.488502821641908946e-01
8.337617514146100639e-02
-6.777105031492349774e-01
3.900958689234869381e-02
3.009701474647742403e-01
-4.464113321877021257e-01
-2.951904379775935894e-01
-7.265017531412535368e-01
-8.484843696367369570e-02
1.890043727269385965e-01
-1.150001172164586416e-01
4.573563235060848498e-01
-1.359614465180181142e-01
4.618063627388080405e-02
5.512501886293057485e-01
3.913221960080521811e-01
-5.120235780791475566e-01
-2.886803208749977312e-01
-6.068907687037552456e-01
-2.601627466208851214e-01
6.351292278408464664e-01
-1.408059587393125089e-01
-9.461477122527595096e-02
6.354245454565693452e-01
-5.402286201608261784e-01
-8.521017326116265833e-01
