1.445530857320558304e-01
-1.035620245426535524e+00
7.404761304423934654e-01
2.013875256436318040e+00
-1.489471880406997295e+00
3.287448109932691320e-01
8.458732325746796121e-01
-8.574209423368270855e-01
8.718766315926950172e-01
-3.904298581439268556e+00
-4.357235726193174896e-01
3.477043629671306313e+00
1.306219943051463606e+00
-9.950982005258646179e-01
-8.427102799486678730e-01
-4.529423054248546410e-01
2.264917456890251035e+00
4.788255422993161758e-01
-7.658927948843416988e-01
2.618368414385257470e+00
-8.228590642588496928e-01
-1.195343442319164229e+00
-4.343776231584986824e+00
-6.302516854030026927e-01
-3.868904609641060865e+00
-2.320819652006449463e+00
-5.873785426045818880e-02
2.679771657083994674e-01
-1.639300962070481704e+00
-2.275937444615149463e+00
-3.252653786821323445e-01
3.256009684033897678e+00
2.040859907745583346e+00
-1.743406963227161155e+00
-1.058531598058011669e+00
1.526885420098333501e+00
8.103281386127036967e-01
1.839712824143021175e+00
1.716343976898657253e+00
-2.712226975355369607e+00
-5.790234314154907302e-01
-2.642551148331051536e+00
-8.290082316769997739e-01
-1.458637113966843035e+00
-2.159462956740155759e-01
-1.689375951324694647e+00
1.137485347801388658e+00
-1.718369208718408814e-01
1.106364395738472783e+00
-1.453653081452872309e+00
1.499995030663795470e-01
1.287924368964838973e+00
-2.021747405324584967e+00
2.229366277297741838e+00
2.238984850040734997e-01
1.085370631358983040e+00
-3.130728276813149691e+00
6.432991721690139997e-01
-9.854826233768518851e-01
-1.096422758044844681e+00
-1.161264864168896516e+00
-3.367712568144434204e-01
2.365461821956846844e+00
-8.202243135971463150e-01
-1.573564428542852944e-01
9.506286017094250917e-01
-2.164321990373706539e-01
-2.147741592795886501e+00
5.211484433449188325e-01
-1.077903321718171270e+00
6.894841299190064277e-01
3.048511057300114402e+00
-1.770034632468435287e+00
-1.499911665320061926e+00
-1.889927671469096682e+00
5.852324537110527025e-01
-6.596293071874899105e-01
-7.603502723752157966e-01
-1.152427607001666576e+00
-1.197032705669883512e+00
-2.780513341314591713e+00
-1.197582056111454962e+00
-4.431291023667339180e-01
-2.629331609384579771e+00
-1.442148848205756728e+00
1.308276025016086308e-02
-6.513307127626710713e-01
-2.565048599979123267e+00
-7.038123274956704645e-01
-9.731557936366150852e-01
-1.204978820994329514e+00
-4.888886051717889480e-01
-5.070926346329857282e+00
2.784824696845858760e+00
-1.014758959499212132e+00
-1.576800782556379898e+00
4.498918200938784029e-01
-1.517945031545033796e+00
-2.934473029578856806e+00
-2.160579538984749970e+00
4.146148633773285574e-01
-2.731114073780468443e-01
1.780937013352589027e+00
1.209211609417114364e+00
-7.088051484910439237e-01
-1.316847819821909127e+00
-3.312082574035106752e+00
3.967414485892144516e-01
-9.828117238323446081e-01
-1.605020912551990087e+00
1.027110266825708607e+00
1.088001914793972347e-01
-4.583409459891996995e+00
-2.848218926730267775e+00
-1.104366144805867922e+00
-2.176466579688604686e+00
-3.003505392425069864e+00
-1.256524676064570967e+00
7.618869193129134132e-01
1.573882914582158010e+00
-1.216831437406823424e-01
2.214417610869333419e+00
-1.152334163734864081e+00
9.613821837327732878e-01
-1.723306023036092594e+00
-2.173302111239080237e+00
-6.566980625596807730e-01
-2.200138750214106209e-02
3.024949038996005868e+00
-3.379450627322196254e+00
2.867820222009621889e-02
-1.773559737884137011e+00
2.006746195596952553e+00
1.940842848094380901e+00
-1.069746427895579277e-01
1.107853441364805569e+00
9.251306562573367032e-01
1.455579862001525893e+00
-4.426246228960983853e-01
-6.717127896069459148e-01
1.890503555353030496e+00
2.999451519698139279e+00
1.154959358843578032e-01
4.565904199167418187e-01
1.335868689352764704e+00
1.602608916762552127e+00
2.638832221363412778e+00
-2.149006042911325576e+00
4.312287376321540799e-01
1.070615519471007193e+00
-4.486162145697591974e-01
-7.628842291876362092e-01
5.777953174287500104e-01
-2.111871637782622990e+00
2.882699479676276155e-01
-1.209495550492245997e+00
1.401379958057382691e-01
1.048054758839563450e+00
-1.446274565895833142e-01
1.070538911351425204e+00
-2.966239509567242250e-01
1.142063955448963330e+00
1.044166032813998335e+00
3.724340615685327371e+00
1.360324236163212297e-01
-2.220955904842599971e+00
-7.138845033135181595e-01
-1.497309149991593147e+00
1.762947953953275526e+00
-1.241395080403404627e+00
2.694102395016846896e-01
-4.981108103540097254e+00
1.492618074202332279e+00
9.452012581137371194e-01
-5.046971438046976566e-02
-2.268215509031829669e+00
-6.463459801094533219e-01
-2.682878999876523451e+00
-2.874264150111961680e+00
5.836714509123597239e-02
-1.612925349739397607e+00
-2.811381685040633904e+00
5.710272344632260078e-01
5.152890969150731859e-01
3.348385602901292835e+00
-1.339933612499350835e+00
-1.606955819197593449e+00
9.346360802335589302e-01
-9.196556708676868475e-01
8.782268280677476557e-01
2.721236261417343094e+00
1.114900808618290773e+00
1.867412605351844501e+00
9.494393957703484155e-01
3.210831027082335254e+00
-1.796755636691416136e-01
3.525420134605720346e+00
-9.552678673866046855e-02
9.131532190026705464e-01
1.248434991919475934e+00
1.616641333265632197e+00
2.027502087415720577e+00
7.461315833018200561e-01
-6.311335991530938827e+00
-1.067526760692094401e+00
-3.973188903108377801e+00
2.414688856562744679e+00
4.779379358507511721e-01
6.381924776247120956e-01
-7.125469203676861873e-01
-1.108468915240286901e+00
5.616692611454244810e-01
1.518370994247441264e+00
-8.571936154782744399e-01
2.186186707792459494e+00
-2.549821710009625431e+00
-2.590506336666065668e+00
1.008101819712693636e+00
2.647650695679502952e+00
1.280911609135793494e+00
-2.366173156926345111e+00
1.400765461753966434e+00
2.630725784611634310e+00
8.139411069481544692e-01
-1.168252528863477524e+00
-1.328655174601455879e+00
-1.187525473136288312e-01
4.147584539488911037e-01
-3.552901089564417081e+00
-1.595618254966383043e-01
-1.091628166239077213e+00
-4.525174623465563428e+00
3.676379643246469042e-01
7.434373474894004907e-01
1.799451243280572044e+00
-8.174553534533937071e-01
1.768399313058738320e+00
4.666920387076926247e+00
-1.321295040782639596e+00
-2.597599505843183110e+00
4.916542790777392646e+00
3.545268479793030059e-01
5.962372193633820316e-01
3.542372556502395575e-01
-8.144840965569124513e-01
2.298594245714097095e+00
-6.051456843326977753e-01
-3.638653817828838566e-01
5.714260285551023832e-01
-1.415980767953486152e+00
4.807122172425898343e-01
2.549382657829183385e-01
-9.428195237986127797e-01
-3.951995991792365270e-01
4.938842326784601555e-01
-6.297150218936117483e+00
3.763057926233242867e+00
-3.027522072308494461e-02
1.275500757485603653e-02
2.189712544284088680e-01
-9.059114608954847991e-01
-1.790592160921223197e+00
1.877918549776027790e+00
-6.871750306343438197e-01
5.255635720067229899e-01
