7.301422768622704007e-01
-8.739508030899245661e-01
9.036245777083430630e-02
4.413016406143421277e-01
-6.684095461670018501e-02
9.676919622118043129e-01
-2.246516462440825423e-01
1.000000000000000000e+00
8.041907277518927089e-01
-6.970126568422285729e-02
1.000000000000000000e+00
3.321735551164488598e-01
7.496706103100876373e-01
-7.190790089614340630e-01
5.294243365548374491e-01
1.473484211573369285e-01
-5.486557585437965567e-01
1.719503767072911027e-01
8.249543568529026372e-01
-6.980829973691851098e-01
-4.805073112053880047e-02
8.148142719507059928e-01
-5.385374710107410090e-01
-8.390019413400588988e-01
-3.469410774474581682e-01
-6.530796144687621707e-01
-5.485209218881575977e-01
2.798708584248998932e-02
4.644806606036139263e-01
-8.651070807838602272e-01
5.712069981610431446e-01
-2.431013393256868105e-01
3.275465056242061745e-01
-6.337948213140007780e-01
4.483043430019886810e-01
-4.396381512644741141e-02
2.627692524588667311e-01
-2.015834834719872903e-01
-8.846557738770818857e-02
-2.393683322955329484e-01
-2.189135364814260021e-01
-1.000000000000000000e+00
-1.285007469434651661e-01
2.785660509934375639e-01
6.787059644871360486e-01
-2.319738575855262164e-01
-9.446170573417271843e-01
9.453662132121576356e-01
4.800240589185720275e-01
2.398682611823249877e-01
6.187279522848652125e-01
3.123320173239187980e-01
-3.099364074724701990e-01
1.187007683107017542e-01
1.738637092010842933e-01
2.786435448542186055e-01
-7.976745536775631251e-01
-8.075335411601510804e-01
-7.352669461756446978e-01
3.698448741058033007e-02
-8.225466013411354416e-01
5.930497854861145335e-01
8.200176893109103471e-01
-5.144605096018342039e-01
1.757042614518420365e-01
8.338272519366310975e-01
1.000000000000000000e+00
-7.895387266834431872e-02
-9.167576514166196899e-01
7.541311444734245528e-01
5.600878733125256442e-02
9.410967270428702847e-01
4.186541300383040953e-01
1.813862454717376504e-01
-7.718344647302652906e-01
1.828537340236760511e-01
-6.857048396726637962e-02
-8.564155557643267080e-01
8.756947438327282729e-01
3.341908793065364591e-01
6.424762785163041778e-01
-5.421948294599617801e-01
-9.660834551480287358e-01
-6.366871700678050638e-01
1.000000000000000000e+00
5.459251310743803987e-02
-5.777429680563364034e-01
-7.809305436431521752e-01
2.729395105181098291e-01
-6.268947481434199442e-01
-6.119122109802663800e-01
6.857646867648554689e-01
-8.410131541900850438e-01
-9.283863401557068684e-02
8.142433676675547849e-01
-6.709906227453155125e-01
2.022811829464567779e-01
-5.224314789378852186e-01
-2.786603552364969039e-01
6.354646126696034125e-01
1.970886240429203795e-02
-2.710280156509089489e-01
7.082734200238357536e-01
-2.884837312298106915e-01
3.339711330231041053e-01
4.943862881914519725e-01
-9.892423488961715750e-03
-2.738351550812856416e-01
-2.171007871805619160e-01
1.710480563995865899e-01
-8.637154037001009144e-01
7.512076810383019332e-01
4.035842631132015579e-01
-1.663329299450336807e-01
7.946413915914094517e-01
-2.769424577230210627e-01
2.300807700517569221e-01
-1.758938136828295806e-01
4.167051249606599228e-01
5.936785792669052597e-01
-8.578371208550787941e-01
-5.643289627981576961e-01
-5.252954756587542295e-01
-5.067822815259215297e-02
6.090672079638841385e-01
3.461321811419827976e-01
8.270167623123727552e-01
-8.702791840260545309e-01
1.288662554117055437e-01
1.368566016649950257e-01
2.878972602730442976e-01
4.383519205046160216e-01
-4.853432788454878910e-01
-9.340221731862039523e-01
-3.930115641318043807e-01
9.543725754578259446e-01
-7.681128033540638445e-01
-5.216439029411061856e-01
8.061824721245900438e-01
1.731682987690624231e-01
7.127534258390745281e-01
4.703378879831554560e-01
-6.370272248138109106e-01
-2.754855855140173060e-01
6.567910086719984664e-01
-6.461953105084232707e-01
-1.293584182692735229e-01
5.138955399748255104e-01
1.112992652054438925e-01
-5.729251589980199899e-01
7.839873491845761322e-01
-9.507113538979887757e-01
7.821627205817107686e-01
7.846446895084696616e-01
-3.842894414743130982e-01
4.602066463611318992e-01
-4.363052025817643759e-02
3.932838365197532937e-02
-8.000501185447950192e-02
-2.528366629560130363e-02
-7.399089357377968135e-01
-5.485057265781724256e-01
-8.936076414442938320e-01
5.575968477354132924e-01
-8.893972873261462020e-01
8.344933885040347610e-01
5.382590879954227692e-01
3.856978653160676451e-01
1.104827017352402463e-01
-6.351824633321320190e-01
4.251811765125466935e-02
3.888693520567654272e-01
-9.685402214418215028e-01
5.981543701700104965e-01
5.092711606306516980e-01
1.406235032341482949e-01
4.308140759647365314e-01
-9.652481855077678086e-01
9.941717211638386731e-01
-3.152510635328762967e-01
-5.034712670374534849e-01
-2.690394762173040077e-01
5.800450309379298064e-01
-7.497837009236657524e-01
8.298021583018049263e-01
2.900674457447043331e-01
6.763946770041084910e-01
-2.749061078505238287e-01
5.739043162026450373e-01
-8.749652643399893348e-01
-5.514874775081475278e-01
6.803384629914510651e-01
-1.373940752490168393e-01
-3.227868852978890146e-01
3.753608440640205934e-01
-5.965452162298736649e-01
7.561311922043311151e-01
1.927253680871478803e-01
8.517188107480686554e-01
-1.466872033049531066e-01
8.276159348234607416e-01
-4.567252909701241537e-01
-6.035529644318022857e-01
-4.363174549110936384e-01
1.593614288387699696e-01
3.263843227508398392e-01
-7.798582449034635600e-02
6.508675939464361182e-01
9.098419286616572510e-01
-4.048568920940006088e-01
-5.674672930666068149e-01
6.279053022053867616e-01
-4.737172394405049225e-01
4.011904205357071929e-01
-4.574325319961747294e-01
-1.393156711488419408e-01
-8.516461248477679158e-01
1.000000000000000000e+00
-8.421247867482074545e-01
2.741618636614284177e-01
-2.305836429697563084e-01
-3.742458559186456202e-01
5.337829177041631956e-01
-8.455586124063718678e-01
1.813573415101051578e-01
2.486205033789937457e-01
-6.718124099391361570e-01
1.174321226279985142e-01
-9.338257931721680727e-01
-5.678393060000755943e-01
-5.164721367326485790e-03
8.104740905957033004e-01
4.795856016249665510e-01
7.702606429161211743e-01
8.444056232881256285e-01
1.459559475385834026e-03
-4.410323603326501418e-01
-9.317910561506770328e-01
6.888790090615782846e-01
-1.053694070033562302e-01
4.444527331573870921e-01
-1.191301220644357534e-01
2.307935683150110773e-01
7.091080685931299143e-01
-4.724405163959957132e-01
2.400116433308174257e-01
-6.847281159880432844e-01
-1.000000000000000000e+00
6.798375767505595579e-01
-3.015264516013229645e-01
-2.313495636149763002e-01
-3.510583942619640574e-01
3.953163377233123166e-01
-5.686309314500501699e-01
7.328502525981560600e-01
-1.187821515975917702e-01
-7.662141639892260103e-02
7.148662264671985511e-01
-2.045957686374861861e-01
7.117428430285671626e-01
5.066857309415727650e-01
-3.034133729127007628e-01
5.529647655256704208e-01
7.467791479970590229e-01
-5.845372384687635980e-01
