-9.711128907813881828e-01
5.135352663956802566e-01
3.680950116860348675e-01
7.102173435236847077e-01
-9.913422465681058782e-01
-1.019836627920630123e+00
2.324969291273286665e-01
-2.722365293971437117e-01
9.069943819847947619e-01
-3.556701576021664146e-01
-3.543921726176799680e-01
-1.076730970155292955e-01
7.942225080389112568e-01
4.488239856004365702e-01
-2.076212898372319093e-02
-1.552891034691373240e-01
-3.311856140257138925e-01
-9.746223263617682653e-01
-2.713579163277709538e-01
-2.896339524011848354e-01
-3.155125589321829405e-01
-3.142918506176473059e-01
3.077406047425361724e-01
3.400390855484641817e-01
-4.728643482127778963e-01
-2.902554681958149918e-01
3.330937538469643799e-01
7.252630602541442206e-01
-3.078744063910692219e-01
6.517980591250626121e-01
8.197525606966290512e-01
5.415601391404140097e-01
-8.218908628358909674e-01
-1.078294112625260981e-01
9.404881594042321380e-01
1.631238363539085356e-01
-5.981278169951299573e-01
1.589196536578662555e-01
1.002525068615354176e-01
7.444078055070542099e-01
-4.139707544446714071e-01
-5.279908725419819593e-01
-1.236940488001727623e-01
9.196038780379608424e-01
7.608778750392914958e-01
8.310826815736436224e-01
9.350201839777420032e-01
-1.636368870872415837e-01
-2.064062108568844867e-01
1.175166005071072717e-01
-8.886442877239346672e-01
-5.978787908578442334e-01
-3.872478758339748528e-01
4.933490984076235875e-01
-9.983242138677843602e-01
5.049561767305541515e-01
-6.496333221305318206e-01
-5.354987456894910736e-02
3.005104570342848058e-02
1.206261541955964967e-01
-1.068781139532673841e+00
5.703235089041993611e-01
8.406387608972034631e-01
-8.248187984102408610e-01
-8.330783477799238446e-01
-7.985178197932581989e-01
1.788568328626516934e-01
4.692593298527085732e-01
-5.193769701553065943e-01
7.817602165971013206e-02
2.002566266575240839e-01
1.992045791905685259e-01
-7.128454710072009703e-01
-2.724925725848841296e-01
4.492649940806432013e-02
2.666809383933575056e-02
1.014769391587053926e+00
3.224583609415979657e-01
3.803096330446003037e-01
-1.464907556116470388e-01
9.299536856333656676e-01
-4.330618624182458465e-01
-4.252882477501310210e-02
5.387386681513977038e-01
6.642203110253162013e-01
3.390501248221122754e-01
8.447316337211880910e-01
6.159524347960305679e-01
-6.150461869817197558e-01
-8.142935399047583900e-01
-2.201982451096552440e-01
7.775533143429086413e-01
5.848167451045241383e-02
7.843976673638120012e-01
-2.260090136400728089e-01
4.971886022064150867e-01
2.908057186729157695e-01
7.940368548478127231e-01
3.867461444581704599e-01
-7.143017474194738314e-01
-5.399355405563981414e-01
1.820855489179422637e-01
5.396922578351698307e-01
-4.846006309436206583e-01
6.387449150759962890e-01
-8.640674308333409215e-01
2.536432106338444292e-01
2.685677012958944121e-01
-4.029242144755784127e-01
-2.289618870156592823e-02
-5.712864530091634752e-01
-9.937823232675020435e-01
9.086728203398408699e-02
2.972201542621917270e-01
-7.221830628697949450e-01
-5.810631183878938177e-01
1.633966060986844215e-01
-9.861161798934008349e-01
4.578940211606611910e-01
-5.509429696509197116e-01
1.079865480414734513e-01
-4.467227733753824093e-01
-5.917788242501800244e-01
-6.746104643266263023e-01
-9.323052958193309703e-01
7.820908820381796689e-01
-8.171062295614823778e-01
-6.692408247655737830e-01
4.155082589790491943e-01
-9.946104773783527309e-01
-2.401938068854684583e-01
8.231318773249493015e-01
8.162397261469948040e-01
8.870635345761542778e-01
-4.712311495596719357e-01
3.999537899478615710e-01
-2.383126005808261505e-01
-4.618228756703871563e-01
2.289049232112507770e-01
7.512618723110284780e-01
9.882095706882700892e-01
1.394530139360899312e+00
3.900004147404204646e-01
-4.934836120435972528e-01
2.693748901871988455e-01
9.738562866239225402e-01
-9.312142287699984866e-01
-4.637920387171935999e-01
2.193425987443636815e-01
-9.509739910151215891e-01
-8.897715176451921337e-01
-1.006851901872487076e+00
4.451882809241090172e-02
-3.046508917648194092e-01
-8.989451229488549799e-01
5.660234906923810039e-01
1.042558251320272467e-01
-2.892551351598529052e-01
-6.113504401049157932e-01
4.776469265400121733e-01
8.341457757303980536e-01
-3.853606709094798410e-01
-1.834290617608453910e-01
-9.270136396779070642e-01
-1.170945552931220268e+00
-2.893577797981781718e-01
-7.536458641688068005e-02
7.816780106028673458e-01
1.837680994599934919e-02
-7.560124040904601106e-01
4.116023415937928309e-01
-4.971866924643435492e-01
2.350568452444787848e-01
4.888102320875956086e-01
-4.712646627067674232e-01
-2.385145198967623670e-01
1.485589436437535493e-01
3.124289410545830759e-01
7.820221373163993572e-01
2.081150874674528861e-01
1.002068711087632291e+00
6.755326382159173582e-01
6.275988012706854580e-01
1.067091804770718966e-01
2.951853140326451963e-01
-3.563187249371136400e-01
3.316440814262620052e-01
-8.343989991039231224e-01
1.142097405018183576e+00
-5.295994270571002804e-01
3.857095875137894758e-02
-9.269037339236779749e-01
-1.959042359298605596e-01
-3.877137139544286071e-01
-1.919920223102643819e-01
7.973803839847162095e-03
4.710817303354219998e-01
-7.398553560593197354e-01
-9.204399345735446436e-02
-2.310300820110519349e-01
-7.579192120005653344e-01
3.060260017172126701e-01
-8.594245541484946127e-01
9.324046358301174564e-01
-1.773370619290329242e-02
8.891869539329334549e-01
6.430231786755600254e-01
-5.120211800948506475e-01
2.470970098533550041e-01
8.609644774297224856e-01
-1.038874120943897861e-01
8.257610697691214474e-01
-7.178586294343967111e-01
2.277278597131372762e-01
9.959002942896779675e-01
1.684416114795079245e-01
-1.683274128617573695e-01
-7.786454524453674253e-01
1.709932342457143872e-01
-3.179093288233778569e-01
-1.063076804776765805e-01
-9.761172563723541362e-01
2.600861724243046513e-01
3.776738696620653979e-01
-1.950369795193578337e-01
-5.680222580870253335e-01
3.385037289454909670e-01
7.119495525586440055e-01
-5.591548454735473239e-01
-7.417817036906204642e-02
-4.279694382090850624e-01
5.054303104471098429e-01
-9.258351737896677314e-01
-4.633645089379254678e-01
3.767466527555654032e-01
-4.256079088164789470e-02
-9.614639965791178522e-01
-2.064371535660928791e-01
1.012880360265755231e+00
5.258967493807571447e-01
7.287778692137223402e-01
6.378152015789193552e-01
-2.137132313271667972e-01
9.792969611035524657e-01
-1.842910383041641009e-01
-1.023999973880785619e-01
-3.369336975305554649e-01
4.547154210962576215e-01
-3.637554884559702217e-01
-6.890827025551710117e-02
-5.030699553584861983e-01
-5.208003217209193902e-01
4.537341942620923274e-01
-7.394557396695715656e-01
6.006534500236467844e-01
-9.404271220142388366e-01
2.881790014139654077e-01
8.087352668497368446e-01
5.727003539583069847e-01
-5.041359314775615275e-01
1.090263976993122386e+00
1.190489612136764047e-01
2.044891712862287048e-01
-5.538567538066426765e-01
1.598769897826917141e-01
