-8.560846315520925787e-01
-7.322841223060109206e-01
-1.386745451111590643e-01
-5.171938313195142412e-01
-5.335521202005922836e-01
4.890772425394323553e-01
4.828802723405305475e-01
-1.548739402622392181e-01
7.384799417152310141e-01
-1.374519688752894875e-01
6.108563383083014386e-01
1.776954412166591446e-01
-6.753954544844438246e-01
6.348504676258734936e-01
9.761661938033310282e-01
1.915224642689309364e-01
-6.472562757997248895e-01
9.181760696608619599e-01
-3.014374186250972087e-01
8.828728368625089473e-01
-8.848919578293081845e-01
-5.651713787418498613e-01
5.399208292932999864e-01
-9.975034587757909410e-01
4.863294705794934947e-01
9.921549327554846087e-01
-2.884253403064440113e-01
1.580270349153390930e-01
-9.535620202701443338e-02
1.696689634754811743e-02
-2.579642926082180432e-02
8.434517090770999870e-01
3.951835093376370178e-01
-2.502235923093666381e-01
-1.609006104163551720e-01
2.885489722342637897e-01
-9.508958830378032578e-01
-3.375576173532336965e-01
4.157779034566638221e-01
-2.206595438021629885e-01
2.839972319060382056e-01
-7.263005365844457106e-01
7.718788317659650566e-01
-8.460681426877748879e-02
3.662707165979585122e-01
-8.696202210071248828e-01
-6.504949610419507033e-01
-2.012062509974429370e-01
7.252542481665191776e-01
-2.695338323031384875e-01
-8.494737393547424631e-02
1.000000000000000000e+00
1.777411727517338724e-01
-3.480802159766917536e-01
2.152234032111781659e-01
1.925190681061762082e-02
-6.815920319719201981e-01
1.521472903464036672e-02
-2.490792619636352789e-01
3.037842753695378928e-01
2.116332999328731368e-01
-7.002285350919129625e-01
-3.905429366587540585e-01
-2.565855763491969310e-01
-7.443009411769302419e-01
-5.001007991460778568e-01
5.718310492167993919e-01
-8.303438980448142326e-01
-3.545124998547212192e-01
3.274109138590495238e-01
4.446857479571641458e-01
9.169029639747257043e-01
7.382842991318796511e-01
-2.636036107628885183e-01
-4.172676163095412338e-01
-3.191005425394500272e-01
1.000000000000000000e+00
3.914655744623243283e-01
-8.694266069761900084e-01
8.697912140072648901e-01
-7.278731622904202059e-01
6.824052328085252750e-01
-3.398685919192851457e-01
4.597545211603748516e-01
9.791611069795623790e-01
1.748940577165605803e-01
7.730483541547990001e-01
9.813197179816850191e-02
-4.803874422694195956e-01
5.381826189579500541e-01
-9.142545763017065341e-02
-3.177015383847937580e-01
-4.190978517182256669e-01
5.608616309021801083e-01
-9.026058338380701374e-01
-8.806580532755481361e-01
8.300023873654518436e-01
1.885600302923001181e-01
-4.262345147123224320e-01
-9.454538556518440329e-01
-2.228197047964753097e-01
-5.466983039318132898e-01
-3.876282426679936166e-01
-5.004498646737232104e-01
-2.077944904988259511e-01
9.448106682615551311e-01
-6.251635426141861629e-01
8.309140243746357957e-01
6.590889469181793192e-01
-3.690161725277859017e-01
-4.120049169865134808e-01
-8.267025217080381516e-02
2.128797326759583608e-02
6.928929085101520613e-02
-6.409104500191408205e-01
-3.045652395835170279e-02
6.263203332146183300e-01
5.561654778866480520e-01
-9.984472615479544899e-01
7.373275343022182016e-01
1.808237123844155525e-01
-2.090037335790194128e-01
-4.483925716406375050e-01
-1.854544521305221405e-01
6.533306356718370234e-01
-9.364540600539357496e-02
8.259285790759147705e-01
-4.488904915610516522e-01
-5.031246193165150871e-01
9.286341368158739229e-01
4.283921727904256849e-01
-9.961786527298202021e-01
9.129057257238286649e-01
-4.707618973005076035e-01
4.457040877898818532e-02
2.596668771155967725e-01
7.553484568468611382e-01
-4.570405763349669193e-01
-7.692003600926059503e-01
-1.327218145944288330e-01
2.925861596998392544e-01
6.898534513951095626e-01
-7.442327963007855374e-01
-6.683218849649740223e-01
-4.208958285689565204e-01
-5.302450637838601599e-01
-9.809561492431910779e-01
-3.144405402835415697e-01
-5.168150463768306224e-01
9.627389063939055802e-01
-3.454123657306173989e-02
-1.808438793534705713e-01
-6.219304952047037816e-01
3.941277868690798436e-01
-1.061641193434944598e-02
-1.651531211737293781e-01
-2.156383116121228793e-01
-2.772081260751149134e-01
7.740716403580573113e-01
-3.509369946526745832e-01
6.013220849732865414e-01
-8.276915939464790650e-01
8.966625016510265667e-02
-6.423385863617001590e-01
8.548401888313174046e-01
-9.095418431613728760e-01
-9.129811807900054532e-01
-9.498106594308335371e-01
-1.887743042756913070e-01
-1.897801529438981061e-01
-8.281930493341735922e-01
-2.160532370052956619e-01
-6.111523944606327419e-01
9.304431571393000366e-01
-1.369466027314414636e-01
-5.569101531035752783e-01
-8.132563165317421294e-01
9.365474188147396850e-01
-8.849769150383551830e-01
-2.965298632230987108e-01
3.887446492537064424e-01
2.935552661013693387e-01
3.039903010505000669e-01
6.354362434727170994e-01
-6.723233785376138139e-01
-6.900498467684980097e-01
-1.000000000000000000e+00
9.083376641725808831e-01
-4.240619042867496136e-01
1.683283148974448057e-02
-4.862119371852724470e-02
6.821194594099220243e-01
9.337994592230882684e-01
-1.294142077143117797e-02
1.213027729374372421e-01
1.480092932087483937e-01
7.528054733303934931e-01
-5.960882652497471179e-01
-6.929325396395542569e-01
-2.546364146558802721e-01
-3.403795330043578593e-01
-3.693736744936955141e-01
3.189850784963674246e-01
1.084005760908202942e-01
-8.647733891337697765e-01
-1.020890057149863167e-01
5.688864156605890621e-01
9.340364262593121580e-01
2.673450868566518146e-02
2.040440971387602609e-02
3.848431273122614460e-01
-2.942646903563576055e-01
-2.208629910699949628e-02
3.127187711690320726e-01
7.647542457333349475e-01
-7.626625638309018074e-01
-7.229608185730821424e-01
-9.541458970892453539e-01
-4.483798241844201837e-01
3.422117376849480586e-01
1.038839853722281353e-01
2.752052043929845704e-01
2.216424449945199049e-01
-1.000000000000000000e+00
7.157702301021758862e-01
-8.602385626400207430e-01
8.128404276577574361e-01
2.888586082536317989e-01
-7.547267802081299992e-01
-7.230751022421832985e-01
-5.108320616834760575e-01
-1.181249509659584584e-01
8.818088337570173518e-02
1.180674647555818857e-01
-9.370758458186010387e-01
6.154473952548593640e-01
-4.071583602714492489e-01
2.722272268702914388e-01
8.044278011341106094e-01
6.834943878828612096e-01
-3.032992820884854446e-01
-1.843310939691960859e-01
-4.154859031537441183e-01
6.500070581423379457e-01
-6.690942512450590574e-01
-8.934641658818791576e-01
2.616869161403002630e-01
9.596056494028537553e-01
-9.112815486247707319e-01
-7.047394086588882889e-01
7.950811812175913040e-01
3.241576792801942331e-01
5.866813119034765267e-02
7.593997737776664314e-01
-3.908268774567644765e-01
9.146270745578344297e-01
-4.220564119608734566e-01
-7.460729818588953677e-01
5.612427266647199708e-01
-8.289109849453025758e-01
-4.419277114537605855e-01
-3.811399599270224869e-01
-3.681504729188923575e-01
7.547981517165573973e-01
-2.151874668085912712e-01
