-3.001465479030144823e-01
-8.499537124799633192e-01
7.209652099287301441e-01
-5.687430240339634846e-01
9.708651549823718030e-01
-5.668557941558138857e-01
-3.537765971637001905e-01
2.509715973026979685e-01
-9.693595115183739619e-01
2.057752854431693368e-01
9.415230029381385646e-02
-9.511792060388366554e-01
2.567295574872726083e-01
-6.989027966979696749e-02
2.781064329223667531e-01
1.692336903766821776e-01
-6.927603761552328931e-01
-8.723036903617527038e-01
4.933707849197147000e-02
1.899130136317775663e-01
-9.033700645918993910e-01
8.559704775864620530e-01
7.528826828765292634e-01
5.977558276578696095e-01
-5.009038472317443036e-01
5.896021464914492638e-01
2.717633474897617196e-01
-4.997910674526838126e-01
-9.043747187343804672e-01
8.313742332747561248e-01
7.856548730736671038e-01
-5.254922856074706328e-01
7.042736082690456700e-02
-9.770083771920582416e-01
-9.743708324790013586e-01
-9.237228967060782947e-02
5.155659675845641887e-01
7.633117199078944815e-01
-8.609387550833466074e-01
-1.633807011770307405e-01
7.163636990210733302e-01
-9.870784940671817331e-01
5.761325834157289272e-01
-9.672629443300658769e-01
-2.246762178297451867e-02
6.347895946680043311e-01
2.375418490691069001e-02
-4.327137553902783984e-01
-2.036538176723851346e-01
7.465722365062233967e-01
-4.626831489651194729e-01
-9.777759137640580356e-01
-6.919086109943620722e-01
5.612489123078967523e-01
-5.967361643919455449e-01
-1.673343831394439596e-01
1.545320527633677887e-01
-5.359731080978523687e-01
-6.204738532034759224e-01
-7.723723221282946527e-01
-3.431765791881413730e-01
7.448318131364045636e-01
-2.543279208720531925e-01
-7.263859503882986735e-01
2.326791091994909189e-01
6.270052942361569182e-01
8.470300861907282819e-01
5.853285826805290082e-01
9.405707784986699904e-02
8.996101102211204736e-01
-4.228158509073504656e-01
-8.692967209728845734e-01
-2.239031853785856674e-01
-8.567912054857488302e-01
5.455618835274460288e-02
9.997357081021959191e-01
-4.332067088112095954e-01
6.915216391778348237e-01
-7.263483813370273934e-01
-3.685146993688335204e-01
6.995120166801735984e-01
-5.623645239925022521e-01
-3.125975892596051797e-01
5.079145460591925065e-01
6.727123038953838341e-01
-7.985103613492745556e-01
8.353894133349031303e-01
3.643429030599195095e-01
5.831269976765327545e-01
7.395552032045147328e-01
-7.357500580369925602e-01
-9.059637207447562846e-01
-1.170521851371319338e-02
3.895222676410922680e-01
-2.979801196666003182e-01
9.707920274755412748e-01
-5.165818063421908635e-01
7.654444354721712251e-01
9.784523449933651973e-02
-4.816637778343541010e-01
-8.752320652056835848e-02
-9.337504386742901952e-01
-6.270302012718899087e-01
7.058188392917081888e-01
5.945183610106775651e-01
8.791363884802306794e-01
-6.541906521617543713e-02
-6.573723553282138088e-01
-6.725183942748512722e-01
9.207666306352398911e-01
-2.226064274394185527e-01
-2.720000483666346752e-02
-9.596945628516712068e-01
-1.128017263925620017e-01
-4.416441933767200623e-01
9.432668280337981326e-01
-8.364122860628726563e-01
-7.722986821078136055e-01
3.766425594186689207e-01
8.580256090117825973e-01
-1.000000000000000000e+00
9.683560458648640124e-01
-8.690499034781703491e-01
-2.247881590866475099e-01
-2.545094926177095540e-01
3.101501576760782308e-01
-3.702667358417641164e-01
7.286793887925724356e-01
-1.211796123283250398e-01
8.588638051649353233e-01
1.987477249513830702e-01
3.338402284062010894e-01
-9.038185741914382954e-01
1.765112449785896098e-01
-4.620331431309406267e-01
-9.597238513719171804e-01
2.399757355665136649e-01
3.179562575932241009e-01
-7.934705663269542297e-02
4.167282542656529642e-01
7.764069140899038102e-01
5.844589329492939633e-01
-2.064835318531590691e-01
-8.004556132413988973e-03
-5.398240558045821480e-01
8.590956499131973123e-01
5.800547846609539482e-01
-3.243059526431025796e-01
-3.309494188131342218e-01
-2.890882788042264395e-01
-8.039386859013895048e-01
-8.047752059038378036e-02
6.558657057737668494e-02
3.122733068781215482e-01
4.918257836727851218e-01
-3.059479173298201848e-01
-7.969234909401441413e-01
-7.751377245370769664e-01
3.769342871937805262e-01
-1.290398188385339096e-01
3.018097937267155140e-01
-9.905999046161266808e-01
8.703852254978530212e-01
3.075587936798313549e-01
5.070705411548349639e-01
-4.120051967349316890e-01
4.437764418043652626e-01
-8.023266140341279995e-02
-3.045458410073170752e-01
-5.574984960070748091e-02
2.022017607414939855e-01
-8.484708741487269335e-02
-4.058115546600438717e-01
-4.708122568943509667e-01
2.659770057772478657e-01
3.643139842072321000e-01
9.881510694948149320e-02
-2.544758820077371864e-01
1.831000234116196557e-01
-2.820517254134484800e-02
-5.182048663285167001e-01
8.214586394973859562e-01
-9.251307846231496823e-01
6.525841246468464529e-01
-8.469225730393155072e-01
8.361309460106193248e-01
-8.402761877001314605e-01
2.608407046485903269e-01
-4.809612743359247267e-01
-6.932014124921559439e-01
-4.180578641577102350e-01
-6.003896721682394633e-01
6.670373079820651752e-01
9.598969768138093661e-01
3.896002389639823260e-01
-9.822660874000705977e-01
7.410239539087870586e-02
9.663410567836996368e-01
-9.447239190395489983e-01
3.295853286972236229e-01
-5.352564853110340914e-01
9.583917980736345044e-01
7.832154853450419285e-01
-6.147847984731957816e-01
2.392036606521532882e-01
3.518515398858322596e-02
-4.426667554560035911e-01
1.000000000000000000e+00
8.122921870464577809e-01
-3.967830339156422359e-01
9.293208243139969293e-02
7.527998790355333592e-01
6.973318488256544656e-01
6.854547461044644407e-01
-9.902379597869496175e-01
7.430641450609634657e-02
-5.722534760412907318e-01
7.832687424611713134e-02
3.960270006777345808e-02
-6.308162450663219734e-02
-5.482358799545713479e-01
2.433477246089253698e-01
-8.166491498159558216e-01
-9.541872716326420534e-01
7.204452457376134822e-01
-2.407754520344512483e-01
-2.978652656603240634e-01
7.035214920699458530e-01
-8.123692945581133529e-01
-4.639841218667562495e-01
-9.417632393727110030e-01
2.336183589659605042e-01
-1.000000000000000000e+00
1.049951069290749744e-01
5.810147631311983751e-01
4.180116960337388887e-01
-5.545590834215969878e-01
-6.840780761723085357e-01
6.940883068849025284e-01
8.954930866919426080e-01
7.298888661557029200e-01
1.262996149832121828e-01
7.064371216268067188e-01
8.094992523357109615e-01
9.262864409440031421e-01
-8.409004938509105909e-01
-6.982556594068787259e-01
1.447315941607310585e-01
-6.776001938111654299e-01
-9.382150638966760825e-01
-2.219206463235098292e-01
-6.257892927300524599e-01
-9.962390022039800952e-01
-1.754847016317057917e-01
7.671883282935710868e-01
2.445849158924030819e-01
7.150207297821997710e-02
-3.671614540933863524e-01
-5.873630926528299323e-01
-7.916035965130047147e-01
-9.395608137540822913e-02
8.898238512118222809e-01
1.691581047562155105e-01
5.805912784318576492e-01
6.913474642452377417e-01
