-9.060914566209412602e-01
-8.980814139392085949e-01
-3.341608134499414184e-01
4.115577231063099473e-01
1.770561547774823774e-01
-7.392952595172445074e-01
-9.891474179514467835e-01
4.863365904869095813e-01
6.993164114939087392e-03
-5.653414731541001048e-01
-5.196480352353144427e-01
-6.949256700318454660e-01
3.450624179527402718e-05
7.683269824467037212e-01
-9.831479289036019198e-01
-3.270285806768155057e-01
-2.869921759749444190e-01
1.000000000000000000e+00
9.830874438915168101e-01
-6.306227806574082884e-01
-9.312232215371122335e-01
1.636830246971827385e-01
-9.909198319850672787e-01
8.818849103539539991e-01
2.375122702594472113e-01
-9.998232566028459889e-01
-1.611316173939580931e-01
7.647064455235008662e-01
9.404537657873404122e-01
6.988009295017030276e-01
-2.829526497935878626e-01
-9.288093385302504945e-01
-2.519406895233751720e-01
3.054279886135526437e-02
1.610082455550154723e-01
5.316716768719320640e-01
2.204256406606917296e-01
9.816819471531782471e-01
-9.706238164370262211e-01
-9.841600361574101008e-01
8.742576162435622411e-01
-5.999235980036045079e-01
3.310733596146039903e-01
-3.712118300430954365e-01
-5.299062997652875806e-01
7.398872806509150246e-01
-9.823624807090091116e-01
2.706328412795607763e-01
6.596374686827666256e-01
-8.088024313593585035e-02
9.870776963063050691e-02
1.735407018021655479e-01
-4.550698167983498466e-01
-9.630327685556752115e-01
-2.792450815656678520e-01
-8.536787772896783366e-01
9.799289186215346392e-01
-7.637468485040485033e-01
-5.529258921952535932e-02
-5.896066449385353181e-01
-6.194960703819143433e-01
8.198280876176654575e-01
-1.000000000000000000e+00
5.665547009527828193e-01
2.585859938538541750e-02
1.950476387836745096e-01
-5.468252038853030905e-01
9.863998144849368543e-01
-2.941362094882175038e-01
1.151671137172417675e-01
8.588500416410743687e-01
9.690064321692191118e-01
1.000000000000000000e+00
-9.546464138963245416e-01
8.571495778337423488e-01
-4.130808234829019265e-01
1.415228059735679778e-01
1.398216406988034843e-01
7.908863199083469020e-01
6.143016904307874171e-01
-8.994563439312764919e-01
-6.339213376337005101e-01
-5.638800863476191028e-01
9.982767265668895940e-01
-6.341230516355131908e-01
5.297446796795480806e-01
9.205221579840968671e-01
-5.723876555767197782e-01
-7.650536769227607170e-01
3.654658516564295856e-01
9.923478418999986950e-01
9.767406958899864655e-01
-5.900122839267392116e-01
-8.304970450613353705e-01
8.611755980245726638e-01
-2.377041797263513070e-02
9.878777153400299937e-01
9.372822517061000225e-01
3.246445239998532739e-01
1.000000000000000000e+00
-1.000000000000000000e+00
-4.948034916552380702e-01
9.959800297791371326e-01
9.883379101115755683e-01
-9.029960152382240368e-01
9.472844681723247007e-01
2.743329493773583039e-01
-6.932123476529749029e-01
9.902005402038626114e-01
-8.676557749140085818e-01
6.560506368846044101e-01
-2.545509381704646468e-01
4.460532620715539909e-01
1.042688681588656158e-01
-1.481422324492999154e-01
-9.906455486781977626e-01
-5.912597303345938915e-01
-4.512030158399708557e-01
-1.000000000000000000e+00
-3.795466670007694998e-01
5.119732027535724983e-01
3.560074436600887404e-01
7.531584682346794679e-01
4.719353528325958558e-01
-1.628017714084938894e-01
-6.348971934222084057e-01
-9.977553701174481926e-01
-6.434358722551218601e-02
-9.847263756774975452e-01
4.758974619246142401e-01
7.811946294256058021e-01
-7.522584335719226800e-01
9.717981698471750418e-01
8.392290658196837061e-01
9.445589081510346041e-01
7.753007200830155377e-01
1.011327852503541846e-01
9.677531096246307918e-01
5.834686680424889804e-01
9.348159449227325668e-01
5.977745974324248923e-01
9.881948004025177257e-01
-7.236897817975511682e-01
-9.976102061561830103e-01
9.951154811855453808e-01
-7.604973792271243482e-01
-1.413255823105337150e-01
9.300289654993884048e-01
9.654754737094516370e-01
-9.744590385829773327e-01
-5.850802108666564028e-01
1.953743628353262485e-01
-6.707766589552043301e-01
-5.981137500343058910e-01
-4.051546321593186284e-01
-7.415233097919485261e-02
-4.443269888838574655e-01
6.857361274937482376e-01
1.000000000000000000e+00
9.742870284873272890e-01
9.041641764655757862e-01
-1.784199063195719415e-01
1.168005178880902606e-01
1.430212545143596525e-01
8.970181709785796098e-02
5.828098074082864732e-01
-6.353170626028842305e-01
-3.166755133555448354e-01
9.125525815858620549e-01
6.487510510491845128e-02
-7.174963980602743208e-01
-4.892197780569972898e-01
5.505862940449861576e-01
9.687411291231111665e-01
9.708610962542364442e-01
-3.359833314448963937e-01
-1.999269091444905166e-01
-6.028774561541904164e-01
-9.891650529755319221e-01
3.774950878580866087e-01
-7.736304575661985261e-01
-6.948184521188728313e-01
1.975179332858630621e-01
3.608686880846003753e-01
6.170800167905678979e-01
-3.191510001632135718e-01
9.805096268781808844e-01
8.124052887240459375e-01
-9.636764943569847697e-01
-8.961443159531690128e-01
3.923891580870975115e-01
-7.278157089910006761e-01
-1.347155562247016325e-01
-8.827781175906266320e-01
9.676063332344794210e-01
4.854717391060119347e-01
9.171789178207557791e-01
9.837704324418458102e-01
-8.357563658940520002e-01
8.712450840603311319e-02
-8.027874471210403318e-01
7.405214232410730624e-01
-2.956394059032760868e-01
-6.452700131582790322e-01
-5.663541823103788175e-01
3.419731189388958148e-01
4.103630638199334824e-01
4.721648704266800944e-01
-9.972561612096519923e-01
-2.227823352510190091e-01
-8.001055575581098589e-01
5.265270747975533405e-01
1.000000000000000000e+00
9.647698553293633239e-01
9.648045486128047354e-01
-9.471238256198722949e-01
3.400765120848968648e-01
-8.760062844924109138e-01
-6.987590409786875734e-01
-9.173836791970596538e-02
-8.146646025142075809e-01
3.880930414131058548e-01
1.613798146222504004e-01
-7.988583339038765607e-02
-1.000000000000000000e+00
-9.086945940219735007e-01
4.091956302879562468e-01
9.844159667047082396e-03
2.223861282150070284e-01
-9.757337002554196115e-01
-3.304582697685783388e-01
-8.416083107763729920e-01
1.000000000000000000e+00
-2.580109092947321936e-01
-9.673306149381016850e-01
5.668516032180160868e-01
1.771366567778241696e-01
1.248980723485460104e-01
-6.081549128673023885e-01
-8.473259144888365402e-01
9.841358298283595651e-01
-7.031249012831545242e-01
-7.540095951565767285e-01
9.844813241847562013e-01
9.548333944980071930e-01
-7.937290098842634256e-01
-7.244835000779992207e-01
-8.736871725825597901e-01
9.450664327559438194e-01
-9.954047643457460959e-01
-9.268667351204729066e-02
-1.000000000000000000e+00
-5.059034667803368190e-01
6.513002613434715204e-01
1.000000000000000000e+00
9.795720261829575781e-01
-2.170276044187623987e-01
9.193903308310198419e-01
8.164515103505679550e-01
-1.000000000000000000e+00
-7.129683124553353180e-01
9.946504271427865085e-01
8.477830600821013585e-01
4.800381182522082957e-02
9.895309285188785831e-01
