-3.086041949420363917e-01
-8.644278111710066437e-01
6.837577848496658728e-01
-5.767763095741536006e-01
1.000000000000000000e+00
-5.512351046238390673e-01
-3.446282392854034260e-01
1.967384503476510282e-01
-9.365638185033497987e-01
8.510104690122706483e-03
1.587662498207149664e-01
-9.581331480936405853e-01
1.766167129959608229e-01
8.483559849964793231e-02
3.925614803310994438e-01
1.062603941470451341e-01
-6.283622920376920051e-01
-8.578241143700400251e-01
7.702301190335081316e-02
2.679704512564325958e-01
-8.803440901000587626e-01
8.329684613162222639e-01
8.550845723796314246e-01
6.420416685145527991e-01
-5.216090387307772414e-01
5.510814572095447117e-01
2.515095486015281878e-01
-5.267859914922525810e-01
-9.043747187343804672e-01
8.311544251194850075e-01
8.358735214351020737e-01
-3.717916873954841828e-01
9.000106967609480813e-02
-8.566846056256254283e-01
-9.614518678218260117e-01
-8.991723133229645448e-02
5.448519079692817346e-01
7.085184046641013200e-01
-8.609387550833466074e-01
-2.927798867503637048e-01
6.923891884366738525e-01
-1.000000000000000000e+00
6.083554539197096878e-01
-1.000000000000000000e+00
9.272916945789469456e-02
6.573234028099504966e-01
-3.061927724851409849e-02
-4.470540748853509272e-01
-2.255846148773461568e-01
7.646307180983953344e-01
-4.730192583267119888e-01
-9.636699503778655140e-01
-6.014400130957187063e-01
3.476285922535045092e-01
-6.862774987417606942e-01
-7.535712962626428535e-02
2.092088199027470896e-01
-5.842387236956916308e-01
-6.751099285643746839e-01
-7.539311971664937051e-01
-2.593211174714075140e-01
7.714789477342913759e-01
-1.508532723405384690e-01
-6.413843573767292749e-01
1.977600464224662513e-01
8.085348696511132083e-01
8.014723761736177732e-01
5.282658608052244187e-01
9.352568780828884876e-02
1.000000000000000000e+00
-5.155625333594926474e-01
-8.674634789002328983e-01
-2.737889015428403017e-01
-9.176851161207466578e-01
7.928701676720256719e-02
9.627638581672123275e-01
-4.313200264007088225e-01
6.625836805718043898e-01
-7.370989465255820550e-01
-4.913228193277156541e-01
6.729532035166032600e-01
-5.943680268081534823e-01
-2.622565380848038696e-01
5.056855753895742600e-01
5.920569236937559543e-01
-8.064014689591642027e-01
9.373257315139619239e-01
3.928537728566138809e-01
6.811774886428718645e-01
7.939806073344097825e-01
-7.574675622768658467e-01
-9.664230020468439486e-01
1.492508514798756014e-01
4.062288299663522340e-01
-2.808148309061027081e-01
9.965578374459782562e-01
-5.102740465726006702e-01
8.736125184192180537e-01
2.182977627667250231e-01
-5.064203623866486703e-01
-1.637668332804469440e-01
-9.567067299757627818e-01
-6.428323431920353048e-01
7.989132541317194303e-01
5.932252298446010208e-01
9.469886470693853475e-01
-7.103211275837285898e-02
-6.472489696013270510e-01
-6.725183942748512722e-01
8.052363060038791875e-01
-2.155200085924233733e-01
7.900801479679175898e-02
-9.232539237268677645e-01
-7.319960735164521282e-02
-4.277686869903118971e-01
1.000000000000000000e+00
-8.075525811513093455e-01
-7.609721457656708488e-01
3.351211403091507446e-01
9.306000695261831268e-01
-9.686338922963060316e-01
1.000000000000000000e+00
-8.846837618502418898e-01
-2.188686236318155842e-01
-1.743126200917716750e-01
2.485802700980503932e-01
-5.324338119535687586e-01
7.476981824427466616e-01
-9.545571320939999493e-02
9.101383484506903043e-01
1.990063450423691371e-01
4.215750535130735610e-01
-9.769289644045637822e-01
1.647639622805903148e-01
-4.490182256872077282e-01
-9.864366881172723645e-01
2.907632519543230654e-01
3.827779210884641459e-01
1.183000425137051281e-02
4.460257777270458801e-01
7.110675801897848869e-01
6.539709477430020179e-01
-1.297468198959206565e-01
8.640841061815532353e-02
-5.451006867628214181e-01
7.468783681941997266e-01
6.796529183561408338e-01
-2.223295843536403360e-01
-3.211747331681285011e-01
-3.190140055748435510e-01
-7.457019063577075002e-01
-7.492008885760359505e-02
5.819932594098152501e-02
3.197141864290187208e-01
4.354167290749042518e-01
-3.216094564166604997e-01
-7.929625598318084112e-01
-6.933950802726132068e-01
3.851727164417015903e-01
-1.631961377550418257e-01
3.463286322327474576e-01
-1.000000000000000000e+00
8.879725839702692358e-01
2.833948253672196604e-01
3.660943156910798635e-01
-3.884383938997402752e-01
4.546876537442305910e-01
-9.109442721211544192e-02
-3.396133854348217795e-01
-2.246694414522765193e-02
1.764940968289640533e-01
-2.038383332168278994e-01
-3.743132694419040174e-01
-4.200289973981098934e-01
2.838743589532867206e-01
3.660920697021479153e-01
8.216745478794765245e-02
-3.424500209202723244e-01
1.991541749374610148e-01
-7.212216805740807868e-03
-5.123890300326847669e-01
9.271312294296285561e-01
-1.000000000000000000e+00
7.249734579994999706e-01
-9.454948093121716690e-01
8.726642332203140562e-01
-8.471080345319587090e-01
4.052462206319377147e-01
-4.602577999208964932e-01
-7.951772230129079411e-01
-4.064943597797457397e-01
-5.423884511662635521e-01
6.251873896680791853e-01
9.834953877149068546e-01
3.662001977093260474e-01
-1.000000000000000000e+00
6.156864612864842989e-02
9.719596262652907548e-01
-9.332481785993151924e-01
4.209101458734474388e-01
-5.894379054637146620e-01
9.822851493830930814e-01
7.765868365443067134e-01
-5.276137622409128314e-01
2.843923929686063556e-01
2.257272612203664597e-02
-3.712057074825032554e-01
1.000000000000000000e+00
8.276795975721228382e-01
-4.057512906496441030e-01
7.005076253677700038e-02
7.861328117087085232e-01
7.258731317628830393e-01
6.980904046819300657e-01
-1.000000000000000000e+00
-2.812736644783364603e-02
-6.144442940175967038e-01
6.004306430529671168e-02
-3.254137137867141316e-02
-1.279814655687436242e-01
-6.604222073269216953e-01
2.110726090508280861e-01
-8.498926405363982362e-01
-9.913458670916720505e-01
7.700301638033846263e-01
-2.772120752903857732e-01
-3.558627172443861175e-01
6.531478751903850855e-01
-8.968732917944322036e-01
-4.350340192978428000e-01
-9.674781947673360971e-01
2.379768378208858282e-01
-9.904818151445562435e-01
1.440107119311391237e-01
6.229714603395288819e-01
5.198448656182037553e-01
-4.854457340230080575e-01
-7.194151386098817103e-01
7.963281991828399242e-01
8.589504746378169298e-01
7.231071974833715998e-01
6.593953771876844006e-02
7.015627918659436135e-01
8.370345802592275009e-01
9.373543106520564328e-01
-8.894743498344618304e-01
-6.784201027939835704e-01
1.588931684949033141e-01
-6.094529136723212392e-01
-9.096558571894489686e-01
-2.762145164068114944e-01
-6.714067057114230241e-01
-1.000000000000000000e+00
-1.748910666142582948e-01
7.738738897785619741e-01
1.489901427230821418e-01
2.096768872162539932e-01
-4.195515598788339684e-01
-6.355618113411068970e-01
-8.358873378183879765e-01
-1.125057156434826205e-01
8.554000256417053638e-01
3.249459301569539438e-01
5.894024901205794365e-01
6.963220278940398522e-01
