-3.001465479030144823e-01
-8.499537124799633192e-01
7.028060886054997569e-01
-5.687430240339634846e-01
9.460850138896877981e-01
-5.668557941558138857e-01
-3.537765971637001905e-01
2.461886400766802041e-01
-9.675191539127471207e-01
2.057752854431693368e-01
9.415230029381385646e-02
-9.511792060388366554e-01
2.657765905265267459e-01
-6.989027966979696749e-02
2.940364998165098109e-01
2.268246349843455467e-01
-6.762255969217702001e-01
-8.751124871393511917e-01
4.933707849197147000e-02
1.910367407090738101e-01
-9.033700645918993910e-01
8.983790638749026281e-01
7.450865704681178814e-01
6.416909536044674844e-01
-5.064758200541543687e-01
5.866671427172160946e-01
2.765161520439318177e-01
-5.473261851888617802e-01
-9.043747187343804672e-01
8.547687086629178754e-01
7.881732207500983245e-01
-5.254130488261674614e-01
8.182670769388548926e-02
-9.770083771920582416e-01
-9.743708324790013586e-01
-9.237228967060782947e-02
5.314259711383715334e-01
7.633117199078944815e-01
-8.388041792190974455e-01
-1.817575799449845930e-01
7.163636990210733302e-01
-9.870784940671817331e-01
5.750065200143542610e-01
-9.519696806389730259e-01
-2.632917112046491079e-02
6.254013772890714140e-01
2.246827652907014763e-02
-4.557820914456420791e-01
-2.047167798939990013e-01
7.525032774286389836e-01
-4.626831489651194729e-01
-9.777759137640580356e-01
-6.919086109943620722e-01
5.757817018763783379e-01
-5.956487925562301555e-01
-1.673343831394439596e-01
1.545320527633677887e-01
-5.359731080978523687e-01
-6.204738532034759224e-01
-7.492565041131344916e-01
-3.491407347989134435e-01
7.345882598232951199e-01
-2.543279208720531925e-01
-7.381602043963304549e-01
2.462652776868139437e-01
6.270052942361569182e-01
8.470300861907282819e-01
5.853285826805290082e-01
1.071819494144866936e-01
8.868982119867244718e-01
-4.184369390325893279e-01
-8.692967209728845734e-01
-2.239290206788901172e-01
-8.500702789098177892e-01
6.397667236929512058e-02
9.997357081021959191e-01
-4.365976535206934628e-01
6.951037344812605046e-01
-7.329439287301005024e-01
-3.730940305432250415e-01
6.663800307090126385e-01
-5.710104569679681497e-01
-3.125975892596051797e-01
4.931028223579628778e-01
6.324793209974723940e-01
-7.985103613492745556e-01
8.319288085484060069e-01
3.725160947992798288e-01
5.993256224238701080e-01
7.395552032045147328e-01
-7.386058124913056355e-01
-9.151929052551420751e-01
-3.895951039324588305e-02
3.705355240420820095e-01
-2.979598443702825561e-01
9.661246283907380938e-01
-5.205058727716692646e-01
7.555963470381522606e-01
1.260373601799706089e-01
-4.939994081061622744e-01
-8.591814444871374856e-02
-9.227909228167814337e-01
-6.318374874524214091e-01
7.058188392917081888e-01
5.945183610106775651e-01
8.791363884802306794e-01
-6.094290323476536653e-02
-6.258567953845005638e-01
-6.725183942748512722e-01
9.163730834047220108e-01
-2.067266280695939373e-01
-2.720000483666346752e-02
-9.596945628516712068e-01
-1.128017263925620017e-01
-4.378008719802322091e-01
9.432668280337981326e-01
-8.364122860628726563e-01
-7.722986821078136055e-01
3.560499531695376363e-01
8.505197077300346020e-01
-1.000000000000000000e+00
9.581127118102492624e-01
-8.684337668290809109e-01
-2.402208883120561522e-01
-2.545094926177095540e-01
3.395550416822658013e-01
-3.770987921127377795e-01
7.303729648536003705e-01
-1.487053149430077326e-01
8.648396057889352617e-01
1.933223505755871374e-01
3.355195990750762247e-01
-8.955562483576400279e-01
1.765112449785896098e-01
-4.620331431309406267e-01
-9.485857650056503942e-01
2.443490088727219289e-01
3.171282781833111297e-01
-7.377557772940646075e-02
4.431793625508982926e-01
7.764069140899038102e-01
5.703044666672510976e-01
-1.821448745128786406e-01
1.805553433543154174e-03
-5.335386253040932392e-01
8.590956499131973123e-01
5.800547846609539482e-01
-3.243059526431025796e-01
-3.317087587179584629e-01
-3.026056445850369148e-01
-8.018393173266413765e-01
-7.734524412783889968e-02
6.558657057737668494e-02
3.132782426841429491e-01
4.858639318812359442e-01
-3.181483050037484661e-01
-7.501339269361628759e-01
-7.916780184850280566e-01
3.962419304966369182e-01
-1.426480248178739196e-01
3.018097937267155140e-01
-9.914655206068744286e-01
8.902783022929469103e-01
2.958275939510164876e-01
5.145690799365058021e-01
-4.093444930991719799e-01
4.672411797898291530e-01
-9.832910041012427049e-02
-3.109939087771744770e-01
-2.553012489934616477e-02
2.051368802662986990e-01
-8.484708741487269335e-02
-3.966720159932897172e-01
-4.852495502537552685e-01
2.659770057772478657e-01
3.807982335418852449e-01
9.259187402783415621e-02
-2.234307083693463092e-01
1.862010041223778056e-01
-3.734488147391576418e-02
-5.182048663285167001e-01
8.214586394973859562e-01
-9.263537981729169646e-01
6.446925035532760084e-01
-8.759435714687971997e-01
8.061917656015502587e-01
-8.764619288973072297e-01
2.608407046485903269e-01
-4.825799308436879986e-01
-6.932014124921559439e-01
-3.568083536913057574e-01
-5.909396461030625991e-01
6.651639683414315440e-01
9.676558681111033788e-01
3.896002389639823260e-01
-9.857814058168423710e-01
7.410239539087870586e-02
9.940394007778317054e-01
-9.502356058339652689e-01
3.186524252054175887e-01
-5.352564853110340914e-01
9.583917980736345044e-01
7.840392805764045958e-01
-6.531550133064868424e-01
2.584273938637056123e-01
7.287647005991189364e-02
-4.485076974324582744e-01
1.000000000000000000e+00
8.016003551747106215e-01
-4.001534915990813124e-01
8.466409768492963450e-02
7.527998790355333592e-01
6.940242948846611082e-01
6.732198528522911340e-01
-9.997268849285001480e-01
7.430641450609634657e-02
-5.750753038641149839e-01
7.735321001278261388e-02
4.468060835450074486e-02
-6.175715567167978232e-02
-5.482358799545713479e-01
2.554301292108250299e-01
-8.336838170462707032e-01
-9.516084633855342867e-01
7.204452457376134822e-01
-2.407754520344512483e-01
-2.833094131647599379e-01
6.845252743465618517e-01
-8.123692945581133529e-01
-4.484151027976358006e-01
-9.417632393727110030e-01
2.271841114348620017e-01
-1.000000000000000000e+00
1.038995311448578651e-01
5.686092733507019936e-01
4.202428059506089220e-01
-5.545590834215969878e-01
-6.564065064572324193e-01
6.817686800687531301e-01
8.888781240991877608e-01
7.421475551826435257e-01
1.262996149832121828e-01
6.840479860921137023e-01
8.362659558393249482e-01
9.262864409440031421e-01
-8.409004938509105909e-01
-6.982556594068787259e-01
1.170748594661165654e-01
-6.907151554831032492e-01
-9.125160918741734850e-01
-2.219206463235098292e-01
-6.257892927300524599e-01
-9.959067131966889974e-01
-1.672723756141919205e-01
7.671883282935710868e-01
2.311865643749547450e-01
8.651803536319205290e-02
-4.166178234138790959e-01
-5.916129213647798313e-01
-7.988416223639952518e-01
-9.212848726336515803e-02
8.898238512118222809e-01
1.691581047562155105e-01
5.790229481998120376e-01
6.913474642452377417e-01
