-6.643333832357350976e-01
4.415043000182984900e-01
-3.843912894230895883e-01
-7.131510188308003428e-01
7.602330598309141596e-01
-9.293157902067253895e-01
-3.273674332856669755e-01
2.950682233309461777e-01
-7.192149444336419783e-01
7.751487766576701244e-01
-7.655886475967657034e-01
-5.077530603988057722e-02
-1.197674271741893393e-01
-1.866822356546658512e-01
9.817771401490430483e-01
-6.834149430948718296e-01
-6.395828571209851710e-01
6.061164251284389959e-01
-1.000000000000000000e+00
8.133037707730141896e-01
-5.022288114508063339e-01
-4.879530895465215012e-01
1.365056532212524654e-01
-8.560217817100921334e-01
-4.250915650974452231e-01
-1.783876932619837541e-01
8.912328167946756974e-01
6.097761471687498380e-01
6.351259271846467769e-01
-3.810995991813227457e-01
-9.839969690062791985e-01
9.439880597101965032e-01
-1.000000000000000000e+00
-2.454565998769029089e-01
5.444442509693033783e-01
-3.046058481195362266e-01
6.179802401616372176e-01
-3.404561717605099069e-01
-8.358174031241802915e-01
1.791549637276635409e-01
-2.306223578131990359e-01
-3.176600789606019992e-01
6.472379049678789187e-01
1.782587219100130460e-02
1.105882963196780366e-01
-2.165874908925188580e-01
-7.476234160058166101e-01
6.540106563685010865e-02
-2.609593887042906402e-01
-4.009349781424141890e-01
9.994375840252645027e-01
-1.209166243931914797e-01
3.915925610895237829e-01
3.496753023536636196e-01
-8.703153220468506923e-01
-1.293597978407665383e-01
5.456099236357456750e-01
1.000000000000000000e+00
2.641805436929837991e-02
6.622093654731008028e-02
-4.699253744140455269e-01
-3.928112298199181174e-01
-2.919677160390706239e-01
-7.946023212921646817e-01
5.827696467917067302e-01
9.250538870825441018e-01
-6.733772524952566507e-02
3.261211875750473221e-01
5.556332848694770510e-01
-4.793176017767607489e-01
-2.347401154510414534e-01
9.518943269493652659e-01
5.587237558549034144e-01
8.098116505536228082e-01
-8.100030553906597541e-01
9.252248582130245813e-02
4.792095116568134694e-01
-6.215140703604127986e-02
2.319930516838314138e-01
4.342699220950346772e-01
-1.725034138645892279e-01
-5.946776889962844814e-01
-7.859087602152521335e-01
3.434199735971414369e-01
5.231455739869920324e-02
4.656816499911822782e-01
4.078625454710329001e-01
-5.626460480778990025e-02
-1.081127634603556466e-02
-8.833714806265291486e-01
1.623404030703279322e-02
-9.018182684557548567e-01
-6.897845654368413015e-01
-1.000000000000000000e+00
-4.804783560322186120e-01
4.582633152452095793e-01
-3.519189018222847881e-02
-5.871432559059867051e-01
8.137584976601136555e-01
1.126521654513992082e-01
-1.698633228735820511e-01
1.257906698479118734e-01
-2.706367335837474644e-02
-6.480650859207466308e-01
-8.322244104635145856e-02
3.035424391232247054e-01
-2.158195259604190619e-01
1.000000000000000000e+00
1.889430963858292900e-01
-4.635327910538593055e-01
7.934570126894545661e-01
9.209697548240530773e-01
-4.621665928884076124e-01
-4.541790234967079676e-01
-9.136816608292686048e-02
3.197333556471603222e-01
-8.281814071924525900e-02
3.463925127323818076e-01
-5.667767313490359449e-01
2.571513820984158150e-01
-2.500795631722111390e-01
-9.758415252271351870e-01
-4.337079739469468231e-01
-8.229576124625315181e-01
7.466263420259353634e-01
7.979192228637623785e-01
2.371533609569538570e-01
-6.054367259611919128e-01
2.265808671957984521e-01
-9.206747517369212597e-01
5.913129305928779139e-02
-9.561027485594139064e-01
1.000000000000000000e+00
-6.349439495534890954e-01
8.482089958383867145e-01
-1.166360005362356289e-01
-9.424606687522524284e-01
-9.141117236247787714e-01
-9.050519167814498056e-01
-2.286774803828256208e-01
5.475668003881661861e-01
9.081672080075462450e-01
-4.092916288995991636e-02
-9.149378844200136696e-01
2.425537762960475185e-02
-2.270530675992342429e-01
8.278928152997555578e-01
3.772105862104321305e-01
-1.301630087165196459e-01
2.826257258516454707e-01
4.257561570207033519e-01
-1.000000000000000000e+00
-4.420792817064120861e-01
4.743299418598061479e-01
-1.557864827471148184e-01
-3.869656657492933083e-01
5.720986553566078658e-01
9.344778131208796301e-01
-9.805640835185168713e-01
5.250852105246420765e-01
1.723099048437967684e-02
-6.836583371707065648e-01
-6.874730717804138358e-01
-4.961608335851649954e-01
9.080107837865145637e-01
5.539261917826787673e-01
-2.710215254801311424e-01
-5.383033529348181245e-01
-3.177563994905475697e-01
7.078348417765294442e-01
2.840982406930440962e-02
4.936801476792815890e-01
-4.900761066367710361e-01
1.688754289523514418e-01
7.301726284846260517e-01
-8.773949157572739077e-01
-5.386749755799399297e-01
4.355524859607303595e-02
4.136152342298209383e-01
-2.673781822090652849e-01
3.335975886335583729e-01
7.176877175974124556e-01
5.368638595526233903e-01
-6.579444367783028325e-01
1.099109696627931093e-01
6.775183756699787452e-02
2.438706281713269308e-01
-2.629069821851369171e-01
1.857906703201354925e-01
9.696268778565585444e-01
6.199010041911415803e-01
7.365598068339267446e-01
8.858804333330612124e-01
7.323451130086977567e-01
8.190571972557617597e-01
-9.469467504744870645e-01
1.889324705287531159e-01
3.118989123116120421e-01
3.594894361459637921e-01
-1.015200096501536892e-01
6.086843591215767429e-02
4.669664416844514221e-02
5.290223070426794960e-01
9.333997699846672269e-01
-6.015075414506181328e-01
4.248572054854350966e-01
4.092453386701184748e-01
3.783438967414102794e-01
3.803026088955276940e-01
5.087003810607042542e-01
1.252362650416976864e-01
3.529607774624125005e-01
-5.840856832615325400e-01
9.612121231927180931e-01
-6.928280110076593390e-01
8.619934561167361675e-01
-3.500956505267746599e-01
3.481124180208794994e-01
2.512988731541799248e-01
4.421110781347120100e-01
7.799555520826051414e-01
-6.891538317674181791e-01
-8.874475173034246378e-01
-1.129313949807103645e-02
9.293205752712672130e-01
-9.736117985068750702e-01
8.871278305344867388e-01
-4.824618679614250394e-01
9.937600547190443834e-01
-9.880017709998814013e-01
-2.284131592201568139e-01
-1.000000000000000000e+00
7.499006723837634558e-01
-3.597214773243607999e-02
8.829055517994188751e-01
-2.239668297156425236e-01
-7.689972211761515464e-01
4.197738742395331624e-01
-3.789676210436896397e-01
-5.911363162634730717e-01
-7.010944274215212824e-01
2.937516632378165959e-01
-3.530220580114615814e-01
-1.123519735652980800e-01
9.141524744852430606e-01
-7.634434715068691979e-01
8.011978996159320188e-01
-5.090171464886860120e-01
-6.288430450855653220e-01
3.319659703461147471e-01
-5.798912708903768420e-01
-9.176837035138607490e-02
-8.314559268672722103e-01
3.080030627761544126e-01
-4.862077825770373951e-01
3.962612525948860931e-01
9.407088479244669621e-01
6.424377295144284572e-01
3.265545748821272465e-01
4.649922729831070800e-01
9.013370622533031229e-01
-6.215600949702170253e-01
-9.834819258398148634e-01
-2.446656432547571758e-01
5.554769534384441654e-01
