8.727336855182321607e-02
3.128498849271412752e-01
8.743982495646623887e-02
1.273975238071711757e-01
7.405800364979455708e-01
-7.610562003504395268e-01
7.205756710368582674e-01
-2.964243804916009972e-02
5.196619211167785579e-01
-5.933498036363917816e-01
-7.684718246624664406e-01
-2.671961963256856976e-01
6.236181794070521089e-01
6.913748450870093043e-01
-4.768309053095134975e-01
3.979689723811485891e-01
-7.755702165315765395e-01
7.458460771546318036e-01
4.112118002652553894e-01
4.822636810825982057e-01
3.022936184306523888e-01
-7.141443741403886991e-04
-3.344142072718392367e-01
-8.821389009486304555e-01
-2.325384971109361043e-01
-3.371811153609893807e-01
-5.842443750776258327e-01
4.854792326113530621e-01
-9.579363482232969851e-01
-2.961030243797251327e-01
-1.000000000000000000e+00
-6.971268696194474757e-01
-6.759303730061791970e-01
5.733766972118679028e-01
-5.585846363516508983e-01
-3.194769316627502076e-01
-1.595867005007697570e-01
-7.309939713118160931e-01
-1.325733968636604865e-01
9.772359377247867851e-01
7.303351546234546632e-01
-4.150825777688025298e-01
-8.813423664929682932e-02
-7.129124689691415107e-01
-4.809645308764478600e-01
-6.565831164734863279e-01
7.407794334532190605e-01
2.554307199440184473e-01
9.586016259495422354e-02
-8.775381905752319689e-01
2.424020916941511672e-01
-8.008926317049831489e-01
-5.446947572811033922e-01
-1.000000000000000000e+00
8.162256897315606219e-01
8.016260818703990765e-04
-6.782450071407835068e-01
8.561566641250575316e-01
3.856975920223100207e-01
8.915053436459740022e-01
-6.627973323670541816e-01
-2.899810610033255465e-01
-1.368005700586147344e-02
-2.999739946067687679e-01
-1.734885532820018561e-02
7.848350955097369575e-01
-5.480674909500733438e-01
-3.284134810311576391e-01
2.012255941028751605e-01
7.555708896060606694e-01
5.049413925409860227e-01
4.051084170981134047e-01
-1.000000000000000000e+00
-4.049758206597460219e-01
-7.922708407978609202e-01
2.565935611279980821e-01
7.602934371631318022e-01
-4.643511489734055697e-01
-9.994727269799570379e-01
-6.088294622894820929e-01
-5.250770585027408205e-02
-2.360294629926624754e-01
1.447860309115756028e-01
-2.180013898158094654e-01
9.894649304482349139e-01
1.204995167142419721e-02
-6.426389677147600898e-02
9.436241467715350550e-01
-3.049117506707585412e-01
2.680650869915537360e-01
-4.021764299648023511e-01
8.734372326462840341e-01
6.792966981039050278e-01
-5.352134822039139594e-01
1.654324725799925233e-01
4.547200232851955626e-01
-7.182388029841434429e-01
9.238370351969655836e-01
-8.108641734692336733e-01
3.658537469472595838e-01
-7.038886971417628313e-01
8.099388288476155884e-01
7.527234571811960429e-01
6.044214382806236685e-01
1.333141575644564147e-01
-8.205264607874891425e-01
3.673185133640157751e-01
-4.388165848203767205e-01
-7.209687933029738094e-01
-4.717429872885137709e-01
6.320673072976976670e-01
-1.857291600853228086e-01
7.246490407452855775e-01
-7.471009502919631062e-01
-8.764299495997009970e-01
-3.473685321783108737e-01
6.686550968645921245e-02
2.855749203447121576e-01
7.960531307054221628e-01
7.671157906166838902e-01
-5.022693938455494167e-02
3.714673268949470475e-01
4.947136649013523790e-01
7.694941611822898597e-01
-6.937608625894172709e-01
3.073281157656937990e-01
7.187632470195137735e-01
-8.025344621822998459e-01
-3.593720439486951523e-01
-7.922921238473707994e-01
-8.693558124631119988e-01
2.663208872683264783e-01
1.097179583888978349e-02
-9.768549264751098526e-01
-4.863526555134591867e-01
7.833010226486614158e-01
3.802686122545973491e-01
3.675759880167155935e-01
1.257568150756643022e-01
3.635946773761149498e-01
-2.666736485516536526e-01
9.159123708850878121e-01
-1.070327327008496754e-02
9.118620681809710415e-01
1.568703984441907062e-01
-5.213480141180932836e-01
3.892633430669621974e-01
-9.741334645886814414e-01
-2.843947860098865466e-01
9.373438267361124121e-02
-8.040104303782051876e-01
8.057878919896971359e-01
-5.186950446623096456e-01
3.674764924183133719e-01
-1.000000000000000000e+00
2.295835839629436492e-01
-2.769426019700376163e-01
-1.986646908562792468e-01
1.000000000000000000e+00
2.917962542268269233e-01
2.889249506220763486e-01
2.893789579794379119e-01
-1.000000000000000000e+00
-1.146334542519231725e-01
-2.941118577090785502e-01
-1.278544222792948881e-01
-3.687515515373799291e-01
-5.797238855609472274e-01
7.759235917870757615e-02
-4.384662597791647576e-01
-6.795618572943007418e-01
2.652738500844905589e-01
7.644257528227101917e-01
-5.887732474764930668e-01
-9.931609964841048299e-02
8.571326351017871659e-02
-7.282321190537959232e-01
-4.212141854152499088e-01
-6.708139082935997699e-01
1.760013157894332186e-02
9.353321633054227924e-01
-1.979305511121327021e-01
-3.064665730225989426e-01
-8.068191421075650016e-01
5.018889894856847222e-01
-7.152930834934650983e-01
9.576830497311650259e-01
-6.654728758631938135e-01
5.143187941097377980e-01
1.873511009428934226e-01
4.547571085772592059e-01
5.859021187393320673e-02
6.752358196645678046e-01
-3.407909544454701400e-01
3.918390664017687430e-01
-8.903145784118882133e-03
-6.689003941512636775e-01
-9.275220955131543432e-01
-6.670563659816786117e-01
-7.681845850373427709e-01
-2.854237813450963834e-01
-9.195528256488684216e-01
2.096620083070712681e-01
4.886434883359944137e-01
-8.587026090617839724e-01
2.694826898737465726e-01
4.453782537203854197e-02
3.118675454442375039e-01
-8.770866527002061375e-01
-1.000000000000000000e+00
-5.463923811541560038e-02
1.177213282238400716e-01
6.831706544754166943e-01
8.133977709468767081e-01
5.128316606170550962e-01
2.902463389408944661e-01
-2.221148413988568160e-01
9.283017612561464960e-01
1.000000000000000000e+00
-1.755854707464110653e-01
-7.950152805871432138e-01
-8.494893441103941178e-01
6.509892119407940658e-01
3.192486052396382168e-01
7.194898730741567938e-01
4.215845260326692850e-02
-4.647609135266028701e-01
-1.426281456658071711e-01
-1.905273015454481134e-01
-2.201140023255342415e-01
-3.409967054473120318e-01
-6.819945065773401760e-01
4.318975484398481779e-01
-6.356715794532193931e-01
6.185264098903517915e-01
5.019861954324855713e-04
-3.276773918064895819e-02
5.227506758855825497e-01
2.173838885827510115e-01
7.117639838074463210e-01
-9.834448142617243649e-01
-4.698564569167729132e-04
7.109453403734866672e-01
-5.975408747091404127e-01
1.246776672144944420e-01
1.467348327058386470e-01
-9.774637332690508940e-01
3.299939541042276048e-01
-3.602079389141848997e-01
-8.286037696212132930e-01
3.785210182199947315e-01
6.393412788032423744e-02
-8.927553775365376643e-01
4.029443581929929574e-01
-6.518321405560952853e-01
6.965998116204730195e-01
-7.040545833971612044e-01
4.833758567119985639e-01
9.572861107986117002e-01
-5.601305808317089685e-01
-7.201111600928731260e-01
6.718900053575261877e-01
5.615203363924035074e-01
8.831062710817194628e-01
-6.062225077676606233e-01
