-3.414504054552698897e-01
9.637971691804749774e-01
8.010433505200859061e-01
-7.018278624992309034e-01
-7.757563103373898983e-01
1.807670285090205997e-01
5.590007902766758185e-01
-7.658426381184663123e-01
-7.865796984872990283e-01
1.102995932418416730e-01
-1.855234118566535806e-01
-7.639735463966419449e-01
-8.491110339979037747e-01
-7.358389442361867872e-01
-2.601431539788626734e-01
5.550386468250669003e-02
6.425813509846987071e-01
1.922799224644642369e-01
-6.205185194883149347e-01
-4.979522452828977208e-02
-1.394123501682018318e-01
-3.410386382299411823e-01
-5.883430260255964606e-02
8.615531141304868523e-01
2.520782400702819004e-01
6.490759994882064898e-01
-5.077246128809731474e-01
-1.036374664504886300e-01
1.029895921589533359e+00
4.448737993521263701e-02
9.615442918145108431e-01
3.389375265778885593e-01
1.311085935829690019e-01
8.904658818561782541e-01
-9.004090786221893294e-01
-3.506110966043446409e-02
-3.204082970653303608e-01
3.527628490035651931e-01
8.750533684938991419e-01
-9.029188205066390749e-01
-9.921970441266271257e-01
-4.935179568591463450e-01
2.090116872236959522e-01
5.941055984546069757e-01
5.119606731696302315e-01
1.791703453144934954e-01
9.880625651827160683e-01
9.611772638153261994e-01
8.656338791105431252e-01
-4.203106578595117160e-01
-6.333084143225846674e-01
5.021739863372480794e-01
7.865723702420557295e-02
-8.733394043272810214e-02
-7.809812025828750670e-01
-9.307760698327655069e-01
4.669096450880016319e-02
-2.065866626237216064e-01
7.906881445648028528e-01
3.815241530689725824e-01
-7.432071875625835267e-01
1.860755797819524104e-01
-4.034990070904009851e-01
5.088329520983273513e-01
2.531910782179048192e-01
1.891985506837866593e-01
-7.313495781386022965e-02
7.943800300131507175e-01
-2.421055025195621158e-01
9.127306350713250138e-01
-5.464902919011001003e-01
-1.998006265175874541e-01
-1.963391494742635149e-02
5.459812892471196943e-02
7.494221373545765230e-01
4.043285261442843281e-01
-3.520109032588819575e-01
-6.406371828894531495e-01
-5.485824046276814858e-01
4.167943941429252952e-02
7.150587786185520489e-01
-4.519579528002728441e-01
-7.613037056481308795e-02
-5.826246489233952719e-01
3.428482702686665162e-02
-8.784922808350310586e-01
-2.590991821208010748e-02
-2.787865658265222812e-01
-2.832493362006583415e-01
3.039023325324715502e-02
-8.097490102748321483e-01
9.860350178457748527e-01
3.101365617966716504e-01
-3.648819287796664090e-01
-6.793155921802840336e-02
-7.899069824540532192e-01
9.222408367904664228e-01
6.750709002422146110e-01
7.426128263442721700e-01
2.303743428119915670e-02
5.932037418932404327e-01
-4.860806688559280997e-01
3.803197098247284580e-01
1.019719173532725121e+00
7.997941372363015500e-01
-4.667233228533611555e-01
-1.760366136778897805e-01
-6.669267090650023988e-01
-1.864107232004383885e-01
9.326504285310728282e-01
-5.093832880409781411e-02
1.609068267223712212e-01
8.450266894953961661e-02
-6.476429877674894087e-01
-4.156890770940151469e-01
-6.693421815981064338e-01
-5.407109262652445292e-01
-3.838817924518495017e-02
-2.494717408246451829e-01
-8.907979223830128634e-02
-2.220063690357331199e-01
4.203249251915511797e-01
8.047202851648200816e-01
-8.383320504079434521e-01
-1.044914832198243326e+00
-4.853332153414444683e-01
-7.718286144440708041e-01
-7.016017853300036133e-01
3.343058532781806869e-01
-9.205495587012623160e-01
3.078944837437316284e-01
-1.853920021806396423e-01
-1.100713340201963319e+00
9.381109520333663632e-01
2.962507518525516192e-01
-6.890050160842161597e-01
-1.132651526808197695e-01
2.249625455280956920e-01
-4.366137812539459540e-01
-2.749087449363608604e-01
1.922044087942974266e-01
1.184498969120661105e+00
6.635218360386924141e-01
-7.688177489957859212e-01
-1.098922885096872859e+00
-1.020782724319800439e+00
6.608677410899060911e-01
-8.227962395057513145e-01
2.820571535207677671e-03
-1.990890803221325722e-01
-2.393732669870835272e-01
6.875795302854963431e-01
1.071161325445264989e+00
9.711488494655176051e-01
4.905294266665805036e-01
1.000191431792302188e+00
3.019946693352971168e-01
-3.957257346358127315e-01
-5.435230001369910635e-01
-1.056158339159739140e-01
-6.746577775716344760e-01
-5.394242288817115982e-01
5.379270582872751616e-01
7.026640356887090544e-01
-4.899538540322920244e-01
3.959169736903800363e-02
6.219651332856348525e-01
-3.137015810919378533e-01
2.707934927803139491e-01
-3.130100087652214480e-01
-1.769898022397506931e-01
-4.353732381550933228e-01
7.100403841670064331e-01
5.568968044091036074e-01
-9.955463524857079971e-01
-8.654469843141345820e-01
7.725277873291819253e-01
-7.637039035388746289e-01
3.442736124184624102e-02
-1.631805655070026062e-01
-4.591776236895985797e-01
8.124706646814028321e-01
-4.736845718602851196e-01
5.824327070824332209e-01
-6.820689505623702686e-01
-2.849620769591761915e-01
-8.401984689930078742e-01
-9.303462138654721159e-01
4.613245055068161959e-01
-5.120390833161625466e-01
-9.653200413126212798e-01
-3.055778339213676142e-01
6.502341086550910143e-01
-1.688844978809316277e-01
-7.567350313399927586e-01
2.061834558330936651e-01
4.499458296498746179e-01
9.294490038463303350e-01
-8.856286816960708963e-01
1.056265076206742481e+00
-3.654448346151875082e-01
-3.795280461499271618e-02
-8.986964148755927084e-01
6.764531005244872608e-02
2.601782527994440652e-01
-7.305796904170869244e-01
-3.336558854218563130e-01
1.588172963649645275e-01
-9.621478559035435696e-01
-4.964136682487880758e-01
4.199909470919767074e-01
7.895612847394544165e-01
6.614133376621207372e-01
-3.739559434360252843e-01
7.776108536168142571e-01
-6.618730396783574221e-01
-3.305536212321744660e-01
-8.531576391722410779e-01
-6.687353422203212716e-02
1.091910582079226533e+00
7.359357910308360617e-01
8.585726593883653557e-01
1.570696263758002975e-01
2.614617555070115062e-01
-6.968041825323245675e-01
8.994316661043472161e-03
-8.001683539805630740e-01
-2.552237108104798979e-01
-1.154170975473585992e-01
5.806748887144754789e-01
9.086980839011079558e-01
9.661589355462067985e-01
7.894906473543698011e-01
-5.661545748134781952e-01
2.157495931962140068e-01
5.910022294353337036e-02
1.586434193705657247e-01
-8.589874689834786636e-01
-7.039998467731096721e-01
5.586979417227335709e-01
-8.607752317724530755e-01
3.435956960615211830e-01
4.654002528642159353e-01
7.056461576949514258e-01
1.784595398604422734e-01
-5.769792929663472014e-01
9.776987287997942477e-01
-7.755639327777141823e-01
1.070038244471597899e+00
3.387982836954964161e-01
-5.716404161244563742e-01
8.362217474108121218e-01
-2.139655325716104117e-02
-6.761869829412285871e-01
-5.051551046051631078e-01
8.866989321149311154e-01
3.472203203322419274e-01
8.494210206556440657e-01
6.392946294750803671e-02
1.343336472081581023e-01
-6.958808877854647523e-01
5.488260229961766656e-01
8.902875168166408670e-01
6.878288739694748966e-01
-8.081650914420354659e-02
