2.110593001933381563e-01
2.758786703160130416e-01
-3.984145935221372059e-01
-1.359433224917680205e-01
-1.425418760612823799e-01
-4.610671398821225564e-01
-5.410748761509973637e-01
-2.065597520877315574e-01
-3.519176502722889954e-01
-2.118572374050811113e-01
-2.588461567993856072e-01
-1.648935287205322009e-02
-7.480433265823001054e-01
-6.866868513691434250e-01
1.685648626210229928e-01
-6.047618878776270801e-01
-6.077401191644902223e-01
-3.281777956856143375e-01
-5.034644328281145942e-02
2.342749134690566559e-01
-3.470156173998925619e-01
-1.688100553720059127e-01
2.880284635694158046e-01
2.479246963684600680e-01
-3.089324823712246149e-01
-4.856496690921374704e-02
-6.300857454087555043e-02
-5.427055953281521017e-01
3.438176202516592950e-01
1.537876631555550322e-01
1.441152293421468500e-01
-9.025603448347954139e-01
-2.702618971747599574e-01
-1.182266316035553988e-01
3.222177155433270657e-01
-1.554636998481702947e-01
3.303814672158724708e-01
2.491507650226785220e-01
-1.021335153113048511e-01
-3.614216309340012590e-02
-4.496041387877228179e-01
-3.706285460898853940e-02
-8.582994458442849695e-01
-6.553072603086897985e-01
-4.647657277927975117e-01
7.361015534322011833e-01
7.834604193823770935e-01
-5.734687927791847634e-02
2.386023397745797858e-01
-3.168775861849376096e-01
-3.655248310269077483e-01
-1.777029780404136838e-01
-2.566532577301879336e-01
3.611374261212516590e-01
-9.143026469564168313e-01
-2.772446975438385142e-01
5.745905262198492958e-01
4.643062956883910464e-01
-5.986369482141427056e-01
-3.117448565871908661e-01
-1.403807374501714333e-01
1.058510739561904918e-01
2.972019617489432552e-01
-3.130384496406677375e-01
-6.016514868900562085e-01
8.691938792181846951e-02
5.334532939043168387e-01
-1.564430240483991041e-01
-4.686392961614767039e-01
2.035103311947318305e-01
-1.200392880269451901e-02
-4.854366063819814947e-01
-3.629112325672273487e-02
3.308285875405851950e-01
-4.109493588915810180e-01
-3.930517155194022672e-01
-4.045973003437459692e-01
6.749885394874388655e-01
7.759120051391823480e-01
6.233358255543921533e-01
-1.286009013198999296e-01
-4.981935574684363544e-01
5.574363019700452337e-01
4.218814442849890267e-01
5.649633913045498668e-02
-1.702281758278132995e-01
6.323953351781386178e-01
5.391678771407144577e-01
2.154057163799417973e-02
-9.746402254262381826e-01
-5.103848975683870082e-01
8.078461357603262671e-01
5.638176254765049356e-01
2.211254974261189776e-01
3.129141393331114074e-01
9.857867075968588244e-01
-8.044178274423927077e-02
4.440907220897410412e-01
-1.797051802489015859e-01
3.149879925230715250e-01
-2.915216009807493069e-01
1.293015711324850825e-01
2.948192183305849978e-01
-4.449903354750787132e-01
2.548219052315570665e-01
6.904387124284698807e-01
-1.429082527465111718e-01
-2.015442224870224452e-01
-1.857265417964450993e-01
2.849733560088364426e-01
5.205446232728107026e-01
-1.218096264631665371e-01
-2.965781376584403217e-02
4.648522812824754658e-01
2.680703793362105292e-01
4.356664971645246576e-01
2.635213995685224686e-02
1.836709099777978360e-01
-2.027923336401865062e-01
-7.936795176277695596e-01
2.890615969565211996e-03
-5.949586205045956921e-01
9.188090549187299949e-02
-2.072360066427481606e-01
5.646665048082368799e-01
-3.532307547172667261e-01
1.775457477738100476e-01
-3.863893203791974318e-01
1.010191479719148439e-01
-3.898327194488820924e-03
-1.096553758119185457e-01
-1.635025218043079931e-01
-3.156196079354988138e-01
-3.973326094140007814e-01
-7.633594595451345666e-02
2.258341508685649812e-01
3.673068301053472040e-01
-2.525926058359583837e-01
4.378094456380754451e-02
2.607351037899429680e-01
-5.176169908980022827e-01
4.725030492157306083e-02
4.218861841652741251e-01
-7.909636971642736158e-01
7.503783385959755803e-02
2.021463908003879040e-01
6.503855187737483945e-01
1.035408840298932542e-01
-1.542868243390306260e-01
1.623538073641473400e-01
-2.182740991205313064e-01
4.464213945186012999e-02
5.049964079176264553e-01
3.669569568523717296e-02
1.055157402810763534e-01
7.153650286825072868e-01
4.988625732491964726e-01
7.538289561428728192e-01
-6.736046219378417632e-01
2.762443421969530966e-01
5.143091700194634130e-01
1.668379410615363212e-01
7.526149088856570746e-03
-1.851864044966774203e-01
1.849429376537577718e-01
3.715538035852465337e-01
-7.972852808068300323e-01
6.969896352710669429e-03
-4.809378723876852058e-01
9.594709505849341458e-04
-5.995256669287643003e-01
7.340330554808369712e-01
-1.354996766362898120e-01
-4.497739983005111242e-01
-1.827379184518505006e-01
1.854358817588791508e-01
4.472815162084908813e-01
-3.912166761232084289e-01
2.662308936763781997e-01
-5.724980212961392478e-01
5.328463622737673600e-01
4.358204039746086389e-01
6.928239351648342037e-01
5.285386226722704750e-02
4.034304209599027247e-01
5.289764958609788348e-01
-3.306335215078783918e-01
2.659460296595425044e-01
7.695415360773933955e-01
3.127501880141030366e-01
-1.652408546158359581e-01
1.049649909000854864e-01
4.165569325510222187e-01
2.273573356584926430e-02
3.574397654620030673e-01
-3.092553994120273431e-01
6.399430029457826574e-01
-3.135981102465919268e-02
-7.588371742186016400e-01
4.711374898002092249e-02
6.316098253353783498e-01
-9.114711600327252139e-02
5.423378026342541292e-01
1.046557666716382839e-02
-3.715244504939929637e-01
2.972930915220782233e-01
-1.279536662516529977e-01
-8.919521839328037327e-01
6.318268612735614131e-02
1.684713239429524723e-01
1.593248650051113935e-01
6.861798561381160511e-01
2.241478748169983271e-01
5.793144658494461252e-01
-4.093999365956299541e-02
-3.044087449082085728e-01
5.661274335554283832e-01
3.447747231989432559e-01
-2.429819715225658983e-01
-4.043694134657204731e-01
-5.492189652013350631e-01
7.820709942295547279e-01
1.205599659989509825e-01
3.979634144729712331e-01
-6.503709898279501633e-01
4.486439639652539668e-02
8.984442290129529551e-02
-3.589832836664631488e-01
-3.158036767986344140e-01
-7.757087122684707126e-01
-1.158089560491378234e-01
2.702773137428091110e-01
-8.518560271698731867e-01
7.122667712377502847e-01
-7.962701919622714453e-01
1.493222388733959072e-01
-5.457879101233891195e-01
-7.368500553146695164e-03
-3.122627973503667720e-01
-3.901677011742948897e-02
3.183450847790877947e-01
-5.111279193294784307e-01
-3.784977604592124067e-01
-1.655846902414166710e-01
6.642184599511996579e-02
-6.970418084170767470e-01
-9.216693739722665590e-01
5.740694501426231167e-01
2.847893301763478879e-01
6.706366655810196420e-01
-4.989369886056166381e-01
2.062941341839474862e-02
-6.754313146058676942e-01
-1.585802187131034047e-01
-7.822635680558285287e-01
-8.579052284067854028e-01
-1.971892841947872066e-01
-1.955549137955350236e-01
6.071126300051116198e-02
5.713406436150423318e-01
-9.706892143520762239e-02
1.082593460557947640e-01
1.422163350847505114e-01
1.732351123034698293e-01
5.895775185866660717e-01
