-5.210841075100006714e-01
1.999900857454403325e-01
7.238723053287410281e-01
-1.249795848446339508e-01
3.880845594178204960e-01
-8.774184559596580613e-01
-1.657607959434277689e-01
3.548982403554366005e-01
-7.667787498556972725e-01
-2.859745067496006765e-01
-2.451961124403528869e-02
1.165935012581213737e-01
6.798789095030894902e-01
-1.660386896729552086e-01
1.627236798427100783e-02
1.431430559755272891e-01
-4.181314233293697002e-01
-5.733548909525968407e-01
-9.711290506329173233e-02
2.951101298789021166e-01
3.612828904206080716e-01
4.810562576493151443e-01
5.116789211699448447e-01
2.446618231692563594e-01
1.643187305990305713e-01
-9.221152294699925811e-01
-5.642118756658126566e-02
6.218093030795596166e-02
-2.972015781291252878e-01
-4.270572978618326632e-01
3.410087637693488549e-01
5.888060712193635693e-01
-1.086439626265901515e-01
-3.772574547683136270e-01
-4.710985175614545994e-02
1.168988930037153651e-01
5.013369614962216447e-01
-4.414820857028702861e-01
-1.862802409226785305e-01
3.326009443440203217e-01
-2.418312166152903342e-01
6.638147998370313996e-01
9.018076028334545691e-02
-6.477734207841536751e-01
1.391155854381748713e-01
-7.044884733976385371e-01
-7.654223240480015900e-01
-4.487269774596255312e-01
7.189938752993919602e-01
-9.482202885355165423e-01
4.988222937591438866e-01
-6.043556988979645883e-01
8.935960042476609466e-02
8.474213336863805068e-01
8.461074720214007971e-01
9.478716029307870938e-02
1.688254640801295503e-01
4.308263569212273936e-01
7.893798567583416581e-01
-2.217075366647618950e-01
-1.559417343686165247e-01
2.849469449196335158e-01
-1.507998909508819763e-01
-6.442750838913018363e-01
1.979660290164589886e-01
3.252135005592332040e-01
1.187885311003685773e-01
-9.386090593824064632e-02
-5.470492395208359504e-01
1.854718967517648143e-01
-1.541781568929164181e-01
3.213551056359849056e-01
4.739215583504080564e-02
-1.364499725147894638e-01
2.012431773545518832e-01
-1.340643926711349576e-01
-1.526611393322141463e-01
-3.345128350488906221e-01
-2.650297145678721100e-01
-9.916041548249565629e-02
-2.548338588669304405e-01
2.354023260375938675e-01
-8.728934348856427494e-01
3.909663536443841458e-03
3.148240132407142955e-01
4.079429946141222008e-01
-5.027017719341173585e-01
1.602564973045549346e-01
3.314954612516923249e-01
-1.185663487664400662e-01
5.566704549394666524e-01
4.332256400044738887e-01
-1.906646582665200151e-01
-4.871701898065960989e-03
5.208647929775088725e-01
2.975789119217218115e-01
5.282521951174318220e-01
3.881196246832324670e-01
-4.412058867621879710e-01
1.109600253616959548e-01
-3.542807179700076525e-01
2.755377679480432995e-01
-3.496053093832465208e-01
-2.703628941415129328e-01
-5.460798825365197340e-01
1.539655474954139125e-01
6.963785833831956928e-01
4.350351568399965507e-02
-3.267519830097538325e-01
-1.067553175676067001e-01
3.444980100872000461e-01
-4.550514315393394682e-01
5.018115092719457881e-02
3.865705357308057422e-01
-4.034221307087687558e-01
-6.552197742902194921e-01
-5.179186700174402969e-01
-1.690860192742938972e-01
-1.574905790372810310e-01
-4.377228707381319306e-01
1.279414356442160061e-01
-9.568913894713975132e-01
4.467794368154063278e-01
-4.412475707630706401e-01
-5.019550702268069098e-02
2.238536072744236882e-01
-1.917252586568554129e-01
-3.735003211245745414e-01
7.283554631103876797e-01
3.422201057994864737e-01
-8.287408898494024179e-01
-3.345935871395830929e-01
-9.412237292976555203e-02
-4.173994281340956958e-01
-3.857306131341943223e-01
-4.880256449990671985e-01
4.047003925937393554e-01
6.934566900547702861e-01
5.138343677879158022e-01
-9.900187957193801180e-01
8.252889264203915332e-01
1.498801632477623214e-01
-3.582574083521772312e-01
-4.306052539807398993e-01
2.354496110692707311e-01
2.769136492754088463e-01
-3.696962612521413893e-01
-3.500213852959496164e-01
2.264954903428126887e-01
3.025001134483933374e-01
-4.639897607375520483e-01
-7.688398910534917086e-01
2.422889644821012434e-01
-4.373237907373399014e-01
8.810910371974591815e-01
2.374971690538853208e-01
-2.730507932525201298e-01
2.322248640499099681e-01
5.928527197966978468e-01
2.474033582024981470e-02
-5.092635828330842607e-01
-4.250480204296651632e-01
-1.714271418062509322e-01
3.116470635221930685e-01
7.230914922809865697e-01
-7.759219281586590133e-01
-5.639541130434962968e-01
-4.057996092002181809e-01
-1.905204123986479758e-01
-5.657601921329449279e-01
1.337853629319827320e-01
5.374370333110598530e-01
4.177815332503691526e-01
1.479626699344500640e-01
6.912592429241859460e-02
5.766511541352137282e-02
-6.800314270255468641e-01
1.851959849591431340e-01
-3.315044389616407516e-02
-7.695176473766706104e-01
-2.551067725224631655e-02
-3.631106747667803836e-01
-9.853089199454490021e-02
-7.630740698549383083e-01
3.448880692852285268e-02
7.284265733447341518e-01
2.111763246565731000e-01
-3.675709067193826396e-01
1.900745238349383914e-01
-5.224508061936052883e-01
-5.156612523543737669e-01
-1.370533279626106049e-01
2.894609065913988921e-01
5.052629554619836316e-02
-5.124764133393333587e-02
-8.094943543984803869e-01
-2.450812366664579800e-01
7.384402328486416867e-02
1.667440707718146065e-01
-1.738805490600318915e-01
-7.586719942869185607e-02
9.037854947876030609e-01
-8.819116562078934685e-01
3.729765350430347404e-02
3.268299011496339501e-01
5.025996276194717449e-01
3.170827050698884486e-01
-7.693422048111226985e-01
-4.942384916338306566e-01
-4.684551357446470332e-02
-2.601492866273587001e-01
4.574542490236742087e-01
-4.114556905326104408e-01
1.245013130442457483e-01
-3.501528813275218144e-01
-5.861295375278546826e-01
3.860843588199051046e-01
7.386417253108735759e-01
1.403760640734852683e-01
-9.906855630218280861e-02
-6.093960962278689442e-01
-6.433829053225564865e-02
-6.468560968964326419e-02
-3.147480263104003861e-01
5.914314778155700392e-01
4.467536910766258251e-01
-8.379961108226835487e-02
-7.165276478108408842e-01
5.611376502430187596e-02
1.885062183698287264e-01
7.812807370511367644e-01
-3.381872707308919423e-01
-5.228152870640140337e-01
-5.798490648284304605e-03
-2.716665088288350849e-01
4.127780746630771436e-02
1.921440361428432553e-01
-3.802901910928596640e-02
3.743358843121379897e-01
7.770779946540271599e-01
-4.006378250270506980e-01
-1.653711226875382856e-01
7.284340107321132241e-01
2.366851982873187654e-01
-3.841236934350800158e-02
-2.172631211358813930e-01
1.887465211658357345e-01
-5.553640927504124303e-01
3.971438446916842890e-01
-9.394555696105706399e-01
4.320956933984410053e-01
-4.933144857090952518e-01
3.515203298641133012e-01
5.896475636660514219e-01
2.835195231419830320e-01
1.815347946862457817e-01
-1.538376619992836147e-01
-1.771977824065333884e-01
-7.116252852290723130e-01
-5.014475058584115796e-01
3.706711386687954191e-01
-7.592609413694949572e-01
6.639242114323267163e-01
1.069144382124116444e-01
1.558836294508474385e-01
