3.503626080061950088e-01
-5.133866815956870111e-01
7.745976516536497991e-01
5.214328578011153681e-01
5.929389575450083605e-02
1.326016148543513462e-01
4.893445869209644417e-01
5.541820492800819675e-01
8.904827067849740985e-01
9.135104776431921536e-01
7.417200283888230050e-01
-4.800893852005740925e-01
8.909180845863249321e-01
2.321646942140772607e-01
-8.058879451633256252e-01
-3.090738423519322486e-01
-1.832009103501930358e-01
-8.366131706129587009e-02
-6.571401991375778184e-01
7.788177024362175072e-01
3.892180260358899524e-01
8.361506755781611400e-02
2.992995107010584244e-01
-1.220548452272437467e-01
4.585396691915513134e-01
-1.027901137826890743e+00
-9.490242002999400572e-01
-2.892261971183625047e-01
3.324221937949574657e-01
2.300508376667587118e-01
7.479771017784984100e-01
2.951954763895894285e-01
-4.683400868677753959e-01
9.958704111300664685e-01
-9.782611927925006778e-01
-2.753827411195025054e-01
5.471827243002715946e-01
8.845262834452798373e-01
-7.617047880479290711e-01
-3.223763727692188219e-01
5.913580067566537313e-01
6.456914911619147102e-01
-7.478177642431115268e-01
1.052323352319368466e+00
5.257965378454589889e-01
-5.663344346056722323e-01
-9.861858197117649993e-01
4.852724124685752205e-01
9.787358313390668307e-01
-9.367816378368705177e-01
1.487396460044663193e-01
-5.284362073728474662e-01
-2.178146231216634143e-01
-7.275423140189829496e-02
3.723059802033785726e-01
-9.780323630444160976e-01
8.329499885725505370e-01
9.350343275131076659e-01
5.039409933365091021e-01
-6.018038369465946724e-01
9.279760515711166224e-01
2.502600553159750607e-01
3.138110399186269106e-01
-5.793517799641734189e-01
9.585340727816366035e-01
9.799422609369075055e-01
-4.021600551732389395e-01
-6.789474683600813520e-01
7.613365351509135959e-01
1.462787621518877312e-01
-7.467358810517528145e-01
1.817703647281077028e-01
9.021855862131085146e-01
-6.924417337591546318e-01
-5.859721710652096016e-01
2.730737012132777863e-01
6.572070376576826245e-01
2.804848111493192242e-01
5.612831676217420185e-01
-6.813440166131133902e-01
7.975383513328099250e-01
9.424529920313848841e-01
3.060570483136570985e-03
-9.004014071303829692e-01
-5.593320575240834369e-01
1.530823592844513248e-01
-4.126498522519994605e-01
8.703703946383465340e-01
-2.486974861025209593e-01
7.451115277973157092e-01
-3.847189446623370257e-01
-4.796091703120468619e-01
5.566415108049196370e-01
5.858983734652958297e-01
-2.355471188693923912e-01
-7.893087167715497898e-01
8.877503790096938907e-01
-6.626639838082417841e-03
1.008956063165480810e+00
-9.835048099312154735e-04
9.489413910840873712e-01
8.282040960004652952e-01
5.646829928900097828e-01
9.331946996212163725e-01
-7.987622886288564539e-01
-6.088924186197375299e-02
-7.778430671541193553e-03
4.399516542397268193e-01
2.889089441057162144e-01
8.022180947566537323e-01
8.766909837702097086e-01
2.610762342865500796e-01
6.334976477356666358e-01
5.505912337180671745e-01
5.951197207236811337e-01
-9.592355734750361851e-01
-5.898121666373483674e-01
4.794916029351063980e-01
2.570795181890460634e-01
9.659739489532999102e-01
3.623926243680661852e-01
8.934405086451722156e-01
9.352715086975951220e-01
4.588794433987812837e-01
6.140285189463344784e-01
6.295705625352359114e-01
-6.236899672352180790e-01
-7.959294973122703620e-01
-7.784238079325853654e-01
-4.243201697643144699e-01
-1.416899713098877800e-01
-7.548116685185637387e-01
1.102945564025423320e+00
9.721956911165083870e-01
4.369310238475183628e-01
-7.586065214103432375e-01
-5.867033208114280640e-01
-8.220405391917600113e-01
-1.170187276455625369e-01
-1.349925846162914611e-01
-9.398576241197901249e-01
-4.673842698659159134e-01
5.858949070038148577e-01
-3.622918441598059758e-01
-7.222151321077776576e-01
1.861176380618179138e-02
-6.545411427095326751e-01
-1.161060625069591096e-01
-1.106625911195175949e-01
6.690909285241170013e-02
7.087618790882832531e-01
2.187174829203235582e-01
5.970993815378826675e-01
7.810742586679659816e-01
3.967085825516505904e-01
-5.834457361209158810e-01
-7.488447167776266511e-01
9.299431895283678529e-01
-3.299031610905363010e-01
6.547106566306628572e-01
-2.385947378130914842e-02
-7.594512557429666799e-02
7.841124028729971052e-01
-5.588014504971976493e-01
-8.016778152036514449e-01
-4.065086837169644696e-01
3.846682526146852910e-01
-6.082976074825199309e-01
7.999132688443024719e-01
3.049613398645166784e-01
9.546120866039398134e-01
-5.319366926978443821e-01
-5.970365756857310968e-01
-2.515823832674763949e-01
6.400752797630107072e-01
7.636624593139758055e-01
2.603260438159689105e-01
1.312621455084145072e+00
6.432242979379156900e-01
4.192041415350737932e-01
-5.537515704148252560e-01
-7.189036403822913757e-01
5.795074005306785070e-01
-5.504961986901883986e-01
-6.261317514917568161e-01
-8.974133566107781457e-01
8.280984558803765605e-01
6.512688994794821884e-01
8.033991810581129211e-01
-6.230871618981452809e-01
3.662888352696344607e-01
-4.446534455681749876e-02
5.078440630506825260e-02
-6.641582756149009281e-01
4.375863346038517676e-01
-5.378754196209351024e-01
1.103832877088221531e+00
-4.309668528149463995e-01
3.370593918172173353e-01
-1.202447699514948010e-01
-9.200865183914934686e-01
3.701716980962479475e-01
-6.645906502280416461e-01
-9.938392132308146443e-02
1.937343100649295824e-01
-4.314880081678247326e-01
-8.452965667478359313e-01
4.905648776565932900e-01
5.563228778439897049e-01
3.125835515661450348e-01
-6.150032719079308041e-01
2.070425785777652017e-02
-6.193291630021375838e-01
-7.730293185584238280e-01
2.191847420254289247e-02
-4.500719545072224825e-01
-1.084766743162673963e+00
-1.066649028083446193e-01
1.423540651283218827e-01
-5.235825571972831938e-01
-2.042672441196691502e-01
-5.593734408134112268e-01
7.119559194109277567e-02
9.170864467649877394e-01
1.108455674937155688e+00
1.703884814914347068e-01
4.228265900418745615e-01
8.246823281058821564e-01
-6.207510089435019918e-01
-6.695123001298179943e-01
-1.678303692818821358e-01
-3.495054148930984983e-01
5.339788109576882880e-01
-9.815014636519558966e-01
6.308217023769655540e-01
8.526488498296556084e-01
8.189241746151714185e-01
8.451206356863776303e-01
6.671156046998223399e-01
-1.697208559796283822e-01
-2.718657953032043162e-01
-1.713762593510007037e-02
-7.934507583127456964e-01
-7.290256240090369211e-01
5.340548164122703723e-01
-8.187768758068001418e-01
3.997365489332136423e-01
7.330766183920056633e-02
8.168513732587938669e-01
-8.462355813935952265e-01
-3.823218265964563600e-01
-7.390504325976410271e-01
9.832312665241178529e-01
9.273729872594345114e-01
-3.590151597740054434e-02
-3.447284458213800695e-01
-8.631503393684600844e-01
5.026921711996283904e-01
1.434807654067840055e-01
-4.470360602254730420e-01
-1.007344470946811565e-01
-4.008382586797032410e-02
-9.973155428906272935e-01
-1.644414395348088587e-01
-1.022055164546784578e+00
