4.653923649239148919e-01
8.633460410789861594e-01
-7.386951485503043813e-01
4.513532039619374547e-01
-7.112360540859792302e-01
4.958911519235129628e-01
-7.608893084274737095e-01
7.718617913166390121e-01
5.042078675631800344e-01
-3.586752692934656594e-01
6.060174692972816191e-01
-2.636933342345739728e-01
-7.998458957029908056e-01
9.377911436163903769e-01
-1.376796120404208956e-01
-4.216899937555267375e-01
-1.129475959802169471e-01
-8.273671956115667969e-01
-2.277110861651454876e-01
3.101876122643993927e-01
-8.019372034027441032e-01
5.627422723024396722e-01
-3.776994946664880004e-02
4.582193837406994819e-01
-3.394247351415340397e-01
7.093549949203308280e-01
3.803655927969218364e-01
-2.287688996444310063e-01
-3.914015119602223813e-01
-2.856523413920423748e-01
-2.718159930254130385e-01
9.845612166717521152e-01
3.316379973735996689e-01
-5.502518906672653198e-01
-8.010496900547230403e-01
2.255136248003362098e-01
-6.823778630733964290e-01
-9.596926874812481412e-01
5.101086129391307900e-01
9.634935001826561152e-02
-5.215932542399807081e-01
-8.243205389173189346e-01
-9.611297398793132718e-01
-5.065319833562575980e-01
-4.427572009773649286e-01
-2.051968374415245877e-01
3.173595133317984041e-01
7.598299248945661333e-01
8.546480943332117608e-01
-8.711139177830080627e-01
-7.091494873487954598e-01
8.323298400670934294e-01
-7.661916996106845623e-01
5.808919465646398272e-01
-7.392487162016019298e-01
-1.690942958234646909e-01
1.722009619574464689e-01
3.051291534428900998e-01
-5.310297940000358041e-01
-4.271883494345710686e-01
3.791491761056307030e-01
3.425792850954614277e-01
8.085991743392251241e-01
4.555572300202093139e-01
-1.302409857764484646e-01
-5.836967391104364022e-01
5.281186970471153375e-01
-1.109099213506778980e-01
7.279781655893090564e-01
9.267162260494168358e-01
1.522564201361694403e-01
-9.890863650035621735e-01
-3.037676991770585921e-01
-4.109395977335704164e-01
-2.102273918972324407e-01
-3.273522208208317075e-01
3.112322895228889497e-01
-3.231856713281699434e-01
4.738245220959637072e-01
2.437462944319732649e-01
-6.632121228860512474e-01
-1.000000000000000000e+00
-1.360517139029210343e-02
4.095685977551919432e-01
5.053024742217020471e-01
-2.686455821427393698e-01
3.179347083561268050e-02
-6.587863226556778251e-02
-4.567673936825311642e-01
-7.423020341648121079e-01
-9.570096701424790631e-01
-1.236014849455571163e-01
-2.210655331635803522e-01
-5.636580922968648100e-01
7.500110939261519505e-01
-5.416883237025629239e-01
-7.606892119969890231e-01
4.432552488354203346e-01
3.905399804013800491e-01
4.188600631767665228e-02
5.258321012601755440e-01
-7.177936462880234458e-01
6.210558288836451890e-01
6.386298058722166271e-01
-5.127932761173542575e-03
7.171745498507555716e-01
7.862484168282821706e-01
-7.127234967805262666e-01
-9.616482986847527670e-01
-1.000000000000000000e+00
-6.196911515289327266e-01
9.342005095345471410e-01
-4.474255357069720773e-01
7.605673603441714947e-01
3.590778343452736276e-01
-9.887205199370074915e-02
-5.291659227447365055e-01
-6.458199754697022676e-01
8.502254103619377723e-02
-8.213580936787845399e-01
9.717644439291579506e-01
-5.251954938106193627e-01
-4.520688978193602714e-01
-3.333474328956864685e-01
4.741985730369651098e-01
8.620522960176614236e-01
3.948544435756843884e-01
4.376077484499725223e-01
-7.332826056346193333e-01
4.223515849088528284e-01
-5.654948014387808364e-01
4.359898778840487488e-02
5.981073239315219947e-01
-4.613116657120737152e-01
2.733057855110645473e-01
-8.188049212922314801e-01
-7.740122761339742752e-01
-7.747048857390486098e-01
8.563739252152373638e-01
-5.532859526953697316e-01
-9.066154087204192358e-01
2.115150361410611524e-01
6.388770479845691241e-01
3.837261686357183732e-02
1.485095806004785857e-01
1.606647226510093951e-01
-6.977484212714946121e-01
5.142326595086341712e-01
4.990157992712023205e-01
-9.238349861094437010e-01
-6.838885213278215192e-01
-7.543386639672764460e-01
-9.369799158384140014e-01
-4.552144448708596580e-01
-5.790834961039715845e-01
-2.093418190079795738e-01
-5.756180719825715331e-02
-3.808540194870068119e-01
5.253496680302061073e-01
8.085559897150118580e-02
-4.510120921550782036e-01
3.921981134000119273e-01
3.320377503095708338e-01
7.909217061500006807e-01
-8.410348944721812714e-02
9.409226016155347594e-03
-9.397479185090881204e-01
-8.580037030668887787e-01
5.499497118087807168e-01
-6.938391022176393363e-01
4.757173543527409287e-01
8.588045978363254562e-01
-1.000000000000000000e+00
-1.491955856311657502e-01
-4.678475037641119383e-01
-3.283384578052035430e-01
-7.188327528670512834e-02
2.698566418457533089e-01
8.777079344458353916e-01
-1.000000000000000000e+00
8.620656295617512566e-01
-4.154930714424523996e-01
-1.000000000000000000e+00
-9.044408351120916123e-01
-3.352756063455341468e-02
-6.802644274156137705e-01
5.787621146260919502e-01
-5.773750817558949144e-01
1.993309939643452822e-01
3.793463197422093369e-01
9.375218027431870826e-01
8.219267202575957221e-01
2.908912023238634514e-01
7.815437332276167215e-01
1.749621369298634266e-01
5.473373670827691440e-01
-5.190683627463592575e-01
-9.682366770747694584e-01
2.019877408062165092e-01
-2.825541111912064363e-01
-7.738653109254217677e-01
8.038644813006090573e-03
-2.394413624525081330e-01
-1.425901359271255497e-01
5.453430904323973705e-01
-9.982075105043732854e-01
-1.003160494874469344e-01
-2.790279934758790326e-01
5.494348560220959632e-01
-6.006139856646923458e-02
5.202049790664178275e-01
9.554871248897796043e-01
-3.036375548002867020e-01
3.154689171630369326e-01
-3.861229516865132272e-01
-9.391538179558213129e-01
-7.173016741232096649e-02
4.372872312597551048e-01
-8.000465889076968651e-01
-3.305466327870524301e-01
-2.419834834737235110e-02
-5.083382221042070936e-01
-1.432577119185036718e-01
-1.305589557909868359e-01
2.447459457302156860e-01
4.898882803028728472e-01
3.089679093801787069e-01
-8.715839913538947492e-01
-3.252514049470107138e-01
6.271513306897655848e-01
-4.559641934972671340e-01
-1.040797256322278375e-01
8.775745376163657241e-01
1.000000000000000000e+00
2.109932837168232433e-01
2.052917833806846559e-01
-4.205395376447575995e-01
4.446781381053063198e-01
9.146910277485698071e-01
-1.324633441814435653e-01
-8.799592235296038734e-01
-1.155516917186042158e-01
-7.412780368478618653e-01
9.916501831129257427e-01
-2.172650851790278170e-01
5.776492784860987051e-01
4.610007600194141464e-01
-6.423186623275403684e-02
3.109659607729526876e-01
-2.140576551634007507e-01
2.513892563014259451e-01
1.829421190410103482e-01
-1.438485393958046643e-01
8.623585800471831320e-01
4.296090624875235076e-01
-7.378114459074920362e-01
-9.414755226733549920e-01
1.290933462269220899e-01
9.750451379107827332e-01
-9.325911438268784659e-01
-9.779766986902874160e-03
8.315288222881089819e-01
8.276455581993500399e-01
-4.041934405551178555e-01
-6.446264087651193408e-01
