9.779208703720951301e-02
7.250129841777961381e-01
6.159566506982228073e-01
9.145820062049909716e-01
-6.739165261958590669e-01
7.884774888335306375e-01
-9.081320115472464316e-01
9.570212935062412107e-01
1.690448354656222396e-01
-4.804689133929185285e-01
-8.436663085924176464e-01
6.674160124440476904e-01
-7.210402279847284435e-01
6.653278139167526639e-01
-7.418036074029155102e-02
-6.287048109711437238e-01
6.333391267015444637e-01
7.700951033471513663e-01
4.006348664246524027e-01
-7.355002076446588433e-01
4.963421206369443839e-01
7.419701769734490249e-01
5.814582454551531221e-01
-8.611260259463069389e-01
6.116230500955931459e-01
8.501799102942716457e-01
-6.604476547454990465e-01
-5.734621031137957514e-01
-7.782670229272291573e-01
-7.494263042001686470e-01
8.736649737909889524e-01
-2.998077106660932412e-01
3.278110793907412779e-01
5.587721396770604088e-01
1.577058907154713641e-01
-7.074599594793017365e-01
3.664426722679654524e-01
-8.399553652240467905e-01
8.054655978406686234e-01
3.510169367039678301e-02
6.967540541050170066e-01
2.425753729336388442e-01
7.835631061388924623e-01
-2.212518504898304261e-01
-2.415820678467451021e-01
-1.098581598950847393e-01
9.656583605174140494e-02
8.859896266936856390e-01
2.101245928129195223e-02
-3.267432417902934039e-01
2.901533671709128903e-01
2.554358158906587239e-01
-6.007799400108707610e-01
-3.430921611123458614e-01
-6.395067604738988720e-01
1.185188997410805412e+00
9.981335639582393782e-01
2.613307009398604941e-01
1.043793261765192659e-02
-6.970514717000228511e-02
1.797972618207983597e-01
-7.340358981395889160e-01
-7.451787572028225615e-01
-3.061208913092028361e-01
-4.894787072610706780e-01
7.345932782027179142e-01
-1.063097493322845422e+00
-2.104826173651800914e-01
1.877516856250043276e-01
-7.049259642347686095e-01
-3.832371136711816839e-01
-1.576175410048937242e-01
-1.309145122208789369e-01
8.590019450617502050e-01
-6.400413063997978380e-01
3.896940592321571639e-01
-5.772298890055108656e-01
5.832822800168528943e-01
-1.680451776208889414e-01
-7.867558319949177204e-01
1.859979527583573850e-02
2.370315466020465056e-01
8.396349927714120975e-02
-3.848844473035802904e-01
9.573099416527597327e-02
7.384657029214979351e-01
4.701355354310432499e-01
1.399124863026108612e+00
4.190912687053491847e-01
9.719981651267505240e-01
7.471691585210957776e-01
4.811851947303427135e-01
-1.647425321949631538e-01
1.066409520314992809e+00
-4.688916759426169367e-01
-3.310022819114706305e-01
-3.378086997425341909e-02
1.739914938624579355e-01
4.269452407364721092e-01
-5.237976139846003409e-01
1.576228502691865430e-01
-5.506746948767362593e-01
-9.499712832696443066e-01
2.012973227085013972e-01
-1.197758851073842168e+00
-2.029515337126539809e-01
4.293045383139601490e-01
8.314172131935951837e-01
1.115249376057545483e+00
-3.965827821786251928e-01
-7.548997710418878793e-01
-1.097991407619187676e+00
4.980051331622800115e-01
1.864193322346961723e-01
-5.386935260301549677e-01
-1.384181979111254179e-02
1.936912215771665613e-01
2.523657673427244785e-01
5.129097070212513820e-01
5.893938802417044709e-01
-7.524257347759687464e-01
6.311394244074135518e-01
8.029345651282406848e-01
2.755798610585227792e-01
-5.809004928086369812e-01
-9.067731403441794402e-01
-7.312528032770677644e-01
2.014599766616776977e-01
9.076576396623569076e-01
-9.936179994100871604e-02
-3.792208349957552072e-01
-2.616637503480654381e-01
-2.681901610624179422e-01
7.839047029426029489e-01
1.456423821142434905e-01
9.380401749280481427e-01
-2.491034516173484814e-01
2.775286476867933061e-02
-4.338334813459803208e-01
-8.038176221166347668e-01
-1.220441052632643686e-01
8.620812375672967098e-01
4.569580595531130274e-01
1.090743564296926094e+00
3.253091239400647261e-01
-3.589295788403895626e-01
-2.381256160639445008e-01
3.635978566524510347e-01
1.427486599781863791e-02
-6.005542160085775016e-01
-4.510600863780904746e-01
5.074986938319874241e-01
-4.628878467829022902e-02
-1.607221870574060407e-01
-2.438153446237738553e-01
9.800535284859768215e-01
2.248799803069042036e-01
-7.646969310995910263e-01
3.803742767483120346e-02
7.257081906161887419e-01
-2.648868917187336969e-01
-6.441083198111942076e-01
-4.382010036061994018e-01
-3.341674370464146060e-01
3.458650015574308428e-02
-6.153718851423101155e-01
5.629267367230668118e-01
-6.774774631960636118e-01
5.054126480650742437e-01
-7.978038932882449696e-01
-2.480720341335310997e-01
4.632816354783877433e-01
-2.859327236871054834e-01
3.712157657387885057e-01
-1.666115957729542296e-01
-8.433944385759687412e-01
6.815051420587758813e-01
-7.706166220716962334e-01
2.396508518351756489e-01
2.347480772523168058e-02
-1.065808639000610514e+00
-2.350923783886746943e-01
5.618445754300999129e-01
-3.083916788961542643e-01
-6.502122093579070228e-01
-4.260052701866794966e-01
-3.478811048763176816e-01
4.090981177988922135e-01
-1.338633182619652362e-01
-6.982200359243684318e-03
-8.145444645073829371e-02
5.387892902989299682e-03
-4.601731088070375453e-01
9.125696799712619267e-01
8.819450124609242714e-01
-2.725663230503201362e-01
-8.929906617277362235e-01
-5.066956865899056028e-01
5.822010236508236014e-01
8.562667664354826902e-02
9.897208072609322560e-01
-2.908180841075387879e-01
-6.347490434428506578e-01
-3.655713256692530999e-01
4.375823582744240436e-01
7.722049912697780127e-02
-3.215311766889192291e-02
8.046293151060147919e-02
3.000925965572741605e-01
1.810130327326238686e-01
2.014165947223982844e-01
4.351034191874032508e-01
4.029279326808216655e-01
-2.594724556549754535e-01
6.977256249045620251e-01
4.935193358337676139e-01
4.348734850330471247e-02
1.004369426008477673e+00
6.904052630554856351e-02
-1.306846479845840125e-01
-2.713234891842775109e-01
-6.923151446967126255e-01
3.574304114926649678e-01
7.399008568742593273e-01
1.623790728392839888e-01
1.178336139077022782e-02
6.992407625694162243e-03
-9.570129821189163888e-01
8.601537629147528730e-01
3.835921926696150286e-01
-7.312150233397458621e-01
-5.689564892375379435e-01
7.416882210470524539e-01
-2.674396672270087927e-02
-7.574723549556142688e-01
1.285026751936855782e-01
-5.249056892198545876e-01
-1.007555471012833603e+00
-7.132299955273120329e-01
-1.602420980501382264e-01
-1.686042164219299366e-01
-7.517138606518461996e-01
-1.564503002751998773e-01
1.827325641786355925e-01
-5.990145306301770667e-01
-9.567341146159684673e-01
-1.222308616098003314e-01
2.654741801650978839e-01
3.102035493474477601e-01
-2.853445733906971871e-01
6.074791273880747466e-01
7.729154765406645033e-01
4.262808049079134798e-01
-4.398163094390602490e-01
-1.609816666062151569e-01
-3.182797845053627062e-01
-2.585489151020907705e-01
-4.509766548446334511e-01
1.221055797079756283e-01
5.023339281928821398e-01
-2.972484582883190840e-01
-2.371641419422725328e-01
7.161925165185381026e-01
2.389712944832456110e-01
-2.193497282675530013e-01
