-4.981122003619802840e-01
6.446500217237109975e-01
-1.301734769926530810e-01
8.779597853422932419e-01
5.092721208348174322e-01
7.776407909402996976e-01
-3.501305832067902468e-01
3.210032860327995952e-01
5.960605741395129664e-01
3.778815537360596943e-01
9.708840472823737633e-01
-8.056890835164599585e-01
3.261566181144208709e-01
-1.855859157782914215e-01
9.975231326553444244e-01
-1.000000000000000000e+00
-6.756475142087792207e-01
3.699889890049111729e-01
5.600464370074776932e-01
7.994425915786274039e-02
6.833262316008095194e-01
-9.469558959322146863e-02
-7.424084853983925480e-01
-3.023361829096276598e-01
-8.524642870783074589e-01
7.615713142369628930e-01
6.440269665951530165e-01
-8.664394978555235438e-01
5.093100060785900329e-02
4.513236511109286475e-02
-8.741780376661301144e-01
-5.656028127494636681e-01
-5.562677982362623785e-02
3.812961978482385383e-01
8.132104146502601161e-01
4.188482745111166139e-02
-4.547785358536434175e-01
4.783891235860085467e-01
-8.798778925806772788e-01
-7.401965959370058190e-01
-7.449469406889158707e-01
8.046664848001587877e-01
6.954175383123504250e-01
6.813613769787336960e-02
4.648265499139262458e-01
-6.046792937875443419e-02
2.390398471626769827e-01
7.028884334006980927e-03
2.729633474788393244e-01
-1.562858168184212138e-01
-3.854302681251314810e-01
-4.558547988650785143e-01
-4.001022398564719751e-01
-7.700622174487360416e-01
-1.690582346196400562e-02
2.483192508259903231e-01
-8.636225499541673178e-01
-5.237876171304944872e-01
-6.575359094909237756e-01
-1.913116211492313090e-01
-3.013915550827289680e-01
5.131996306186793477e-01
1.491637284942030905e-02
1.977667475837384947e-01
1.999984676215822710e-03
-1.889072910335444222e-01
6.815286642766411607e-01
-7.152273106872919506e-01
7.927461903883805672e-01
8.331354885257789000e-01
1.665177515601468372e-01
-7.740147070638154769e-01
4.679053442114411432e-02
-1.000000000000000000e+00
-5.255670700839192300e-01
8.517892336220694860e-01
-1.290655988876903693e-01
6.080982016956369973e-01
7.310506130557739013e-01
-4.457566959307696086e-01
4.040065806530851455e-02
6.835237435516849924e-01
-1.000000000000000000e+00
3.615326145358434967e-02
5.700074234276325535e-01
-4.978910048430764124e-01
-3.863816019889492193e-01
-1.000000000000000000e+00
-8.001699446382412040e-01
-1.000000000000000000e+00
8.559882324518747199e-01
-3.661410225031440646e-01
9.192498310941428219e-01
-7.078374442180114523e-02
4.793495205307392037e-01
9.437801346653205137e-01
9.176352848205666657e-01
-1.912845304027729898e-01
-9.268430759378101236e-01
4.332770028104891979e-01
-6.588793928186620352e-01
-3.738145569443847571e-01
2.178178999732682253e-01
-5.038429402568507243e-01
-2.826245532530894389e-01
-9.734097531458876240e-01
-1.990298643419531333e-01
-9.286697350247506977e-01
-3.837683474426266672e-01
1.539840936310227781e-01
6.122888005928586175e-01
4.826862020146009957e-01
-1.344095385598427506e-01
8.002463571734240722e-01
3.077262643964855382e-01
5.311331568735140618e-02
-1.339092115450934706e-01
-8.360998221049003032e-01
-6.589299157255570361e-01
-6.695967539059111129e-01
2.573351426613768034e-01
-3.237784902570092216e-01
-8.285401994439779427e-01
1.606311617164180028e-01
6.251596702167192543e-01
-6.425045780332437895e-01
-1.144764170239331302e-01
9.099302867556816055e-02
7.423245878936099995e-01
-1.874111339804798715e-01
6.683590365149940649e-01
-3.293155766877089441e-01
-1.502808599209864704e-01
-7.677971795667494215e-01
6.481883661940048003e-02
3.798902476947826901e-01
-6.600532569786004000e-01
-4.318318046102617713e-01
-3.423703602606347762e-01
5.586318230961525577e-01
8.186943194937131019e-02
-2.882686201195248099e-01
-1.792057909175241437e-01
1.000000000000000000e+00
5.299679876884175744e-01
-6.001210852532619100e-01
-1.004688806469544171e-01
4.418528742055247149e-01
-9.999041462611483189e-01
-1.004108894836057281e-01
8.697265025434192109e-01
-1.800067284060700989e-02
8.002228203352849123e-01
-6.975269128797886298e-01
-9.031536259730319482e-01
-5.392308606291332240e-02
7.423798078215980700e-01
5.277493982472760692e-01
-6.768647949299995137e-01
-8.767883190891343492e-01
8.161292052079669457e-01
-4.876870155979226573e-02
1.906399972108209842e-02
4.891739700579875172e-01
5.057113375249284726e-01
6.937780059462833604e-01
-8.312368790922333162e-01
6.388854872688316533e-01
-5.598515987699279606e-01
4.835338895114187907e-01
1.089116490621548361e-01
4.195447238593592587e-01
-3.568525517454305129e-01
7.974492728118151019e-01
-4.916436802607465073e-01
-1.982191187126354226e-01
-3.428494623357511983e-01
-2.765937863947536268e-01
5.677919747328405986e-01
-3.493856881740296516e-01
-1.941432968366269551e-01
-7.061432528062727698e-01
1.000000000000000000e+00
-1.247749433082448456e-01
8.430611229788685934e-01
-4.936870593295102916e-01
3.883672171531124540e-01
2.425825551145366910e-01
-8.464436132027413073e-01
-7.772757149876299287e-01
-6.385275147633390214e-01
-8.988065526743534983e-01
-7.598164136748213060e-02
-3.191277486422048337e-01
-4.989430763005366920e-01
-3.164377560236448783e-01
-9.441268757827504521e-01
8.056707523542125382e-02
-9.268543496318499830e-01
-1.000000000000000000e+00
-6.306197600052133589e-01
9.008340885964744027e-01
-4.751109542800723284e-01
-9.017167640790830774e-01
6.800907941076931307e-01
8.706465310263675761e-01
-8.248665877774911115e-01
-1.984350019066430659e-01
-5.985066206612249529e-01
6.920261395139523097e-01
-1.000000000000000000e+00
6.763843392858465142e-02
-1.435123846010873949e-01
1.000000000000000000e+00
8.100519786415728563e-01
-5.577327888917794629e-01
6.078299328019395320e-01
8.856086020499391864e-01
4.620980505871600252e-01
-6.124308737344461018e-02
-6.603285800037342890e-01
-5.156917547100341448e-01
-4.991873350431048628e-01
-1.237658758071788628e-01
-5.102225157591504523e-01
5.412979070501582335e-01
-9.546229181367182903e-01
5.948234268064059860e-01
5.878894619717034420e-01
-6.778654315294982968e-01
-7.848634607222972903e-01
-6.716589166954161083e-01
-6.862132853077385075e-01
7.277484317660168900e-01
6.850764853922362008e-01
7.878462431182023384e-02
-1.662770823209919757e-01
5.638691118755404519e-01
2.231640122433296014e-01
-4.889471022107385600e-01
5.939210291454271040e-01
-8.060555485473577253e-01
4.277200921541318701e-01
-2.598009011559960779e-01
-8.445793970989302624e-01
3.163691892761360536e-01
8.523345301491805914e-01
1.000000000000000000e+00
-3.953443845710807314e-01
1.750871953812510595e-01
-1.716660209206233578e-01
2.007610660330724772e-01
-1.969314337280909100e-01
-3.547315768272208958e-01
9.128782285261797247e-01
-2.626130550657036766e-02
-6.429764310484042955e-01
4.515108698795203268e-01
-6.919930363948010310e-01
-7.690162304034513507e-01
-9.287466204253166380e-01
-7.470859993154441714e-01
7.138901763094618325e-01
3.592581792689771847e-01
1.920882047965248862e-01
