6.190205085860170930e-01
-7.261035688828899604e-01
4.196585274494579743e-01
7.432501635239829874e-02
-1.026275695763466667e-01
-1.428115200943041729e-01
-1.728125816979075857e-01
-8.828106910678182317e-02
-4.647206191927974461e-01
7.107074324007621735e-01
2.293009835398428509e-01
3.882673831083755522e-01
-7.440050177541424059e-01
-6.181798845730334113e-01
-5.558089989621796123e-01
7.480016109368481381e-02
2.775063360118901201e-01
-5.699440294048874200e-01
5.545892049503036159e-01
1.446702094567950680e-01
-9.909459474559709213e-02
-2.291098852206852332e-01
-2.677002010710428648e-01
-7.100146752609305389e-01
-7.871234718637432071e-01
-5.418695077082203992e-01
-3.382442722759479992e-01
1.546812133490423902e-01
-7.079153586541246934e-01
-2.533214573102166717e-02
-6.293660898913777668e-01
-9.759478789261606391e-01
4.091185948976574505e-01
5.019221257057893126e-01
7.565658265263428550e-01
1.074049115037273294e-01
-1.000000000000000000e+00
-4.083855296563251303e-01
4.005980147711637462e-01
-8.866481450700678391e-01
-9.513446041497287675e-01
-1.463476481425818321e-01
-6.187714008442732894e-01
-4.605694451243542709e-01
8.387212122757177202e-01
5.093972645208071359e-01
2.254435825281251027e-01
4.288216441770659193e-01
-8.597495433611617166e-01
-1.000000000000000000e+00
-6.530203294780028145e-01
-9.315935717616260492e-01
-9.947735573604294945e-01
9.208935122801898965e-01
-6.626391398997739657e-01
1.242029773356823352e-01
-1.000000000000000000e+00
5.686380891868609844e-01
8.203082227359280720e-01
2.864833577291996392e-01
8.369379625848579751e-01
1.681735503637900309e-01
5.129638346966363116e-01
-3.568359553761752401e-01
9.467293146772761681e-01
-1.310175075776296993e-01
-1.737938643069709688e-01
-8.267103866193770134e-01
-1.761261379023970619e-01
-1.000000000000000000e+00
6.348361268874183061e-01
-6.473185741573799223e-01
6.926164124719489390e-01
1.061946611240819210e-01
-8.401151220447681256e-01
7.371031568010402157e-01
1.515753366808059166e-01
4.535209295325024481e-01
1.327429663995332021e-01
-1.642097520359256657e-01
-1.395339909916346738e-02
2.675494721449176438e-01
4.046470950482872753e-01
-4.248276792452929107e-02
-7.005916743111721967e-01
-3.991764457395792220e-01
7.363192500232397519e-02
9.042661941187623009e-01
6.914844293839912392e-01
1.956050966884803344e-01
-6.559352268343335846e-01
-2.970118559811476544e-01
-8.941953392564565561e-01
-4.711155220963459955e-01
6.619830138717357482e-01
-2.540134676007649861e-01
4.341969943453147934e-02
-5.748289025268300545e-01
4.742150027171094795e-01
-1.875311040080218650e-02
-1.000000000000000000e+00
-8.069792411105627394e-01
-1.228419895881810858e-01
3.462394471879354230e-02
7.749796894099048039e-02
-4.793396318670014589e-01
-1.000000000000000000e+00
-8.426304395339849762e-01
7.687432233677398141e-01
-6.106290938108086541e-01
2.795288512936808800e-01
1.775471305648297637e-01
6.824685294792142143e-01
2.493084995835390394e-01
9.001736932177960560e-01
-3.917559381829583964e-01
2.612667582088683549e-01
-3.553908756511480749e-01
3.996927698871444168e-01
2.425128058903656958e-01
-7.204186534337990722e-01
9.060260506960416960e-01
6.303602101959929760e-01
2.398435543711406326e-01
-3.971205569567715643e-01
4.358357347221192279e-01
-5.022573865051717379e-02
-3.412590081572944856e-01
-5.486456410526828753e-01
6.243756435972371843e-01
-1.783824487243654000e-01
-3.178623676169528012e-01
-1.000000000000000000e+00
-8.900173168065490525e-01
5.042521307462866087e-02
-5.510012242403949934e-01
-8.576052643486280491e-01
2.320229369559768939e-01
2.333155947741747394e-01
1.881027393800194514e-01
-4.444865195030912042e-01
4.449114366746334537e-01
-4.824487917177476826e-01
-9.691431868276054740e-01
4.857727802079932489e-01
3.215171458639332069e-02
7.856753933046982663e-01
-1.000000000000000000e+00
-2.021864205123350966e-01
4.720194681991734531e-01
1.092286679017765300e-01
1.870354040097154669e-01
5.308130552435871286e-01
5.948862744057415997e-01
4.783463509698471228e-01
-5.973602496738814605e-01
-1.144103242604275206e-01
-5.272051453813338950e-01
7.843205244565563117e-01
-3.078156861419423240e-01
9.052134553224411295e-01
9.678554473888201226e-01
-7.861042909186155558e-01
8.183856992783655748e-02
9.931501649836105283e-02
4.381659514352698737e-01
4.073433637946829999e-01
-1.000000000000000000e+00
2.801670665867565524e-01
-1.000000000000000000e+00
-5.425366137234485242e-01
-8.115937851977128581e-01
-5.852525654101780050e-01
4.416171027205373911e-01
-1.000000000000000000e+00
6.133094273781287686e-01
4.070712518925830303e-01
2.472707843615704892e-01
-8.974910894012908535e-01
8.686339374504457034e-01
6.514029082715504515e-01
1.807410529302488356e-01
-8.067672194355599569e-01
-5.238710999093922904e-01
-2.498455701872034640e-01
-4.780903191623168680e-01
2.131231120612787078e-01
-5.912113494523667523e-01
-1.000000000000000000e+00
-1.977831114125996326e-01
7.486315209827071326e-01
-2.279785201171426190e-01
-2.551799099692577677e-01
-1.550183955796569091e-01
8.086147678874991973e-01
8.679600613404393483e-01
6.494181590108304425e-01
1.693879222381491356e-01
-4.742680138157014946e-01
-9.286382903944261358e-01
-1.124496151846123421e-01
-3.908262985843836135e-01
-7.247585302346054581e-01
-8.094393328855324921e-01
-3.170430728106528040e-01
-3.987277601201354993e-01
-7.796317357500787137e-01
6.872503048702905959e-01
8.311175552730466487e-01
4.230769248912928937e-01
4.457788535427378296e-01
-2.654219952952840966e-01
9.215543614176544551e-01
-4.710800340385229990e-01
1.000000000000000000e+00
7.682116864481862706e-01
8.697879329981164642e-02
8.128443217713240410e-01
5.789012817551069112e-01
3.974572913360127635e-01
9.857387545377566118e-02
7.914614801714783265e-01
1.994560834986400799e-01
-2.893380382605117984e-01
-6.595649209487394193e-01
-8.170672495993827056e-01
2.019089581637569519e-01
-7.531872563523362984e-01
-4.449143881261777289e-01
4.109004834953552399e-01
1.981384870484003968e-01
2.352845062235531248e-01
6.230204317454451912e-01
7.427436398427454955e-01
-3.422544657484416497e-01
-5.069754235175505386e-01
4.894727515647646632e-01
-8.074627012332737941e-01
5.046356462426271339e-01
4.588904610166184006e-01
-4.177660259923641206e-01
9.854608155321828988e-01
6.494619039239770686e-01
-5.740334992623676857e-01
3.034770919122631860e-01
-8.652254884152337233e-01
-3.376868264311622125e-02
6.409471886458433243e-01
5.863056596676876620e-01
5.307269238724467986e-01
3.384534301457733929e-02
-9.315538316672857810e-01
-6.717538384141243935e-01
3.099184599911085636e-01
2.233591500597247315e-01
-7.295887756124370682e-01
2.633312343284118229e-01
-1.000000000000000000e+00
6.459701985285599690e-01
-2.185596996509902024e-01
1.000000000000000000e+00
2.998785981124588718e-01
5.783998465721955640e-01
7.431352349634680055e-01
-8.867608101375745733e-02
