-2.403636601976882892e-02
-7.802420797135978248e-01
-7.714491717762461676e-02
-8.013308703202572936e-01
5.262403899106484761e-01
-4.314351597002087368e-01
-7.655107202659910959e-01
3.320096354272049632e-01
-9.456875886238913509e-01
4.334715390410192465e-02
-1.736931475164882333e-01
-6.298608519951642837e-01
-7.270806729387178091e-01
9.352752345270530787e-01
-1.992320488089702191e-02
5.813247221552843014e-01
8.118207219205997305e-01
-4.644334780945805902e-02
2.877243718533513128e-01
2.219203250025020280e-01
-2.985964192898936109e-01
-9.858742289888583477e-01
-6.677641889541413578e-01
-3.416330629961513154e-01
-7.073734630680479363e-01
-1.891775305578359823e-01
-5.135526990426340088e-01
-6.251024590874938447e-01
-6.008828009781458368e-01
-8.868142388523407582e-02
-7.312496461596224018e-01
2.864977378335277769e-01
1.070982397418306364e-01
7.950827580650333681e-01
-1.000000000000000000e+00
3.355874280779551633e-01
-1.090439736273429716e-03
1.000000000000000000e+00
-5.620485052666803760e-01
-5.678690706640838748e-01
-2.945629577581216352e-01
-2.714933136900045674e-01
5.923263395139484189e-01
-6.840594656750413893e-01
-1.716980747254719386e-01
2.478290506857148134e-01
-8.818273038045036927e-01
7.362479706111340061e-01
-9.371664104645034410e-01
-1.000000000000000000e+00
-7.434523738574088103e-01
6.030365615558236358e-01
-3.551525015105133076e-01
-9.210034764697201393e-01
-4.583482975135461657e-01
7.497414586404809178e-01
5.582891236334017737e-01
-4.578883896374223994e-01
-5.048748881183465209e-02
-4.487517597764793809e-02
5.593424371020997432e-01
7.863003679458318018e-01
-9.648724981868742612e-01
-4.498984179738109157e-01
7.744873366206964649e-01
3.098199670015846507e-01
-1.759071674381764150e-01
3.364246985422418845e-01
-1.374144245194827696e-02
6.487048986185305344e-01
-4.218236465330277296e-02
-8.175706354142620036e-01
-8.850670537897930013e-01
-2.926728071908532014e-01
-4.824301902365117356e-01
7.546796301928559991e-01
-1.000000000000000000e+00
4.621942500483590122e-01
4.960709890160194258e-01
5.008597771705409762e-01
2.182096062781098689e-01
6.806909977895241326e-01
6.379760781760706045e-01
-7.782971813760786173e-01
-4.357759701555665721e-01
-8.828958621231237647e-01
-6.898638601639990320e-01
-8.964884755914421799e-01
-8.831209374159239012e-01
-5.887356851028220373e-01
5.705124168320151457e-01
8.450104192208734988e-01
-1.221544256717590343e-02
-4.595680144036538017e-01
5.172387357624006476e-01
6.202932966831018469e-01
-7.937733414897304440e-01
4.632310053614838719e-01
4.380223910090319528e-01
-5.819151914810388737e-02
3.629914708110115185e-01
1.201442786332606039e-01
-4.235536865116398819e-01
-3.778999219913243834e-01
-1.000000000000000000e+00
5.763594850343791709e-01
7.902039491361234624e-01
-3.697604599119561630e-01
-7.791579171246357793e-01
-5.653061239554351136e-01
-8.902935285135017418e-01
5.244929999564817980e-01
6.093695612252491012e-01
6.979378800551101492e-01
-2.257630462011899486e-01
-5.628923797621634417e-01
4.479178421053330861e-01
3.577984220590056941e-01
3.652667190886170756e-01
3.780645450875095848e-01
-7.671754725142317932e-01
-6.436925987359676249e-01
-4.469945160034097809e-01
-3.020077197710515082e-01
-4.176632559864941197e-01
-4.423676259147468759e-01
6.898491892720347574e-01
4.445425273990809001e-01
8.543833105063057820e-01
-7.475098277298150018e-01
-1.000000000000000000e+00
-4.380924494225920118e-01
9.038993957000343027e-01
-2.713462550128709627e-01
-8.407996998876891004e-01
-9.038939875931031320e-01
-9.188086510153090636e-01
6.578152465378035441e-01
-5.704926742833182907e-02
-4.585165188716827656e-01
-9.543821433324232162e-01
-8.989970099341322296e-01
6.011344047188331707e-01
-4.684999803498294257e-01
1.767971774683623487e-01
5.530095530978499513e-02
-6.614751155042921660e-01
4.005162164945404446e-01
2.683751556991813558e-01
-2.661076759515560997e-01
-4.521462293000453325e-01
9.939781042015098933e-01
3.197993428843233232e-01
3.048256877442802604e-01
-6.326547101304775822e-01
-1.177275567280270385e-01
6.627670694390552786e-01
-3.054402753745051879e-01
9.372079830960853286e-01
-6.775065391733302578e-01
6.322620377495921651e-02
8.733367906757423249e-01
-1.836074602947812551e-02
7.516586314853925810e-01
1.000000000000000000e+00
8.962238518218126337e-01
-1.360747397256320823e-01
2.108674027054763256e-01
4.821984505096936768e-01
-9.015992127024090586e-01
5.784966198056999964e-01
2.756140219632594590e-01
4.126152167568704621e-01
7.599831741968322563e-01
3.620225950772871792e-01
-2.297452380470758615e-01
7.140706302149708584e-01
1.846846180750849331e-01
4.803713379443433351e-02
2.037994257279066856e-01
1.696903717849234106e-01
-8.271081442285747043e-01
7.364081976339140745e-01
-3.253647977508788980e-02
7.893780707685835729e-01
-6.740860071083061289e-01
-1.000000000000000000e+00
-1.656137952344963193e-01
7.703736253043930171e-01
6.197575467264423432e-01
-2.074250478707065637e-01
4.787377879504733924e-01
-8.433288812428638703e-01
-1.548004775195328531e-01
9.837012617530019876e-01
1.759117183292837616e-01
-1.445205634987316475e-02
-6.510294808474218486e-01
-3.032575825309691275e-01
-6.240205708274685348e-01
-5.689555397799557213e-01
-1.970904240354370007e-01
7.584080471729116590e-01
8.721559466698346197e-02
-6.541883158804628895e-01
3.003471221284892412e-02
-8.527647115551340029e-02
4.505657951954106233e-01
6.134442312719371460e-01
1.315507942223229920e-01
3.322146581199823812e-02
5.080122530471345432e-02
1.000000000000000000e+00
4.744220122361211267e-01
-7.677446847383440076e-02
-3.494803490211220026e-02
1.542717753480587484e-01
4.585270501962931400e-01
3.739232501281072318e-01
3.900487940947195975e-01
-3.904008895234098442e-01
-2.681741866096942206e-01
-9.644083536518279764e-01
-4.211687541650059874e-01
5.665599028901039391e-01
-6.245276713882440545e-01
8.253297402593409160e-01
1.067689773523364805e-01
6.418326288241120725e-01
-6.293203966655500636e-01
-3.268689794959588335e-01
1.862623871416853594e-01
-1.000000000000000000e+00
-9.459771891103954111e-01
-1.784989250157150986e-01
9.351679436211653984e-01
-1.532006960692798847e-01
-6.055197628225539308e-01
4.566726033578794031e-02
4.975342924337359807e-01
1.861951623249115673e-01
5.104042024054206150e-01
7.883291823160532008e-01
-4.039829334141825101e-01
1.000000000000000000e+00
8.124426832918160146e-01
-7.923931659389423787e-01
-3.159602584040581696e-01
-8.261398933186333560e-01
6.613637123098055071e-01
-4.794358515425229395e-01
-5.556334771233666370e-01
-3.423045254309459162e-02
-5.111902231634692928e-01
5.126586316434265100e-01
-6.927756459790687105e-01
6.632348537291301582e-01
1.000000000000000000e+00
5.969675736246299325e-01
7.534894670281471196e-01
7.848376860849323178e-01
7.090398091605580877e-01
-2.580326121660224681e-01
1.000000000000000000e+00
5.817920169170741618e-01
