1.639724559880315624e-01
-3.567802172313962461e-01
-1.505003012697339049e-01
-1.116814178912035604e-01
-5.324139403882844901e-01
5.885695689175005629e-01
6.517464675428604748e-01
5.527863817600917606e-01
3.084531170878945239e-01
-3.030864869436619147e-01
4.734944873811684496e-01
-1.207866865811342005e-01
3.109420263955586794e-02
-5.338094566529704155e-01
-4.718598068112355159e-01
-6.623019492416251097e-01
-6.004442649750577621e-01
3.199681095938458064e-01
4.071961103162060058e-01
6.004178050657784649e-01
-3.847446337968433716e-01
8.770636409067424089e-02
2.177031053305739094e-01
-6.384271668652988230e-02
-3.627616127265465562e-01
-1.713327473034825243e-01
1.650790411783455425e-01
5.364293284774582227e-02
-1.580658566716225122e-01
2.216309546334623293e-01
-2.968744562912296603e-01
2.521324349949974342e-01
-5.882691404714388561e-01
-2.572769384163158257e-01
-7.854011327479387683e-02
3.261289584587087065e-01
1.642785645128805594e-01
-1.010334631594291821e-01
1.597301291497041364e-01
-7.784237839581823470e-01
2.948949196592780542e-01
5.345623215948989149e-01
-3.051620344617746450e-01
-1.706467043450790588e-01
-1.485672213919658757e-01
-1.218558546567268253e-01
-3.961073096006938465e-01
-7.716576964613781620e-01
-4.741152027873328234e-01
2.076554428010645159e-01
2.268218602317970678e-01
3.740089132715543330e-01
-2.999674448294726847e-01
5.069905126898303083e-01
6.134563632457142868e-01
4.394605078790602692e-01
2.609672043102170269e-01
4.813949712302874051e-01
2.145326652830063519e-01
-5.417654289483344598e-01
-2.001231565367202758e-01
5.013769740076204351e-02
1.030308467554489904e-01
-3.757544817373253965e-01
3.777516290705168478e-01
3.263180225313210281e-01
-3.500579355918933544e-01
-9.848723866936281990e-02
8.705428325436967429e-02
6.893170840492091056e-01
-4.521882767219589372e-01
-4.457546977149362544e-01
-6.342392888310147692e-01
-4.581931474766077761e-01
-9.207478598358326272e-03
-6.583296060585157594e-01
-3.910603093455568002e-01
-2.939164498206012777e-01
4.641259638299015666e-01
2.678570754996141279e-01
2.712887561614530929e-01
1.577531179608853695e-01
-5.163877190623105129e-01
1.864989572249464711e-01
7.860331541679396183e-01
7.335600289504512483e-02
6.699798075339299941e-02
7.544789101263653375e-02
-5.026312747869370323e-01
-6.502468652527432225e-01
1.151512229171700041e-01
1.221251084256985975e-01
-4.571826799081596948e-01
6.481404875737731830e-01
4.416182894521666902e-01
-2.533552636116760959e-01
-1.773227111790411925e-01
-4.805651838743937310e-01
3.835594316538540882e-01
4.829445377830178798e-01
-2.365113590334139704e-01
2.441844458832298226e-01
-5.649549285457046433e-02
2.120182551259184450e-02
4.479493069350567458e-01
-9.784297696845580816e-01
-8.098916927904726837e-01
1.127850522875186723e-01
-3.713614561950541182e-01
-8.763853587384691501e-02
-9.288979293925705982e-03
4.598792048577261538e-01
1.989516696533136508e-01
6.822049171305460957e-02
3.118782796537637458e-01
-2.001000931085430146e-01
-6.247675368177031396e-01
-7.542218566858254203e-01
4.717405778738608113e-01
-3.852091493986599113e-01
2.147714604008974515e-01
-1.529089023468684638e-01
-7.016541975361918482e-01
7.049790865749984425e-02
-1.570631314411510826e-02
-5.563900856381672755e-01
-4.813015663102531566e-02
8.956715299338594005e-02
-3.199871751510368068e-01
-3.226739653670442354e-01
1.278740859834426868e-01
9.576226171834767431e-02
-6.723176151881085083e-01
-4.138841705095264722e-01
3.246038010205623547e-01
8.624319511930399473e-01
3.008264755014979919e-01
-5.526040565082613876e-01
-1.215074478906522093e-01
-5.667201312081471265e-01
-2.701401084009398268e-01
-3.656798573926772211e-01
3.814584581948435305e-02
-5.606366946062026901e-01
7.886551197929191348e-01
-7.701357665623122239e-02
-1.050572552281084648e-01
-1.254132393884494490e-01
-8.702783659482543621e-03
-7.878309754979362367e-01
-1.836069774354347484e-01
-4.974689825040858326e-01
-1.902853686720610560e-01
5.651851691565989988e-01
-1.837711975669932274e-01
5.820946842611975924e-01
1.717250580118914738e-01
-2.484446911501720923e-01
-1.641392195728172410e-02
-8.245719475680517441e-01
3.008891183429882044e-01
-3.889718421029874085e-01
4.533540031137073267e-01
3.134555625215645902e-01
-3.218442820400692073e-01
-6.384677898592587830e-01
5.907080501917134630e-01
1.997455498735066504e-02
1.361109545657744613e-01
2.956002097153929975e-02
1.917693168081038846e-01
-1.419243497953671107e-01
4.135371804481978164e-01
-3.126011147654874645e-01
5.445802713006847595e-02
-2.361759564762181129e-01
3.810714374274679628e-01
-2.226890749733932973e-01
-1.172796608557989673e-01
-6.052237845517919324e-01
-1.155844866997743359e-01
-2.042357828896720628e-01
1.605986959035340667e-01
3.479241972912691105e-01
4.057184627126972365e-01
8.073238508768333377e-01
-2.956451943746572497e-01
4.411198596679142270e-01
3.198697263495887677e-01
-4.231034082477064251e-02
-1.869909479717292156e-01
3.309731503662147745e-01
2.418670445670499380e-01
-3.265089095941786645e-01
-6.573670309897133857e-01
-1.789460711289427575e-01
3.514687808862489438e-01
-3.135201123194412132e-01
-6.280722812499306418e-01
3.099796562223579577e-01
8.934489370230390692e-01
6.540805382570413773e-01
7.953917167176551839e-01
4.553801198460698529e-01
2.135616594302132132e-01
4.384248231050868472e-01
7.290129076512613659e-01
-3.329243334905301333e-01
-2.389706317401479874e-02
-1.181178233149723922e-01
5.276612545142722599e-02
4.818527441141151613e-01
3.891751272219867719e-01
-4.573728336619378165e-01
-1.701193103977676757e-01
-6.975711350635335761e-02
-1.798169651896597832e-01
-9.421027346268374958e-02
-6.538407419049340197e-01
-3.611049333527494021e-01
-6.899166888247751928e-01
2.518062557549105573e-02
1.159869318512219416e-01
-3.989380880505936089e-01
-6.573393926551286404e-01
4.270838503877597558e-01
-4.598573474701748154e-01
5.616146621396245209e-01
-4.428726644031003579e-01
-2.037490080062534237e-01
-4.800866611057832967e-01
-5.938180707761833155e-01
5.430765490151837627e-01
-4.277049468780961816e-01
-1.009651440743523365e-01
-2.646223390889670402e-01
1.133648447788886682e-01
5.784201426866242973e-02
4.895972703263311576e-01
2.008316836396133453e-01
4.717391090222422534e-01
-2.729017040329272947e-01
5.721508941044208818e-01
8.865009180193331728e-01
-1.581807319102055409e-01
-1.993470497638150374e-01
-2.674049400764794138e-02
6.318848771646905504e-01
4.039407001457702151e-01
3.746344358537351815e-01
6.386056073208074002e-01
1.081168744320024078e-01
2.329400467990519197e-01
6.384533366211080363e-01
-4.763344330789266445e-01
-2.532663163587250965e-01
4.539715188963461268e-02
-1.361132841055332221e-01
3.469636933894799657e-01
-4.916524864826826713e-01
7.515836358800032091e-02
7.874214365681941885e-02
-5.276083506171711512e-01
2.231323864972443310e-02
-6.167739813138226612e-01
