4.067303521622800400e-01
-7.405133578548045437e-02
8.796643133529258307e-01
-8.888049990691020419e-01
4.776250640444159035e-01
-3.047353955186786756e-01
-5.495086899942956682e-02
1.574581631709685847e-02
-1.846450362602474193e-01
4.386641644674276197e-01
-2.002586794944519188e-01
-9.981120516421349009e-02
-5.125101973948102962e-01
7.095834690403963751e-01
9.548572999464954858e-01
3.286714323094219736e-01
-4.341768109767150108e-01
-2.366200174041802884e-01
-5.738676855399713062e-02
-4.241745822034581614e-01
6.416462885600474619e-01
9.405174415457722148e-01
8.039401600970197403e-01
3.781664835726787910e-01
-5.720011744723080271e-02
-6.273055249332655237e-01
4.036799058500898929e-01
-7.234535698204318521e-01
-9.111902503606909010e-01
1.781765879425806220e-01
-6.573468159102555664e-01
-8.110203748019997327e-01
5.202575241117487481e-01
9.991321466807995266e-01
8.243610186172813936e-01
5.038617972676627532e-02
-6.214041921234387811e-01
2.970717554377904079e-01
7.193127320706029781e-01
7.898410656480681080e-01
3.692225886214733910e-04
-2.173422926688155510e-01
6.720527923118611024e-01
-8.247477510005092327e-01
8.553204197017614252e-01
-3.715259576533398445e-01
3.059004759422799535e-02
-1.016994911142989899e-01
3.810594636071961139e-01
5.820996359139090082e-01
-1.492725682310322988e-01
2.904775088585547782e-01
7.419821080297912541e-01
-9.745476378991073663e-01
1.716063311588006124e-01
6.828255619421276235e-01
6.422333221916995960e-01
-7.440613680251533246e-01
-7.974467852583564387e-01
-2.503208177270241919e-01
1.743902311342093725e-01
-2.780227723794396755e-01
-1.118556117440083764e-01
4.929223508793296737e-01
1.640963216930123869e-01
-2.607570843823582285e-01
7.901875898101853313e-01
-6.960934523469906043e-01
-6.998036093173898298e-01
8.338361072608951874e-02
-3.165783726942785758e-01
-7.346672190102051525e-01
-4.410809925359053252e-01
-6.251029743395423166e-01
9.013471095971357094e-01
6.542787687221747195e-01
2.933584213901919979e-02
1.152472859750530709e-01
3.563221148015889295e-01
-8.207158197213859641e-01
-7.474541696997272222e-01
-2.697464708814547585e-01
5.099053713398842280e-01
-7.912473037353332517e-01
-9.535243068342771355e-01
-4.527237756044379946e-01
-1.000000000000000000e+00
-6.240324939306087781e-01
2.315169712705174021e-01
-2.620707564464203054e-01
-1.018298088424484382e-01
6.731247870906669206e-01
4.532423951401137741e-02
-2.026918257695174974e-01
2.242648315871653697e-01
6.318133455228103212e-01
-1.028974133183986339e-01
1.023872970032034951e-01
6.600606372195614302e-01
-7.601763054686683230e-01
5.191794858580481842e-01
-5.052039128501291110e-01
3.734153004849747326e-01
-3.499688985440285727e-01
-7.210308968932037654e-01
-1.657396730697251186e-01
-3.174252422558161424e-01
-7.418330307274718649e-01
-4.424795810515277372e-01
2.392421914795772320e-01
-8.213225630983342906e-01
8.757287790942943628e-01
8.007262092209503912e-01
-3.761590621968476933e-01
-3.117344914471127382e-01
3.437943641175369436e-01
1.218926386714844767e-01
1.506712377504424438e-01
2.844479167078269310e-01
-8.319417490444879215e-01
4.563078918826897201e-01
9.087128320393177416e-01
6.810206975542132390e-01
4.765722918977408074e-01
5.729563522630825023e-01
-1.124687958793728210e-01
-6.324963019217302307e-01
-6.163023697580891636e-01
-5.186731166030957019e-02
-9.207650856243831949e-01
-4.364004579600857525e-01
7.264718219864058080e-01
-4.785799511617290225e-01
2.679593702256884979e-01
2.998856853823668733e-01
4.939286193111426249e-01
4.455381220918143703e-01
7.405707591358706710e-01
-4.316237647447595527e-01
-9.351377403672583855e-01
1.086695558182859678e-02
-1.294130773163829629e-01
-7.577748339425759427e-01
8.702959550743221140e-01
3.018646763631702701e-01
6.270605520946412881e-01
2.765540136709973562e-02
2.433745478038829013e-02
7.968700645931342530e-01
4.705438243368731399e-02
4.870053377131509098e-01
-1.000000000000000000e+00
6.392298121902123542e-01
5.744338267674025111e-01
-5.865726978331022856e-01
-1.000000000000000000e+00
8.146723970142710769e-03
7.199936751960509529e-01
8.484474143927220879e-01
-2.879810907586365376e-01
-2.359598962730982130e-01
8.229237472146598842e-01
-9.739854308326068022e-01
1.085008883304871691e-01
1.000000000000000000e+00
4.425051450746799730e-01
-4.202563786321380501e-01
1.000000000000000000e+00
-3.762548717814448995e-01
1.000000000000000000e+00
1.759892286210096302e-01
3.862838072714351867e-01
9.392706152349893367e-01
4.294684076486488533e-01
9.250890344832461976e-01
4.192360583895367032e-01
-8.573934507628950819e-01
9.443925568908193569e-01
4.182428611919613570e-01
9.060006921941472502e-01
1.921589859917965104e-01
-7.518415602811288068e-01
-7.264478316178585304e-01
7.339807902289265940e-01
2.465696084190986404e-01
-3.689176159691695545e-01
-9.693789032958817220e-01
8.455017010812788669e-01
-6.350443555888041214e-01
-9.371928598831589241e-01
4.924080078748582778e-01
6.877075576644502419e-01
-9.797047126268165762e-01
-4.699006922794877195e-01
1.000000000000000000e+00
5.537139607012810105e-02
-8.383586717954729650e-01
-8.553903469159140904e-02
2.808271177836427768e-01
-3.052700197103838109e-01
2.404228131783185951e-01
-4.685902921117449105e-01
-1.506287638494348546e-01
3.998154111239396458e-03
7.925995090810011856e-01
-7.742717404034702433e-01
6.031255649332548652e-01
-4.578119053560607554e-01
-9.164912073294306794e-01
3.961370555796068782e-01
-5.545928853032311423e-01
-2.841348020846313216e-01
-7.526479884006658239e-01
9.461565780522621649e-01
-7.749553028406859223e-01
7.938080390733375236e-01
3.253027449158493178e-01
-4.486407437319953617e-01
-6.666545351901836947e-01
1.053214279613015059e-01
-6.420450431703081939e-01
-5.209951462848909642e-01
-2.341322093129707405e-01
3.790100294668530267e-01
1.284512589351249900e-02
-9.614265589362804010e-02
7.865549218447206448e-01
6.645773337731443187e-01
1.106033347989923699e-01
-4.515220838423437688e-01
-4.805746256473713562e-01
-7.156449866717036201e-01
-4.144750766501557049e-01
-9.411782798134744610e-01
7.624042200545582126e-01
3.627345854034613737e-02
-2.553181459663307340e-01
8.651175577558852803e-01
1.211797065250704852e-01
3.228494404290744302e-01
-3.556556728146821611e-02
-7.181389303634373444e-01
-3.000805122013237014e-01
-8.636322030121612592e-01
-1.000000000000000000e+00
-7.786047487612597351e-01
8.763965536560025527e-02
3.735027771881323511e-01
-2.863345079902219759e-01
-1.363982685683781670e-01
8.556740051624552867e-01
-1.827553175027855636e-01
4.451109105486792394e-01
2.053333677146779446e-01
-8.645121352741035325e-01
-6.879709489537466638e-01
-1.417077997552132207e-01
1.466954038111602243e-01
8.408512124464869730e-01
-7.142711861406666474e-01
6.546169824279103322e-01
5.658156393437834275e-01
3.218177342917958872e-01
6.265672242463515840e-01
-6.591654733748469885e-01
