7.466348449851921698e-01
4.259598195607163795e-01
-3.250566085272325600e-01
-5.835987925215528893e-01
-9.465572375370930880e-01
7.019953983548073984e-01
-6.187456024188210391e-01
2.270956253262367552e-01
1.822062930102521794e-01
5.220905354833802470e-01
-3.537456751670948751e-01
-4.058054386058972951e-01
-2.520600862817912180e-01
-2.203439521187071370e-01
8.897630470386598267e-01
-2.800829269636449792e-02
9.092128513502619747e-01
8.051320949049592945e-01
-1.000000000000000000e+00
-9.104788308691763588e-01
2.057754820719419619e-01
5.283471925420699655e-01
5.750478223105567332e-01
-8.416561252348161437e-01
-8.067653399424321581e-01
7.416524004700029149e-01
-5.162499282745293128e-01
-1.061811566435776066e-03
-2.187246915014978699e-01
-8.382795920473006257e-01
5.770963417242769289e-01
-3.823480468414466316e-01
3.531178309990154474e-01
-1.206617146801904905e-01
-6.017612017004253522e-01
4.902740319898346577e-01
8.111351607875483261e-01
6.141242134446229795e-01
-8.039449298987437764e-01
2.008304939277032464e-01
5.912983157703806114e-01
3.730908922303831643e-01
2.581154411613935107e-01
4.752813557347355111e-01
-7.411950145352742547e-01
6.097104167263521779e-01
1.000000000000000000e+00
-1.247208649495998162e-01
5.522999160954760178e-01
-1.031618732473285338e-01
-3.518909994959387166e-01
1.445735235918795270e-01
-6.737837006751696833e-01
-5.350118009915936224e-01
-1.868090546335690050e-01
3.296186238075597408e-01
3.575007568438774985e-01
-6.075575703632911662e-01
-2.989490761586396372e-01
8.609345144399464800e-02
-7.362761163655673347e-02
-3.881766199652345595e-01
-1.177373239163047175e-01
-5.235209438997637799e-01
-1.393709956663717608e-02
7.597858427107155588e-02
-2.370383915307381351e-01
-1.804172584304026550e-01
-5.417732101265705369e-01
6.415138925697663197e-01
-9.500583707174546921e-01
3.232373641008496334e-01
4.509587785214026479e-01
-1.275208323056173931e-01
-7.408520425974485235e-01
-3.185725709544591222e-01
-7.345491837990189565e-02
9.800355944235965566e-01
3.594775599191424309e-01
5.787163832794995910e-01
-6.535072176167514568e-01
-8.801776845987809850e-01
-5.850969024110399541e-01
7.222710483174300533e-01
-4.545655083124223172e-01
3.811969675694817372e-01
8.297136411319286919e-01
6.105095917785235970e-01
6.256800135455345968e-01
-6.817728362080045790e-02
7.698615911772749287e-01
-1.519507044580413746e-01
-2.502608548517560871e-01
5.467298074492604743e-01
-5.040146027683403140e-01
6.699311947793273880e-01
4.328586808779198991e-01
9.105958144743127036e-01
3.864457884689166400e-01
7.549583260030990894e-01
-2.039685543085704988e-01
-1.741896621916965149e-01
-1.410255981055515417e-01
4.744521577543256430e-01
7.664576845623432000e-01
4.754590457304144202e-01
9.267816252773704022e-01
3.298420032875407637e-01
-1.000000000000000000e+00
-2.759405833645951489e-01
4.730655807965944426e-01
-7.762598028137012163e-01
9.933477593374917536e-01
4.271473304982764674e-02
2.531472152768841632e-01
2.927689213164949567e-02
3.768508187014729116e-01
-3.833079997458501698e-01
3.717979954978236079e-01
-1.000000000000000000e+00
-9.346453244937924509e-02
-2.235995192768059359e-01
8.940147629023154074e-01
1.717858395336633870e-01
9.622429057007714226e-02
1.766179251082180546e-01
9.986817079789606089e-01
-4.876883119564213720e-01
-2.142246365763400273e-01
5.770108315328195125e-01
5.503795937493851653e-01
-3.717012727592581833e-01
7.428990543628988252e-01
-3.559490704649352355e-01
6.881860575042129113e-01
1.761161487958533556e-01
-8.748507956328130941e-01
7.285329862957380387e-01
-7.649399189851782688e-02
-1.304553080275183130e-01
-1.000000000000000000e+00
-7.452434679745263413e-01
4.386285196647489171e-01
9.310676092522863767e-01
-6.193433710214847343e-01
4.614259354967643612e-01
-6.162982268208478942e-01
-3.281667669559095168e-01
-4.421937902180639313e-02
-7.130206859020597754e-02
7.658008874781634390e-01
-5.471292031127061861e-01
1.668661121721149165e-01
-3.115361024297689796e-01
8.420015021667652810e-01
9.273244508859801449e-03
9.443346975230069162e-01
-5.053047600532700745e-01
-7.563188007925891743e-01
-7.426528930668744310e-01
-1.000000000000000000e+00
-2.839036565203057472e-01
-1.140142237984329010e-02
-9.106078795383851232e-02
-4.212251347659535794e-01
5.862167630657604267e-01
9.613711316045869815e-01
8.093326370233732137e-01
-9.940916622806165170e-01
7.538240306936051516e-01
-1.126422873261159058e-01
-9.082622136350482211e-01
6.092643808190478794e-01
2.284808807865255087e-01
-9.660075239602117225e-02
3.415025163861539204e-01
-4.021484938082049432e-01
-2.184344298634346426e-01
6.847830127320061466e-01
9.105440580400978590e-01
-2.869831744708533083e-01
5.723965583778789501e-02
2.441560998364171731e-01
6.177120971775607039e-02
-4.126531664890806250e-01
7.521046921091285586e-01
-7.724172514010929635e-01
-5.520606262590321833e-03
9.290610550613169760e-01
-7.330994146233744679e-01
-2.963581302588700894e-01
1.000000000000000000e+00
5.611052929876780837e-01
7.412337431147837385e-01
-5.915693700047364167e-02
2.271526144791005120e-01
4.643029551394568522e-01
1.901773831448291818e-02
-5.537572102925559792e-01
3.359743877544347224e-01
-2.868873770234706133e-02
-4.335411414419407805e-01
-6.921609241316334371e-01
3.194795785588283032e-01
2.957074738498610134e-01
6.755656958847716664e-01
8.667086686926305239e-01
-6.327712748068167747e-02
2.291861616661501344e-01
-8.743798878385506956e-01
2.484159235573911717e-01
5.821592828220512050e-01
-3.762115205727664669e-01
4.080604766519034809e-01
9.092457327994178939e-01
5.780324346818143111e-01
-5.708703619438886268e-01
-2.655644156280095869e-01
-6.765969517399822442e-01
1.850603977060492067e-01
7.019197097266343111e-01
-8.482789100037108065e-02
-6.851074236587636479e-01
-7.591068845278410304e-01
6.772575277540647809e-01
1.220008514081718093e-01
-4.790967374362464781e-01
3.778329429044440801e-01
-4.870184134169741053e-01
4.101084685868941482e-01
-7.659098036923671637e-01
9.896208135335827771e-01
2.450892943708486982e-01
1.000000000000000000e+00
-8.068146213750377882e-01
-7.011254046375714477e-02
-3.687938146333460399e-01
-6.758804454987923371e-01
8.277804279053456726e-01
5.160814343925703707e-01
-7.484832672029095857e-01
3.193482134374639458e-01
7.737185993866444456e-01
6.971207091304879588e-01
-9.756924844549582643e-01
-4.362262976525939084e-01
-4.754008331860621883e-01
6.869191311843443337e-01
2.588336873347298894e-01
4.000418636438877185e-01
7.272601767968960296e-01
-4.277907736079005208e-01
-5.782217960780511312e-01
-3.429210430140626487e-02
5.181138837085810245e-01
-6.545872366578930901e-01
6.168454518413954424e-02
6.016686577766424682e-01
-9.134423371563263894e-01
-7.739651464616110754e-01
4.304165894312392271e-01
-5.861351491672599223e-02
7.292521879149651554e-01
-1.743555828176232558e-01
-8.323893664466751607e-01
