-9.081452718609606123e-02
9.919978119722038246e-01
5.674859851805255651e-03
-1.439365217967137345e-01
3.242358956828823580e-01
5.391970946127415676e-01
9.709235057900484911e-01
-3.786429912639506234e-01
-1.641557106837702174e-01
-6.992857445448186215e-01
8.266394235730911699e-01
4.357037218016330815e-01
9.585562374054448220e-01
9.590868617052361600e-01
5.560960418336424738e-01
5.098603143788187353e-01
2.276555375275717275e-01
-1.252878933830137154e-01
3.737593875654701137e-01
9.151425907226382606e-01
1.443332965168719895e-02
7.725265281377868831e-01
4.322512658922390560e-01
6.396646035377798745e-01
-7.574881679883398444e-01
-4.044279638736452132e-01
-5.353133620228878176e-02
5.226929125017849148e-02
-7.701650046588958132e-01
7.329128155739583761e-02
-7.800635482386701902e-01
1.577237463734977030e-01
-5.100361883662791751e-01
-2.713823005535833111e-01
-1.348869150755240554e-01
1.007923823591135637e+00
-1.006040321303580676e-03
2.813726941558806760e-01
-6.335230761829341306e-01
4.181728708122749438e-01
1.960374355784382239e-01
5.451400585298892265e-01
1.055225202105384508e+00
-5.068118203234792674e-01
7.990077946145963672e-01
9.075924840832341189e-01
1.444500848665526416e-01
-6.588221021286957413e-01
-8.302248789971399257e-01
1.817495843192117877e-01
1.069302907708518990e+00
-9.462269426824938545e-01
-5.715837485982583344e-01
-5.603999005821921342e-01
-6.520059833855794684e-01
-3.535500911664104517e-01
2.410593114239162893e-01
4.327536066435758721e-01
8.833190982136654990e-01
-3.716516485266487257e-01
-3.343355577040667964e-02
6.553655084882983317e-01
3.024694101367884080e-01
-9.194652938256018260e-01
2.026805265539888268e-01
8.513088971149419537e-01
1.014344740105895259e-01
-5.730373100149885879e-01
-7.728797497775514724e-01
-2.875591144175007607e-01
2.879037949546947583e-01
1.730485988756426119e-01
-3.815106223281092279e-02
1.697969812455657479e-01
9.335470249300177326e-01
-1.693028049363269893e-01
6.801307409994894471e-01
-5.777688350848420029e-02
-5.390913823573876273e-01
1.703823108983625323e-01
-2.109279189357489426e-01
-3.156123689709501301e-01
1.213183747763808551e-01
-4.068552887174197163e-01
-8.299007507398629135e-01
3.603889274658212960e-01
-8.118942006114804322e-01
-5.422188010962120108e-01
-9.945633928434435278e-01
6.155674201064359474e-01
5.151822203900936481e-01
6.788837381799750492e-01
-7.177527377161220246e-01
5.040698053579530935e-01
3.178051457993327777e-01
1.135279576621012865e+00
9.135685957890746778e-01
8.345469328162621325e-01
8.435503159406881890e-02
-8.596848138375710047e-01
8.454529079604453656e-01
9.204812078819295251e-02
7.171440752974969080e-01
7.465294551967402992e-01
-8.412514715316329883e-02
-8.231401125527357809e-01
9.400040983702258046e-01
-1.118545950750133577e-01
-4.611806379138458922e-01
-3.717906889434996476e-01
-1.306608188439549456e-03
-6.380489661015640301e-01
-3.573238831893346124e-01
3.403774637234742162e-01
-2.129869209057678181e-01
4.392637725906690660e-01
7.711711594091497091e-01
8.271016979892106269e-01
6.216120465288703656e-01
-3.951456444013621283e-01
-3.044595313756848221e-01
5.113867526686507459e-01
1.011531772706897980e+00
2.477614461530645018e-01
1.513121449816368091e-02
-1.009295509218966824e+00
4.757024305481980520e-01
-2.448682095155063076e-01
2.570270760309377733e-01
-2.228487461622086219e-01
8.830966180339512306e-01
-2.286138183932936996e-01
1.496767041707300905e-01
-6.931531900057619211e-02
3.089073430959563549e-01
6.045758689443017087e-01
5.093598879696263904e-01
2.374851224557192053e-01
-3.652055620140690628e-01
8.631307043383801281e-01
-1.286171783420670123e-01
4.744864589517623354e-01
1.499371198015824191e-01
8.819772884509805011e-02
-9.468810389976489716e-01
3.515501421705424789e-01
-2.684138071224475008e-01
7.244106004697498102e-01
-2.502134280393173427e-01
7.241358058648217355e-01
-6.029664732811179650e-01
6.150932576682361930e-01
3.900580984383164029e-01
-8.361866930363445194e-01
-8.860040832232569663e-01
1.683569737547619127e-01
-7.038579555195600967e-01
7.471148722079979931e-01
-3.200826395763918808e-01
-5.705096743708377716e-01
-9.446554239841395972e-01
1.884047681510352401e-01
7.983342048838133476e-01
9.075378952796686605e-01
-9.298027823488707044e-01
-7.548481598274108251e-01
2.621848991296170661e-01
-7.781672993730051058e-01
5.326722452524046414e-01
5.513626585835007532e-02
-2.633917084604580072e-01
-2.834054961453176882e-02
-1.973563532956558175e-01
1.020669284498818996e+00
8.584883457086376346e-01
9.370372904052816088e-01
9.259649632012884046e-01
-4.549026099939827983e-01
-4.967409722260943683e-01
-6.057157947052376201e-01
5.473115080205646077e-01
7.968595130521268777e-01
-5.555501768375998850e-01
5.615830947255708860e-01
1.155608626820194135e-01
4.216754252837549011e-01
3.804995249568288163e-01
-9.221590830352881518e-01
3.794818174763627816e-01
2.306632414413419541e-01
-8.426319768511805197e-01
-3.795204098151196415e-01
3.450638719614687600e-01
6.194533369397585698e-01
7.052161602997714107e-02
4.435077235996326417e-02
9.138336794890909998e-01
-4.232594156225901738e-01
3.987488497025535317e-01
-6.568048273900388700e-01
5.625830802285870513e-01
-8.563986590896975892e-01
-3.889805316342256347e-01
-4.919992311440173349e-01
-5.625459597998777594e-01
1.848313085620605922e-01
9.527677366687054006e-02
1.447146581406832944e-02
6.742204781299039329e-01
9.767285924466404534e-01
-3.105279037426417754e-01
-2.071645297273408681e-01
3.274954901140056940e-01
7.664282038996429736e-02
-3.994965438455144735e-01
-9.258745182421790343e-01
1.614203989703669739e-01
2.401880854005638000e-01
7.358767576003011346e-02
3.607754985131976788e-01
2.018564431583815683e-02
3.528356354716363774e-01
-1.063291134607054073e-01
3.503180209657912741e-02
-9.816536742650554537e-01
-4.127669012862520415e-01
6.158357267609239072e-01
1.867006504597241157e-01
3.765036615907491613e-01
4.955523336625076158e-01
-2.562299657290423305e-02
-7.035765180334526692e-01
-6.144117924846892453e-01
6.235694500397166440e-01
8.396020963841257512e-01
6.229247493279017611e-01
-5.979590086681840777e-01
-1.363700252202439678e-01
-1.543350313044680178e-01
4.030907040924675000e-01
3.782025445999521729e-01
4.396057658498456200e-01
-3.875791559461136404e-02
-6.132333455455527549e-01
7.205026569479526799e-01
-1.651087097828613237e-01
1.288902595279307894e-01
4.796947565594933960e-01
9.769314200414056515e-01
-1.017787275302926453e+00
-5.057698000159837060e-01
-9.870740622303439959e-01
3.548323960197413141e-01
2.439515725054958728e-01
1.904790825574034230e-01
-1.254550884781728604e+00
4.441434912379988997e-01
7.371186904292503783e-02
9.362779032690649039e-01
4.423854445541489100e-01
-4.249538596539772506e-01
-1.745560442329827655e-01
3.611405436154517812e-01
-9.860411338022182504e-01
7.239055810955846715e-01
