2.995275955296414910e-02
8.424510535588144444e-01
9.677883898944822372e-01
1.221268683136941813e-02
-9.366933652265657662e-02
-5.566232066165957004e-01
8.588219277464216317e-01
1.000000000000000000e+00
-1.628651556992122829e-01
-8.779283734236256187e-01
-4.272234604925524981e-01
7.744138850759714199e-01
5.300874147536133174e-01
7.151002829130171934e-01
-8.287646047621091139e-01
5.111819090706883895e-01
4.082890120943555856e-01
-4.626158339170723111e-02
5.006054589044015568e-01
9.101255353792809810e-01
7.297507009105780318e-02
8.133040947068783666e-01
7.168870043791641944e-01
8.876929718829448257e-01
-8.422485806988955215e-01
1.995105991187430261e-01
-4.904094565041886011e-01
1.000000000000000000e+00
-8.261046493046702022e-01
-3.774675003205141821e-01
4.853961166455781351e-01
-7.558765624190605381e-02
-2.463212907900743098e-01
6.974095700692661826e-01
-5.060517447535119867e-02
7.751871233704782371e-01
-2.217264194493640539e-01
-9.772008765442461442e-01
3.423478875308513802e-01
9.626490575976179853e-01
-8.971601892810757706e-01
4.778166616697971936e-01
-8.674597744241556441e-02
8.305280402353500124e-02
-8.256864313495693164e-02
5.643037005193403122e-01
-6.965265758932087659e-01
-1.099162307785316317e-01
2.184541245933092901e-01
2.650933550856748311e-01
5.476552384003310348e-01
-3.062306598963430160e-01
5.949278057660631891e-01
2.807906426217388063e-01
7.482023378004686309e-01
-2.618504739984175433e-01
5.222961329118650520e-01
-9.868881212530681291e-01
-1.000000000000000000e+00
5.222362173683944286e-01
6.408476839889554189e-01
-8.706427571727942683e-01
2.852398067940050685e-01
6.190291221664003807e-01
-3.774408015010425888e-01
-8.849356828149337328e-01
-1.093624811451571893e-01
5.678693095075399988e-01
3.033654272620076031e-01
-4.233482398371764266e-02
4.148771834153450744e-01
7.403882136411782389e-02
-8.106157825597358479e-02
6.206097484239186945e-01
-2.335685385297558980e-01
9.503624940791053355e-01
1.000000000000000000e+00
3.707375401310007978e-01
-1.423977136771571728e-02
8.591333566196026617e-01
5.586630756418594634e-01
9.040898908222374519e-01
2.993661777745735275e-01
3.525143763301127331e-01
7.278921721244460130e-01
-9.970164340887843757e-01
9.997214908572263914e-01
6.803779723151424930e-02
2.391285496130703125e-02
4.331336290430708447e-01
3.657965262748530955e-01
4.766272274455802815e-01
-7.562067629899267285e-01
4.130922937879972223e-01
-2.044385717994258445e-01
-7.772943396784820491e-01
-1.532542778407011974e-01
7.955337911794455041e-02
-5.416620075085436525e-01
9.894171364633812527e-01
3.940502778962532426e-01
-1.000000000000000000e+00
8.039423069771757246e-01
-6.757825241440268416e-01
-2.010869719792691135e-01
9.681795423437170589e-01
8.720125944861897294e-01
-3.695792523025186183e-02
-5.155671356654309978e-01
5.075339109538185012e-01
-6.992219276831542762e-01
5.706576785377704963e-01
5.692606968028252057e-02
-4.247158442605459827e-01
7.291665707307126709e-01
-6.925259412074874499e-01
-9.052085059054529870e-01
5.580756462205438417e-01
2.605641061195438368e-01
4.233859554797277935e-01
1.575779108823080199e-01
-2.655511067829370853e-01
1.467708372472675549e-01
-1.182677072597443924e-01
9.844434618896581446e-01
1.000000000000000000e+00
-1.790356549418469223e-01
5.840909262460749485e-01
7.741578375715804650e-02
-9.327726956133055580e-01
9.489657678193602619e-01
3.423278485845369090e-01
-9.429626530702335252e-01
9.709909490189549963e-01
-8.175709555014705199e-01
-2.402763797892751296e-02
-1.011160088718692923e-01
1.186133397463205869e-01
-1.571859779738917287e-02
-1.936773866237806174e-01
-7.482758985036316313e-01
5.425526000531071258e-01
8.375006730431883151e-01
6.194394298562092560e-01
3.100370409929761317e-01
2.836817613451553810e-01
5.966835301613173659e-01
-1.223335349267726385e-01
-7.823101500862620350e-01
9.053207828530785983e-01
7.731444472975363968e-01
-3.511691018676890153e-01
4.693939331857955866e-01
-3.124484466140180910e-02
7.378464995313668284e-01
-9.928212403975117395e-01
6.202875666945045774e-01
8.925059022012814536e-01
-8.149803040284301359e-01
-3.648239622771420887e-01
-6.347705159379409823e-01
-7.059095965841672982e-01
-4.352833218737005572e-01
-8.799046240651742234e-01
-1.002561487881268865e-01
-1.306015229744293682e-01
2.073130310573838009e-01
4.473406160062146641e-01
-1.222435437762067756e-02
-5.138591033452488688e-01
-3.767214412544422908e-01
-4.094007346794694691e-01
4.266146926350363189e-01
7.726314065909497542e-01
9.349804496627585060e-01
2.627843340149141893e-01
-7.887332430415291418e-01
2.756221144468071760e-01
-9.153816202600358887e-01
5.232228866036554571e-01
-5.869430285347996268e-01
2.318963966636558294e-01
9.821174452463837801e-01
2.771441335767502179e-01
-3.466006557010830047e-01
1.000000000000000000e+00
8.520775340899440220e-01
6.193760479700519683e-01
6.465645864857210157e-01
7.984205538763973209e-01
2.576340619179942060e-01
2.166315145384812083e-02
8.658401888378745026e-01
8.256039944099812233e-01
-2.477793368853662137e-01
2.783799154137523435e-01
9.210398191711384464e-02
-2.868286141640324916e-01
-9.471270441298951237e-01
-8.206900317423687641e-01
2.279891880288600348e-01
-1.251744138271658202e-01
-6.272297310254312253e-01
-5.616702433421236762e-01
5.429772308280946813e-01
7.323113819913354416e-02
4.140045516778079193e-01
-1.000000000000000000e+00
9.398520310724582938e-01
8.188552135763602080e-02
8.108776901244273416e-01
7.526774872811456962e-01
7.835898660763076506e-01
-5.723690272066883633e-01
8.894310266631957340e-01
-7.911629182803572302e-01
-4.262637961174718382e-01
6.312736889158003795e-01
-5.130838909000058345e-01
4.706169660530765686e-01
6.506966759999312233e-02
-4.448183488211484016e-01
-4.875676715113098220e-02
9.874718384480241085e-01
1.763856405200277810e-01
9.791985995165071177e-01
4.023454436085339703e-01
-2.203923947244255666e-01
-5.626791985289627401e-02
-1.661185516711063265e-02
8.452470212129706839e-01
6.468743298185549717e-01
9.811911138407956035e-01
5.265657638617060599e-01
7.683933884402752712e-01
-1.000000000000000000e+00
7.828689810273363747e-01
-1.000000000000000000e+00
-1.000000000000000000e+00
1.327546473913847058e-01
-3.640675039700621007e-01
-3.751471902951485915e-01
5.882638290674014891e-01
7.955552336705320471e-01
6.404735477943512834e-01
-8.676247627203836910e-01
-3.431149341293374816e-02
-1.000000000000000000e+00
-1.808822798399997711e-01
-6.616382526981705592e-01
-3.932625288668712971e-01
3.272143837544836398e-01
9.978992917543758612e-01
-2.881832278379316548e-01
-8.180602416250859488e-01
1.000000000000000000e+00
-5.347716848689188646e-02
1.217306116900772339e-01
3.534471375715347863e-01
-9.093387637534965373e-01
-4.604903861539870191e-01
4.708561846157360287e-01
1.835504670294343943e-01
7.847825893194276814e-01
-4.261282684376905827e-01
