-7.564881806299756928e-01
5.580317971892583273e-01
4.280239934508232036e-01
-7.432211263130679146e-01
-3.810402692926473378e-02
-8.118788266992971181e-01
-3.450853450625930297e-01
8.992009020712563583e-01
-6.872803519195984645e-01
-3.188886217086017716e-02
-5.167912445241620301e-01
-6.685159148092991721e-01
9.306967327938335810e-01
-9.385478062393413090e-01
1.202818905947127259e-01
6.858179947333264970e-01
-6.055291722303115520e-01
-3.995015687052465569e-01
3.242682393790383699e-01
-3.526747778375718401e-01
-8.379490033507441815e-01
6.336021495230572675e-01
-6.371709227318360647e-01
-4.456922541640806479e-02
-4.121016596515327812e-01
-9.856738473908717157e-01
2.374713686752460973e-03
5.564603141009698550e-01
-5.603676451803059066e-01
7.753193994537079803e-01
-7.080715270714326159e-01
1.687247424305131638e-01
3.954354787146940886e-01
9.627020774768704214e-01
8.009056655397812641e-01
-5.634891170993672205e-02
1.454048773024152474e-02
8.375879444879092972e-01
-7.935562049293576337e-03
-5.818555952529009812e-01
1.988480764123929934e-01
3.616827593164662069e-01
1.397557406024185767e-02
-6.952477154973646378e-02
-8.952285718909525070e-01
-6.746581807736167224e-01
-2.172216205926749133e-01
2.256252466515351607e-01
4.219438189181627941e-01
-7.231363495784262074e-01
-4.661448569685247012e-01
-7.731333606713877149e-01
-9.408757389351738443e-01
5.090115579851377525e-01
3.051279112799898385e-01
2.860136515153401948e-01
2.705424633744910601e-01
2.359104807354597266e-01
5.793361471710707367e-01
5.145348535719564964e-01
1.503340574956151254e-01
7.969673293922852064e-01
2.745982202062353661e-01
4.788146574683107559e-01
-4.027909331737309362e-01
7.038464267025057453e-01
7.689616323178429802e-01
9.202329947783773889e-01
-3.483544787253090025e-01
6.693830661685202799e-01
1.468857335764219840e-01
2.161263118128542438e-02
3.486673781359757029e-01
7.370050222208062163e-01
4.073860436601519641e-01
4.718879298828742019e-01
3.114167400244891581e-01
-6.457745228931310866e-01
-9.819340383440025022e-01
-2.638354641668887446e-01
2.916717686090009032e-01
-2.282059876268665022e-01
-7.202025989132085915e-01
-3.520112381950724068e-01
3.519148272176313430e-01
-6.655522869810801545e-01
-2.362125451186818381e-01
2.185022238071843148e-01
3.974445551149763389e-02
6.919328890974481006e-01
4.854456988696886910e-02
6.128863612440103026e-01
6.273758405457512399e-01
-7.547421373297245051e-01
7.545572312021167072e-01
-3.853588193133279383e-01
9.695921715705793087e-01
8.844636625677646524e-01
-5.543107844862666944e-01
9.858116003721169029e-01
1.362400102785370493e-01
-9.806138984319316965e-01
2.941565436251003529e-01
6.539547223424824196e-02
1.530898795794173317e-01
-9.462632617310251515e-01
-6.659763772598921161e-01
7.089430049404736867e-01
-1.896963215921303458e-01
-8.755308236320984427e-01
5.369138794270922332e-03
-5.641747968662595980e-01
-5.530952146467245090e-01
9.180751352186278247e-01
6.654860262845909702e-01
3.449023048468926600e-01
-8.961739120981748741e-02
8.236716922072844227e-01
-6.652227717193008871e-01
-6.919097518086421150e-01
-3.215222255633625181e-01
2.951041153439153408e-01
-9.204480973330440019e-01
2.287045695878717755e-01
-6.997425725612886893e-01
-6.443434941199250865e-01
1.307832266697257495e-01
8.743543787647307663e-01
4.399837432529367653e-01
9.708331267100527295e-01
-4.238873820680417737e-01
-6.061854962293755644e-01
-9.393607736501907723e-01
-9.922351599530541133e-01
-4.855211896909601421e-01
-9.982991489288777220e-01
7.305735732010434358e-01
-5.292981101221285734e-01
-9.939618589161076656e-01
-4.966718274561727764e-01
-9.841796597152037140e-01
-8.864111610901426186e-01
-7.385520497724993305e-01
9.775241965288103962e-01
-6.896514322216631410e-01
-8.321973987064659184e-01
3.173878482886356434e-01
9.717551511402311437e-01
9.156471113417574692e-02
9.825238076035232027e-01
5.950094983687168604e-01
1.606289127185929200e-01
5.312948134953041635e-01
-9.058709168898995134e-01
-5.360629406885462078e-01
-1.673358909640867420e-01
7.522886207608789899e-01
-5.515766828725650051e-01
1.632534568115087126e-01
2.470400141725048737e-01
2.676152358880656834e-02
9.470154406278794568e-01
-7.701144129048558273e-01
3.183419246382477308e-01
-6.346114216867244640e-01
-9.017503099836103875e-01
1.257382553543118231e-01
8.739590508865866525e-01
-1.511625737630903910e-01
9.446839892671798911e-01
1.961700306896330126e-01
8.012086598766767764e-01
-5.411878406840184841e-01
-7.301896207338864908e-01
8.131540397191447944e-01
-7.185236992485468654e-01
9.279471493314339625e-02
-3.434136384225585648e-01
-6.608901878481046044e-01
4.993788299973505040e-01
4.249236230622799315e-01
-4.966709449446820024e-01
-2.154384735044347909e-01
2.618232541178739936e-01
-6.134532148053100098e-01
-9.222915058900296170e-01
-3.901507413814004899e-01
6.795934243380488127e-01
5.966610577968169959e-01
8.819958182507916522e-01
8.885194825301403476e-01
2.662820418923759203e-01
-3.853324632089893953e-01
-2.757289766083195204e-01
7.058920223341786926e-01
8.719399572532502418e-01
-9.034737442955049769e-01
3.911771972186428581e-01
4.563926466678180915e-01
9.223975082575854856e-01
1.663545021592949258e-01
-3.598043546653308944e-01
2.282615118738380300e-01
8.196231471423367498e-01
-1.467296381594922483e-01
-4.329416455925403362e-01
-9.819984335111731077e-02
-3.871998758432262377e-01
-1.713593431656157406e-02
-4.422461111686337709e-01
-5.116700270819947161e-01
3.555192509198588091e-01
4.902010204224931389e-01
-1.330843230428160329e-01
8.946630793683176819e-01
6.291720830628855232e-01
6.283221147627400249e-01
1.736605651793736715e-01
5.935802110637755646e-01
-2.969669106676564585e-01
-1.188632100673570058e-02
-7.420976413540512073e-01
8.488143112006671931e-01
-2.198080470082710569e-01
-6.848466079192661038e-01
-7.470792079708024058e-01
-5.538148150617154819e-01
-8.132158434981908712e-01
-3.228882699115598331e-01
5.757505618741047826e-01
4.786108274160929543e-01
-6.298781600479312903e-01
-7.457994779785999118e-01
7.499506248052438817e-01
3.215929378451845011e-01
-8.082006563976418256e-02
-2.463460892166227101e-01
-8.320192149938929749e-01
9.243989336466245099e-01
8.545263011419899080e-01
6.152272194643704228e-01
-1.003587300455572873e-01
-4.592974716974331795e-01
5.870279005600358424e-01
4.855419993389362698e-01
-6.676448672755093128e-01
-3.994814171112277545e-01
-3.442969427966862117e-01
-4.718961252116704586e-02
8.295971150955288032e-01
-2.580145466519385700e-01
5.204405082356058365e-01
-3.710001763736940905e-01
-4.373049427192357008e-01
-3.812640482101175010e-01
4.701788694632396126e-01
-5.686572419377733389e-01
7.556160450431725906e-02
-3.421160086915830956e-01
1.652156573760712455e-01
-1.473120177543818521e-02
-7.512141639221827649e-01
4.106790737591043960e-01
9.388071177095793640e-01
4.796940029817904350e-01
