-1.486686727187938595e-01
-5.686786235560410407e-01
1.000000000000000000e+00
5.844678825580416071e-01
3.581132065971782685e-01
3.970846060748901563e-01
8.205693917616321276e-01
-3.353479625531332053e-01
4.855386975721309728e-01
2.543618028952028820e-01
-2.125225233042344897e-01
6.360913212128357364e-01
9.637490302134584796e-01
4.951532795220761618e-02
-6.793069077275132317e-01
-8.450537787714000881e-01
-9.954988834141281773e-01
-4.336139256397470998e-01
-7.434217502824198576e-01
-4.224018667364838331e-01
-1.000000000000000000e+00
-6.598437705115929308e-01
1.000000000000000000e+00
-5.876372932140071503e-01
-7.798766873561554513e-01
9.276810763495956236e-01
4.452458787552062910e-03
2.460527452687756855e-01
-9.821626911350037625e-01
1.000000000000000000e+00
-9.989744069696201434e-01
4.380555747190796878e-01
-5.220917433000792363e-01
9.706534413672881501e-01
8.000218381939676604e-01
9.438148554131621515e-02
-1.000000000000000000e+00
-3.606935513984072528e-01
-9.176584500804797484e-01
8.123190164527335222e-01
1.426795239716532882e-03
1.000000000000000000e+00
-7.820897435569511558e-01
8.942287908562622789e-01
7.124463162681616835e-01
1.601781490530032881e-01
1.484744440976542568e-01
3.117412653954973467e-01
3.064681669580808787e-01
-3.522127567943069693e-01
9.957466173670316278e-01
7.050296728611463171e-02
-5.820859481079768694e-01
1.285006947214412110e-01
6.628979134112878979e-01
-6.744989668890023493e-01
-7.644689608621392241e-01
1.000000000000000000e+00
7.667736227789747616e-01
1.000000000000000000e+00
-5.694804923010858833e-01
4.753780429621228820e-01
3.985356895598068383e-01
-3.595424433157559663e-01
-1.000000000000000000e+00
8.236472454191963166e-01
4.477087040395362205e-01
-4.338837198338999501e-01
-4.548811163481037978e-01
-1.000000000000000000e+00
-2.909882384314071979e-01
3.796455375459388271e-01
2.741221667944963025e-01
-5.069447175779667747e-01
5.015488513673603821e-01
-1.284029062547037137e-01
7.240618178032970365e-02
6.428826707480588265e-01
-9.497819906512119381e-01
-9.056787766013953966e-01
-9.096142684228307740e-01
7.759647415385482194e-01
6.514951056233457827e-01
3.785766715484361056e-01
6.140316352013814871e-01
4.340467047129153294e-02
-7.417956321848893086e-01
-5.120713833199638243e-01
5.485085684973096676e-01
7.571037169194929639e-01
-8.382377973245065395e-01
3.237495943234422469e-01
2.222534293657976723e-02
-1.122505868047389554e-01
-9.516908594167743374e-01
-6.614994273877946585e-01
4.751756539029641790e-01
-9.124300149749803301e-02
-6.205025315150617393e-01
1.944482915442778334e-02
8.157874657313035627e-02
-6.460218620014168689e-01
-2.863729457152884295e-01
-2.696048052722299637e-01
5.868273230086024084e-01
-7.982914040407994571e-01
1.952847122085945020e-01
8.446913524688670627e-01
8.531894003491083955e-01
-1.000000000000000000e+00
-4.598091778433992527e-01
4.498380206450432461e-01
5.002468885864800319e-01
-4.257391806925331368e-01
9.105218961309682335e-01
5.225644031934819633e-01
-1.000000000000000000e+00
-8.745662290773370540e-01
-8.595708965760950893e-04
-1.000000000000000000e+00
9.523359552879008261e-01
-1.000000000000000000e+00
4.671567902543322104e-02
-1.000000000000000000e+00
-2.320510359834002945e-01
1.000000000000000000e+00
9.177893362704847569e-02
3.803212963458896811e-01
-4.644846916696944161e-01
-4.202261210441899930e-01
1.000000000000000000e+00
-1.492058365174800949e-01
3.994534844936071249e-01
5.855581391755737553e-01
-1.286179614692658790e-01
-8.151177381632443986e-01
-2.149446569624102465e-01
3.520148298695013334e-01
-9.929618205211969417e-02
-8.302976023631003510e-01
-1.485503556407898884e-01
-1.000000000000000000e+00
1.902537197615405962e-01
-4.994287415104364247e-01
1.000000000000000000e+00
-7.811167742070482811e-01
-1.044038107210944200e-01
1.000000000000000000e+00
3.277522202554840614e-01
-7.240048345179928013e-01
8.674357092150617454e-01
-1.716277880138176448e-01
-2.937372426760476718e-01
-9.300060632406461636e-01
-1.000000000000000000e+00
-8.477827246003902251e-02
-1.000000000000000000e+00
4.268736109389323907e-01
-2.515802542104329520e-01
-9.310955780338883159e-01
-8.580813273996475976e-01
1.274829322765329565e-01
2.815192604006115928e-01
-9.880463923982779617e-01
8.203903709092784657e-01
1.449295344623257598e-01
-7.075265255516900442e-01
-5.360431636307027015e-01
-9.464982729416350216e-01
-1.000000000000000000e+00
-8.377961188256030090e-01
-3.560842393727933208e-01
-2.490161668010814622e-01
2.843765866481027249e-01
-8.190783828829640845e-01
1.000000000000000000e+00
9.754989382859838853e-01
6.194612019802037128e-02
2.579458122646385854e-01
1.622321352243970283e-01
5.215689342017039154e-01
-1.000000000000000000e+00
-7.646772304697299072e-01
-6.467413356219160470e-01
-4.288945812881929665e-01
1.061571774681993874e-01
4.227924982698851031e-02
5.033177420999486174e-01
-8.465146570633251821e-01
-9.128976233346848268e-01
-5.513549368069623619e-02
2.815160175061509618e-01
1.000000000000000000e+00
-9.041033187728529930e-01
-4.387996417209301669e-01
3.021937462437328525e-01
-4.090978207820004098e-01
-8.520956350711580418e-01
-9.833698495237488402e-01
3.217977206716814975e-01
-6.416532140231602233e-01
-5.497012105403348281e-01
-3.645448185032713062e-01
-2.853082946858416236e-01
9.572681881011446681e-01
7.827903712457415786e-01
-2.387880283225007338e-01
5.748853062954809578e-01
2.249446650802744418e-01
6.654799088130274320e-01
4.695603900784864893e-01
-5.617062129606319454e-01
9.502318271589239584e-01
8.149521554534177037e-01
-5.725485686592652890e-01
9.255177233864264608e-01
1.000000000000000000e+00
-1.676991934136378426e-01
-2.411228436632127103e-01
-4.951596345127004528e-01
-1.979413281148053594e-01
1.000000000000000000e+00
-4.354825020061521279e-01
7.597459155496428806e-01
5.956899206200333419e-02
-1.829507678449838470e-01
9.738104565889383890e-01
-3.427134280836697244e-01
-6.476188769433065262e-02
1.000000000000000000e+00
1.000000000000000000e+00
2.065317049407469074e-01
1.000000000000000000e+00
-9.472306330618806003e-01
-6.883899559850269467e-01
-1.000000000000000000e+00
2.694298195501190207e-01
-8.951070748330872129e-02
-9.745701859491656682e-01
7.012512688766423530e-01
-7.191804001183423889e-01
-7.960043842447095397e-01
-6.645336516526419990e-01
9.653295082803883265e-01
1.437191869359772389e-01
4.044927474937815709e-02
9.294502154307712205e-01
4.459276453022062991e-01
-2.363158890560544401e-01
2.622417745721830062e-01
9.001351603501747123e-01
-2.690335808262646067e-01
9.666586333933022690e-01
9.217436158251576250e-01
9.536026718747040443e-01
-4.206329934960231776e-01
4.824952493586417979e-01
1.793157763667265481e-01
1.000000000000000000e+00
6.881976936085782981e-01
-8.483133085232645865e-01
4.338036989850735381e-02
-4.884753301325255731e-02
-3.175660827601458625e-01
-1.434094946339673216e-01
