7.756224814815000368e-01
-3.180565527585432761e-01
1.000000000000000000e+00
7.080275545842127372e-01
5.272899379679105714e-01
4.682911334819614968e-01
7.829804890332405787e-01
-1.353110670415413885e-02
5.089804642898041465e-01
8.160378359075941557e-01
-6.814243978560305948e-01
-1.958963440616345864e-02
6.708174830910680342e-01
-9.360725304785955103e-02
-1.000000000000000000e+00
-7.463937162977316575e-01
-1.000000000000000000e+00
-9.960320601645875627e-01
-7.281372577424944925e-01
-6.049298030097645107e-01
-1.160927041187347353e-01
-7.225379429284679578e-01
9.991755584310428873e-01
-6.378270872009603742e-01
-1.434703869769800022e-01
8.619787523600492829e-01
2.765895953442256694e-01
1.204638518045142437e-01
-8.203477633825537740e-01
-1.293811183261579512e-01
-1.000000000000000000e+00
-5.548150288808284536e-02
-5.677476738144907054e-03
8.879747385302725338e-01
7.308448553718522867e-01
4.748636318995492767e-01
-9.127552433331120874e-01
1.389040944150714552e-01
-7.996194234078128904e-01
3.546571901850806841e-01
2.205256764610465381e-01
8.554894963525312424e-01
-8.517359568183981988e-01
9.797533877947337544e-01
7.827406685690998511e-01
3.399837109334069574e-02
8.086293361320762152e-02
6.109865683439216211e-01
1.633478002301254062e-01
-4.122140326599543769e-01
1.000000000000000000e+00
1.703864420456457918e-01
-6.557614752391005553e-01
2.395991891516526806e-01
4.369614836986590589e-01
-8.220552277080068748e-01
-4.127778380513535961e-01
9.396633084692522786e-01
5.026994638180384278e-01
2.053350716109964003e-01
-1.060414448841864310e-01
1.060122135016177136e-01
5.623374955225177718e-01
6.685697618137378395e-01
-1.000000000000000000e+00
7.027301215637411502e-01
-4.150364044472087954e-02
-5.647340694540705641e-01
-7.864217761601541845e-01
-9.698356906068272831e-01
2.588168519983018445e-01
2.102370262305930382e-02
9.062472473779215054e-01
-9.243481777163304880e-01
-1.235686513610900761e-01
-8.411202778305493233e-02
-5.692619045878797301e-01
6.019547369005275872e-01
-9.763984747158129807e-01
-8.609508654094131241e-01
-7.589062114783355906e-01
7.461931921353746056e-01
1.000000000000000000e+00
1.485298184456749215e-01
6.503834970582291763e-01
4.313294443881552365e-01
1.047171924800984755e-01
-3.884719423780318426e-01
5.930567528177748127e-01
4.197866472559140805e-01
-8.382377973245065395e-01
5.178610078385821325e-01
7.643188463138805844e-02
-1.946154548354690483e-01
-8.432089315552231401e-01
-8.137370517145312565e-01
4.199887398919011083e-01
3.741233684599531983e-01
-4.231743195715105266e-01
-2.935105543942539974e-02
-3.254697505194048546e-02
-6.460218620014168689e-01
-2.813268961653656586e-01
-4.518323799281629416e-01
6.191468151345458359e-01
-3.608786854354568696e-01
7.596293799311060191e-02
9.071492202331075116e-01
9.660672525684752543e-01
-9.823610915167162450e-01
-5.679540395584294910e-01
2.400610686410142858e-01
4.262875916367379059e-01
-8.493455570271208899e-01
5.570041425028660065e-01
3.735389137239908397e-01
-1.000000000000000000e+00
-8.745662290773370540e-01
-5.166157203865617831e-01
-6.900332043376770086e-01
1.000000000000000000e+00
-1.000000000000000000e+00
4.671567902543322104e-02
-1.000000000000000000e+00
-8.233386394739450331e-02
1.000000000000000000e+00
9.177893362704847569e-02
6.764244023236192227e-01
-2.589606841250153280e-01
-1.658040876238777717e-01
9.380943392283109805e-01
1.686633251627445151e-02
-3.286022299053781293e-03
5.844159204837779953e-01
-4.229065829303625401e-01
-3.214383315743156722e-01
-2.029010312674620620e-01
2.514797419197971617e-01
-1.814218148294244326e-03
-1.110558423975953612e-01
-1.816807892903198329e-01
-1.000000000000000000e+00
1.076931750621028527e-01
-6.602573710509682670e-01
1.000000000000000000e+00
-8.803950196546759255e-01
-3.037997979892170797e-02
6.635910798900375163e-01
2.965576988839524475e-01
-6.806994537634343256e-01
8.266207026033620675e-01
-1.716277880138176448e-01
-6.644494546700043802e-01
-1.000000000000000000e+00
-6.617331975178131209e-01
-9.330020885947154508e-01
-1.000000000000000000e+00
6.655981435213871311e-01
-1.821998205104605750e-01
4.717096193324499254e-03
-6.192094796432876525e-01
1.274829322765329565e-01
2.815192604006115928e-01
-9.522050875630845290e-01
9.883605150772127867e-01
8.710635244609266081e-02
-8.587414451154862238e-01
-7.989780164687041442e-01
-6.838996432716899498e-01
-9.949403507863525675e-01
-7.765836644337897887e-01
-3.615450355788083492e-01
-1.000000000000000000e+00
8.578229975320552647e-01
-9.849872735647587918e-01
8.477117404368306186e-01
9.689869156225296987e-01
3.080057103650513106e-01
2.806674700459653726e-01
-6.522623766133772705e-02
1.226664432951702910e-01
-8.800652930478595204e-01
-7.268693491334116130e-01
-1.000000000000000000e+00
-1.331271581188372410e-01
-4.592851400744448753e-01
-3.186424448635971629e-02
5.033177420999486174e-01
-7.464663847260670781e-01
-9.654763829009642695e-01
-8.989810537527653800e-02
-5.170101039264873855e-02
4.656209746305542407e-01
-3.404259647575915704e-01
-4.777279905573192931e-01
1.501260847892589290e-01
-2.217256566690941622e-01
-8.993543964467569651e-01
-2.144842094765380125e-01
5.369445805236774394e-01
-5.128476380184130434e-01
-8.591443824358244719e-01
-7.127152570309227553e-01
3.400886122904522857e-02
9.645105434285718982e-01
8.854351960047395220e-01
2.267973930373439195e-01
4.649864499334974699e-01
3.906885101490470413e-01
5.965693506014482228e-01
4.453918179103579789e-01
-6.773770803141072605e-01
8.771498908585217968e-01
6.984016214412442913e-01
-5.725485686592652890e-01
5.662754024394252017e-01
6.483366386029969508e-01
2.742338183317529765e-01
-4.301248851708525667e-01
-6.342385658388127734e-01
-1.890255581375344107e-01
1.000000000000000000e+00
-4.694971701813939191e-01
7.597459155496428806e-01
-5.048642410589598839e-01
-1.860811669151316572e-01
9.529113016429429095e-01
-1.030168862828150789e-01
-9.662439248757270782e-02
1.000000000000000000e+00
8.039155608345041060e-01
2.065317049407469074e-01
1.000000000000000000e+00
-9.047769163233142509e-01
-6.767744087086934313e-01
-1.000000000000000000e+00
2.694298195501190207e-01
-4.863442849571759652e-01
-9.361446774265034243e-01
6.823158383181164854e-01
-7.042046231086060981e-01
-9.344035163794568444e-01
-5.274531268034441389e-01
7.916571514274906018e-01
1.262413866603042667e-01
8.000679121140252814e-02
9.672844245745453318e-01
-3.569177155367241894e-01
-1.632771215113676400e-01
2.622417745721830062e-01
1.648261045105801070e-01
-2.448249231100927403e-01
1.000000000000000000e+00
9.642951429305306466e-01
1.000000000000000000e+00
-6.125240433838232690e-01
8.446218649852396121e-01
3.201445729023493225e-01
4.010330678461615506e-01
6.796740148809388149e-01
-5.892819608899890760e-01
-4.702537293057271750e-01
-3.223907251534283702e-01
-3.175660827601458625e-01
-1.374096989138267055e-01
