-4.468460150243747098e-01
3.621383541719272459e-01
4.274464489620125596e-01
1.109817255046941786e-01
3.356685682818448813e-01
-7.607989600650267858e-01
-7.726501795435127828e-01
-3.505757759817140773e-01
1.636818454436706205e-01
-4.652638285755439362e-01
-2.846412851351154405e-01
-2.026554972712752423e-01
-7.588344745905859501e-01
1.990926877533083506e-01
1.496063778168863767e-01
-3.188845878809981604e-01
3.326263378986601404e-01
1.316965272558343059e-02
-4.001204018400770224e-01
2.268590906057062206e-02
-1.179974869525117764e-01
2.051666989474298930e-01
-4.519153701284077673e-01
1.078888749627346044e+00
5.380232013120911372e-01
-2.327516603519270699e-01
-4.767737811048720076e-01
2.004565409168224122e-02
-4.343657312974114060e-02
-4.945034297317559002e-02
-5.842102654061787081e-01
-7.908163067098152865e-01
-6.582373325255687080e-01
-8.397507800376896592e-01
-5.554180381674370670e-01
3.775289983242593461e-01
4.044201604815392814e-01
3.032525474235533425e-01
1.018519187576758744e+00
2.787288566254217947e-01
-1.486219248749175992e-01
3.693596846456660421e-01
-2.828228161593779322e-01
-4.993499159841539581e-01
8.900845166958594179e-01
1.444216227844254963e-01
8.799244068823037779e-01
3.197035297860673086e-01
-8.590124697241030560e-01
-3.838815817302678179e-01
4.925284210100020488e-01
-2.675377965345811515e-01
5.371528769404901871e-01
-5.172374586080986658e-01
9.836736750077732516e-01
-9.900282198914605036e-01
8.046600552351193536e-02
-5.578192330880572536e-01
-2.744134350498237951e-01
1.048635173609976157e+00
2.407952381925011764e-01
1.000533421774794096e+00
6.188431778978060738e-01
2.173457585498402289e-01
8.529082821725276764e-01
7.452293859386694974e-01
3.675731388074870432e-01
-7.297061586386259791e-01
-9.259548531195823662e-01
-8.102139838617254952e-01
-6.224066375028380893e-01
-1.186025437008769723e-02
-2.470879559444119355e-01
9.847506901135205659e-01
8.226957201481541748e-01
4.899925477462561130e-01
-4.669325837444590066e-01
4.813079502999963455e-01
-2.726431745471534218e-01
-5.495361073793934015e-01
-5.230516779813276784e-02
-7.502003284675295980e-01
-2.938200887532440089e-02
1.635454385319863313e-01
-7.609614911605766530e-01
-6.793580289945191364e-01
-4.609200074626863541e-01
6.566204455428102660e-02
1.009135100384177086e+00
1.035020114570190275e+00
1.093084598299763455e+00
4.840716423331086204e-01
-9.006856139486925095e-01
7.970226527384527415e-02
-5.765095037297047753e-01
-7.007865253637485248e-01
1.517721685981111845e-02
7.426371165034825195e-01
9.469712048833001106e-01
8.498294505829502299e-01
-7.585428061571890535e-01
1.015617046018624792e-01
-1.586455411597579301e-01
3.910730520200922933e-01
7.678653875482464031e-01
-1.659148870432780587e-02
9.220755739996634448e-01
2.787717993890048152e-01
-5.849197929565164156e-01
-8.727702972224182787e-02
-6.212536397129198029e-01
-8.158236780789833720e-01
1.168131782092658000e+00
7.048273650531851064e-01
2.065460512198742382e-01
-3.227459271952556330e-01
-1.051264630787028587e+00
-2.754833056418612980e-01
1.071813717553188994e+00
-9.691682229971829710e-01
-8.445681209061404182e-01
6.954503611393002549e-01
8.915780025023797295e-01
-9.628534546723991824e-03
4.050757359508248001e-01
3.159618344851534699e-01
8.980236718571015242e-01
-9.506529875201680246e-02
8.398398454979658645e-01
-2.236634431030994422e-02
4.540417562673083607e-01
-2.731810303937385886e-01
-6.577056980137618858e-02
-5.671390309026039800e-01
7.793331067246479504e-01
3.009875537196914363e-01
-8.143887048681486274e-01
-8.267446574704405693e-01
-3.488833429252480300e-01
-3.950649013430920231e-01
4.666563852442597859e-01
2.065295550950700665e-02
-3.112886022171715839e-01
-9.833604963862514481e-01
-4.985524908259734156e-01
-2.779628523906622073e-01
2.240577259896421036e-01
-3.707519563819925423e-01
6.006623194062809395e-02
7.176487256405159054e-02
-7.288608806930279016e-01
-1.373325024715217266e-02
4.559269074595850846e-02
-2.789295395585587034e-01
3.396560660413918686e-01
-9.241486754033469975e-01
-7.004569379660021688e-01
-6.753603033047559379e-01
9.873578486895643325e-01
-7.314801450588419574e-01
4.381761345412360509e-02
-7.886006302455760286e-01
4.568708424737342733e-01
4.325178597805248160e-01
-6.983892668677688098e-01
1.482682829280961290e-01
3.956557020843017303e-01
-8.292731686913072942e-01
-3.221087032324999877e-02
2.042378317036820101e-01
-7.225540297532457856e-01
3.941176647501153374e-01
-1.996367543324331084e-01
-2.455479159719888838e-01
-7.415614583822304207e-01
-8.882183440027587862e-01
-2.298600978504896641e-01
6.496847535389480566e-01
-2.924285796587068886e-01
-6.474893755979469478e-01
-3.435256896340992405e-01
3.005352961395522104e-01
7.543443372963586357e-01
-5.932517137982465938e-01
-4.913203922827237835e-01
-5.523307444680713996e-01
6.473164965874153021e-01
-9.174836441141978050e-01
-5.757123094686567022e-01
9.058798598564318794e-02
2.716290595781153255e-02
-8.802877112341403465e-02
8.727565455486603341e-01
-8.661620361930153500e-01
2.077290193290408649e-01
-7.327823146448164682e-01
2.696057711237777044e-01
7.723069824430950359e-01
1.848194844356778332e-01
-5.232771150609117905e-01
1.179145367805248146e+00
-4.240868147257472742e-01
6.654590283481329749e-01
9.136013671711493700e-01
-1.273875606820367601e+00
6.645317717945912195e-01
6.176266280248060569e-01
4.703424217667570573e-01
-1.006652292772785007e-01
5.068041208150468879e-01
-8.545444689298553609e-01
-8.004106455566407652e-01
5.753812452278395106e-01
-8.093409008542734595e-01
-6.046673719223689680e-01
4.255009892164777208e-01
3.094847864619961753e-01
-6.075621686451569969e-01
3.169779850915344643e-01
4.843933975116758162e-01
4.469463281724336823e-01
-6.861588402072145154e-01
5.879400396963590375e-03
3.311661059658368433e-01
-4.384253366190757895e-01
-6.677850515730429093e-01
7.560073241018508972e-01
6.767802427485840600e-01
9.748512756888294550e-01
-6.496674057395650514e-01
-6.252089631910417999e-01
5.412912268507794611e-01
-2.090186957924289324e-04
1.212665452009431544e-01
-4.834234527526419800e-01
2.906727620457147943e-01
-6.400483414630409040e-01
4.089318155083225270e-01
9.196842899044845865e-01
8.960987019530275433e-02
1.961170589272049902e-01
-7.135316029731785248e-01
-1.104401648645375322e-01
9.756123773103080321e-01
-5.342601068925572072e-01
-9.046244815116759597e-01
-7.171158712412636360e-01
6.717743096807964331e-01
-7.980791670586714348e-01
9.853481652102625832e-01
-8.231486798115880132e-01
-6.352750650460607940e-01
7.440903849091037303e-01
6.636753922616831503e-01
8.743106810055566169e-02
5.304897556389051028e-01
6.236090964192100294e-01
6.324588548169970403e-01
-3.995235577143682604e-01
5.459964593610519001e-01
6.462817889944887373e-01
4.456211478890892419e-02
-2.878305797617046746e-01
-2.173844315028211627e-02
7.886586850919677927e-01
