-5.398499393010709468e-01
1.000000000000000000e+00
-9.857966702129385139e-02
-2.568232191592849656e-01
-6.465337483753920145e-01
-8.824428242628015173e-01
-6.144617595346075767e-01
5.097123881164326020e-01
-5.320825347646296333e-01
-4.181330202014320596e-01
2.050887865236566410e-01
-9.532266909542757016e-01
2.399404649189861016e-02
-1.297174016347991121e-01
7.551970350634420459e-01
8.244920498120906771e-01
2.634448527915023708e-01
-4.621839534092142543e-01
-9.365994326346264165e-01
3.566653818056363945e-01
1.000000000000000000e+00
1.625999218155692316e-01
3.879391768631211823e-01
-4.793896748803399555e-01
-8.504779192570313118e-01
6.363187901156575066e-01
2.683381615372567031e-01
3.226361937825967807e-01
-2.903398334122828661e-01
-2.545491311267791268e-01
-6.749557059526579694e-01
-5.760164054669921763e-01
8.329186474286204289e-01
-4.465891983489548855e-01
-5.941198900422001161e-01
7.209488850284984096e-02
8.883809434767543367e-01
-9.278509479916217106e-01
4.693731445043414219e-02
9.621271776531977737e-01
-7.165665035560021823e-02
3.875026708195669634e-02
-5.452748951091994645e-01
-2.279540586045111505e-01
9.992317010822260315e-01
-7.613137062706659686e-01
5.365982869218327567e-01
1.770466771613553869e-01
9.288253819349842066e-01
2.630857388991286183e-01
-5.188321209510591281e-01
-9.512799713236030907e-01
-4.135714662971440303e-03
-3.092447328124073302e-01
6.101284038753653771e-01
3.380890361859044124e-01
-8.133100524459279113e-01
-8.577712703935380656e-01
1.857079959632003674e-01
-1.625088027491766729e-01
-2.173860910542616820e-01
5.394592869060079732e-01
3.871749085617418595e-01
-4.673046195711246242e-01
-9.943364800415388505e-02
-2.485855269953149427e-01
2.043019484828734189e-01
-6.094770017884811875e-01
-1.299645462966865228e-01
-7.598630759847699312e-02
8.536688606355595788e-01
5.729475592634717396e-01
4.240863836808284049e-02
-5.952534790557398869e-01
-5.127863079769700017e-01
-8.672766576636898872e-01
6.164063040453855447e-01
-9.706783286438012137e-01
7.337224192406417711e-02
-9.368394654263902943e-01
1.748007599094682507e-01
2.405810626110237993e-01
8.182244359430553837e-01
2.729389518950412485e-01
-4.360726755429829571e-01
3.261854122315097082e-01
6.106060713373717697e-01
7.768264541289757741e-01
-2.459830903063742191e-01
9.451312136950532627e-01
3.867680645905660630e-03
-4.417765453015785049e-01
4.692065958456804325e-02
-5.518016728612969990e-01
3.300019194475167783e-02
-5.949864984401050938e-01
-8.283185226814061830e-02
-2.676868525455207704e-01
-5.096798733592801389e-02
-8.562340253446129035e-01
-8.089012027462295640e-01
-8.878128448379705162e-01
-9.409847198501394283e-01
2.566176872499325440e-02
-4.113293854543129680e-01
3.398645016401845020e-01
9.065869481675559172e-02
-6.712675308811408281e-02
5.277488597730733977e-01
-8.203890317138300414e-01
-8.362719313631921114e-01
3.909592113937558344e-01
-6.890205237131651061e-04
4.586849748667018445e-01
-7.733431339449489128e-01
2.686926433756436916e-01
-6.216173812100183049e-01
5.193601683957974613e-01
-3.794224065797436873e-01
2.682414671765938063e-01
1.000000000000000000e+00
1.779626151425733604e-01
3.091263485158245450e-01
4.329587219671839904e-01
3.973683263741172866e-01
7.750295262497846061e-01
-1.549008604869137606e-01
9.219951548263258800e-01
6.290226880579419255e-01
-1.058058994535027442e-01
4.967992199416807475e-01
-4.363099918140588840e-01
-6.257534168252021356e-01
-1.245710079761560007e-01
-4.939689046465136624e-01
-8.091644461969786928e-01
9.762200732915434775e-01
8.630810990402518756e-01
6.797595500671694824e-01
5.440551143914895693e-01
1.743576556743653416e-02
-8.680128099238811901e-01
8.476922421243981987e-01
-3.301778024265818456e-01
4.964250399276701198e-01
5.955384035683612964e-01
-4.038188124207624519e-01
1.067009655452211964e-01
9.644658998518822468e-01
-2.923662878906403417e-01
1.916392492424035532e-01
-6.044141906454114643e-01
6.409746488455003721e-02
1.079109415883871548e-01
-6.418836195824475510e-01
-6.909772329930573553e-01
2.036840332875036741e-01
7.825206111039995083e-01
-2.416696485987429865e-01
5.991301203391865560e-01
8.657112980080002851e-01
1.000000000000000000e+00
-5.070104936367038073e-01
8.602360104982957612e-02
-4.467842690118379867e-01
3.754934427525074003e-01
-3.018525435884258923e-01
-2.180277783226267641e-01
-6.570321649541088771e-01
2.161149845369675360e-01
9.472166680685989437e-01
-3.467453845622706643e-01
7.745853584890075583e-01
5.272695331442891487e-01
-4.191014573360610784e-01
-4.854727870656987965e-01
-4.781160219299194214e-01
-3.518584471666850177e-01
-2.010261768957974371e-02
-4.800237313009020346e-01
-7.182189303919982448e-01
9.208453823357899415e-01
-9.472258986048704976e-01
-1.577854829453064767e-01
8.477423392684007020e-01
3.584710442720757118e-01
4.969580082124632758e-01
5.878896154294600551e-01
8.526123087804219347e-01
-8.256877251436108012e-02
4.317165511432305980e-01
4.141847298441390657e-01
-7.156725148751215126e-01
-5.655588918339297111e-01
-4.493878668949514155e-01
-2.908722568417912435e-01
1.000000000000000000e+00
8.475853386264909917e-01
-2.531705680143671588e-01
8.981320155639214153e-01
6.130051380037127018e-01
-7.848498329067008505e-01
5.675323895611639191e-01
4.446024294553292955e-01
-4.322212399945862815e-01
5.124906722577530216e-01
-2.563642436655318990e-01
3.156001042871734996e-01
2.645295797049916908e-01
-5.197300835945767306e-01
-9.542622467652185636e-02
8.558892166155810388e-01
7.730464031438515349e-01
1.936541688738185052e-01
-4.682042485755091299e-01
2.165544503136553056e-01
-8.090207169832000500e-02
4.369521910614118099e-01
4.234493693644525436e-01
-7.004915601859482699e-01
1.000000000000000000e+00
9.351044789362678022e-01
4.137028038361258431e-01
-7.394571481694154347e-01
1.774383538915002556e-01
-2.374792776738011701e-01
5.200118785996891146e-01
3.121293088945137906e-01
5.500305781518974868e-01
-4.234499465049799127e-01
5.687066839983320188e-01
-7.533842960941573574e-01
6.114402295766185880e-01
-8.380659871719078335e-01
-5.812109320753240382e-01
3.644862667221097086e-01
2.433709237311413309e-01
-8.012950097472113509e-01
-4.795038240092119874e-01
7.999134678049673042e-01
6.123012196974610966e-01
-5.459148635770855185e-01
-9.452095050675110022e-01
9.096366303212084503e-01
-3.328474411318314563e-01
-1.703589235585850348e-01
2.068273675082314134e-01
-5.788379307960714315e-02
9.438017652274965918e-01
7.746615489614429029e-01
-8.818795424902683283e-03
7.085152096698172919e-01
4.775088042270070332e-02
1.000000000000000000e+00
-1.361863871835931050e-01
-1.000000000000000000e+00
-1.435466899367894289e-01
-7.538983148993791961e-01
-9.706875127639355005e-01
7.608177195958273353e-01
-1.430144181007601545e-01
5.456672740739945127e-01
-3.650797939120918878e-01
-8.604110574152769031e-01
8.265566995896533875e-01
