-1.093223185824240551e-01
-6.652563693047262028e-01
6.149548945548621859e-02
2.623867696245646419e-03
6.354020778492204258e-01
6.858959785636541406e-01
-2.693927920448384583e-01
-8.463953822956526984e-01
1.912249940772019208e-02
7.265937552627549367e-01
-8.693553868810166563e-01
2.765520655444042020e-01
-3.156629962208061801e-01
3.914152931913392752e-01
4.455435114609676561e-01
2.156917752561353652e-01
9.645276998485690090e-01
1.000000000000000000e+00
-2.495591909427847810e-01
4.454824348585678107e-01
-6.451304708924543441e-01
3.558544820342186554e-01
7.604070900604806837e-01
-4.959431997726790886e-01
-1.688079024654836058e-01
-8.349099859108888300e-01
6.985380040073718710e-01
-1.035064075990566046e-02
9.664010319341713728e-01
7.330594524039530935e-01
-1.305975193651012223e-01
4.314454944618977272e-01
-4.078445916833353113e-01
-5.296082000453166128e-01
-7.644379437010172529e-01
-2.765920263977243998e-01
6.355686347589561969e-01
-5.057409528380867325e-01
-6.075012638983876556e-01
2.826053714353953250e-01
-4.449817929123278670e-01
7.640820233977729803e-01
-5.617531352268783085e-01
6.215078952856416539e-01
6.777351123780144260e-01
-1.337155703463771550e-02
3.577743572776488357e-01
1.198596346198556456e-01
-5.478025248498743505e-01
-7.937003931727550921e-01
-6.612700897916345966e-02
-2.606960783467111575e-01
-7.043967648234561452e-03
5.187994248968643696e-01
-5.806969839778840514e-01
6.193436804747602942e-01
-3.807885107778741229e-02
-4.467189106097164686e-01
-6.689586230740960371e-01
-1.571791162251559015e-01
-1.781993421206463230e-02
4.742686346693920640e-01
2.653454159770565202e-01
6.441899337419255689e-01
-8.758817931322002703e-01
-9.816833329264039731e-01
-7.910303267876037658e-01
5.794360137426530777e-01
-5.686585224684763684e-01
5.777031465667938903e-01
-2.878644652176520768e-01
9.788478315274673491e-01
8.007192983954142251e-01
-2.998041564707762952e-01
7.383204605205535564e-01
-3.309973788923803451e-01
-3.494590636323415822e-01
3.132449869378353124e-01
-6.871611248338025391e-01
-2.562832844076070593e-01
-9.726458150326771079e-01
7.893921755368539239e-01
7.455087139098817151e-01
5.854880887081497232e-01
1.739598414718848129e-01
4.165667062606685511e-01
2.887148618669526101e-01
6.498072853323839659e-01
3.972872359190080527e-01
-1.426355040117387729e-01
-2.008179498387219208e-01
-8.416871400584111651e-01
3.072765868033275893e-01
7.216079902200935869e-01
7.867133404462567370e-02
9.580435879511721708e-01
6.094005670082609516e-01
5.840311345869340087e-01
1.362775041394586051e-01
1.327805007152789152e-01
-5.779158449007746334e-01
-1.141002774062136460e-01
5.283874689560220661e-01
-3.891418820717480465e-01
5.357432235089671924e-01
1.000000000000000000e+00
6.806081795699761017e-01
-5.592669108030009495e-01
-3.391714588614853643e-01
-7.991291392036264929e-01
-1.987287465996473712e-01
-5.436134346043859367e-01
1.007411625524929910e-01
-2.021288711628754786e-01
-4.791899608070008254e-01
-1.438067921602352861e-01
5.335446630798952317e-01
-1.681243743960145753e-01
-8.970334416492118379e-01
5.904056700284386894e-01
5.775748819529116229e-01
8.548562024130458292e-01
8.130218540722146114e-01
6.129635703047184858e-01
-8.648505269399864304e-01
6.378562070489990354e-02
2.025827113169379190e-01
4.851349488483307493e-01
7.840921009000951791e-01
3.556026302987949084e-01
3.052413180082165223e-01
-1.602385098709701583e-01
5.414461605366696628e-02
2.610076859676416783e-01
-7.847448197776212275e-01
-2.054702282260383317e-01
-6.468933175215692000e-01
-7.918219760731410872e-01
-9.728066991969732680e-01
-2.450035563481440248e-01
-9.967192612345734393e-01
5.829265288614835505e-01
-2.933207062923384734e-01
9.765516722874318933e-01
-1.000000000000000000e+00
5.546866013914872884e-01
-4.532197061784581926e-01
-4.668240459035220558e-01
3.034495759285826821e-01
7.331295123118704016e-01
6.086655509191940538e-02
6.845576688636967333e-01
1.322796637617693061e-01
-8.682160940417514849e-01
6.718394735890518277e-01
6.451094508367760660e-02
2.045847028050704064e-01
-3.637037279547103985e-01
7.310113137973721642e-01
-2.846323886144386250e-02
-1.443508151955491814e-01
4.756811613182929666e-01
1.837529986630128676e-01
8.123283412619810573e-01
5.786449290702784243e-01
-5.544123936930871466e-01
3.848595257719206186e-01
5.720298263937213523e-01
5.294199348709806019e-01
7.571162867022513954e-01
3.753489249762456126e-01
-9.196147454410421584e-01
9.801195943027352087e-02
-8.401779171056418249e-01
-3.568784991384310601e-01
-4.221176723246886642e-01
-7.392276330902232129e-01
-9.392034541943412584e-01
4.253347145897581338e-01
3.263803340297651290e-01
-5.976149743797809499e-01
-1.914102683069429656e-01
-8.512069615445219117e-01
7.511833688038355161e-01
-6.533806273521054475e-01
-8.273995335442816401e-01
7.514284174618174328e-01
2.679621865673169623e-01
-4.505505852432525327e-01
9.093695178999363637e-01
6.051762927019115335e-01
-8.399183394900087141e-01
-3.199421597313343302e-01
-7.286119078371572355e-01
-4.596905252815162712e-01
2.088080706607769177e-01
-9.966853292842363654e-01
-1.002166070852638924e-01
2.315134026353588004e-02
-8.870052796111163040e-01
4.820910316119886296e-02
-8.866647925546589093e-02
4.099045834845295444e-02
1.586932902129125633e-01
-4.972910682440658814e-01
-4.809699775841541625e-01
9.642576144555927709e-01
8.638159588762712726e-01
-8.969926333829703058e-01
-2.036582361179916367e-01
1.934711662253301712e-01
-7.762602294351577115e-01
1.827179003921213241e-01
4.168936928889184212e-01
-4.977082651490485343e-01
9.861268715812424590e-01
-5.771940690755434922e-01
6.586822697584968633e-01
8.645898999930283768e-01
4.874207958294034526e-01
-7.772493088539729200e-01
-2.565049883597758651e-01
-4.537933060295040733e-01
-3.223109236972683811e-01
4.729350148970241641e-01
4.138488932242530005e-01
8.064865398983209754e-01
-2.519158358553656996e-01
3.776061587230707395e-01
1.066279537032648328e-01
6.662825679410194768e-02
8.115494727333770475e-02
-8.584193637793480214e-01
3.154473234528842873e-01
-5.816464926581812467e-01
2.077844557730449682e-01
-2.317642613987922484e-01
-8.615146634308158413e-01
-3.629438982080048781e-01
7.630172451078187645e-01
-7.851069134017547579e-01
-3.773532012590098406e-01
-1.948191267301766505e-01
-2.852031086709303498e-01
-9.342929595374049878e-01
8.510326346564502931e-01
3.260720689047027498e-01
-6.275475690075378310e-01
-7.595679218445610115e-01
-4.978326080353945304e-01
2.232016737134540907e-01
1.789545409085622207e-01
4.536335945017213600e-01
-5.207251444744509516e-01
-4.256058699913073951e-01
6.247792114410128939e-01
-6.778463123911997457e-01
3.705193679900427028e-01
-7.157497215435375537e-01
2.407509570999884774e-01
-8.317268751253806824e-01
8.437693356369222464e-01
3.936547915101540340e-02
7.732230249231928365e-01
-6.012237981921522145e-01
