-1.048551471707360516e+00
-2.414204370066701522e-01
-3.266843080537860655e-01
-9.115612903385317267e-01
1.007491921857490258e+00
5.908749559162362885e-01
-8.399850465731320548e-02
-3.093099359749670318e-01
-9.463913795802054718e-01
-7.423356190120750098e-01
8.674799675838656965e-01
2.527925420485788721e-01
2.639314276427069395e-01
3.248130045660237997e-01
7.207977363659441306e-01
3.473397069695296491e-01
1.395626878502445600e-01
-8.051488452629791404e-01
4.355341978666439351e-01
-3.982811272216124632e-01
3.326435865789738322e-02
-8.577755497043910715e-01
-9.911900849014522175e-01
-2.570983216148156614e-02
-7.467057859074470727e-01
8.714435108424160026e-01
9.551821626300538437e-01
6.925560534506224053e-02
-5.385304657634449876e-01
9.553556868465544749e-01
3.945395650554934242e-01
8.300694981058158728e-01
-8.226485641852117059e-01
-5.664175726421767365e-01
5.184613943233336297e-02
2.406732406465044716e-01
-2.410237337450833461e-01
9.218316434453628361e-01
-8.850377444391438475e-02
-7.595406802635489285e-01
2.166172158670371384e-01
1.129590355017434655e+00
-9.945309953252143842e-01
5.864037876991574638e-01
1.508626094581945742e-01
-9.396281854500403430e-01
9.356398542923691775e-01
-5.918802511325778060e-01
6.768509006806949779e-01
-5.365244304169070055e-02
9.403505370322440271e-01
-1.074925120981142346e+00
2.443435027272144455e-01
-1.003966665281359250e+00
-3.409712914514161919e-01
7.875759287729314218e-02
4.098293823633616384e-01
3.044867933765695867e-01
-9.518340179401674206e-02
5.776569957727002436e-01
-3.661583268166030969e-01
-8.061156116076513278e-01
4.031318205200857818e-01
-2.844248241619315998e-01
-7.926031118314684765e-01
3.585620518516844379e-01
8.443219282377990575e-01
9.269448610750935513e-01
1.407667620810941767e-01
2.154475700780392744e-01
9.679510737282888133e-01
2.847870291073837379e-01
3.054394200697403416e-01
-1.544556942800000554e-01
-6.384743900523741633e-01
-5.970313456536786578e-01
3.645576251861722128e-02
-2.004507118278479327e-01
7.089351620542935217e-01
-7.252058235284229992e-01
-5.995213743879777013e-01
2.952986475146580081e-01
-5.255961734413739928e-01
-9.741744974965822479e-01
8.571415409396305751e-01
-5.634271692642444096e-01
-9.789577438240610885e-01
-7.252396375345662172e-01
-3.878854815148760626e-01
-2.422475993060830834e-01
7.086569435370345671e-01
-7.834070756416847692e-01
-7.240273414496235793e-02
9.267988016637012105e-01
-2.398397004733429649e-01
-5.421563368004044259e-01
4.710021323643354130e-01
7.403142183977211577e-01
-4.178055700588850230e-01
2.044554128625937772e-01
-7.696124741825507432e-01
-9.008937953288127520e-01
-2.484747648624147376e-01
-5.122850799719157466e-01
-1.249837953432480775e-01
4.148694555193325750e-01
-5.435360049733516385e-01
7.662108365936515231e-01
9.640819363175329171e-01
-5.818515268545908503e-01
-1.194524839500775482e+00
9.964449376633592870e-01
1.054598263355279286e+00
-9.165158870451998174e-01
4.552405309577809978e-01
-6.709365079941806975e-01
5.182441917270136367e-01
4.755593484901574075e-02
-6.756836732734605722e-02
8.893794784111960228e-01
-3.502589685078590365e-01
-5.036443453189640707e-01
-8.423766046829008758e-01
5.604655102711117998e-01
2.688499284338573270e-02
4.640008224485763222e-01
7.020340104146738369e-01
-3.406863857520827099e-01
5.247667421840508384e-01
2.599911298449548158e-01
-4.218380395811645034e-01
3.808835524350756563e-01
8.731620462260496485e-01
-7.106210113756981084e-01
1.050889509016270651e+00
-4.466415677288625985e-01
3.674989390907673625e-01
8.175548678754258614e-01
-3.610734157110217502e-01
-4.025935563432092579e-01
-1.171301371845459849e-01
8.339405759551773434e-01
2.194424723306275804e-01
9.243908610646925372e-02
6.743027895254236626e-01
8.731250032507431591e-02
-8.678423731862046075e-01
7.482828573970354280e-02
-4.000239851516682599e-01
1.062074131641764785e+00
4.921678974772735193e-01
2.820858756711372983e-01
2.457690934398293892e-01
-1.075631729642945178e+00
-1.625071594804672892e-01
7.165157680458509315e-01
5.207443769003102796e-01
-1.864307904825070195e-02
8.256148320120493267e-02
-1.055318931109326064e+00
-1.336889597340442937e-01
3.013513299134901735e-01
1.724307701040809770e-01
8.196705975625655505e-01
4.282181962640669859e-01
1.054968856495151375e+00
-8.745229559863026969e-02
-8.997166740379634042e-01
-7.197382579998495844e-01
4.516656357457248805e-01
7.436691824164703979e-01
3.185199358417766802e-01
-2.193218017018209731e-01
-4.858858315390520710e-01
-6.663612438806920668e-01
8.847622427760557517e-01
-6.285042551709546510e-01
6.799496350369411690e-01
-5.124461854529849258e-01
6.666700497059254715e-01
8.505946832147626147e-02
-6.982983043473239837e-01
-4.910983273840203722e-01
3.265792004125085413e-01
-9.370895756235613216e-01
-3.260304509642950599e-01
-7.510525343466606385e-02
9.979950983247444229e-01
1.057750892096457118e+00
3.988914352404652752e-01
-9.836921787836974129e-01
1.850197571496572657e-01
5.420217164377256758e-01
-6.852623397181017983e-01
7.097078929180664630e-01
3.112289429832676424e-01
6.563183458230675837e-01
4.088004865826645462e-01
-9.292787177778849550e-01
9.084649988834239132e-01
-9.171668100184704464e-01
3.196620812503531694e-01
-2.867106656508893736e-01
-2.772065900299340857e-01
7.245590395590923993e-01
8.903078898151659537e-01
-8.051080363092795178e-01
7.339345872771407819e-02
2.379962268002346060e-01
6.426244238124666497e-01
-6.078434689499522675e-02
-3.214677525348881570e-02
-9.937265564364452519e-01
-5.572822019892893497e-01
-1.004331667653950655e+00
2.520436818044626825e-01
-3.030717030788822042e-01
-2.140340834182843377e-01
-3.885196242562656277e-01
-1.544434191867617712e-01
-9.632535855064747188e-02
7.153191858586435137e-01
-3.381745531753730938e-01
8.870145761283443342e-01
4.465690971568193612e-01
6.457846833964130395e-01
8.132137661596118283e-01
-4.269682845893530421e-01
-1.370155615663015969e-01
4.576543617508701534e-01
5.806389675140841700e-01
2.707203181014953275e-01
8.798666402324127889e-01
-5.944724363016753443e-01
-6.369480838649445031e-01
-6.289736007847069876e-01
-7.663496382356964620e-01
6.662143135681455330e-01
8.124427711029300614e-01
-4.472122013427958231e-01
3.343190554082468013e-01
1.735062345789519789e-01
6.647568443119962200e-01
-7.322234512935690276e-01
-2.296466391493555415e-01
-8.637392992678422088e-01
3.792153365250198194e-01
7.910795992347444683e-01
-7.589199946907831951e-01
-6.329697662317201878e-01
1.468909902693060765e-01
-5.212379658595830967e-02
-1.878045278482888547e-01
8.704627835433903504e-01
-3.610557592843626207e-01
7.311751486884144891e-01
1.216823033341233734e-01
5.283452279064109192e-01
8.039924398672259054e-01
-6.843856915407759978e-01
-7.153030342457613600e-01
-1.204350792511210910e+00
6.986403110978738340e-01
1.325617921646419894e+00
7.780988857387757252e-01
