-4.532766667519125825e-01
3.860622518412608617e-01
-2.208576656838980856e-01
-3.910228627208659491e-01
2.544023179305466842e-01
-5.413822336752371900e-01
8.376908437488002068e-01
9.021067244533539364e-01
-2.061936655877379676e-01
-7.445309722839633659e-01
-4.035655650083941337e-01
-8.909378895985260449e-01
-8.437777952515487234e-01
2.903565015178480868e-01
-3.276707233486014226e-01
-9.667613292482937215e-01
5.169105064359840185e-01
7.673648971421628273e-01
3.749445920435227064e-01
-9.043663369045631395e-01
-5.146548173648186619e-01
9.111274214516500436e-01
-7.137819949220424176e-01
-2.725402857380983951e-02
-2.505030898648303861e-01
-3.547874813041750064e-02
7.783191013612557052e-01
-1.528983005264654693e-01
-7.124510905233302216e-01
-6.029017655691636113e-02
9.297607807344909769e-01
-1.971418268199560675e-01
-6.708779925210324457e-02
-1.260232168550883269e-01
-1.281381546835528018e-01
7.684322649899690827e-01
-1.439671791392279354e-01
4.913947520421668713e-01
4.481493608386987182e-01
-9.666194084980305190e-01
-2.840398165860578694e-01
8.609556203877125058e-02
-6.756179360764579256e-01
-8.598755527358792339e-01
2.123428463534744459e-01
2.123521882582663778e-01
-5.026719811131414861e-01
7.527718517190528091e-01
7.119660000792732424e-01
-5.191758796225944828e-01
-2.631388937894085234e-01
4.299290027435960226e-01
-4.956869673824886302e-01
5.741414846194217159e-01
-1.041083730979824873e-01
3.648294815945558600e-01
-8.403067351619881720e-01
6.464805341772918990e-01
-5.132391147130739295e-01
7.236291124932935359e-01
1.600781910628806121e-02
-3.385153770008610952e-01
5.051153704882860307e-01
-1.168988109733919423e-01
8.842257422469332884e-01
9.963950992285361963e-01
5.457255998613915748e-01
-9.449630675768196930e-01
-9.165508930600662074e-01
7.923237454801235202e-01
-2.301012074074250124e-01
-6.558015872205787966e-01
-8.418644857469648191e-02
-7.698477541620298847e-01
6.988533552805072935e-01
-4.165964590547774904e-01
5.242116028426293539e-01
-6.319890369412635156e-01
1.471161961911107152e-01
2.018774928105229460e-01
-4.544528701565844764e-01
5.277587714719587098e-01
9.342563825715153314e-01
9.383535407064982348e-01
-6.293830499984323090e-01
-6.840797440970922683e-01
1.109676579208453695e-01
-6.137997301364316316e-01
-9.322530165780735789e-01
1.446685837183594447e-01
-1.561541692958789973e-01
2.425224784195517125e-01
2.141761403366028438e-01
-1.007073449823271405e+00
7.053722818964203167e-01
-9.692997447981945847e-01
4.145139204208166395e-01
6.660353402070209317e-01
-7.731805255971273549e-01
9.355450627784229756e-01
6.075259535027500712e-01
-3.798793769667787590e-01
2.833180501807897045e-02
5.013424055979316396e-01
-8.534645076557410004e-01
1.437541871485392697e-01
-2.282142918358456840e-01
-2.740466320799353483e-02
8.570434368677301018e-01
5.661429524847176875e-01
6.758600882423309031e-01
7.312048631959251477e-01
-9.823967989796249523e-01
-7.016482210634893413e-01
-5.681856511321983216e-01
7.401790832530994457e-01
4.555974365486825106e-01
-2.159060283188503626e-01
3.771248043177646281e-01
1.189533113722504032e+00
1.151564076893856203e-01
6.104985321609478488e-01
4.487225080021730594e-01
-3.710863530049728076e-02
-4.912215262553734085e-01
-1.106535161634184944e-01
2.719203723733600309e-01
5.476885603063579300e-01
-5.850432508840326395e-01
-4.459400824665613605e-01
-7.914743839898843447e-01
-1.177857980055743825e+00
-1.004063530926303072e+00
-8.793647733344209794e-01
2.771594487813781038e-01
-7.194723721584652676e-01
-1.362645106703422038e-01
-4.464340671886106726e-01
-6.332289081201725178e-01
-6.023651238675810093e-01
-3.045890645353945825e-01
-6.739488546382861323e-01
6.353854124316135055e-01
-2.897172585261841293e-01
6.437583121893686311e-03
-5.452334751103697918e-01
1.192434039380096289e+00
9.891192296979520876e-03
-4.037141886692488524e-01
-6.552068062533233928e-01
9.759387706006017460e-02
-4.290700821137771737e-01
4.121340164816421625e-01
1.005664765107138869e+00
3.618763892067320409e-01
9.266531219662823560e-01
8.831558358738614833e-01
-5.414505420697599547e-01
-4.452790522206317991e-01
2.114407112282038481e-01
8.223952534952367888e-01
1.914681506198435967e-01
7.902937082614808206e-01
9.314480397892390684e-01
-6.268281534861286364e-01
-3.821991117956787809e-01
4.310634191491640732e-01
6.488794419348684617e-01
7.316747911110507152e-01
2.737629781232580051e-01
4.655535323240673762e-01
-3.569188828458838003e-01
-3.055758397479273469e-01
8.579156488984311935e-01
-1.422400379977117324e-01
3.562705597408128977e-01
4.418514416143310974e-01
-6.140658080343285308e-01
-1.194006413191438076e+00
-3.294618143096144092e-01
3.704961571789658348e-01
-9.714244040265594959e-01
-9.099606770277965939e-01
5.558427410110806655e-01
-9.395002131321912309e-01
1.734505748974335404e-01
9.081109285031412348e-01
5.095275529668083503e-03
-6.486624643126597256e-01
-5.266943391606685454e-01
2.706915743416562492e-01
1.209402920214621702e-01
-8.870052890337514206e-01
2.152850499878328772e-01
6.714193395768387473e-01
6.021851467806484948e-01
5.589610976528780473e-01
-9.030262773849827562e-01
-8.532312216778481506e-02
-3.486444741429777228e-01
5.204760260399292626e-01
-6.027365259110739615e-01
7.391759737656125040e-01
4.996193420256335727e-01
-2.193493262106777086e-02
-8.033598621705730913e-01
-1.931348581283709731e-01
-2.147192932355246886e-01
-8.107421480055776453e-01
-9.999262931168270141e-01
9.846702681841146276e-02
3.243820823704719469e-01
-3.751455446209293054e-01
-4.286996042746271662e-01
7.151882873070656288e-01
-8.741119155433396681e-01
-4.890889617973471770e-01
3.632963902842020198e-01
6.033942161378361702e-01
9.823144356288606716e-01
4.622651813923471242e-01
-3.930897677637754661e-01
-7.480813782720396876e-01
8.090267632368192130e-02
3.709208905943128243e-01
-8.432565346825617869e-01
-6.124547652513061546e-01
-8.612505777341386004e-01
4.256175775544457363e-01
-6.885619163574709933e-01
-7.119991669177900828e-01
7.263795929328855649e-01
-4.897144371823627385e-01
9.027847353273855679e-01
-1.781497116820927040e-01
-6.722034871339954698e-02
-9.844720081878480800e-01
-7.479671401424268229e-01
3.191992114952924009e-01
9.632891605500029653e-02
-2.998145554904246834e-01
2.214144666325779109e-01
8.332038390831196795e-01
-9.950434790810762653e-01
8.459241611325672705e-02
5.631114419500115043e-01
4.864449772947587181e-01
9.886422346453879184e-01
3.224055722951671976e-01
6.866183285094809019e-01
5.003359776898180789e-01
-1.291215626302300024e-04
9.118451976942905102e-01
-2.063405078639577450e-01
1.206131108335342095e-01
1.355672764481410386e-01
-6.182751776877565275e-01
3.843024793604372658e-01
3.243915214930097601e-01
-8.783858344595425471e-01
3.214610458090865208e-01
9.216911629568382835e-01
4.911942100374958597e-01
-5.028346278449808970e-01
6.179958207491549338e-01
