3.039621965433353390e-01
1.863754788240761517e-01
2.466472564802235090e-01
-6.407724018634627372e-01
5.136885562684633255e-01
-2.434478480205943540e-01
-6.053420314880466613e-01
-4.575447258144461071e-01
1.000000000000000000e+00
-8.017227033385020407e-01
-3.478443785652331477e-01
4.905426670799395983e-01
-1.514440997920248333e-01
-1.266947505183591838e-01
-6.676979415509771698e-01
-5.839809026368261713e-02
-1.702570824586656650e-01
5.491756903602056372e-01
-8.677997187605536178e-01
-3.453517720884438091e-01
-3.060883368956315298e-01
-2.733748392607526778e-01
8.489471615479926569e-01
-6.048869969177322892e-01
2.991887895271780895e-01
6.410799596342811046e-01
-4.264205296407845847e-01
8.082358340630039217e-01
-1.697984713861656614e-01
3.767182286044403750e-01
1.390619316172562181e-01
-2.326311387584033552e-01
5.762126632887416555e-01
-7.408368888645714412e-01
-3.583590193794846668e-01
-1.495357602701092026e-01
-1.797834757533862959e-01
2.951512523048669401e-01
3.418180276978602383e-01
-8.739579878732112173e-01
-5.907504451489997699e-01
2.616636339734660366e-01
1.418782443877349420e-01
-8.596163090656908645e-01
2.634108467345585014e-01
6.901073305576930217e-01
-4.285771760523455765e-01
-2.579259532824630385e-01
-7.774938798520208971e-01
-5.672022883038188024e-01
8.544035726647183360e-01
2.414765420861160194e-01
6.049363990916629685e-01
4.794017358571346921e-01
-7.278036404235292967e-01
-8.883754465844087012e-01
-6.819198380783429991e-01
9.732994200004505547e-01
-3.702423181954090370e-01
-6.208830582177259083e-02
-6.543779388866398650e-01
-2.385865570376756173e-01
9.007806918855740808e-01
-6.517321791350468851e-01
-9.713785603695300752e-01
-5.725118032291028891e-01
-1.731545389527950479e-02
-6.235462348686785505e-01
-1.000000000000000000e+00
-3.756034976868574127e-01
-8.279406688387288549e-01
1.275330545608704125e-01
-2.060541534082669379e-01
-1.219335380763658383e-01
-7.580630071996272701e-01
-6.642755933228582377e-01
5.826110203121664943e-02
-3.336711345518341698e-01
-9.097775698565607749e-01
6.779947111402679916e-01
-4.080233621083816375e-01
4.082968617321842131e-01
1.377258412913675567e-01
4.713883856305915998e-01
-7.042077499107243233e-01
4.891484973593307473e-02
-6.387289452001810863e-01
1.681722171137857713e-01
-8.132445110675357025e-01
-7.595974000013557825e-01
5.815912504620024404e-01
-6.549332234014970666e-01
-7.660056235392755930e-01
3.224335213709649262e-01
-3.855021711073480795e-01
-5.732026965177938749e-01
-2.158633313915638841e-01
3.433899197433580852e-01
6.236930778262381736e-01
2.879317493273153561e-01
-4.460871202324097617e-01
1.027130706957288947e-03
-6.529586505113083028e-02
-3.955479439848743617e-01
9.801781659585130368e-01
-1.000000000000000000e+00
-4.517850380359169638e-01
-7.202502062486426659e-01
1.942651238732164831e-01
2.343993317348514460e-01
-6.173404212633598620e-01
-7.177936345428964637e-02
1.451816792998246175e-01
5.702175828082749476e-01
-3.859994462913829416e-01
9.585596361899475504e-01
9.203422852229987683e-01
6.659225312345112835e-03
-5.781195799849335737e-01
-2.941402603347625377e-01
-3.270689315267544250e-01
-8.408279203157864590e-01
-7.688770822130150950e-01
3.857172294304304638e-01
-3.510439795032150867e-01
2.099853084246681711e-01
1.128752944033812322e-01
-8.828875648442122692e-01
2.884484467688764320e-01
9.439602637555024600e-01
-1.385163050184959332e-01
-7.930902618237963830e-01
1.158627812860750367e-01
-2.641970194985553966e-01
4.265651642710112657e-01
1.000000000000000000e+00
4.375193831992949534e-01
6.614318830053218523e-01
-5.517485676402691386e-01
6.909178355200883415e-01
-7.630518749366272946e-01
9.474543703000510853e-01
-2.124689603218201661e-01
7.800826590694144580e-02
-9.463492688729654434e-01
-5.901148403629301598e-01
4.635958842397586155e-02
-9.616900400082973865e-01
-1.000000000000000000e+00
9.789079234043602806e-01
7.615342632311787874e-01
-7.298789216123513501e-01
-8.529227636718895722e-01
6.817721910051492973e-01
1.709631877259304433e-02
9.984108030453220373e-02
-4.668786659551336649e-01
5.585019600387521876e-01
2.389310981770337294e-04
-6.004544108391823842e-01
2.610305399002588733e-01
9.618484624364096458e-01
-3.883002505513942770e-01
-9.066892810222836330e-01
-1.158989278327823280e-01
2.728540646380211432e-01
7.711286977384328445e-01
4.058659507126959332e-01
-1.360450643470640653e-01
-8.501716168390721640e-01
-1.000000000000000000e+00
4.861774242985606453e-01
1.472736860865078538e-02
-9.989287901797662128e-01
4.147074253086590057e-01
-3.650465916509437747e-01
4.853494982068191632e-01
-4.143507642975589600e-01
-9.888717565387288300e-01
-2.303718526473581829e-01
1.231880360610823621e-01
-1.708897271125006667e-01
9.509908680961747240e-01
-2.947739751349768289e-01
-1.172261591475129427e-02
3.671249010895770437e-02
-6.475347656856603740e-01
-4.072034929308437357e-01
-7.406408462229687739e-01
-9.395099140565520146e-02
-1.438351940645053451e-01
-3.558799119319571713e-01
2.367256465624047734e-01
-2.398673786068952207e-01
5.403239922518228155e-01
9.297696872581523442e-01
1.000000000000000000e+00
-3.674573224188130705e-01
4.874702049218663236e-01
-4.761239376663091161e-01
3.378277708718332439e-01
-7.659297300604005487e-01
2.708862284932445075e-01
2.695858761272574289e-01
-9.450089400284162888e-01
-4.079431915197409553e-01
-1.010651808193616802e-01
-5.587724875412871661e-01
-1.096286240683188584e-01
-7.138656909745134671e-01
4.869969978988091253e-01
6.819685808661994919e-01
8.425193771947075971e-01
4.649372194888484189e-01
-1.143648743816320645e-01
-3.074727915602303852e-01
-1.000000000000000000e+00
-7.573067379595534998e-01
-8.569891177808850458e-01
-9.262277633290193490e-01
-3.953181396266419179e-01
-4.799537906868978077e-01
3.550704705607810041e-03
6.045014173383266298e-01
-8.492332397359917406e-01
-7.811150828104673760e-01
-8.249565297204698444e-01
-7.151731989189059613e-01
7.346134658075156310e-01
2.461896500715138603e-01
7.127381357620048430e-01
-3.008077828189791858e-01
-3.519196859804705202e-01
8.070514846297313083e-01
-8.368980390256167134e-02
2.159336123948554231e-01
5.594170772676615444e-01
-2.471494867036870824e-01
2.991909076851626548e-01
2.790236529072175342e-01
-3.414373429860372289e-01
9.803736500093029882e-03
1.960979178865505379e-01
-1.000000000000000000e+00
-7.276137202517848346e-01
-8.573260203346830810e-01
3.555893640923972199e-01
-5.215732567267938879e-01
-9.874369946215564298e-01
-2.601764545498058134e-01
-1.081346030026877070e-01
4.386471811051780717e-02
1.355595923306839590e-01
6.199987870166994153e-01
7.197078877771486694e-01
-4.615985054207624172e-01
4.344001932117607101e-01
2.945221770309333631e-02
8.267557509067191557e-01
-3.643999912345403103e-01
4.502920745445805895e-01
-8.444663814704300719e-01
-5.220518889184471156e-01
-2.321729959085516437e-01
8.743888891061677437e-01
