-6.876167546560625343e-01
-2.309472006149821538e-02
2.968185824265690553e-01
9.800551429671539028e-01
-4.218175524130556853e-01
5.726232953285284033e-01
2.645107611458805824e-02
-5.487345599648039279e-02
-5.715977351643507509e-01
8.614174913800569655e-01
9.206089630695164783e-02
-6.740806646141576097e-01
9.626874410767405355e-01
-7.858043590440275672e-01
-3.633688267707107511e-01
8.743032042745276788e-01
2.590610981560053649e-01
-2.574403975853741811e-01
-2.054565715860588171e-01
7.104803405124469062e-01
-9.492096844241592057e-01
7.069182335176606991e-01
-7.865304859972450657e-01
-8.889522061457760804e-01
-3.339751427429643593e-02
-7.038575840608917167e-01
-4.973161320178338674e-01
3.332946494572426310e-01
4.752500016309005315e-01
8.132015844018266604e-01
8.359218862209406575e-01
-3.486084232860539589e-01
-8.213701746642310120e-01
-3.859830554647081802e-01
-4.231008615621382751e-01
5.290280038401710128e-01
1.482906371542382640e-01
-3.158877589348786652e-02
9.745389978377636542e-01
-4.415169739040740726e-01
7.589957492444605602e-01
-6.610705315698167661e-02
7.996759050928603507e-01
-8.574816901363374599e-02
-9.937488950527836873e-02
-2.606350222735294431e-02
-6.512385420906227629e-02
7.646949428690610340e-01
6.627930806891838555e-01
4.721613931699238931e-01
7.980819018405741483e-01
3.795646657945440650e-01
6.799218253788311683e-01
-3.424255647741216158e-01
-3.420894758037452688e-01
-8.295457086229861554e-01
-1.000000000000000000e+00
8.812023467079689310e-01
-5.553664019905758531e-01
3.767449763274396402e-01
7.518577866366475959e-01
8.074479134928423951e-01
-5.206854639797141582e-01
4.166755891029833014e-01
-9.035509030713533007e-02
4.967214618812572091e-01
5.771616477653154220e-01
6.249091406852522734e-01
-1.000000000000000000e+00
6.799128558535996736e-02
4.204518752571583806e-01
-4.960253261159927041e-01
-9.718875092634045310e-02
-4.990933913344626216e-01
5.371607129715695317e-01
-5.161436653842591676e-02
5.493540134239214279e-01
-3.141529198665977685e-01
-2.323164860973217505e-01
1.823248598278807975e-01
5.798214129548544260e-02
2.108335559922131508e-01
1.044811646653698578e-01
6.764379310136435786e-01
4.125122180870924304e-02
-9.786271646029002236e-01
-4.224509830693545798e-01
5.404741411946469842e-01
2.815541613986902170e-01
4.125622787147806281e-01
6.919800061926375534e-01
-6.424347659688981471e-01
-2.348753876084545833e-01
-1.607297789444170899e-01
4.177440488270826036e-01
-5.337737072813933947e-01
-1.309760660620759923e-02
6.500220660376380966e-02
-2.349587592669560576e-01
7.465780019436294435e-01
2.617970471242081487e-01
-2.241287907959890469e-01
5.143466729946475358e-01
1.000000000000000000e+00
6.592430996652741682e-01
-6.735321531301666775e-01
-9.640111698884665792e-01
-2.539646984281022091e-01
-1.932587365321186135e-01
-9.181071071692836760e-01
-8.114200861039208013e-01
4.084953741467632349e-01
6.971371005814691602e-01
3.182030994128271506e-01
6.044978909873373052e-01
-5.863445456548320722e-01
-6.022211103752951322e-01
6.104084250093860797e-01
5.282117274606479285e-01
-3.626889118846631788e-01
-9.018491283824112692e-01
3.213599286661930621e-01
-3.664400474366672489e-01
9.577788714719409624e-01
1.981385171156825886e-01
5.699350058875002345e-01
-5.991153915301725696e-01
1.000000000000000000e+00
9.817688225347699360e-01
-5.360349381386004808e-01
-8.023940362974706364e-01
-8.703218122471648721e-01
8.563999961597923427e-01
-2.897118554876687568e-01
-4.586943675178193486e-02
-9.343858013437683629e-01
-4.867274637912664126e-01
2.763365424538558046e-01
8.692562763764307698e-01
7.203646685262223848e-01
-8.627670093638855064e-01
-2.125548398261516148e-01
-8.310148371993151262e-01
9.057670039040109922e-01
-1.369809318834355402e-02
2.901083785219428779e-01
-1.257395110097671020e-01
7.121615621032050258e-01
-3.697849106485063819e-01
-8.408741420665903910e-01
-7.962067684787055288e-02
5.704104367230091732e-01
8.319485715195167330e-01
-2.512046947815519959e-01
-8.342901812466848588e-01
3.875528151488839002e-01
-4.817599535342589334e-01
2.452213676541157850e-01
-8.460405081748264555e-01
-6.279153927932440427e-01
-2.027304982553500834e-01
-9.005752221266269952e-01
5.451639371611090301e-02
6.032947955737453238e-01
9.548108285188877664e-02
8.769242539056419927e-01
4.846077552113180476e-01
-1.000000000000000000e+00
4.763394315236235133e-01
-8.878969260347053805e-01
5.547654046846155484e-01
4.285014076376281733e-01
3.352071391595765060e-01
-4.882619544829284314e-02
-4.518000397056994299e-01
-9.855806328853771170e-01
2.939269733817187480e-01
-5.644444883237573762e-01
5.228322446355817554e-01
9.651056189659433793e-01
-9.866202959865300048e-01
9.478966121320994143e-01
-2.523936115955390802e-01
6.251483719509404180e-01
-8.840491276398785292e-01
4.581484558427479370e-01
6.001011018916247997e-01
-8.408326524760607601e-01
-2.294531582139420489e-01
-8.131054491541795937e-01
1.718655045414674287e-01
4.436544314248362930e-01
4.674063280298468293e-01
5.138247911301480758e-03
2.991441311851897877e-01
-8.523894130925691037e-01
9.523780559833521231e-01
-4.990060532873168975e-01
7.652731610611647195e-01
-3.252251597040572983e-01
-1.315785192171114448e-01
5.697539912222185920e-01
8.989478819631662176e-01
-3.685721510483287444e-01
4.506304237746163177e-01
-4.610782551840066357e-01
-4.997039528910333650e-01
3.578067760270988162e-01
3.788172708934187116e-02
-9.903364570443544679e-01
3.278370189942783619e-01
3.289216241855785761e-02
-4.915111010616018405e-01
-4.562646298632083708e-01
6.996066666219856733e-01
5.792333617137112034e-01
8.267917699705232271e-02
-6.650609578467565619e-01
4.862126026002721035e-01
-5.358855480838738972e-01
-1.286062577019501108e-01
-1.844271446745482934e-01
7.178693834238258908e-01
2.404128762653468532e-01
-4.493676973466921853e-01
-8.504427753879193475e-01
-4.462783199022075653e-01
-2.092090884242369664e-01
8.588547417670533424e-01
1.522393442177219225e-01
-2.864033758701666765e-01
-1.920093163196276709e-01
5.853368951154305222e-01
-2.059356322056106747e-01
9.349885807699856999e-01
-8.345471123972605376e-01
-2.571820012221357477e-01
-6.629093529993046463e-01
9.612851629544393317e-01
-1.727160736926953155e-01
-8.396362203796573498e-01
-7.289449364937804487e-01
-9.016106628491421526e-01
-9.396033631185141122e-01
-6.158820881175686157e-02
5.596125982466855220e-01
1.484054293115708023e-01
-7.787366139334875870e-01
-9.704183110881114960e-01
-2.808113573078512837e-01
-5.664821773948274242e-01
3.476993809559927318e-01
1.585715639533871457e-01
8.430353661826049672e-02
7.237404963918356859e-01
4.415135826538903463e-01
8.758503249772533472e-01
-9.197655545684477185e-02
3.916633318838728117e-01
9.502467928773516981e-01
2.500181637365184173e-01
-9.205819806108774817e-01
4.417659024301568427e-01
5.057296802021579163e-01
-7.647126481559054501e-01
