1.244120768516104591e-01
5.490565621157497134e-01
9.009895910223310322e-03
5.687361452068199208e-01
1.107187322994680201e-01
-4.641896158762044422e-01
6.775876288364000022e-01
7.542025961571418025e-01
4.587269626351964114e-02
-5.477111958089462274e-01
3.138297285620352262e-01
-1.000000000000000000e+00
9.864433632128940532e-01
-6.629136639701778133e-01
1.492880220127680568e-01
-4.836929923744945348e-03
3.447849233493588406e-01
-5.877488366315534174e-01
-3.104366471838806429e-01
-5.851126261164617537e-01
5.700979331734874755e-02
-6.556255818110954259e-01
1.882500548683063712e-01
6.377301390739629205e-01
-8.547340169123125442e-01
-6.831181377618750217e-01
4.032643148959475510e-01
3.454050537095987861e-01
-7.934301755730401862e-01
-5.957824518288474813e-01
1.772302117736890281e-01
-4.148576309499103498e-01
-3.214041956643161058e-01
-3.920300727735999136e-01
3.653808643503176912e-01
3.244560726560781205e-01
-7.572938180980292033e-01
9.922192200714894383e-01
4.075422736339673335e-01
-4.569400467986988179e-01
1.338132591390748249e-01
-1.927789511418330215e-01
-3.832518901468693895e-01
4.701852332487024833e-01
-4.645845876213284265e-01
1.550382594160165661e-01
-3.510803670270744581e-01
6.626464923676911312e-03
-2.708505377890316201e-01
-3.672437010778225597e-01
-2.045652274616654442e-01
-7.810173838249677702e-01
7.858082125483224489e-01
9.600034876675043183e-01
-2.384208669330822872e-01
-3.410932857338766500e-01
5.038288413668465804e-01
-4.827653096181565018e-01
-7.444965208022049641e-01
-3.337453218479892181e-01
-4.416438352143791102e-01
1.088684800288075294e-01
3.489057515278302102e-01
-8.277429346523090814e-03
1.649759055534659735e-01
9.183673475297422506e-01
-6.260617974617588288e-01
-6.704315857459152150e-01
-3.951921288489013140e-01
-7.815396457032075528e-01
-6.845386935712924892e-01
-1.245346616048717409e-01
1.000000000000000000e+00
-1.856205126734378208e-01
-2.417519900896284157e-01
-7.679534694264429362e-01
-7.377049010242205940e-01
8.829152431425576486e-01
5.100668407827932960e-01
3.291452010921487314e-01
-1.692786359788103767e-01
6.380542448599888505e-01
-9.024281266111050526e-01
4.582515132503295341e-01
5.107208222438136547e-01
-5.006517692609165904e-01
4.122851068059165680e-01
1.894703034226496996e-02
-1.000000000000000000e+00
-6.117903163494962104e-01
8.136831831116557723e-01
2.947601297049056157e-01
-2.748884855359179369e-01
6.273173137821377310e-01
1.000000000000000000e+00
-2.251977410238772126e-01
-3.968384311866253178e-01
4.368443322565755960e-01
8.673354014075872476e-01
-3.747678344063526401e-01
-6.261476480899088592e-01
-3.058551462533117271e-01
-8.453317684168946133e-01
-7.339695600500875106e-01
-9.871233420681182480e-01
-9.028860815804005124e-01
9.871617281666207333e-01
9.158020681548502129e-01
-2.047792958568971922e-01
-6.367990011636235348e-01
-3.480588852691767765e-01
3.125679964563763402e-01
-6.472233833257258484e-02
-3.272245600907579544e-01
-4.312365396369237103e-01
4.710316741340360713e-01
8.756070395782408200e-01
-4.921032290256009412e-01
1.858000418903968387e-01
-1.000000000000000000e+00
1.000000000000000000e+00
-1.000000000000000000e+00
1.134267212181073459e-01
-2.429269495248211064e-01
4.236826406162277903e-01
6.988789660954909388e-01
-3.478183710874942491e-01
1.231041477458846845e-01
1.892958646434758641e-01
-6.000890809872885812e-02
-1.821837183924624459e-01
-1.164250771742385004e-01
3.167156878229662742e-01
1.000000000000000000e+00
-6.594756374222002782e-01
9.836095245408955634e-01
3.607310998687446313e-01
-6.715024263743070154e-01
6.526876893804300916e-02
6.447276894476617892e-01
3.013359820730235339e-01
3.108357449807150341e-01
6.721515999716894119e-02
3.127778459780803377e-01
-7.426086179787059205e-01
7.133720782861110443e-01
-4.265286499297397671e-01
6.438755956865251928e-01
1.000000000000000000e+00
-2.660520253101315152e-02
2.559385962809548332e-01
-2.984063268719066020e-01
-8.857957470419581814e-01
5.123629808110838901e-01
-1.443913430759787286e-01
9.669985847136755019e-01
-9.808812002620959092e-01
-6.595322818849608248e-01
5.615150228922315412e-01
7.750621153725715251e-01
2.175502718950191039e-02
-1.920832479944283300e-01
-3.171865894831518706e-01
-9.552611816135850309e-02
-7.492130017054435820e-01
3.317478828262035995e-01
7.924403748478148213e-01
-5.022151984929676960e-01
9.079024959396132521e-01
9.595585538746811971e-02
4.966770730387393140e-01
-4.285493605838192610e-01
-1.000000000000000000e+00
6.200258853200324438e-01
-1.014761170094246601e-01
7.519682935121159151e-01
-4.026386404754072612e-01
4.578512830580052095e-01
-1.532442278410082459e-01
-8.080327589986703585e-02
3.743753330203795637e-01
7.681091237328185883e-01
1.210720306860271767e-01
9.896174815737195374e-01
-4.766273892515484056e-01
-6.785039213755540422e-01
5.689958356367696979e-02
2.890052849540569180e-01
7.852486146010057011e-02
3.945656335007474008e-02
6.441105409555584194e-01
-1.000000000000000000e+00
3.257614082547682921e-01
5.607689338238065480e-01
3.880343913117348942e-01
-6.607217955831551359e-01
-1.803828969032155172e-01
-6.860523184374651695e-01
4.174550443899567309e-01
-9.598991434363165487e-01
8.671806183456384209e-01
1.000000000000000000e+00
-1.736256839018420206e-01
2.632679442822293270e-01
6.176475341620926152e-01
9.910238674096187861e-01
1.888098741743527709e-01
-9.630065178210799048e-02
-3.787997273940563736e-01
4.989077440986831036e-01
1.434721728856561129e-01
-3.186206268539285569e-01
-3.613387798418630781e-01
8.003497333968858651e-01
8.110210813474152403e-01
-6.038723251800949265e-01
7.419003128890919729e-01
4.803516692415756850e-01
6.331075861230802682e-01
-4.524472555554924780e-01
-8.362081273650553426e-01
-7.148810999743628880e-01
-2.567802830263451463e-01
5.844626447866823060e-01
7.467077050646209191e-01
-2.660547757266432806e-02
5.840884542261756129e-01
5.896636791293337065e-01
3.704409401313478734e-01
-9.828471803909708537e-01
4.705344748877832162e-01
-6.133638936973320188e-01
-7.060807042693013624e-01
3.115580981764476398e-02
-6.054292108014780460e-01
8.360084957737619060e-01
-1.157713459670268175e-01
-4.287805583383841879e-01
-2.280096747490489850e-01
1.408863094528527427e-01
-8.674922917825478308e-01
5.114851225373837768e-02
8.644058962687686254e-01
-5.529899213347312381e-01
-4.446866013819491537e-01
4.627953384608329279e-01
-8.711641472333956360e-01
1.942600815170511530e-02
7.084283233051070772e-01
-8.712108897122486928e-01
9.350092732506802840e-01
4.907028423813264428e-01
9.862834948375134858e-02
5.325503804057845070e-01
2.561117839069391722e-01
-5.563969266920469892e-01
3.502733381466714979e-01
1.013975362586480022e-01
5.460336864348570574e-01
-3.427209778980321864e-01
1.677800010392809515e-01
1.000000000000000000e+00
5.334349677084933017e-01
-8.505812948783989524e-01
-1.377466212341726393e-01
