4.731215465652420238e-01
-1.013355205844116563e-01
-1.939275062689829049e-02
9.427379350674135461e-01
6.492034625292837369e-01
-2.860230665536084987e-02
-1.868560623780723129e-01
-1.000000000000000000e+00
-8.977203827295093808e-02
-5.430740627392880437e-01
-6.487742867048875706e-01
-6.595791737718271763e-01
9.982494419094288807e-01
2.408225338510258662e-01
9.659155761467117518e-01
-5.615297225458196761e-01
-8.701134230363348765e-01
-4.836645503971992444e-01
-1.094062757100197347e-01
-2.726206940860000927e-01
-9.406502775246764481e-01
-4.359958854286943297e-01
4.140637695374093652e-01
5.166913353865953962e-01
3.639725530360564121e-01
-4.914638095343835944e-02
1.000000000000000000e+00
1.083026414806764343e-01
4.810630709458879051e-01
-5.137821881794802925e-01
-5.083382679122206982e-01
-1.050413896292720917e-01
3.844437082158127517e-01
-6.873970766144974487e-01
1.151294256809521632e-01
1.500381677847764661e-02
-8.981781162734179258e-01
5.333805534212049393e-01
7.747417672913072817e-01
-4.394615132237998378e-01
-6.876865551408632982e-01
6.869862656611767093e-01
-3.780728512938040797e-01
2.434941374254741553e-01
-6.213374834131553115e-01
-9.647151919660595931e-01
-9.820045140558981700e-01
1.265813751915028373e-01
9.019549773924593339e-01
-3.490291834863163967e-01
6.037768030001924302e-01
5.909275111442261474e-01
-2.623603050659431002e-01
-9.641783262992645320e-02
5.473646564932062031e-01
-8.627338393056177557e-01
7.892949808259325239e-01
4.411428066371696488e-01
-5.431392401563858163e-01
9.194600017012303228e-01
1.710133842418268615e-02
-7.392878306919945519e-01
7.316939072880627171e-01
6.832300060040342737e-01
9.194834431435133792e-01
5.779536524829100852e-01
1.969986225933983426e-01
-9.643033083875405254e-01
-4.685005569022919758e-01
-9.952956698383907952e-01
1.233603421466834688e-01
7.249710346371264214e-01
4.553506042315506597e-01
6.108423248772626435e-02
-3.904544080797386907e-01
9.083913389993012455e-01
7.907227434801489263e-01
-8.658253496924188664e-01
3.024144972344257609e-01
-8.314494600182810169e-01
8.482960960614153167e-01
3.492139614335618703e-01
5.910612599550724156e-01
9.209643931724220689e-01
6.253919767105061700e-01
-9.900656819759893201e-01
-2.654433396491928665e-01
8.401001364279727657e-01
5.828678010825825151e-01
7.724656904732365437e-01
2.887192341418851060e-02
-8.271312831305946967e-01
-8.695827222731375983e-01
6.548618328121518228e-01
2.506876022392545700e-01
4.139050741697761215e-02
7.292099876577534667e-01
1.983389968006787352e-01
-1.498658684440137279e-01
3.068611239296781257e-01
-7.250771309931199893e-01
-4.909237606107803575e-01
-7.885266311979091114e-01
9.226009995831209176e-01
7.462187063133658427e-01
5.293530161435492376e-01
-2.397165441226689064e-01
6.807263682314740327e-01
-7.907292516568721341e-01
-6.355440679222426059e-01
9.839278667411578694e-02
-3.803869218140564779e-01
-9.766398358152531545e-01
-2.464095651031824041e-01
-4.264909374737569925e-01
-9.863667495394990992e-01
-9.939142320573925993e-01
9.044271506650669590e-02
-7.876175515995996745e-01
9.469364468973572313e-01
-4.041479510800208841e-01
4.417510733797578304e-01
1.179734599237306295e-02
-5.857609113538965184e-01
-1.047351574432072580e-01
-4.166362233090948330e-01
8.100850522644971186e-01
7.290572591134023561e-01
-6.939462532653105642e-01
4.565687244253591182e-02
-6.875486692614420914e-01
7.046916454902056870e-01
-9.788493564482670939e-01
5.441745930479368054e-01
5.644675476281959536e-01
3.774003875028030808e-01
-9.480810916135695710e-01
-4.726322366651880547e-03
4.565701777242789916e-01
-4.554974525402072372e-01
-9.974732598395612548e-01
-4.536963152077930217e-01
-4.644381866156760963e-01
5.955179674763210196e-01
-9.111269323671963294e-01
3.341733733235996984e-01
-9.886140351372546542e-01
-6.784283326974259731e-01
2.611511648214697723e-01
5.333848954943956056e-01
4.232644355026735639e-01
-9.795410491537962505e-01
4.744342326611586946e-01
-2.304142002161554126e-01
9.362634634946267465e-01
9.896429788289157203e-01
-7.141150231715917007e-01
-4.886267041113344645e-01
-5.793554656868307035e-02
5.340595385408765383e-02
6.498328468792181623e-01
2.120796837607975549e-01
8.376600274051899664e-01
8.168004104441033419e-01
-2.930365018687890455e-01
3.052851943196995821e-01
-7.000366670798850999e-01
3.876278914894660255e-01
-8.411323992162280661e-01
5.070913165953343515e-01
-6.273219711836814927e-01
-1.000000000000000000e+00
-1.541310007546487781e-01
2.815775804332874138e-02
6.595707793424601117e-01
-5.770378498389136523e-02
1.000000000000000000e+00
-6.371139568477840465e-01
9.971855009488588273e-01
-1.878850867553079340e-01
-6.864139469089238776e-01
-1.000000000000000000e+00
9.119408000004387560e-01
-7.208546957057088145e-01
-2.012288120852460949e-01
3.442498212947303626e-01
5.042007499105207735e-01
7.234197839128236884e-01
4.110922627187204581e-01
2.365546179113904302e-01
9.979904047031404879e-01
4.655725367894286149e-01
-1.417744027267273665e-01
-7.335396304872012774e-01
-5.927013708814334869e-01
-6.656360712183778672e-01
-7.079712510559628136e-01
-2.047709107110540772e-01
9.319655144301762784e-01
-9.555500147793436483e-01
-9.375633474561025915e-01
-8.097381660680677551e-02
-7.075646797892706230e-01
7.808606987002150168e-01
-4.372569019544986224e-01
4.440402851473475021e-01
5.642721910007745256e-01
-9.880778244910659591e-01
3.766333433633988620e-02
-9.363113994589122857e-01
-1.430626323342613915e-01
-5.946198893102238037e-01
9.948379241344987856e-01
5.000381530793834850e-01
-9.712224524103818535e-02
-2.478957368869858235e-01
1.334512730646927603e-01
-9.903499045102763798e-01
-9.754331864602144853e-03
-5.789133632378440364e-01
-5.687362551285829460e-01
-6.336426247568047732e-01
5.818538357758480384e-01
-5.000018812350389696e-01
1.000000000000000000e+00
1.253342447587107444e-01
-3.279535438350147936e-01
-9.241091591427285090e-01
-3.514864689346681725e-01
-7.810534828817713437e-01
4.301876708063437915e-01
-7.541614181108123871e-01
1.808782238019351896e-02
2.158892381343485156e-01
-6.127651843323064229e-01
-8.221071802487346369e-01
-2.920497166938550437e-01
-6.972767208019354790e-01
4.144390250501207851e-02
-3.261620077145335750e-01
9.179516105067352383e-01
-2.658385263002678578e-02
5.459287668086714174e-01
-7.569191337430023481e-01
-4.479301065956625694e-01
6.442163099175036711e-01
9.750846631080724025e-01
-4.156645935895451616e-01
2.087172290001400032e-01
-8.523635282944029834e-01
-5.730133538335157040e-01
-8.266463613946564148e-01
-2.992990403648747577e-01
3.658889896206748427e-01
5.653642105769810522e-01
-7.857350625930863419e-01
-2.256778352363926488e-01
-3.471008015643102240e-01
7.821599472604254810e-01
-7.523919125901959992e-01
3.350723921036668496e-01
8.632942291500663723e-01
4.392014196013035443e-01
-1.000000000000000000e+00
-2.528250283947892085e-01
