-4.480959812226407712e-01
1.116803207806842391e-01
-9.490215207551312704e-03
-2.776010532252149998e-01
8.333056735343129240e-02
-9.761680556969980216e-02
-5.149326663253726011e-01
4.369253660555108554e-01
-4.318321748568884066e-01
-4.970946107617242316e-01
3.515287841941965863e-01
-2.459289191859281853e-01
2.676762414070225637e-01
-7.284303208679803188e-01
4.212694595815895671e-01
-4.415223201923826890e-01
-1.357324423046638029e-01
-9.213421592320181208e-01
5.285747824520432570e-01
4.433900355735290177e-02
4.654575863764795485e-02
5.036334681779761624e-01
2.731547601955753302e-01
-9.214102952737722729e-01
-1.223078865851492392e-01
-5.795407569150932137e-01
-6.373243836502434645e-01
-3.092184386142193264e-01
-8.248787301950499806e-01
-6.877061364518568531e-01
1.832813097107180156e-01
-2.217238117762332927e-01
-8.294928061837403277e-02
-2.603515372795395244e-01
-2.617845096784641168e-01
-2.455256657264896780e-02
5.650334714511601186e-01
-9.765188679717335951e-01
-5.974594520243797779e-01
6.720071249143738656e-01
2.272990359989042752e-01
-1.397514209978568955e-01
4.796301749089730282e-01
-5.161988755555064756e-01
3.843555603014631172e-01
9.370636648529426793e-01
-6.990599843747343778e-01
-1.046082824475564665e+00
7.140118128209764770e-01
-1.060743428902759078e+00
-3.714655258600795262e-01
-5.609675028813778663e-01
-6.298939716570897129e-01
-5.945894677236869263e-01
4.475618804813231155e-01
4.372894945810973377e-02
-3.523996440869777702e-01
1.129266108321105300e-01
-1.050482279493133664e+00
-8.544045822499209963e-01
-1.814612661853787223e-02
1.203646882855551048e-01
-3.184331686148616503e-01
-2.331877223532881072e-01
8.619642399112154019e-01
7.320725676061102805e-01
4.450774408018258743e-01
-7.069317598387490076e-01
-4.549978101975997724e-01
-7.049558077629295427e-01
-2.991263123666474399e-01
9.417954681771836256e-01
-3.725807736253559099e-01
-3.697549258856874799e-01
2.535598576942530435e-01
-2.000984254369139181e-01
-8.794438755191431589e-01
-6.121999499918626686e-01
6.292453509345088403e-01
-3.610717201028614265e-01
-4.809622621660323283e-01
-5.358637851860660328e-01
6.240489443197183572e-01
5.586538550031164840e-01
3.809092102781980738e-01
5.616356549526371200e-01
2.502046320561314707e-01
5.100540129340322970e-01
5.019948923142947272e-01
-1.782718715775073459e-01
-7.037541984765008918e-01
-7.964491148208610038e-01
-8.260928564859889578e-01
4.456154310802469265e-01
5.027505183777215558e-01
-9.120389714842560558e-01
3.401657216493708669e-01
-3.125324465343131686e-01
2.111127599603000449e-01
4.745959956118113721e-01
-3.138932070092014248e-01
9.548886855520858363e-01
1.012913551149921210e+00
-4.921195698854632372e-01
2.461477765359343373e-02
9.023945141079943166e-01
2.669433030716361066e-01
7.388635334864546156e-01
-2.391768503432063764e-01
-4.955586681664408411e-01
4.755116400104578700e-01
3.881895879397044835e-01
-7.024390699465193899e-01
-3.617185450317548234e-01
-8.884521220170642497e-01
1.619421982442023067e-01
-7.033542081922175004e-01
3.854907014301153789e-01
4.671971826998950195e-01
-6.708785527902622059e-01
9.219523141701015945e-01
5.161544062721181714e-01
1.077188995319670051e+00
6.693035194982678571e-02
8.220165190899595409e-01
-9.312376199356905415e-01
-5.600904160008703947e-01
-1.562292436713175192e-02
1.011567353438989958e+00
1.091908049395553082e+00
2.594226138421956707e-01
-6.956912965905210910e-01
-5.679534961408069238e-01
-2.331218953442666109e-01
7.350585392692502440e-01
9.536840118223786911e-02
-6.040990906579258857e-01
-8.233847180132526367e-01
3.672773447003794822e-01
5.042007551909997165e-01
-9.703841001374269304e-01
7.813508907207602494e-01
-7.454946205537553716e-01
-9.703082614492614111e-01
-8.170411661922805102e-01
-3.335322853131059140e-02
6.330120905025138356e-02
7.557351495053173940e-01
-8.227772018276858779e-01
7.005961154644076982e-01
9.152533874506596501e-01
7.399034374013686577e-01
4.926844709821377455e-01
-3.517824343371751539e-01
9.990018479369614512e-01
-1.167598674472615450e+00
-7.529221029389596698e-01
-2.200757902434910263e-01
8.781393247972109073e-01
3.133485353158672049e-01
8.490258873585004862e-01
-9.729521421768032585e-01
1.757208174233428621e-01
6.018855827124004465e-01
-3.579948768262080083e-01
1.739319781766482387e-02
2.136587892738519567e-01
1.497127374650522313e-01
-8.570106661572293172e-01
1.346107032606754517e-01
-7.703921225007301921e-01
3.415680036262921243e-02
5.842659208214503463e-01
-2.996878181243622929e-01
-2.406894408417019349e-01
-1.988787180996948456e-01
6.616019287039822672e-01
2.395408231526798271e-01
-4.386753824890984865e-01
2.103419889170695667e-01
-5.839240055889437508e-01
-1.818951147778866406e-01
-5.888008002268712016e-01
-1.364452671280465657e+00
-1.051116929599596794e+00
2.397347584512894703e-01
-7.350525518917728762e-01
-9.074006882142773844e-02
-2.925352190167173072e-01
-2.131653330577176764e-01
-6.047904316388869050e-01
-4.401241809467687505e-01
-2.615462678452398215e-01
2.982184377592373981e-01
-7.733306859607541606e-01
9.986606123009403868e-01
-1.571407685556376610e-01
-6.685399551603508073e-01
-1.950930756718755044e-01
-9.713101380736266499e-02
-8.354437274304555849e-01
7.934567265814346237e-01
1.001901772865856577e+00
-5.287266534293291187e-01
-6.047902139970171564e-01
-6.368115620949600375e-01
-8.675096548633145499e-01
-3.727638260014571880e-01
9.831321665575688540e-01
-6.300088768225595715e-01
-5.102964996784556950e-01
-5.588050277954889067e-01
7.406140666194959143e-01
2.694510274922998772e-01
-1.008895579539598408e+00
-8.026739453807639757e-01
6.891116902319187609e-01
6.164054762306816482e-01
-6.947965401558626741e-01
3.495926354679834702e-01
-5.350524910044296423e-01
-7.180071807436401166e-01
7.604879745322478124e-01
8.102251274011234017e-01
9.628641522356577997e-01
-2.373398152962117869e-01
1.594456831456252388e-01
3.522888935344344885e-01
1.083245990067870812e+00
-4.394850745774215861e-01
-4.289241731753448139e-01
-2.524395760739414629e-01
-3.839973017974382397e-01
-6.729109117723985900e-01
-2.875442913572985315e-01
-3.268138229582433496e-01
5.590477509441147408e-01
4.820830809574585540e-01
3.762003487814011837e-01
-3.746129358176910062e-01
-1.091248958210115472e+00
5.587391709169697851e-01
6.263907195869907740e-01
-5.546673152146730512e-01
8.969787331615852732e-01
-1.538036597371384429e-01
9.788791325270949084e-01
-2.467143454770280298e-01
-8.554598762058136519e-01
-1.052259039306674832e-01
-6.149103409901531814e-01
-1.120962878379187844e+00
-5.031040999808502612e-01
5.508570499679898980e-01
1.289673630255369075e-01
8.665477101255287806e-01
9.266005227741075378e-01
-1.726830955905117593e-01
2.979066356720267983e-01
7.477553791228588320e-01
6.370704722655222696e-01
-4.223781074570466254e-01
-6.762016647043205264e-01
-1.522346764094195115e-01
-2.683695062734710035e-01
