-9.342686428223661022e-01
-8.375288752058158703e-01
6.766288364150099821e-02
6.549555754274292152e-01
2.399762547435519422e-01
9.266215076870601974e-01
-1.000000000000000000e+00
2.864292732671005481e-01
1.787493259744669660e-01
-1.818454314093562729e-01
-7.230277665238484808e-01
7.548354453107715134e-01
-6.890512869402938279e-01
-5.902686080489240039e-01
-4.777022497892221553e-01
-1.700489999181406253e-01
2.059657862307146814e-01
-6.235607582969857760e-02
-5.993976439215100704e-01
7.407714060027837943e-01
-2.421768260432137221e-01
-7.464842421263069294e-01
6.956945377342100834e-01
-2.992570012770394416e-02
-8.952518091467149830e-01
2.768484810552100939e-01
-3.208085878548112141e-02
4.152400255110849647e-01
3.176973400656841195e-01
4.650110204009794690e-01
9.177375910164473627e-01
2.623100273669803917e-01
-5.332070618229178827e-02
-9.858124448973842879e-01
-1.757782463378420590e-01
-8.509986948514094429e-01
-9.542362322508661787e-01
2.831094556985255806e-01
-9.562229320800365306e-02
-9.854276495720086793e-01
8.186677109877847913e-01
8.511975705298968631e-01
5.466244369457791130e-01
-2.892400521550793635e-01
-6.085511341737219748e-01
-4.237714074932853459e-01
-6.470935733780012189e-01
5.248359656805240414e-01
-4.220927727461887269e-01
-1.281315446720494577e-01
1.541467069790831423e-01
-3.119802609923011394e-01
-5.991929690838294631e-01
-1.112956888090723684e-01
-5.381758893654219333e-01
9.429560629089756008e-01
9.893918815290890789e-01
9.907221508750595484e-01
-1.695851255242792899e-01
4.507370676685820143e-01
9.908133939465715301e-01
6.501496148015020182e-01
3.756970041316150533e-01
-3.136179153788487550e-01
-6.489511371876922619e-01
-9.274470811062714981e-01
2.121872587513520536e-01
-5.912568740206969320e-01
7.112831860300359299e-01
2.636805172207006831e-01
-6.974067590435684139e-02
-5.373658015083511152e-01
-7.689286552854412982e-01
8.030765780545194854e-01
-5.891998924652870340e-01
-2.504184178591575272e-01
-1.112868585064073351e-01
1.000000000000000000e+00
-2.474724965957811884e-01
-1.992011231609694122e-01
-2.352987964509278829e-02
5.845110444540946304e-01
1.000000000000000000e+00
2.612505171925929570e-01
3.275629565576625990e-01
3.236177714803308847e-01
-5.600963037992262583e-01
8.503147035638561335e-02
5.266192462042966760e-01
-7.960083304074050403e-03
4.669471275164714941e-01
3.624706241692881026e-01
2.775554777303980702e-01
3.665089237305665937e-01
-4.089874256001027608e-02
4.747053318857208382e-02
7.950904266021496802e-01
5.260153082254778178e-01
8.439506057088304036e-01
8.683341446434911237e-01
7.719571473090219849e-01
8.041160126343206427e-01
-3.540207717161519829e-02
1.597042448226125566e-02
7.014754983824227352e-01
-2.739664236506331174e-01
8.615238335891698407e-01
6.454667333328543144e-01
-6.608746395187129474e-01
6.045674059600214534e-03
-4.315554129898653279e-01
-4.986689106411226202e-01
1.036751156193748136e-01
-1.000000000000000000e+00
2.220899854303419185e-01
9.281671771287861583e-01
8.123558526727429063e-01
9.435198897690429964e-01
2.542948926730522752e-01
5.126415959283562307e-01
-8.001398851201027007e-01
-3.316219641749619251e-01
4.370619953793332124e-01
1.805817595193838498e-02
2.754643653717003815e-01
1.726555331802920035e-01
-4.865632182008723383e-01
-1.958439377936065928e-01
-9.744128103467530888e-01
3.353338381081850117e-01
-7.303739172928891410e-01
-4.043966273097530095e-01
1.484694796362241997e-01
2.301152177101675744e-02
5.329329902075135433e-02
7.691106639248155297e-01
-3.062665137655526393e-02
-6.876431037733420348e-01
9.669334214953635431e-01
1.437244216015529097e-02
-5.316220527207090596e-01
-1.000000000000000000e+00
-3.600624469914847636e-01
-2.636350324484102448e-01
-6.640827278187986238e-01
-2.807169184169287512e-01
-3.720822868760828572e-01
6.320174597646854853e-01
9.616588257133005246e-01
-7.565430715600480749e-01
-5.673698106705676869e-01
-2.539934925821596967e-01
-1.146404481997299885e-01
-4.542431296576249222e-01
1.000000000000000000e+00
-8.705433677180818286e-01
1.781777097908611718e-01
-9.838805792047772281e-01
5.084456627595141942e-01
2.835174636219897071e-01
-5.163717469537373317e-01
-3.263721038519493689e-01
6.640963567057285577e-02
-5.652752069698407933e-01
4.802631957925604933e-01
-7.391161588425970708e-01
-5.807112038541222265e-01
7.784069383848584156e-01
7.008491842384276249e-02
-7.561889442478120227e-01
8.390193444488009966e-01
5.509318718978082341e-01
-1.000000000000000000e+00
7.085132843715712392e-01
9.660649184553635749e-01
-6.768649944134227381e-01
6.616866722536547396e-01
-2.327493424030590945e-03
3.887476455737313707e-01
-6.105849165353524621e-02
8.132837666806719268e-01
7.011458749742314200e-01
-6.616620631237944694e-02
-5.274869376907393992e-01
-4.859618160375638318e-01
-4.147793238196000321e-01
8.011369671188203201e-01
-1.850926535924202754e-01
-2.499380643448126105e-01
6.342763386296057515e-01
-6.727863610553288520e-01
-6.208813537609790822e-01
-9.266670665332783496e-01
-6.084267263748742716e-01
-7.761657757154209747e-02
2.486666669716094402e-01
5.085625783129230637e-01
-1.833557444221479704e-01
-5.170472165987028967e-01
-4.620542312582998079e-02
-9.264457964431619397e-01
-8.047654966888753147e-01
7.157400672287101973e-01
4.588812145089835592e-01
-1.247423292068221556e-01
-3.863693983364888118e-01
9.136870539457153662e-02
3.584046025028821969e-01
2.246983824690392817e-01
2.104753916826224147e-01
9.833208124224981361e-01
4.998674794033277635e-01
-6.856453933274029300e-01
2.423742396062880111e-01
2.067428838351857701e-01
-3.996915892486471167e-01
6.307414803218966970e-01
6.442714158062055052e-01
4.987615952273879438e-01
3.098769696837893606e-01
-1.892144720517385803e-02
-2.825864279215397623e-01
1.723165280491308904e-01
9.337455341191818192e-01
5.201694587777073997e-02
-2.172672032970386913e-01
-9.181064908720124595e-01
-8.900251972427984937e-01
5.860467582876134340e-01
-1.000000000000000000e+00
5.576254988218543041e-02
4.642355444201448078e-01
1.764352397013665141e-01
4.073234252114814602e-01
-3.752231686153553181e-01
8.668187301567739644e-02
-1.000000000000000000e+00
-4.481061242207411421e-01
4.617945114778299054e-01
-5.433556688049377970e-01
7.622348896563609921e-01
7.870908512175597282e-01
7.896553996834480837e-02
-5.323472058525435813e-01
-3.135524359667277161e-01
-8.333447005622839354e-01
-8.832856082936757502e-01
-4.146756182137993629e-02
-3.355170843454788332e-01
5.501725962381450730e-01
-1.000000000000000000e+00
3.414651957697818485e-01
2.909702442798656197e-01
5.169732537992502985e-01
-7.386142460234795815e-01
-6.697419090468778036e-01
2.326737489116992297e-01
6.171167139273934232e-01
-2.405469429624647881e-01
4.621295627954635776e-02
8.757234883726163766e-01
2.899564985746518886e-01
-3.795977704516241835e-01
-6.815287694349259073e-01
-8.545028310610032207e-01
