-7.533276882277775144e-01
4.500249491834989457e-01
-3.584586369970607089e-01
4.265788276565317116e-01
1.044964427502923822e-02
-6.058552233411176324e-01
7.470150677334825851e-01
1.801192989033955638e-01
-5.231433729397970689e-01
3.567586997276204763e-01
-1.114188920678980538e-01
4.237507355595748204e-01
-7.463974604779360922e-02
4.798618217974479072e-01
9.877139030758667060e-01
1.930486688559649583e-02
-2.006571991553373069e-01
-2.683172690776486347e-01
-2.093220064040518524e-01
-6.748844985244319972e-01
-2.616484474270035221e-03
8.411721091471843215e-01
-9.560074643434754993e-01
-9.944947244407958964e-01
1.769255034642401025e-01
-5.660997215258048998e-01
6.755593149685712451e-01
-1.401696847770635412e-01
1.424513579469372654e-02
8.348524587099406813e-02
-9.799150367369120485e-01
-5.598220067371407760e-01
5.759825106108223264e-02
7.675975962239530714e-01
-7.806214467352899922e-01
1.555496061812532971e-01
4.481936548833104217e-01
-6.808728551259577433e-01
8.076244348764326231e-03
-6.157258373183068789e-01
-3.590059568844049531e-01
-2.681795053005004981e-01
9.672214438976848294e-01
5.634419072463070499e-01
-3.467390123830900173e-01
-1.672783273985352925e-01
6.262359918128092007e-01
-3.164398009252850641e-01
4.477906935058345583e-01
-7.119372734774337408e-02
-2.399982012149040056e-01
2.796703295456911542e-01
-4.567028408070913925e-01
-4.391099722981540165e-01
-6.789768967595595228e-01
-6.896189442755911170e-01
-9.005065269566228103e-01
2.012435962946197976e-01
3.506100265937554528e-01
-1.000000000000000000e+00
4.813100768320768275e-01
-9.473272720047365425e-01
-7.021898464107115267e-02
9.589777635079009821e-01
-3.598848521341141971e-01
-3.055872043506422386e-01
2.935894183833160920e-01
-3.675552720981276056e-02
-9.316847616993131354e-01
9.121351936427062324e-01
-7.687615228242634935e-02
-1.261486766664010328e-01
6.348068635606582966e-01
-7.898683967612066814e-01
-5.805759707608141307e-01
6.756487376711701742e-01
-1.000000000000000000e+00
4.278473463514181341e-01
4.389140301956040990e-01
6.609815696880566582e-01
3.816964617625635547e-01
-3.411553959274147285e-01
-9.454853083753388399e-01
-6.592394923711115962e-02
2.747950503251896937e-01
4.207511189688972753e-01
9.667548707818256482e-01
-7.952495676924915546e-01
-6.135930007817392423e-02
2.092987032634965883e-01
6.570815895210149193e-01
9.844852266464664270e-01
6.572638194491460251e-01
-2.535322605748074887e-01
1.946820529062553984e-01
-9.674884036508480945e-01
-9.676407666182883505e-01
2.690435351762066607e-01
-7.663019898240593930e-01
-7.125391347138541054e-01
-9.917318364690341781e-03
2.588056221121323164e-01
5.045363896454566621e-01
-1.279393302180199532e-01
-9.245237435344916266e-01
8.109134053031534783e-01
-9.550502518689976128e-01
1.650615819124808259e-01
-1.000000000000000000e+00
-1.250974520815688606e-01
2.317269274841334270e-01
-4.480411192390613140e-01
5.960054406054213771e-01
9.986272566075822255e-01
-5.875221292712531906e-02
-1.705371113492119006e-01
1.000000000000000000e+00
7.143323978210854852e-01
-9.596811362464676698e-01
-3.709861401667544634e-01
4.786234241510236576e-01
-8.566228593307352313e-01
-3.657259234491698763e-01
2.319782814478986432e-01
-4.070971456155365598e-01
1.671653864132663925e-01
1.176541825647725581e-01
9.456348131650869071e-01
-8.518073288854408620e-01
-2.501268492942236854e-01
-1.000000000000000000e+00
-7.671820275234709774e-01
4.402339164570064911e-01
5.275201729818328467e-01
-1.000000000000000000e+00
6.439486394816579251e-01
1.928485004689218241e-01
-1.000000000000000000e+00
9.792343906886359362e-01
3.362423681123628549e-01
-7.103023698766873784e-01
1.067744536249133208e-01
9.265680869304798728e-01
6.864246793815047543e-01
-7.209339118015284376e-01
6.795611467668676298e-01
5.592285744104068534e-01
-3.479705110507584354e-01
8.300245778839212552e-01
-8.873711792589853431e-01
8.205393683263203508e-01
4.559214326049440547e-01
-4.295072276903751929e-01
1.000000000000000000e+00
-2.265494202844255955e-01
-9.697323557561871032e-01
4.625482398233382031e-01
6.763687315146571510e-02
1.372150727544637142e-02
5.666374036780080781e-01
3.250098492619336032e-01
-7.233922661686573718e-01
-3.174994713604982755e-01
-2.771109037508958095e-01
-5.698304824544918601e-01
4.101811642381153478e-01
-1.695475301922352296e-01
4.442298549692362819e-01
4.938248165897743402e-01
8.177045211677815839e-01
8.411834104547888380e-02
-8.627150280657189807e-01
4.423907539206893835e-01
5.199324297432847963e-01
6.034387711536891574e-01
1.239479121893689584e-01
-7.131529890915755399e-01
9.805582648124525624e-01
-6.678916520805178170e-01
-5.760662551093660433e-01
-5.254154454547778075e-01
-9.170606383840078646e-01
-1.000000000000000000e+00
-7.993640826520612142e-02
9.114692877172723140e-01
1.089133555969700046e-01
-2.329953182343639517e-01
-8.425922820542035563e-01
-6.982864283843449593e-01
8.822839580204234755e-01
-7.331561426752571942e-01
-7.285026757006539677e-01
1.000000000000000000e+00
-2.166182133949424160e-01
2.498002693547330677e-01
8.162634869221933043e-01
-7.034354186869189451e-01
-9.725443712968842580e-02
-1.612615653072516086e-01
-1.000000000000000000e+00
-9.904054476766126491e-01
-5.809865794288917584e-01
-3.196796010135846133e-01
4.117388161008634362e-01
-8.664442431765561059e-01
5.628021507430736037e-01
5.344075679721435046e-01
1.000000000000000000e+00
-1.000000000000000000e+00
-9.157357047339977907e-01
-9.673176567678087867e-01
-7.894959611270062627e-01
-2.398036396743856713e-01
-9.819522214059949183e-01
-7.334482128574398851e-01
9.353337087399435923e-01
5.468132422733430476e-01
-9.523049469386202226e-01
-1.000000000000000000e+00
-4.242034238398937479e-02
-8.218944681134962571e-02
-6.431189140491619383e-02
2.780959883883519779e-01
-2.704145885234180424e-01
-2.579364029618566589e-01
-9.517268825861883164e-01
1.000000000000000000e+00
7.613432697175875896e-01
4.073904486869241448e-01
-1.117817583888797983e-01
-3.263790731174440740e-01
1.000000000000000000e+00
5.596878194470951140e-01
4.608530659121856110e-01
4.525156692453278784e-01
2.746536825708305041e-01
-6.242693134050415482e-01
-2.855660355223970104e-01
2.894234477566773323e-01
-9.905850090432363197e-01
9.741741590931964900e-01
-9.072628404291818160e-01
1.000000000000000000e+00
4.426046872751585037e-01
-2.826717140244930371e-01
-7.367535002479972395e-01
-2.974200914652907479e-01
5.974931835261250157e-01
6.028513197773432974e-01
3.119731879070943292e-01
-5.024471039187741184e-01
-9.615985400340916200e-01
9.377200194704371494e-01
1.387131801366441319e-01
-5.492581191177141609e-01
-7.735092603517406129e-01
6.109525081483691000e-01
9.068509480674381562e-01
-1.344873408608313059e-01
-8.919095080389252139e-01
-5.342594347543689892e-01
9.641046974817262250e-01
3.425373707794956424e-01
2.648145478918506601e-01
-5.147220654686955887e-01
