-8.563418775730657906e-01
4.679761145927806565e-01
-2.215970164987628999e-01
-6.103819459378991841e-01
3.497868212624644091e-01
-6.972373170929252462e-01
-7.344958301833810488e-01
1.915377370002435686e-01
-9.485907988348381004e-01
6.550759915145634160e-01
3.534236143279434472e-02
8.457417452946852654e-01
-1.934586182937729770e-01
-7.374250366065095985e-01
-9.356905499292555994e-02
-2.797335101248277223e-01
-2.868803937039809959e-02
-7.680212886457025157e-01
-4.120859927857187799e-01
-8.084850479694176695e-01
-5.703603538053736433e-01
4.379384378444779458e-01
-3.464257084930429109e-03
5.501040634059546353e-01
3.405954705972318308e-01
-6.767805946373972592e-01
1.464157834636525268e-01
-3.638702356920482384e-01
-6.944846748681239579e-02
5.146279883314792691e-01
-5.117915598139078925e-01
5.178162662919642001e-01
3.894585814375272625e-01
4.413385548935044866e-01
6.181841524093243390e-01
-8.113279674599211955e-01
-4.292970569114622492e-01
9.699109103050873593e-02
8.778275610019579123e-01
9.748050652040912700e-01
-7.370032435880571331e-01
8.282215977613736069e-01
-3.936191186325461722e-01
4.041430447038286133e-01
-6.388018534523287606e-01
-4.426532721983540419e-01
-8.681753192883769898e-01
-3.454421843402299963e-02
9.684540358542692573e-02
5.576757425164784454e-01
2.385188117994812562e-01
3.542277244857231500e-01
-1.714952792675648596e-01
1.839286856675163839e-01
-1.524632520984792183e-01
-9.634540415449035500e-01
-3.175532730782633095e-01
2.777206362821943442e-01
-7.403966037482483109e-02
6.071145533370279068e-01
1.230289002997193848e-01
-5.543155323330259954e-01
3.244776940607191351e-02
-4.072991397535408731e-01
-4.610280992983051274e-01
-5.659674971328372273e-01
-9.968470645777485206e-01
6.093806996126509556e-01
-8.252061467969000752e-01
-2.851957606956767588e-01
8.295356718820201536e-02
4.608407991272396309e-01
6.636398114499679757e-01
1.848860039477568940e-01
6.995638327119866329e-01
1.148725809233296924e-01
6.170246955048126480e-01
7.838709611199132787e-01
-8.332763586351796814e-01
-6.262602717333611846e-01
-4.408801223429021920e-01
-7.276013546476793881e-01
-5.709256230854578562e-02
9.335240130567508121e-01
1.124690455986807752e-01
1.598638011698407246e-01
1.008441930326764879e+00
1.910802993252591619e-01
3.557610986160042454e-01
-1.716634865747734828e-02
-9.373426538848307343e-01
-6.930275958121845381e-01
5.974113471543327503e-01
-2.723138025508222704e-01
-1.844248550127357833e-01
4.332783123132893932e-01
3.267872544977328264e-01
-4.164316799994203233e-01
6.999019644365058745e-01
-6.704190086753825106e-02
-7.871221971555870667e-01
4.149593161719942191e-01
-6.700923822557358633e-01
-2.934181443400820655e-01
3.463015525395318761e-01
-2.706650737152520581e-01
-3.544187701223469045e-01
-8.497870843762588278e-01
3.296039269770568714e-01
5.465347748115680915e-01
-5.030224565770259615e-02
-2.994041103733049436e-01
-8.165165368342862662e-01
-4.728360415827121965e-01
2.925851578731643032e-01
7.869424970652156848e-01
-3.060128288967176591e-01
1.346890594545322450e-01
6.222457097587794639e-01
-2.793980408053072795e-01
8.515318014562247573e-01
2.707985827763004227e-02
8.164986330443964047e-01
3.845086267142745484e-01
-8.062106371245412184e-01
3.244099108387616948e-01
-7.072892173741691657e-01
1.149752892650322267e-01
7.378055327811685604e-01
-9.787172370155354795e-01
9.085232248059933458e-01
6.413392830467081751e-01
-6.057541974584357281e-01
-5.953093081435822942e-01
-9.143888410244869203e-01
-6.894179259367532175e-01
5.695387312469311070e-01
1.599156294751109542e-01
1.363594299285832978e-01
-5.882147902578060972e-01
8.548146414167101526e-01
-2.266774728963361074e-01
-1.127409743372756123e+00
4.037231730762451676e-01
1.983964544450933509e-02
-6.057183473553377773e-03
4.685276511713798442e-02
7.528725450661621910e-01
3.871253087628229728e-01
4.593496779679330788e-01
6.168523588501683141e-01
2.440520395647447494e-01
-6.115519250876743085e-01
-1.238328856277199491e-01
-6.442180923831056782e-01
-4.969220676916563662e-02
3.879290382159981121e-01
1.533898871071108783e-01
-7.466949060721603804e-01
3.080865272032207169e-01
8.222533852600986126e-01
-1.011343580727845470e+00
-6.313933875357505832e-01
-9.906770924021026659e-01
4.704831817970283048e-01
-2.375617199408096014e-01
4.590642910847646530e-01
-8.523695098644292756e-01
3.941291914661512186e-01
1.296410742259641591e-01
6.812009803840184397e-01
4.822549421684529936e-01
-6.073574999945805519e-01
6.944758056252227085e-01
-1.044350406671088027e+00
-2.552620969455603461e-01
-3.138322383269942506e-03
-1.320422368814551384e-01
-7.546350600507623074e-01
1.952352544124156264e-01
-2.411272188235372982e-01
1.140712998800970546e+00
5.078108242358332358e-01
4.167063191647588649e-01
1.865036965559505600e-01
-7.975229274583536254e-01
-1.212945341404873395e-01
1.462151351382041664e-01
7.843417768808301771e-01
4.418778101361788835e-01
-8.849800009087782637e-01
7.857288840493292792e-01
-4.304764159748584174e-01
4.946465983045538195e-01
-3.359997545430397636e-01
-8.872881858190813098e-01
-3.027145360834895271e-01
-4.453535375447468248e-01
3.549732458437155347e-01
3.564869959314546921e-02
-1.794441462938398124e-01
-7.123430118126449218e-01
5.731097936201415832e-01
3.067536727960979981e-01
8.006639944062248215e-01
-5.803888395553993274e-01
-3.073356328921694747e-01
-6.304331608948028354e-01
-7.754542591524028472e-01
-6.165499054629752784e-02
-6.067904246621823594e-01
5.493397653422946725e-01
-7.995025313564207980e-01
-9.155456652409132978e-02
1.389941441309059389e-01
5.025124024594415650e-02
1.541311240421349149e-01
-3.460144896789446589e-02
8.982328815247402343e-01
-6.641416637889250296e-01
6.547274452592048988e-01
6.758696655473963588e-01
-9.483882778873085062e-01
8.653582486658160100e-01
3.748245460019548059e-01
9.460183472262917448e-01
-3.455403326301065281e-01
4.375980705575237550e-01
3.429852305364984311e-01
-1.708919896172308439e-01
-9.309399766262356213e-01
-9.447759906341363090e-01
-1.399854751816771437e-01
3.740520733303298595e-01
-3.739547998757255520e-01
8.823901041294204273e-01
1.088377136715022564e+00
8.846522739771798260e-01
-3.476473792701006427e-01
3.292405914807772227e-02
-1.512900319713425534e-01
1.911955010907897545e-01
-6.800496054115359179e-01
2.358882898481438062e-01
-5.643113491917508551e-01
-2.859892881925875652e-01
-1.622873546046423865e-01
-5.531979996123539411e-01
2.054163798069688074e-01
2.299799843710620406e-01
-7.708474008695258561e-01
-4.430447007781364022e-01
-7.353819138033184100e-01
2.382540817755200990e-01
5.216139266220873871e-01
2.465027182624080215e-01
-3.042093276056251350e-01
-7.724468704829545729e-01
8.349650744208843012e-01
6.616639615512442951e-02
7.801885335032325564e-02
6.068461467847201529e-01
7.457001058279213446e-01
9.664223797268012284e-02
-3.653549689365372943e-01
