1.894757130925628363e-01
7.836210073225851058e-01
9.729301662148254204e-01
-2.210324959150445912e-01
7.167027321372720916e-02
5.379327777326224913e-01
5.244865924641431976e-01
-9.833862735094249796e-01
-5.729636729800049455e-01
-4.317078854032080359e-02
-4.973197117813033530e-01
-5.844276727600821175e-01
-9.225418231871510555e-01
3.814440967581653186e-01
-1.979418870367927463e-01
-2.722173243005217014e-01
8.543897291112845238e-02
-6.300659875957846934e-01
-6.564140033164049814e-01
-2.374571589907016611e-02
-7.602758451171121035e-02
-9.036670434297173760e-01
-9.045901184193338995e-01
-1.469962938539859376e-01
-1.000000000000000000e+00
2.902656319550487307e-01
-9.936986532274733053e-02
-5.276915882054010742e-01
-4.402251637440636745e-01
-1.000000000000000000e+00
-5.300000708804539773e-01
-5.190270022768592728e-01
5.811163282241393890e-01
3.025361225090012485e-01
-5.553945462529008559e-02
-9.586038702952728308e-01
9.852312346952893929e-01
-2.288944648998254838e-01
-3.151432739824043816e-01
-3.640636532550748372e-01
3.935650120185967271e-01
-1.000000000000000000e+00
-5.324459184560503822e-02
-4.415295203695623893e-01
-8.216712042497710256e-01
5.539128900921378440e-01
3.731340082716260720e-01
8.920810276779985726e-01
-7.676548415897945787e-01
-9.177067994573078202e-01
1.833387299295085315e-01
8.153699936322844621e-01
8.382320602754788075e-01
1.324544273877044931e-01
9.763471787750062081e-01
4.299002812840855420e-02
5.415592424519508619e-01
2.475787429310228327e-01
9.663879037203215727e-02
-9.780820619321539677e-01
2.219052654773833455e-01
-9.346189288955308871e-01
7.209024523853657662e-01
-7.637087211926962826e-01
-1.729081988583412444e-01
6.934876537003995534e-01
8.612652875161450616e-01
-1.000000000000000000e+00
8.057452495125611014e-01
1.000000000000000000e+00
7.313315024904919470e-01
-3.648229272419802049e-02
-1.933712410905760737e-01
-5.651464894446424081e-01
-8.418767262040197652e-01
-2.670473086419169473e-01
-1.827482306793282718e-01
1.796088707016902930e-01
-6.180376668408615881e-01
-7.330557174591409986e-01
-2.053686667962801859e-01
8.624487273002046095e-02
-6.239818384974032961e-01
1.386962499199495547e-01
-7.175404671598926143e-01
-8.568986212504267064e-01
-3.265504533371303975e-01
-8.086746527160421083e-01
-4.293371475096092738e-01
-1.425868990176642759e-01
4.004979808590114487e-01
-7.518373637010435928e-01
1.000000000000000000e+00
9.950891909345430664e-01
-8.451438874515299071e-01
-9.882699105031657050e-01
5.460715311666139993e-01
8.117326642666284897e-01
-6.897721789913979773e-01
-4.407196527339168890e-01
1.100338093671651696e-01
1.388857359415984760e-01
8.025249786757690518e-02
6.267957962886492318e-01
1.478938706721682206e-01
7.854468299582937352e-01
-9.187383148776044894e-01
2.291156255347379794e-02
2.657824622474604381e-01
7.741865571754387165e-01
-9.452737672510096445e-01
3.590834039629914876e-01
-7.855956450098768862e-01
9.092062955669160118e-01
-6.702327915725113661e-01
-8.845956632192130131e-01
9.188038518930696785e-01
2.719342987482775698e-03
-2.801645080150767519e-01
-2.091279783373226064e-01
4.605937243270148973e-01
-7.248971327393819442e-01
-8.135587440944103133e-02
-1.513869740365481401e-02
4.196875568152625552e-02
3.447517575628518127e-01
4.512902007979346930e-01
3.171418307577720808e-01
6.540607002329208441e-01
-6.594414824539012177e-01
-5.426312106039075100e-01
-4.230863695936236679e-01
-3.459317020205405768e-01
-9.947755359209998760e-01
-1.457028647033900559e-01
-3.198460922610497636e-01
8.831168097246155924e-01
-6.219448470688484498e-01
4.164338917320692945e-01
-4.110751190676661948e-01
6.966393808794015818e-01
-3.936158246998496812e-01
-6.367225854081681735e-01
7.679846226121722630e-02
8.214942691753572834e-01
-8.813816008523940315e-01
-6.888346084819021442e-01
-7.153630391901181218e-01
-7.818314160263225565e-01
-8.153137308456186172e-02
2.014006566726646297e-01
3.047521474889141047e-01
-6.966438254229192495e-01
-7.825575155783068837e-01
5.381952507384295259e-02
2.033418102904840374e-01
-1.755287818479598083e-01
-9.941246610561351726e-01
7.077484436190502048e-01
2.050296864587923262e-01
1.659692739617759372e-01
-5.979171423296257837e-01
-9.498882843899476569e-01
1.853092141536834270e-01
-7.281761448875503362e-01
-5.074212522851936358e-01
4.973240455965393658e-01
4.462045866458265453e-02
6.122083698132666507e-01
3.119485744871907662e-01
5.588059307072167359e-01
5.290905026025268659e-02
9.872111645073541331e-01
1.420900218780247748e-01
-9.699583465585384090e-01
-3.658674187406949496e-01
2.464336329720787921e-01
-4.071642905454617711e-01
-2.459968594196849934e-01
-1.289723067147150737e-01
-3.285711384506114774e-01
-1.214635014685374603e-01
-4.925342722269982487e-01
4.275278990041793681e-01
4.729303004555362455e-01
-8.221373233640563161e-01
-9.420640394517914018e-01
7.481494742466096026e-01
-8.459424025708537354e-01
-6.637759804230158878e-01
-1.924623829606207093e-01
9.384874700613053955e-01
3.296836277046317765e-01
7.499662043176152926e-01
4.181665203073149373e-01
2.427681990284378810e-01
6.657685803027640903e-01
-4.714776588698257886e-01
7.196409390283307062e-01
-6.137756458793188763e-01
-4.058631609782212268e-01
-5.146167377868938742e-01
-3.448717584671925351e-01
-7.517184669041333811e-02
-8.480622577012155716e-01
9.105279376360919663e-01
-8.379908240935742825e-01
9.881064253130050767e-01
-4.972272969581770230e-01
-2.940213730071133402e-01
4.017210647462625406e-02
-3.589337041276693951e-01
2.315956839955743696e-01
8.419921876468355881e-01
-9.419615171647931495e-01
-2.743684055677293732e-02
2.301637841176722710e-01
-7.748243202935505280e-01
6.354377997122389043e-01
-8.711085382114006626e-01
5.942205874013756217e-01
-9.907762864336741027e-01
-8.164521394058759096e-01
-6.646731389642251964e-02
-6.718900744781878265e-01
-1.904668839395531887e-01
8.201037581864567549e-02
-7.845355927960151465e-01
4.495414263361268148e-01
-9.163411537596618528e-01
-9.639785194385557254e-01
4.375050208476143343e-01
8.898205052360060041e-02
7.894910549023825830e-01
-8.357811906227855525e-01
1.113628226058447357e-01
6.636117800885972251e-01
-2.697515099226694968e-01
-8.724395929208622613e-02
-2.519544232367944003e-01
2.170410946420593401e-01
-2.237246017948275323e-01
7.312370031621714950e-02
-8.240588399912021078e-01
1.505996247015780609e-01
-2.501318980273811721e-01
6.487855137132331196e-01
-1.862453305513239732e-01
2.800275409979142149e-01
8.470836181609107118e-01
6.808912805803011281e-01
-6.252931997907703598e-01
7.743256684799066925e-01
-9.549698264562526129e-01
-4.002619806095014110e-01
-8.651595464700518878e-01
-3.041818432986901355e-01
-6.200283880482173604e-01
2.743938364730087454e-01
9.791152561069517146e-01
-1.292159521193087246e-01
-5.261083641799298993e-01
-2.572601777060734562e-01
-8.516418194587949131e-01
7.451148585214425468e-01
