7.727297267251989066e-01
2.244780154192923538e-01
8.882068561516475169e-01
8.528163677881658300e-01
-6.168065789428437418e-01
-1.978731424751344406e-02
9.261252215364565998e-01
-1.000000000000000000e+00
-6.735666431868386761e-01
-8.062225423892073473e-02
8.176166169947247653e-01
6.490583930352475384e-02
4.510673960041591268e-01
-8.019537608755742397e-01
-8.800974105566199412e-01
-5.667052867057975618e-01
-4.752831924171663225e-01
1.881798653969623744e-02
-1.270640287510993449e-01
1.000000000000000000e+00
-7.291962453740291616e-01
-2.805815398210755873e-01
-6.876054845395173087e-01
5.917440685164808700e-01
1.000000000000000000e+00
2.648098321356754936e-01
-8.170554434024220880e-01
7.701243044819754413e-01
-5.326961457381438336e-01
9.646305999264024322e-01
1.000000000000000000e+00
4.577884291842659881e-01
6.046229043881627963e-01
-7.283748440395891866e-01
4.428054070005008613e-01
-5.198548518113381700e-01
-3.419181915655939985e-01
-4.312395487363052116e-01
-1.344849259250347484e-01
8.533029293362505152e-01
7.893575038588196424e-01
-5.043916477100605089e-01
3.114416963108083136e-01
-2.456754840577927146e-01
8.002711459693050422e-01
3.732686821815860423e-01
9.105453914241148361e-01
2.489472069851510205e-01
6.517523292367847221e-01
-4.544006952101071195e-01
9.576153158633314844e-01
7.982724010362988176e-01
4.977220823845087683e-01
-8.256373912305925433e-02
-6.837509232496336020e-01
9.650908882283238954e-01
-9.567700886254246750e-01
8.807091264108164452e-01
-6.424133385510305549e-01
-1.246248713734222739e-02
7.093065613064036823e-01
-6.899019565931249209e-01
8.790108783435637285e-01
-8.048762482620687164e-01
-8.378903608643583079e-01
3.273132852809824134e-01
5.109448593206386002e-01
-8.982505051393496753e-01
9.124609220028004897e-01
1.000000000000000000e+00
7.150575311575254611e-01
9.755937273122866626e-01
-9.910739024123530472e-01
-9.462913950420102083e-01
-4.725833458858806901e-01
4.770520593910032581e-01
-9.612477862792502270e-01
1.195410643422172153e-01
-3.496623415428352921e-02
-1.769179560410707175e-01
7.336776731362214532e-01
-4.748021887397875229e-01
-4.148338330215127490e-02
9.250381414139189351e-01
-9.597372198740353189e-02
-2.038257924252130926e-01
9.163759708994111408e-01
-8.607470221211208639e-01
3.754594577287223012e-01
1.726171095316758330e-01
1.822389867594079726e-01
3.882016355230631932e-01
-9.613133787066405755e-01
8.533618718625594901e-02
2.879543364777287229e-01
-8.503506822264030041e-02
4.981233748321778898e-01
-6.559117006956056706e-01
-4.898880434858300381e-01
-5.231876041324785565e-01
6.331765375976268206e-01
-8.227029640430630897e-01
-8.618705860096083082e-01
-9.417676972442913519e-02
-3.098069319105398178e-01
-2.629448884648827311e-01
1.000000000000000000e+00
-1.000000000000000000e+00
-8.710806337307783753e-01
-6.583912655972522510e-01
5.674186346569233264e-01
-9.845163331379030991e-02
2.986790512171867418e-01
4.836736451567715811e-01
3.574508496524369527e-01
-2.597765709711881144e-01
-1.225730408115418557e-01
5.494008102329733800e-01
-7.705712654254673888e-01
-2.093774667164347292e-01
6.327727686947187680e-01
1.251484026036461528e-01
-6.025121145452466687e-01
-7.286592227808317279e-01
-6.914533539064330325e-01
-5.797741398833456961e-01
-8.942901608131176294e-01
-5.625592094228014650e-01
-9.736710948341423810e-01
7.592013687363047270e-02
6.965121196002371784e-01
-1.630315534367243746e-01
-8.721380655271075977e-01
-8.265736454006454847e-01
-3.626053486027618344e-01
3.326420943198153402e-01
-3.815916110840574804e-01
9.527898724045507084e-01
6.183952495160266460e-01
-7.253678081375244391e-01
9.961208593921998533e-01
-3.091020257431218443e-01
4.881550938052927058e-01
-8.476626941179263297e-02
2.373341636788209308e-02
7.329608341167916929e-01
3.243102684955965209e-01
8.344738323509979239e-01
-7.328539944086515101e-01
5.052783047922424498e-01
3.222030575337820890e-01
-5.789958219402197015e-01
-9.013581078108519051e-01
-8.660089684827655399e-01
-6.500140087201012884e-01
7.706578735875763142e-01
8.611644641116004140e-01
-1.000000000000000000e+00
-2.039741138422785094e-01
1.000000000000000000e+00
1.732527282920939826e-02
-7.614559296636734809e-01
7.881150644397516558e-01
8.919261629815471437e-01
-5.884009435826041967e-01
2.128048295901186215e-01
9.014730661883230134e-01
-4.307955073928769751e-01
2.276298257650624657e-01
9.734529421159429097e-01
-3.592788038464687639e-01
5.697082836452112276e-02
4.077435674345296635e-01
-1.000000000000000000e+00
-5.229538305885900185e-01
-3.185272806198177764e-02
-6.363905662015117981e-01
8.958889466650005184e-01
1.747410917255252105e-01
-7.948532957470777482e-01
6.461253270447756547e-01
8.126587276844979280e-02
5.128702967586320494e-01
1.930497970075636671e-01
3.506891931768420512e-01
-1.000000000000000000e+00
-9.103738628264370636e-01
9.765193444894473829e-02
9.455605110584109907e-01
5.027113045923138346e-01
-7.310030522894246374e-01
-5.039588842247405553e-01
-1.492905581444081142e-01
7.181205681565344667e-01
-1.000000000000000000e+00
-8.055626128738255787e-01
2.076200326389520678e-01
7.606460961715910685e-01
7.300902617247070348e-01
-7.782288463406206169e-01
-5.076923833465211144e-01
-1.000000000000000000e+00
-7.659786000461953348e-01
4.715051342399765866e-01
3.830997767175870483e-01
-1.000000000000000000e+00
-4.678573190337906862e-01
-7.466243212335662571e-01
9.292128341704326555e-01
9.266552692679926873e-01
-2.533008081432170933e-01
3.432719460675685563e-01
6.391945313178464261e-01
6.684460209196203540e-01
7.998667070972074189e-01
7.275772219727753010e-01
-3.941638635495576803e-01
5.669007353983477326e-01
-1.567699253174331120e-01
2.190557776755192865e-01
-8.049735274591782730e-01
-3.822973018656790622e-01
-5.788065872438702408e-01
7.707659063989036330e-01
-8.777773892780993403e-01
-9.829307146374756110e-01
1.000000000000000000e+00
-1.000000000000000000e+00
1.128527732472484058e-02
-2.889750647137334649e-01
-8.528318719236284151e-01
-4.895939712179296910e-01
6.048341612432703851e-01
5.112751967387060281e-01
9.022662836316520940e-02
8.734761577183933756e-01
-9.337496095570202437e-02
5.653701993444769369e-02
8.126571869008856197e-01
-9.413214870498741726e-01
-1.748967675483820705e-01
8.451576413516737052e-01
3.282887178253996452e-01
-1.000000000000000000e+00
-9.885369025444595836e-01
-1.000000000000000000e+00
-8.923316656486158793e-01
9.735613371483793355e-01
-6.145397571147309668e-01
7.837860275398250698e-01
9.938302047447191701e-01
9.622969229438201877e-01
-5.641631547575384209e-01
-2.456380782387093398e-01
-5.985126070576208823e-01
9.375400455563790425e-01
-6.160420462688147580e-01
-5.450308623118729212e-01
1.528390186580041443e-01
-1.011773550648318032e-01
-6.213277097541128891e-01
-4.744557887894764736e-01
3.808254055756228884e-01
4.833928380969275684e-01
-8.468747127742101144e-01
