5.984337612589957223e-01
5.078050098253157341e-01
-6.747530304857068950e-01
5.092584570938623045e-01
-6.892875004233534053e-01
-3.074420238169597308e-01
5.351008557707074287e-01
-6.233184943572951386e-01
2.245477160431434971e-01
3.780277700506469163e-01
-2.789694481156216321e-01
3.806301083169285615e-01
3.236759324121768477e-01
-7.348928848395004376e-01
4.150740364461328324e-01
-9.763218780948348385e-01
7.346685502242189525e-02
3.252911787155106094e-01
-2.710221384870108163e-02
3.115300833831830540e-01
4.392108003888385848e-01
-1.694329087401655054e-01
-5.157209668863285135e-01
-8.604457045802769155e-01
2.810770399017842869e-01
-4.681645845301794506e-01
5.466853635563434510e-01
-2.049573892886213389e-01
6.230798501877090612e-01
1.646910722164820484e-01
1.946405852475519005e-01
-1.235091306544811030e-01
6.373596781151107393e-01
4.632049610088028180e-01
-7.044516625764036810e-01
-6.019035479528208610e-01
-1.033043113179661909e-01
-5.120505791312621735e-01
8.951049123593158852e-01
-7.369133865945538542e-01
-8.679434498424850597e-01
-7.894569173876295753e-01
8.494754179211586043e-02
4.562477439384096112e-01
7.571022399011768655e-01
7.979452591316225085e-01
6.764015166653667421e-01
1.000000000000000000e+00
1.000000000000000000e+00
4.513036260388864629e-01
-4.120796909810089392e-01
-7.318267106561588964e-01
-6.019312565813883520e-01
-9.219942624584698265e-01
1.850842347341546956e-01
1.000000000000000000e+00
-2.604726866329950541e-01
-9.591648395391899617e-01
-5.408627229910103473e-01
8.825694401355115293e-01
-3.318815967317670923e-01
5.284110962779228204e-01
-1.947367008375703312e-01
-7.391040442631284790e-01
7.640447045618216082e-01
-4.282764377811257850e-01
2.002279559176844970e-02
-6.499822047122159052e-01
-9.660883390984911223e-01
-5.649458961388748035e-01
8.809992203604368743e-01
3.205354041068289028e-01
-1.955804174684647179e-01
-9.503661133503249481e-01
-9.614192637421244969e-01
2.508128379610645720e-01
-5.080065767143313593e-01
5.168780118584888061e-01
4.255045160961472006e-01
8.092262387756665731e-01
2.179879602344672596e-02
4.644015642275087785e-01
6.077189479733798860e-01
1.841793660589308157e-02
-4.661567248940998720e-01
5.300844878957061690e-01
1.536445893235783844e-01
8.016190270891092595e-01
8.819885085306299055e-02
4.970416290240641799e-01
-1.151185434393833112e-02
4.852081763463971242e-01
3.724228360005268357e-01
9.543632688199703562e-01
1.571718194619400322e-01
-6.615594909822508640e-01
1.000000000000000000e+00
-2.605277614031623612e-01
-5.246908734983005695e-01
-6.945288572619121581e-01
-4.685469295861972028e-01
-3.574406757542856194e-01
3.933160531918406533e-01
-5.421878075990273216e-02
-1.875840765837875623e-01
4.935022090901635683e-01
3.602432890959514356e-02
-2.435110646658605327e-01
-5.484588249013638145e-02
7.057913546116010295e-01
5.052570955234827466e-01
-1.343561783392839271e-01
-2.142554388529524512e-01
3.924279900874208526e-01
-9.815613526804868316e-01
2.307999906865797479e-01
1.000000000000000000e+00
-6.576823316554906151e-01
-3.220140370031832622e-01
2.375698778226190411e-01
3.523375742949664824e-01
2.178780975654177193e-02
3.037249667772066175e-01
1.152673672651494258e-01
7.120947367902945579e-01
3.227372176851904806e-01
-7.843292775727843669e-01
4.244630488095252341e-01
-3.006634711580899455e-01
-1.062401616398783166e-01
-4.458955267319444915e-01
1.058734382143645958e-02
8.968768875555572784e-01
2.718838994443018575e-01
-7.117512246239358076e-01
4.078029120135883145e-01
1.501939321832143626e-01
-7.878960986252259158e-01
-7.522516906571248274e-01
-7.305791854935907992e-01
9.672869559480949953e-01
-2.116316575138977030e-01
-6.236776956031747643e-01
9.119832748521469190e-01
2.009439826154672815e-01
-9.080035985524809172e-02
-6.084459962874737282e-02
8.888643175809581853e-01
-3.456542683705952079e-01
4.279749948194247477e-02
8.017725737763636840e-01
-3.059595350867768682e-01
-4.582601092823300193e-01
-3.988665280724729700e-01
-2.793701710258898463e-01
6.792562516988818189e-01
7.307684515130783431e-01
-7.452293177014734926e-01
1.000000000000000000e+00
6.792979092618365300e-01
-8.253354580767828796e-01
3.855610627346263142e-01
-8.193695454174845239e-01
7.616024611529317312e-01
-1.078011255997489426e-01
-1.000000000000000000e+00
5.882481790565338153e-01
-3.504958872387951008e-01
-3.559394397398206733e-01
2.523818553649460894e-02
5.673188032580207540e-01
3.109518828862992690e-01
5.359600404195531409e-01
4.934646337320278686e-01
-8.222615124057855440e-02
-4.202397322620441411e-01
-3.199555356963553199e-01
1.449601934867066344e-01
1.000000000000000000e+00
-1.000000000000000000e+00
6.910102569975337117e-01
-6.678020195715921314e-01
-1.508575769874686834e-01
3.393528960662371974e-01
6.734569529450133984e-01
5.732840029925518888e-01
-7.806482785078130426e-01
-2.278266233195040125e-01
3.501327746504746541e-01
-4.650150899998983789e-01
7.773238055950841552e-02
-2.274015414923884482e-01
3.660213560340539463e-01
-1.000000000000000000e+00
-1.536666303964235869e-01
6.065220160851956255e-01
2.468645964352789157e-01
-3.189595284212504156e-01
1.298961427862380391e-01
5.363199123980393335e-01
-5.563683298597750237e-01
-8.110284924118563166e-02
5.402169918298962425e-01
7.646528267084341524e-01
2.325231785879812441e-01
7.241739604817623022e-01
1.000000000000000000e+00
3.156053995511016730e-01
-3.581688425482740246e-01
-1.023070159355505826e-01
-8.678014485395032507e-01
-8.192257559423357094e-01
4.935717694990473525e-01
1.389379532491310520e-01
4.797217586766072683e-01
-8.275507548509714040e-01
-2.125844263237493537e-01
5.788444998882966153e-02
-1.097830431323886524e-01
5.317434523215067710e-01
9.409291659281060483e-02
-7.106589200562820619e-01
6.192904306024051841e-01
-1.782827645577290676e-01
-1.237632550251667185e-01
-2.974548590588407815e-02
-3.400362204857612092e-01
-9.164905151656812521e-01
-9.504825334271072013e-01
3.602479322119208072e-01
1.165443872940779835e-01
-3.995758906881999306e-02
1.013037353968880977e-01
5.429956348653893622e-02
-1.000000000000000000e+00
-8.089116160000420219e-02
3.653876652737773068e-01
6.362495142346088484e-01
3.214708052922781167e-01
8.121006598036687452e-01
-5.396737046190624998e-01
9.587082088252696366e-01
7.950329274503773469e-01
7.083895850272474704e-01
-2.181921601536309097e-01
-8.540370325332134749e-02
-8.905352704456793722e-01
1.724096921248722547e-01
-8.916881950967582293e-01
1.901256424914234133e-02
-3.388940755638114588e-02
4.154498180355414849e-01
-1.000000000000000000e+00
-2.571114679101558775e-01
5.889714187241550380e-01
-2.320095823100297161e-01
-9.442017161366813571e-01
7.885741319287643547e-01
1.081946543485515222e-01
-2.561780260165512635e-01
5.558694997630740930e-01
1.345092887091747791e-02
5.807486089486518788e-01
8.306100971372601949e-01
-3.285307072461233768e-01
