-5.167127817027581393e-01
3.340603966678594716e-01
-2.195099670718641260e-01
-5.748195569931493498e-01
-3.929137611159913557e-01
5.868293857484302434e-01
8.096259805901989681e-01
4.188344706080332491e-01
-3.675012319046868647e-01
-7.875602212287831083e-01
-3.113669659724455641e-01
1.785659964380443832e-01
-9.795824912762083336e-01
-8.543989339201549793e-01
-6.570464282329195882e-01
-6.960772534317148930e-01
3.778382801940177727e-01
1.402196224865645269e-01
-7.151185845638123872e-01
9.936603378562812727e-01
-2.223199625307984983e-01
2.203473352042390476e-01
-3.611514650754343858e-01
-3.868004741995849094e-01
-2.872147542511047646e-01
-2.442254067186613309e-01
5.877012548574555018e-01
5.043019869184821591e-01
7.270552889637419414e-01
9.554820314493204236e-01
-1.018658411798656127e+00
2.732118914781337948e-01
-2.005549000917069280e-01
-6.837147379071356612e-01
3.678375441795519452e-01
2.926146632287091043e-01
-5.798625323474462245e-01
2.919315245893933097e-01
-8.018245851488198239e-01
3.886930870899273083e-02
-7.417622437561466331e-01
-3.921912803136254344e-02
5.839695859168684278e-01
-4.152275421554826179e-03
-1.070216648197243492e+00
4.597523356159710084e-01
8.134450346349036964e-01
6.943073630535001595e-01
-2.525146820028233430e-01
-5.774442674593092129e-01
3.951455195038244828e-01
-1.809502813712765557e-01
-4.876794346016575799e-01
2.950033567218922070e-01
6.438748040934768602e-01
3.303251728804454390e-01
3.522559195977513491e-02
3.404978898257964015e-02
-2.168142547058400371e-01
2.577115683750449970e-01
-1.599217064191224003e-01
-3.884081784882145033e-02
-5.420689555566288870e-02
-6.840476814576409437e-01
-1.008517704016101524e+00
-8.555500238123010526e-01
5.655455544790014555e-01
-2.632755695136025365e-01
9.961205761580076423e-01
-4.676740491903224467e-02
-6.237773777472878090e-01
9.878475488282014716e-01
-7.639874482782951226e-01
5.974325569920977408e-01
7.633049450879678677e-01
-3.376933237632899765e-01
-5.081693513289602393e-01
3.720631177886613711e-02
-2.168441182687790014e-01
6.173605731507203487e-01
7.938047072198498588e-01
9.340889704900335877e-01
-1.135427869313186261e-01
-1.904304160997222217e-01
-1.084572944426330121e+00
-9.970568521182939792e-01
-6.857070601211243677e-01
2.449992860636693304e-02
9.966420157820765624e-01
-1.770473834987801864e-01
1.562915243648288766e-01
7.618018926983328720e-01
8.699965162558631615e-01
6.797763938459076005e-01
6.815794220439566065e-01
-1.187787794414675857e-01
2.777801543375620352e-01
-4.617638435888231085e-01
-8.490131651234437971e-02
4.490860655316228911e-01
4.558813401571909507e-01
4.588450287117670778e-02
-6.842812227871193365e-01
-5.755518195620202837e-01
-2.427470347903198378e-01
5.894310930188512848e-02
-1.864425074647911296e-01
-3.298094244629951044e-01
-1.059045961285960402e+00
-7.782481566301122089e-02
7.607340828945896583e-01
-6.896748842004400970e-01
-7.348445465597215343e-01
7.209820027400248854e-01
-1.908621031720298955e-01
1.770023798874545418e-02
-6.862975718604204245e-02
7.480682755240450899e-01
1.305722305649418269e-01
9.208045876166284227e-01
3.783008535794692428e-01
-5.326988166423660687e-01
-2.506246890990343479e-01
8.431132156554397294e-01
-9.007561554444828977e-02
6.140613475916789632e-02
-2.301502873547642825e-01
3.598224610219717956e-01
-2.614760780037931331e-01
-3.367457414691458206e-01
-9.601373217653443870e-01
5.523191899215053047e-01
4.849102739582014099e-01
4.366617277601347880e-01
-8.516613049333796592e-01
-9.193534002333860755e-01
3.243983217176908962e-01
-3.235971299378861965e-01
-3.607085048703616015e-01
1.096028878166242782e-02
6.999395600678468554e-01
-7.949284349255012483e-01
-5.357136337751509103e-01
-8.761622666779333990e-01
4.889738723220769523e-01
-1.062837913574439019e+00
8.686348592891390830e-02
-6.018296882623318939e-02
-2.802580839033992355e-01
8.388956430702970701e-01
-4.264638319977909209e-01
8.156012743662922615e-01
5.550600177427518211e-01
-6.719355021449329168e-01
7.741567047164665816e-01
9.659634000265846510e-01
-4.348635886767610037e-01
-2.467150063157994566e-01
2.968469756214965338e-01
-9.219744816287468447e-01
3.458697096696614626e-01
5.844365938419920914e-01
-1.244304338988191094e-01
4.000623593013629131e-01
7.844432358605406275e-02
-8.591711121420178010e-01
6.797196754635405069e-01
5.224228853381027715e-01
1.728895200184485947e-01
-1.415472922823521051e-01
1.584941899331906989e-01
9.794995794002039347e-01
6.003645124087392260e-01
7.821463660007222929e-01
-7.012092875001969539e-01
6.108101871393873950e-01
6.828591733067312930e-01
-5.498954072076042143e-01
-9.109600848071282009e-01
5.873551753891946559e-02
-1.169127507490126394e-01
2.413604053818049766e-02
-1.814403662491473890e-01
-9.976138332322324054e-01
-8.412238077949314441e-01
8.521391188932823102e-01
-8.519948501968181986e-01
-9.335720082087275440e-01
1.571888314505873741e-01
1.675557245848677823e-01
8.463604805494180372e-01
5.462940282553191418e-01
-9.186863265214492147e-01
-7.773215728726118323e-01
-6.250051949759596881e-02
5.192839346314817028e-01
-1.394767844128951551e-01
-5.036111572719654816e-01
3.388706713994119046e-02
-3.554943250994372361e-01
-1.057428589315517531e+00
1.105650389412185408e+00
2.515606931806501079e-01
7.225691791567245836e-01
5.992502696754649083e-01
-2.923298451290612388e-01
-5.605053676419179121e-02
-1.010405038705367575e+00
4.821038957269671021e-01
-7.869447704257090948e-01
5.418878974591377906e-01
2.650615222109898861e-01
-6.215910073853025963e-02
2.403157988238867615e-01
2.245034089039824043e-02
5.329623058549403103e-01
-2.666674837561309186e-01
-1.941658431488608727e-01
2.424578900012501759e-01
-2.224309868238654730e-01
-2.103524140450926116e-01
-1.155926089564533799e+00
-8.600361320893458172e-01
1.101891493405962458e-01
-7.798769569552488345e-01
2.805220523802847143e-01
-1.905234052215048768e-01
7.943218851410737136e-01
7.737205156955264673e-01
9.709168138383617030e-01
-4.101095381585238564e-01
2.034574827711362055e-01
4.351879134876868727e-01
-1.104635161809034011e-01
-2.096363780548921307e-01
-4.666302101768195487e-01
-4.434544620977282636e-01
9.062462265363064873e-01
-3.306667232678837109e-01
4.108024262918998915e-01
-1.261262686641624609e-01
-5.983146871511850762e-01
-7.463690360024238801e-02
6.199869945581730768e-01
-3.476085314786288016e-01
2.857215545731162654e-01
-2.863317913417302574e-01
1.005047276252533983e+00
-9.980610191399930109e-02
-8.340893002619900187e-01
-3.518250202274029181e-01
-1.312645057223833511e-01
6.297033717665283525e-01
4.013215715318187438e-01
-4.379533272970304036e-01
-7.678248819853783491e-01
2.169772045107097314e-01
-6.420923092516359620e-01
-3.505349496142017296e-01
9.424963170450915140e-01
-6.235365320001213796e-01
-1.025208636392793249e+00
-1.955510039481118401e-01
-5.034717592309048140e-01
5.786103139520706318e-01
