1.000000000000000000e+00
-5.969700880467490034e-01
-2.866805756339510514e-02
1.671457237959113329e-01
-2.566760454995786200e-01
-1.251284153179448577e-01
-2.324652107167095028e-01
6.829608454325404310e-01
-8.899631513405688032e-01
3.244968937724325153e-01
-3.963085991460380542e-01
-2.197107059648351068e-01
-1.329728573821823689e-01
3.428859299247261627e-01
8.305209696096775840e-01
4.223994299421084397e-01
-5.831149710227705452e-01
-2.936367774321944069e-01
2.079096512232735394e-01
-2.744211727224891290e-02
-4.626107299023234365e-01
9.848946552998314452e-01
6.665764615517921765e-01
-2.597470243179949567e-01
2.640441731138082337e-02
-1.236661976593593643e-01
-2.022528474143700516e-01
-3.584286883157061787e-01
6.022157815605799769e-01
-5.180309499809827578e-01
6.470138873757470543e-01
-1.000000000000000000e+00
9.137475342493359687e-01
5.238233172187900522e-01
-9.342073322450684669e-01
-2.091888079939051293e-01
-6.281287991372221935e-01
-8.400067111632623096e-01
-9.649947671655854098e-01
8.112166528927869380e-02
4.859052905211291851e-01
-7.877785822094095225e-02
2.880881649058141258e-01
-3.808067162252885551e-01
5.808137538591529037e-02
1.000000000000000000e+00
-3.881994716409972040e-02
1.349124486491139752e-01
5.820125411736435384e-01
-8.550035633679517466e-02
4.342831042703135802e-01
6.407057734390854131e-01
-6.763537097897092121e-01
-4.941877990106234853e-01
-7.621719685157433144e-01
-1.000000000000000000e+00
7.684225383771281503e-01
1.000000000000000000e+00
1.000000000000000000e+00
9.418599862405889755e-01
-4.583155193778427061e-01
1.840679146436449698e-01
1.000000000000000000e+00
1.852568059143909762e-01
4.556922209799615930e-01
5.720124816454835726e-01
2.329238177045661606e-01
6.213824560977498912e-01
2.660512792167268326e-01
-3.672002565905205240e-03
-9.835168009375140352e-01
2.710395784270557828e-01
7.025978093063407759e-02
-7.540474791546714073e-01
6.089519579647896252e-01
-2.647486105087213937e-01
-4.310362681989159395e-01
-9.733752777789935751e-01
8.913819825306584788e-01
1.000000000000000000e+00
-9.205429859995246655e-01
3.276592703992677880e-01
-4.154593795687968605e-01
4.543401273479457103e-01
-2.183113047237482673e-01
-5.909457933571525823e-01
2.588886209657001447e-01
-1.127359008764602655e-01
3.790941939339162459e-02
-3.567229649895722887e-01
-1.808554141148551453e-01
1.958328042850574213e-01
5.126333534004503534e-01
1.651096273062291342e-02
-8.437438008615862906e-01
1.000000000000000000e+00
2.202626426110310121e-02
1.000000000000000000e+00
9.027020274613387629e-01
2.680630821690810350e-01
-9.154241384614532073e-01
-6.641763129403330246e-02
-3.955925384106762643e-01
1.794103077623689924e-01
7.579597524999255320e-01
4.632270584473452413e-01
2.055568159318074961e-01
-7.934325488328795029e-01
4.126251928574886096e-01
7.441576198099542072e-01
6.412274216775565305e-01
-2.040316827701021407e-01
-2.740069945643452964e-01
5.066528740340349446e-02
9.233905622340536912e-01
2.173756421972575514e-01
-1.000000000000000000e+00
-5.615406873244255248e-01
1.807134087876029471e-01
7.717264012022484465e-01
-2.682201081348221661e-01
3.697874728328393035e-01
6.247378263827290112e-01
8.256380641441863899e-01
-4.690515093453172524e-01
-3.335431018696977112e-01
7.174030562920783449e-01
9.529915746862349657e-01
1.494193811108375791e-01
9.527123163181623333e-01
3.467763339568081804e-01
-5.345278318085121549e-01
6.212506814567457791e-01
4.704021737875849207e-02
5.064128672680165977e-01
6.922500443851808960e-01
5.855233002774146156e-01
-2.107937422488779244e-01
6.516016394030704761e-01
6.569996840830507612e-01
-6.859388158342836217e-01
-2.934378733389894078e-01
-9.109379890440907346e-01
-6.771688461599119080e-01
6.172071414023416053e-02
-1.761397177975503603e-01
6.592344093735467148e-01
-4.423511204027029686e-01
4.003757168715900150e-01
-2.052633077289127972e-01
1.000000000000000000e+00
-3.793539796701946853e-01
-8.877508237163891369e-01
-6.802329658348170716e-01
9.560740404019189009e-01
8.784129150991217827e-01
-2.086202261315181772e-01
-4.331045159792143440e-01
-2.325258702838181035e-01
-8.634875985617521676e-01
-4.764138967735914720e-01
-6.201564068027661802e-01
7.266669955715768237e-02
1.117735298735629546e-01
1.000000000000000000e+00
2.761495146687167335e-01
-9.255018356106418098e-01
-7.516884905544918283e-02
1.146456819767556617e-01
1.406308043337181346e-01
-8.833115531727691039e-01
8.110035897151042228e-01
-1.837531706125716813e-03
-1.014504524524244694e-01
2.321339648665004807e-01
-1.815292634053571053e-01
-9.299583522945378267e-01
7.200646034949260699e-01
-5.130325540440131005e-02
-2.912281840230284691e-01
6.414484922731680250e-01
1.000000000000000000e+00
1.543796493449409724e-01
9.814704990178484412e-01
-7.375696079938702798e-01
-1.000000000000000000e+00
-7.604629189083154106e-01
-8.856469765312340314e-01
9.852348628993704560e-01
6.758209544047226458e-02
2.536775942237031178e-01
8.430917280198356734e-01
-9.739694110624090850e-01
-8.357085408984015196e-01
4.237395347353844349e-02
-5.673828308334650794e-01
-2.001572825064500405e-01
-3.931675443011731219e-01
-9.787593836898018651e-01
1.123873493533434215e-01
-6.347106770716033353e-01
5.081492046271924856e-01
-5.224708929891741516e-01
-1.818511556516199390e-01
-3.414160898490622431e-01
5.256759201714978902e-01
-6.135031011734236595e-01
-7.534351542400148372e-01
2.325047690307196213e-01
-5.879157953238730583e-01
-6.719823583380089005e-01
7.641124736436237797e-01
-1.754501475188827153e-01
4.797267905965281465e-02
8.522572664378618157e-01
-1.678803868555232004e-01
-7.203871618775128383e-01
3.694408469585744870e-01
5.665411345965729595e-01
-3.440334193793889161e-01
1.730583181507557022e-02
-1.564439977965423334e-01
-4.630277690609864161e-01
-3.613234668053875165e-01
6.789745666329717322e-01
-3.217897321969457880e-01
-4.432325876738736903e-01
-2.043570802145585064e-01
-7.325552741092641318e-01
8.950208042018057419e-01
-3.502838533825646250e-01
-5.615584099374044957e-02
8.597557852076180840e-01
7.875063026640067854e-01
7.335175111608487342e-01
5.596219338449914815e-01
1.221115833820559660e-01
-7.669847068334811890e-01
1.000000000000000000e+00
-9.759335585390319645e-01
3.331854434586840608e-01
3.447392150777806030e-01
6.801643381750699380e-01
3.288968454705406552e-01
5.181630253876674808e-02
8.774895048767485939e-01
1.818632065901563122e-01
-7.065446566094484293e-01
6.529148452404716085e-01
-7.652977416334810767e-01
-4.195979126232995959e-02
-9.824691451218557914e-01
6.203653958996879769e-02
9.434541042024227053e-01
-8.233740566320340015e-01
-6.681119472234240408e-01
1.537919563938909828e-01
9.896462224763253879e-01
7.677655553942257516e-01
-6.358001729184808992e-01
-1.479132111923658899e-02
-6.418682575454960348e-01
-3.348432008487026712e-01
-2.352515764627543804e-01
6.941849505391448627e-01
