8.793028454399487437e-01
-1.045985190035142454e-01
8.209804438342260813e-01
-5.086159792488782472e-01
2.600891691713700382e-01
-9.567158335215421028e-01
-3.316594639952721857e-01
-9.398062821414299162e-01
-4.599431791405012571e-01
8.485567324707939951e-01
-5.287699542719861423e-01
-5.505089733421544285e-01
-6.384771295307685168e-01
9.162400753122560415e-01
1.000000000000000000e+00
-6.994706428707103685e-01
-6.223745739395871723e-01
7.744529150655853345e-01
-8.356341216819292983e-01
7.865178695771162243e-01
-8.147916626647969118e-02
7.065778034124712281e-01
-2.004909460129005588e-02
1.000000000000000000e+00
-4.036407919943257316e-01
-8.446403898401283472e-01
-1.205721673399056809e-01
-1.000000000000000000e+00
-6.753242985687337718e-01
-1.093441986990937309e-01
8.529554540506119331e-02
-4.060284373865927776e-01
-1.304885228940186881e-01
-3.696440939215829280e-01
1.671410458793747833e-01
-2.544573951066757544e-01
-1.160014604391224058e-01
1.000000000000000000e+00
-1.000000000000000000e+00
-7.809508767873682977e-01
-7.839510714575004258e-02
-1.367972719512153545e-01
-1.906651395648277236e-01
-2.909853403033281771e-01
-1.881743323706732696e-01
7.411747272861268776e-01
-2.397096230209978113e-02
-5.802120477451415681e-01
3.862191268969050184e-01
7.063591685014249943e-01
-4.414668457541982560e-01
-9.677790658235503329e-01
2.460799347869295495e-02
8.169036866881795866e-01
-2.581295588537115826e-01
1.947274035002521941e-02
-8.852396441495130608e-02
-2.230137499586113958e-01
4.264898690650342772e-01
-6.045306210528410551e-01
-4.537767045956058176e-01
-2.471148570125166477e-01
-5.967200808686164981e-01
9.858944634605371071e-02
-5.537229521262747589e-01
1.000000000000000000e+00
3.239768215612941482e-01
6.648180014945158645e-01
-7.740931232012968621e-01
2.184592661030815286e-01
9.144812911886660567e-01
3.897041767598672379e-01
1.000000000000000000e+00
1.781569963662936740e-01
7.182531483326637378e-02
-2.877752825932575753e-01
7.387627226327627694e-01
2.770963960343240662e-01
-3.398937439392168969e-02
8.456907533389216303e-01
-6.725720960358685385e-01
6.167745129965831463e-01
-6.663426125580094173e-01
-9.866337977862560393e-02
3.924803956874651778e-01
7.592505565450812233e-01
4.989620887383432457e-01
-9.201813579028192969e-01
-3.201365067206474180e-01
-8.518059882995165921e-01
5.486665202001621555e-01
-4.900742657464026153e-01
-7.105985491650902430e-01
9.219168927658311086e-01
-6.058814480739521668e-01
2.362451305793736300e-01
2.184542072794351530e-01
-8.383459896731191296e-01
7.419521859862896473e-01
-6.763027653036545184e-01
5.243424880516469599e-01
-7.317892642713765827e-01
7.619403996460832884e-01
4.803820967138805464e-02
-8.597850578257206777e-01
-6.981360193450937557e-02
-8.160249913358206264e-01
-1.263268629877555838e-01
-4.845038064028602820e-01
3.110299995107641546e-01
6.771682293848146905e-02
-2.352576669179482216e-01
-1.000000000000000000e+00
-9.792021770874566045e-01
6.031418151680290052e-01
-5.573496692573876032e-02
3.933388625685080853e-01
-2.214875577569503096e-01
7.715254455517488452e-01
1.000000000000000000e+00
2.426335180528896851e-01
3.429129225547051796e-01
1.802191379347535538e-01
-2.923148967644331186e-01
-4.490695500737134083e-01
-3.569415551986396817e-01
7.251069760651878138e-01
-2.544358842678090538e-02
-1.511080578826189957e-01
6.964797034542700160e-01
9.750177216460739205e-01
8.758147859605780461e-01
6.225003153394688127e-01
7.760797526406032487e-02
2.848289118522748797e-01
2.753258448612738718e-03
-8.339086171242720003e-01
1.000000000000000000e+00
-4.080207807889708604e-01
-1.000000000000000000e+00
-8.564909289027613504e-01
-9.756124312209477623e-01
6.736401815743691124e-01
-9.199609770688506050e-01
-4.287558157636949807e-01
8.600660263430737196e-01
-9.969146346773540834e-01
-2.420521825446886321e-01
-9.803417695351932526e-01
9.291675951245534915e-01
-7.386613504117586215e-01
-3.970424590946024512e-01
5.473363409161502435e-01
-4.123807105256718786e-01
2.128923614305471279e-01
-8.537100239670136759e-01
-9.997329945873150159e-01
1.000000000000000000e+00
2.343097807108620589e-01
-4.110075929861400912e-02
6.928727770902928240e-01
-1.710310137657586882e-01
5.652734901008986679e-01
7.120870822864914240e-01
-8.620504401804152117e-01
-6.297542953060332183e-01
2.617715358381220714e-01
7.368610948449224596e-01
-7.666045248808266155e-02
-4.832047695233232520e-01
2.371772002953078662e-01
-4.349001067946375310e-01
-8.050001639474368975e-02
1.812539484078601326e-02
-2.496214198904518344e-01
-4.821481001915661757e-01
9.153155515672228848e-01
5.507171063327207516e-01
-9.487341122650359004e-01
1.583529594722936640e-01
9.177614454133764532e-02
4.937484317849814563e-01
4.424605096821063732e-01
5.230422486841638241e-01
-5.265769757581886257e-01
-7.682753849595038709e-01
2.088769963515018924e-01
2.497142009756929126e-01
-9.264051108936799395e-03
-8.302712246577046429e-01
7.927838370718121030e-01
2.091666887009724363e-01
-2.184272397520607978e-01
-8.865811997559640556e-01
6.849433376367225490e-01
2.834549589443097206e-01
4.123448886941589731e-01
5.687722068035234724e-01
-3.982022796723170832e-01
7.993895688778323017e-01
6.887424878721122301e-01
8.513851955157130114e-01
8.587770912278717139e-01
1.836696897015350216e-01
-7.612698079028019649e-01
4.066308816606094556e-01
3.463443085884250761e-01
-4.024489530931618098e-01
2.466021469639579911e-01
-1.188778646423207797e-01
6.100133488082541966e-01
9.988186855535019504e-02
-3.074465440200250255e-01
8.310871265136456909e-01
-5.345279085399247121e-01
7.010455094274792298e-02
-8.828675724028010041e-01
7.566214756575667666e-02
8.585210058520922338e-01
-6.047468618571583132e-01
-9.359734851361791730e-01
-4.227898488893653273e-01
3.636561756186729166e-01
-3.128152183131595043e-01
1.000000000000000000e+00
5.352077607914933477e-01
-5.460173958558220964e-01
-8.744841587884830680e-01
-1.475080246089785496e-01
-1.304205284480963734e-01
-7.856061827747584658e-01
-1.080568155847639877e-01
4.560526483487852278e-01
5.456160693740297329e-01
4.317051950921065306e-01
-3.160826817936094324e-01
9.490124753283173398e-01
5.971959257918524333e-01
8.991983652885506828e-01
-6.629570359276145686e-01
-9.792828973136658011e-02
2.891271076770325354e-01
1.270798131997923908e-01
9.733590260902480473e-02
8.323809521477709694e-02
-7.919392388978616637e-01
7.856213325150549487e-01
1.566282337855628981e-01
-8.544714539836733014e-01
6.723271421132245296e-01
-3.856985080998875381e-01
9.721381356140260666e-01
8.503052328654783221e-01
-5.001696867784611866e-01
1.000000000000000000e+00
7.378651972474419285e-01
6.587187095844382334e-01
9.985553519848735515e-01
5.124900912050672774e-01
-8.719117444842570119e-01
-1.000000000000000000e+00
-2.532324613730474461e-02
6.509511444668965030e-01
1.329922593708274814e-01
-5.736653156096399586e-02
