1.646923211414892396e-01
7.842053064910889937e-01
1.000000000000000000e+00
7.732943743934332925e-01
6.294629858410809575e-01
-3.378142980579451615e-01
-1.668445178503283888e-01
-6.496512901761725134e-01
-9.105556467603138915e-02
-2.429813643258714462e-01
2.484919241744252827e-01
-6.224690218601293124e-01
-5.124199751429941996e-01
1.000000000000000000e+00
7.968599054356614309e-01
9.454721715574274654e-01
1.087883153082603443e-01
-5.375544120861799335e-01
-1.599812469972416995e-01
-3.312433769390810134e-01
-3.157164556529972743e-01
-6.965169855723045700e-01
5.950271421433529495e-01
4.595899830768579442e-02
-4.301854361867972765e-01
-3.226046423197050927e-01
1.851838717562026559e-01
7.508494542460310006e-01
-4.140319617966463639e-01
-1.000000000000000000e+00
1.370485381456026941e-01
-8.153981132491769923e-01
2.891452008814088259e-02
7.903757060875493679e-02
7.553578792133744391e-02
3.401257712826624702e-01
6.657427102424362531e-02
5.766424771877414202e-01
3.874015835563313637e-01
8.617141316976810739e-01
-5.915105040252276458e-01
1.447521286323172618e-01
3.625910078755492094e-01
-2.626408177267883781e-01
-7.474495134890575543e-02
5.266580119672786831e-01
-4.340645831952003597e-01
-8.948247435676330852e-01
2.280330653350550185e-01
3.138599547470723172e-02
9.171062321801364270e-01
6.270898959437885001e-01
-3.366282827535815314e-01
-2.591976896087702098e-01
-2.647853467102734282e-01
4.383636468908856387e-01
5.546935327538055072e-01
5.939895429086430312e-01
8.607887570651540088e-01
-5.571131344817739084e-01
-1.000000000000000000e+00
3.954524385256268926e-01
-7.796327179073291314e-01
-7.263529374074502165e-01
2.851859470972745170e-03
-6.461572736331446798e-01
7.831052296255908152e-01
-5.361225698770444303e-01
-2.055303642919810159e-01
-2.852092622690304280e-01
-1.133523632422115124e-01
-4.235786781113065613e-01
-9.442152609065126434e-01
7.112150390274681877e-01
-2.979003907384972782e-01
-3.133100148233018412e-01
1.759030183161015837e-01
5.107824674595452807e-02
-6.898899541400009827e-01
6.316520067412626505e-01
1.684317124785930098e-01
2.614494481672803294e-01
8.562826764269976243e-01
-5.776542773352220106e-01
-2.535400486031636480e-01
-3.565758441180378879e-01
-6.730895822178164511e-01
5.139648620121417544e-02
7.225996338067912639e-01
-9.398429807689757665e-01
7.760365739375243432e-01
-1.623675298199966921e-01
1.668495315342774510e-01
-5.276512951714351640e-01
-2.374307474163918630e-01
4.769040238983791591e-01
-1.114682029701372090e-02
8.845985285367664597e-01
4.962338574863988661e-01
-8.932381797555850600e-01
1.000000000000000000e+00
-6.303322056383644512e-01
7.822310817742619271e-01
4.495105764563284145e-01
-6.866967207859591138e-01
7.057649222772069963e-01
-6.116350585593445521e-02
-7.732725325409022243e-01
-3.986101280001905778e-01
-4.514127065972727282e-01
-6.774249488835328847e-01
9.309633807913042514e-01
3.079929094767733244e-01
4.448444423009769721e-01
-8.236758498036818033e-01
1.202127349996019584e-01
-1.539807245053922136e-01
1.385939240391964589e-01
8.691564634048687399e-01
-2.944462930947642776e-01
-5.502518370527823555e-01
-6.359544313142367900e-01
-1.564082438539355913e-01
5.235947472117156165e-01
-6.673096683360333348e-01
1.117196519515183395e-01
6.951206512749313893e-01
8.625678473508053834e-01
6.738509048051856132e-01
-8.846824471553830227e-01
-4.807549220225873499e-02
2.798012782380610020e-01
-2.729942269064091764e-01
2.174004001420670740e-02
6.474362573087072414e-01
-6.327027843831656284e-03
-3.782637722888596565e-01
-2.566018697211905897e-01
-9.461350406731314777e-01
1.248987883597807436e-01
8.836582166411549588e-01
-6.555329306254170652e-01
-5.499381613402838653e-02
-2.562520216937702600e-04
-5.969220390033483925e-01
7.247442224512066211e-01
-1.316228315882916888e-01
-5.217666977761606928e-01
9.013799816133092335e-01
9.511081646488308561e-01
6.877851762962888804e-01
-2.150564334102704478e-01
3.147308960635801789e-01
-6.697238325399326175e-01
-5.508464635811480825e-01
7.288742037269225760e-01
-5.814374790074011701e-01
-6.752175098512624984e-02
-2.364059322055130918e-01
7.070119032106859658e-01
-8.183644885963436977e-01
-1.133273263350488558e-02
5.558083293345668086e-01
7.631875046457572420e-01
6.469782242842758713e-01
7.895672990519277956e-01
-7.701940076807284319e-01
5.342077776870880479e-01
7.195747798408502760e-01
-3.700181717695381067e-01
-9.992425646993159383e-01
5.010907688282170147e-01
2.145554110069780585e-02
-6.683562891312172516e-01
8.858025067035968370e-01
6.348035392394653087e-01
8.957036804648588202e-01
7.188913013080866499e-02
-9.663477459253695390e-01
-7.196317596872882083e-01
7.289003039446353416e-01
-9.223502614280979506e-01
3.351988246700619012e-01
7.250699262112219046e-01
2.625688856774841540e-01
-4.256619325999380643e-01
5.338356154456598279e-01
8.246140044373013733e-01
-7.394861086274556738e-01
-3.313275585390573763e-01
-6.761951839245283757e-01
8.030603888148382108e-01
-4.129764124318777707e-01
-9.143283652977283182e-01
-5.601004728639482622e-01
-4.757809104118169152e-01
-5.648802061377620198e-01
5.621316849957964656e-01
7.093659570307078166e-01
5.675222896413443241e-01
4.615120136944561580e-01
-7.402575954412194958e-01
3.628809240817066351e-01
4.729507854679669832e-01
3.469642484927283888e-01
-6.457323131061043497e-02
-2.037917043080641477e-01
-1.587684534819919224e-01
-1.379983042561668538e-01
2.593548282162554952e-01
-8.951073752534908223e-01
-3.310088409780982954e-01
7.444182871131146406e-01
6.575824180371279137e-01
-2.054011377319601150e-01
2.845291456584560508e-01
4.520379374953811813e-01
8.412787936196787220e-01
2.843554895886320488e-01
-8.160519299480379907e-01
-6.683304018993447837e-01
-4.608738882706286955e-01
6.102122160166276732e-01
-1.819859745514859628e-01
4.114200068996563542e-01
-8.111401721752948824e-01
-3.092813710107482628e-01
1.040256141690913544e-01
7.890534158357089822e-01
7.694196620708221301e-01
9.501235306088072763e-01
5.596783452631101663e-02
5.692321375173747811e-01
3.191766848539574486e-01
-1.266739329721141560e-01
-8.844292600143773830e-01
-2.803764905343865133e-01
-7.442480218139084780e-01
-6.852457826907166760e-01
-1.074347773377798271e-01
-9.269289917791753153e-01
-9.088852876151474192e-01
-8.872766079325087318e-01
-7.390168539283046290e-01
5.832965648442711704e-01
1.797733635648330885e-01
4.464913023308045847e-01
-2.872428830740598737e-01
-6.908550526531558322e-01
-1.618204713606226086e-01
-7.836172373773359068e-01
-8.340614246616766536e-01
-2.667371401330975167e-01
7.570173467959394609e-01
-7.589116333136057824e-01
2.644187922293861348e-02
-7.119156295659241351e-01
-1.000000000000000000e+00
-1.000000000000000000e+00
6.899349831162520097e-01
-4.665228576187129272e-01
-1.210954534091692458e-01
-5.557061562990484038e-01
9.175980928012714699e-01
-3.011554924441072201e-01
