5.375096741691347546e-01
-5.065147535873899542e-01
6.897700436214737607e-02
-3.326509946623839031e-01
-2.570296219389620607e-01
-7.264557652802294818e-01
5.686514567426899092e-01
-5.610939249239036419e-01
-1.905910315654903986e-01
3.586497069039134011e-01
-8.937728761375411946e-01
6.100053461551424583e-01
7.403116749409357489e-01
-6.273326563343815110e-01
6.736035181174899744e-01
7.136127021120892699e-01
-1.629256930651073187e-01
-7.047220051682048236e-01
-1.233248159964013269e-01
-9.943775288024009340e-01
-7.227471341971405949e-02
5.456646999079770577e-01
4.296646480190144946e-01
2.443252755936104470e-01
-8.803308923507895400e-01
-8.566105611591652291e-01
1.204472921424371012e-01
7.737851643432813731e-01
5.898151258837143196e-01
8.321779852256641075e-01
-7.409646621562919755e-01
8.482269308301724209e-01
-5.566481046366544838e-02
-6.530434736836825405e-01
7.415347158909555425e-01
-2.742621036758105535e-01
9.819511249147312715e-02
-8.157066942520596609e-01
-9.440215787060686203e-01
-3.670718770461938174e-01
6.078258997236669625e-01
2.426074595889928798e-01
-6.775346569709539413e-01
9.713974325903040885e-02
6.869841845627577825e-02
4.314106160557339975e-01
2.577085236150522540e-01
2.474260643899868217e-01
5.039155143440607887e-01
-1.580135910367554963e-01
1.084463027013415903e-02
-1.841452941431827028e-01
9.434468246992273599e-01
-9.438404049639973481e-01
5.252202124593845500e-01
-1.102299602220302432e-03
6.815042713566858978e-01
-7.356084349268012801e-01
-8.424813888574107512e-01
8.889994350373631171e-01
-5.201013902222260954e-02
3.387396387031705314e-01
7.726218388156321781e-01
3.592957432456253541e-01
-2.213653081627342534e-01
-1.658058829838380266e-01
4.142730389361650722e-01
-8.418225261749165966e-01
-3.099222679409640024e-01
6.010683234549119014e-01
-1.899992911877124158e-02
-2.590080474926380605e-01
4.583093345684232656e-01
5.302095692262364102e-01
4.775055818956017717e-01
-7.708282125322636347e-01
-5.453210084061620444e-01
5.709865199352335274e-01
-9.902823423634042610e-02
6.815210940269277318e-01
2.565428408429778484e-01
-7.471124142562368675e-01
6.722022419261792781e-01
5.203775993470370897e-01
-2.490442844914502185e-01
6.285312984301938410e-01
1.867710307459513608e-01
-3.057985126225013506e-01
-4.516649501316056803e-01
5.972961032367982703e-01
6.408403914676592539e-01
9.664519555411237306e-01
8.073869334749199655e-01
-4.374334586920987089e-01
-5.170597393720774981e-01
6.781856305387110595e-01
4.936246153961170169e-01
3.902433671307454777e-01
8.558901025576001187e-01
-1.290016704901440214e-01
-3.049702640058170044e-01
-4.192345351808584031e-01
-6.221168104142389410e-01
3.751281286154157790e-01
-1.550668345156691608e-02
-2.590546056929223240e-01
-3.681631431711651636e-02
-6.340291976034653221e-01
5.015059441451688027e-01
-1.032623657162623498e-01
-3.157493238437425465e-01
6.769908669614763674e-01
-8.300438688217181005e-01
-4.438291023669191926e-01
-7.650601439973143958e-02
-3.364290203147068947e-01
8.286469056098277886e-01
7.178610866037515859e-01
3.797923270197764989e-01
-7.707128431370330324e-01
8.514986338578074410e-01
-4.967332724961910362e-01
1.255913802748973573e-01
4.613089052964005621e-01
-3.743590500996423209e-01
-1.989225337763842472e-01
3.736667643364811608e-01
-7.992983220348279794e-01
6.228530282670359242e-01
4.611521264865487968e-01
-9.089859501594230728e-01
-4.555736419360567613e-01
-2.805019947426889981e-01
-6.362000485636756242e-01
3.186581342005835316e-01
-2.234792840594238272e-01
-6.021403159992153586e-01
7.799804635561800037e-01
2.955130108161947433e-01
1.383098716905446501e-01
7.339753220121125743e-01
-7.882272217791337354e-01
-9.608435660105911769e-01
3.970640444644553124e-01
-5.184551273978352803e-01
-3.188263008712013402e-01
-8.405981849418413532e-01
-4.825417592080074591e-01
2.875136117209236009e-01
5.244241432863701036e-01
4.207699926309488858e-01
7.018138157412594502e-01
-3.204350846625776961e-01
-3.494334381519992316e-01
-9.464412791412946113e-02
8.043463236284017492e-01
8.271376708033462144e-01
-4.686932015032288512e-01
6.319312239369778705e-01
7.975881705189861171e-01
-9.284786921765835199e-01
-3.539968645932192182e-01
4.148060210562102279e-01
5.971730143289400994e-01
4.665469449322443007e-01
9.206096717495044768e-01
2.116311259463978800e-01
9.089530702669090800e-01
5.133413109165236854e-01
-4.472284020656283055e-01
-9.194868433517149053e-02
-8.392981446917221477e-01
-5.325445541029412144e-01
-2.094572888129508925e-02
1.336985061912114581e-01
7.309208105546944889e-01
-6.014549662247208328e-01
-1.767152550821329271e-01
-5.527849934456041670e-01
-2.457025974392077483e-01
9.851788401250425320e-01
-2.979840869921810409e-01
6.400073839581936763e-01
-9.703124345355786939e-01
-4.438751583999243078e-01
-9.274320874822976624e-01
-1.631248289150253328e-01
-3.481768525657384927e-01
-5.994117063336878992e-02
-8.262843636542744896e-01
-4.338627485910167003e-01
4.834673930104278483e-01
-5.470667586853810160e-01
-3.215816676153944731e-01
-8.042710046091894327e-01
-8.254688296170089590e-01
7.689651043760007409e-01
-3.184417798247037856e-01
1.087456470606014830e-01
1.545515157084022088e-02
9.987931429502783232e-02
5.049109792289951937e-01
-9.273919527696656839e-01
2.727644100850202744e-03
6.530337319334990065e-01
9.734087719338043732e-01
5.798569991708576454e-01
-8.275137331658606321e-01
7.891920674818271308e-01
-3.202852389619759710e-01
8.722219278763365669e-01
5.486878264870302946e-01
-6.935268072744678047e-01
-1.372811416919863525e-01
-4.733685739105333301e-01
1.697058915104441290e-01
9.573645029236466097e-01
-9.466812307173160246e-01
3.782949714602266145e-01
-4.452221854361513298e-01
-3.333741553285114456e-01
4.336561341113158718e-01
-1.604018229551720243e-01
-1.302272338580079958e-01
6.793824568569561961e-01
-2.889613968524431531e-01
7.074891582383571187e-01
5.339854731041091540e-01
-1.834002269120547091e-01
4.016860762524951944e-01
-1.177011399945888659e-01
-7.832609396416723158e-03
2.681546396064171667e-02
-7.171626745152516191e-01
-5.212919774798706607e-01
-2.028660539405424679e-02
-5.993379789971557958e-01
-4.126470407111690886e-01
9.466325533416688476e-01
6.083355586994680930e-01
3.174659225313680722e-03
-9.467539491986911582e-01
-3.915791180783512182e-02
8.076906604368909726e-01
5.724315778032372792e-01
-7.503658803785140385e-02
5.515465578930199841e-01
-8.265559319949769002e-01
-1.032034381784696642e-01
-7.035021662272802345e-01
-7.581637007204038436e-01
-9.045629798305124813e-01
8.949363116710129518e-03
9.870143294172479820e-01
-6.513708981394481512e-01
-1.868510321826855058e-01
-9.931547067094348424e-01
7.399911368011768964e-01
6.913128765487629446e-01
-3.659861308577445627e-01
-6.534212200296599660e-01
-3.766162536251914661e-01
2.580209021762900345e-01
-4.750221524435682685e-01
3.798163549547710627e-01
