1.000000000000000000e+00
4.805770377866199761e-01
3.745889574826395396e-01
7.306051515891587300e-03
-1.030565313895472901e-01
9.023609613142244967e-01
1.292052228870074204e-01
-6.269099957517514365e-01
-6.934760783233627768e-01
8.962604033557833860e-01
-1.623068942159759664e-01
2.450047589798500514e-01
3.264798427228321476e-01
-3.757823894903013495e-01
8.626538624933552946e-01
1.000000000000000000e+00
5.941601319640447132e-01
-9.466206273772510560e-01
-8.078995883857033045e-01
8.775600466768906927e-01
6.665937985401258759e-02
2.196601464691748939e-01
-2.804358585280060101e-01
-6.784701865186874847e-02
1.000000000000000000e+00
2.528589935246806641e-01
-9.418267206159964822e-01
3.538807317529178431e-01
2.791958605402653504e-01
-1.000000000000000000e+00
3.909368862710626558e-01
9.811060181644660760e-01
-9.993469776363814727e-01
-1.224189441223839103e-01
9.640481240836268340e-01
7.208970206291036298e-02
-1.000000000000000000e+00
4.640009735576761662e-01
-4.003607965780143357e-02
5.508536847038503215e-01
-4.864434233495315563e-02
7.639915703110873313e-01
6.857852575633691661e-01
3.320784603189489426e-01
5.310649901213826407e-01
-8.075049481228294690e-01
-8.682533046579146152e-01
-5.993940104300612970e-02
5.809743169117742578e-01
6.524815209366292557e-01
6.506135436246905934e-01
3.437441169990244211e-02
7.459808545780814981e-01
-1.131522838588104041e-01
-9.401473977400733872e-01
3.061364550171155052e-01
-1.028664036782485358e-01
-9.464650293263865422e-01
8.944900548885312830e-01
-1.827853490064060560e-01
-8.470559803419812628e-01
7.888047723237318065e-02
2.867640288617560179e-02
9.784832733519470693e-01
1.000000000000000000e+00
-8.530802778588786328e-01
3.478331731856509901e-01
-1.000000000000000000e+00
-5.516413507173536512e-01
-9.393455874050660181e-02
9.060853608780705670e-02
-1.334248888587500903e-01
-5.062840978881395504e-01
5.687388715926871008e-01
3.539503198442806031e-01
2.928377233029317295e-01
-7.031945970124466871e-01
5.875641215769304981e-01
-3.437555984850145241e-01
-4.354118810452990429e-01
5.337827745327752282e-01
8.966010154326808923e-01
-5.684242720120585846e-01
7.797051015245893835e-01
6.279241250394015372e-01
2.853790874414331435e-01
8.958807905084710255e-01
-4.082037868248617474e-01
9.535859787213987193e-01
-2.727443937315932598e-01
-1.930127345401532191e-01
-3.412939206410475212e-01
2.166409610126258933e-01
4.127638953843288938e-01
-7.210297531343365929e-01
-8.605036762798912164e-01
-2.653743922069050631e-01
1.000000000000000000e+00
-2.917094040853385195e-01
2.473772996524634116e-01
-5.924959530933454621e-01
-1.419942676552953809e-01
-1.358348515363899389e-01
7.537411260259863077e-01
1.000000000000000000e+00
3.444404459091692239e-01
-2.815090712975839571e-01
1.772381305458574363e-01
-3.615797903247091050e-01
-3.152651680194693551e-01
7.989429908612707409e-01
-1.000000000000000000e+00
2.949382449456822708e-01
6.341804890727080757e-01
3.576197146543405037e-01
-3.501138608429733567e-01
-4.544990925484702626e-01
-7.210101092381628052e-02
6.741374991348836332e-01
4.406627292902295934e-01
-6.854760879317868261e-01
9.609307567329454791e-01
-1.444708739721037860e-01
4.102609661613373371e-01
6.302393200621932146e-02
7.127326771652726656e-01
7.746556345216594197e-01
-5.450282297135428111e-02
3.901574047143604451e-01
6.866466290679081874e-01
6.366693199011503879e-01
8.323950604758207916e-01
3.629899749455883229e-01
-1.705971498453039970e-01
4.340788895013412141e-01
-4.936303301796850507e-01
-1.000000000000000000e+00
3.633487678093537121e-01
-3.207630712837559739e-01
-4.731851022660196748e-01
-4.330050287126499531e-01
2.522229192197731340e-01
-4.632323359569858745e-01
-5.548977936216648033e-01
5.457902982979984108e-01
1.419172376373472599e-01
6.726119923674906964e-01
-5.847085529135901405e-01
4.363076353838125643e-01
9.749309636429640546e-01
-2.821097849648768197e-01
-8.529665937760044780e-01
-1.126409319032843914e-01
-7.479358600921927058e-01
-6.483211314100416345e-02
-9.079181104253445378e-01
-5.450472165607131991e-01
8.131487138043247409e-01
-9.304822819890826713e-01
3.031699267745475712e-01
7.368864631730358550e-01
-4.900475260291783930e-01
2.893840722742347937e-01
-4.898605218196420696e-01
-3.212320636754607550e-01
7.736142683461180170e-01
1.000000000000000000e+00
-4.793725964712306498e-01
-3.371539409804815701e-01
-4.570192803293923189e-01
1.054125497826625540e-01
-3.507984900026940300e-01
-4.840343359880164287e-01
-3.394222102991714118e-01
-4.549313281677771492e-01
-6.496665994069538153e-01
-9.026725755978359800e-01
-4.391751467736670356e-01
-2.853241717845629299e-01
4.707462435141613888e-01
8.169792656488377158e-01
1.007291392670094515e-01
-5.705820823059037927e-01
-8.297861637098459253e-01
-1.305213213976247344e-01
-5.617448185940476790e-01
-9.822054026463914456e-01
-3.213306947742442521e-01
2.453088767271141002e-01
-5.745403883642489218e-01
2.864656547999691605e-01
-4.914342975488446008e-01
-6.843998554498226250e-01
9.099829456095659408e-01
1.563577555704882549e-01
7.485392122900773604e-01
4.834572496268826347e-01
-2.481380450742427801e-01
-1.905694103165133102e-01
-8.767424345373646677e-01
-5.478065223210093482e-01
8.830317653014854717e-02
-5.516756463599414850e-01
-1.000000000000000000e+00
7.127621162035231439e-01
-8.488122028351036130e-01
4.274233829524921036e-01
-9.025479540660992228e-01
-8.980880241199722391e-01
-3.211601601437638620e-01
-9.560211274752025701e-02
4.473505243248114827e-01
9.539056057500895358e-01
-6.805266106157119577e-01
-1.000000000000000000e+00
4.510242058197733162e-01
-6.102756829491434720e-01
1.662507056240466741e-01
5.526250990915433370e-01
1.000000000000000000e+00
3.930674227236326534e-01
3.289539439198750914e-01
-4.777668883143016965e-01
-5.926235072739192283e-02
-1.275221685521574777e-01
8.337307393106881959e-01
-9.145332633735622219e-01
2.335094685458288244e-01
-4.518578129839244117e-01
7.184446111138322877e-01
-6.653742583229130814e-01
3.549450718626144807e-01
-2.774336973644619952e-01
5.934948311473856597e-01
5.534081761701941105e-01
-8.252997374179428247e-01
-4.543454737758706452e-01
-4.332115354337015556e-02
1.000000000000000000e+00
3.059818052587868209e-01
-1.304432161765682052e-01
-8.670715468090197664e-01
-1.620469987234843950e-02
-4.970362902289220952e-01
-5.927318064733472225e-02
-2.306331602126514557e-01
3.555917664955206003e-01
-1.000000000000000000e+00
4.967497193283312296e-01
-1.418789280276415432e-02
8.092849733815410396e-01
5.241751585809615310e-01
6.700794642912382137e-01
4.349276512225446201e-01
5.494577877405294464e-01
2.376466631961171028e-01
-6.058933662747012505e-01
-9.185979869618026150e-01
-2.895915035232636547e-02
-4.702723381279323711e-02
-1.024653675673832115e-01
8.629642254706935134e-01
-7.073578487197951237e-01
1.243693214617347248e-01
5.990401623909097362e-01
