5.822635855655499126e-01
6.312811405099852946e-01
1.867733370521717368e-03
-9.636756872102094640e-01
3.336840501735615638e-01
-4.172148191929463401e-01
7.431880564599319117e-01
7.498157531544218379e-01
8.588474922548043899e-01
5.539479459972664888e-01
7.813899642151928004e-01
-9.395934276627460058e-01
4.064364020884354556e-01
-9.417150968930589894e-01
-1.392458463856711404e-01
1.685186327197110701e-01
2.646145546739701593e-01
5.054244871920136051e-01
-4.837970221062315446e-01
-5.187550268957710209e-01
-3.258081978424932634e-01
9.902584496388537882e-01
-5.290998154292375633e-01
2.119821111172348060e-01
8.006755118368211743e-01
8.492388391015751603e-01
-6.148590796666519864e-01
8.872415932302383235e-01
8.268370329145400266e-01
9.908638082829220872e-01
3.192921003606858377e-01
-9.111874480168943302e-01
5.913352351544021168e-02
3.358024947800739568e-01
3.466127855993446083e-01
-2.567935994076642192e-01
4.103936531488104333e-01
-9.313795252822995030e-01
-1.000000000000000000e+00
-3.151241070659785426e-01
9.055609658538028572e-01
1.000000000000000000e+00
-2.303434909613070736e-01
2.008945994058182194e-01
9.687920996987875455e-02
-4.227881533118684754e-01
-4.072158419684078212e-01
-4.673263335149999698e-01
1.908807471986558382e-02
-4.258211573022632757e-01
-1.860125642229567555e-01
6.549293538418685667e-01
-6.665696488183197044e-01
-4.147093400035088417e-01
-4.148695873777200616e-01
-4.019208962574101207e-01
4.184739912438164566e-01
3.741492579932783058e-01
1.000000000000000000e+00
-1.000000000000000000e+00
-2.564404477486101896e-01
-3.611908399490837973e-01
-8.855928898903604463e-01
1.000000000000000000e+00
3.497081360576797526e-01
-7.677125194645199047e-01
-8.668601862371426714e-01
3.054850955785439748e-01
8.668018156996590839e-01
-2.990985973459867608e-01
-3.550081702668012040e-01
5.396324799062928168e-01
-6.672934210409701972e-02
-9.766581610879798703e-01
7.211815495224936923e-01
-5.576016634608320643e-01
-9.406100963197380760e-02
-4.469325621881853894e-01
-5.972264169952440360e-01
3.972322581466680713e-03
-1.247329698965082834e-01
-2.240150215707057968e-01
2.050135402010302144e-01
-9.732884135324841868e-01
-8.402464363784419854e-01
3.191976179280080483e-01
4.273061001195485042e-01
1.887384705598570411e-01
7.718476485792875597e-01
-7.885187822284278614e-01
6.811541255780239057e-01
-1.387659766252937188e-01
-8.703738231835842498e-01
8.536032922390183186e-01
-1.092292428212814082e-02
7.273522035073082259e-01
1.419775636179027578e-01
4.132374223081951570e-01
8.642332083488504235e-01
3.614332619623628062e-01
3.049422680704023669e-01
-2.534886917179571819e-01
-5.017252525076858483e-01
-9.548346929385542747e-01
2.327537243427983960e-01
-1.000000000000000000e+00
2.791518882825362868e-01
-2.081754517928634529e-01
4.554774570461641026e-01
6.662382616336952612e-01
-1.709727003909318477e-01
-5.486380546557212412e-01
-2.546107825929305735e-02
-3.668111140420680927e-02
-6.515346493121947358e-01
-3.795487319637916301e-02
8.177661061450502977e-02
7.426247758628170548e-01
-2.580210498572227951e-01
3.406476579940053706e-01
1.000000000000000000e+00
-2.021954618426101413e-01
-1.000000000000000000e+00
1.006729010297618410e-01
-4.851610462179171135e-01
-8.753723236424187926e-01
-6.989936889282011290e-01
-2.847720139016478580e-01
-2.374036733269427046e-01
7.421200186654031139e-02
1.388279871648788466e-01
-4.010701921193524644e-01
-1.163319102823189288e-01
-7.995115699562184430e-02
4.497549187905320878e-01
2.285182955695457541e-01
-7.985003254656950489e-01
-4.870654858538297494e-01
6.705210464453600361e-01
8.386002716318001760e-01
-3.759245061509584040e-01
8.369659859125003210e-02
-3.548457332959539801e-01
-5.620627290495274764e-01
3.862433030628291131e-01
-8.521621962650725024e-01
5.508062605092608477e-01
-8.184022030547537518e-01
5.522979533857798051e-01
2.954903637344871159e-01
-7.827860881073475108e-01
-5.694393083985433979e-01
9.586458300213118733e-01
8.677911361686161396e-01
-6.370035672094054302e-01
-3.409321473904490252e-01
1.842416284217509859e-01
-2.839749432670318763e-01
-7.525061893870423901e-01
6.453566224744511359e-01
4.466007636494106481e-01
1.650247818834409408e-01
-8.203766761269570829e-01
7.221606308867722923e-01
-5.154382667212350499e-01
-3.303435414879744569e-01
-8.744821945017778875e-01
-3.308658491235451082e-01
4.651142802947373922e-01
-1.647755086813493808e-01
-2.775494127761787277e-01
7.818327868781943524e-01
-8.031205476681526623e-01
-6.868188539989893426e-01
-5.228665235380143272e-01
9.902795060255259463e-01
-1.311767676618978418e-01
2.022751708337640619e-01
2.315744714928829051e-01
-3.423626199458650043e-03
3.221041760004471621e-01
4.578862376891623676e-01
1.441050363038348658e-01
1.408208927715111358e-01
1.775512810215211790e-01
-8.637861681636059830e-01
-5.016674548367250352e-01
1.000000000000000000e+00
4.694244744336116826e-01
-3.270939193671913992e-01
2.443192259120094412e-01
9.616283833124562586e-01
7.121625390848135284e-01
-1.000000000000000000e+00
-8.304275144169283029e-01
-2.294856764246981928e-01
7.916042947241644367e-02
-2.061109646512675475e-01
8.641234674998615750e-01
-5.155094897800347464e-01
-2.561923845951386003e-01
5.413182079082209386e-01
9.291600621203208732e-01
3.981267716022096614e-01
-7.082092548225948914e-02
7.981832464498717084e-01
1.406877927536249739e-01
-5.614681738381740450e-01
3.681432839927850642e-01
9.239797474527686738e-01
5.120924958468038302e-01
-7.884950568795348613e-02
7.977223316146161425e-01
9.276104822134970673e-01
6.118080733527032633e-01
-9.476129744963088797e-01
-8.625741947880815053e-01
6.439016752967975377e-01
-4.817229349045981657e-02
7.476658260654510668e-01
1.320076594408930437e-01
7.911523863962086622e-01
-9.900865415601980413e-01
5.920218673088365469e-01
-7.960262962833272726e-02
-1.592182949426562688e-01
3.727492873230743853e-01
1.382357192686893832e-01
2.515983847887311997e-01
1.000000000000000000e+00
1.000000000000000000e+00
-8.425815970995658155e-01
9.109433754203984934e-01
9.475934548421596215e-01
-2.722563914274344077e-01
4.709775916348404173e-02
-2.412586671961437779e-02
-2.223697400139927616e-02
-6.361942137756357862e-01
-5.726554486348650608e-01
-2.992468399588750771e-01
6.339129474362071859e-01
-9.791507774629828464e-01
5.882099077066209603e-01
-6.748990814866684396e-01
8.146626078297969364e-01
6.707768824416806552e-01
-5.243610616614013259e-02
7.733877525714565326e-01
-9.917155601098155415e-01
4.134778312439412185e-01
-5.279981106674629387e-01
7.068880614839169185e-01
5.034115462858692602e-01
-1.143545623335909950e-01
-9.774054377656551940e-02
5.317279218839939814e-01
-5.432413575290611085e-01
-9.607775193678599335e-01
-7.193397051233583195e-01
-1.000000000000000000e+00
6.328450473189503600e-02
7.066936997462021086e-01
7.715893527328132606e-02
8.614978453273050008e-01
