-5.253740768396910621e-01
1.002449801579355704e+00
-9.819587688781415968e-01
3.677131593372600094e-01
-1.119023654123536105e+00
-8.506465204637335686e-01
2.031081377155508766e-02
-7.230919821631255628e-02
-4.771996991383846143e-01
1.883568098019602552e-02
1.049056058589890039e+00
3.997649148439545996e-01
9.956556181060468580e-01
-4.770156217263767096e-03
4.427925684787065164e-01
-3.526408085553038585e-03
4.936217399732866773e-01
1.156102153777504443e-01
3.308001561059645823e-01
7.002529493958389306e-01
-4.039030108690321863e-01
6.930093532655651201e-02
-6.453888574152720770e-01
-5.038512643852209871e-01
1.143312770683699853e+00
7.067582130698155662e-01
-9.503429827816281539e-02
-2.469162009981180628e-01
-4.316659003346635659e-01
7.915132896411184449e-01
-1.250405059283339060e-01
6.550863992232356381e-01
2.652575255862169579e-01
-6.047439613819008963e-01
-2.834806221880148969e-01
-1.727401069771291042e-01
-6.163406949427968629e-02
-1.057443994021937339e+00
5.730409542294335745e-01
4.582466273832404569e-01
-8.172024645519702091e-01
-4.223036290528751069e-01
3.029287060105816942e-01
-7.208718060565446617e-01
4.629928954542333330e-01
2.681086474009049536e-01
3.612172395623275412e-01
9.454532433760912680e-01
1.123592122855927578e-01
6.948672436206000391e-01
-1.096701593391914420e+00
-9.858054454311862003e-01
7.840141487979727097e-01
-5.832318731438249637e-01
-1.630102547199950846e-01
1.315144363033669550e-01
-2.046412882244879883e-01
3.978017069261990946e-01
1.717394753831545939e-01
3.831991490556669322e-01
-6.841806169704309770e-01
-1.495772877453946936e-01
4.878855399688691863e-02
1.208751158074778398e-01
-6.876494067603413640e-01
-9.168087029825680023e-01
-9.093119982111816380e-02
4.789790495053010133e-01
5.880002208133984221e-01
-1.346419404369787187e-01
-8.138411104088820736e-01
6.010841134189597312e-01
3.543357783985254805e-01
-3.855316277405895775e-01
1.017757577454528883e-01
1.011214238956285705e+00
6.196887501452594815e-01
9.458807456898663535e-01
-2.038572644747491391e-01
2.615780823994710014e-01
-6.359110915636081440e-01
4.232499345032568194e-01
8.993086864934917157e-01
-5.983366654111463845e-01
-3.458517110651537219e-01
9.783015300938697756e-01
8.620755204074255218e-01
1.685050996926386324e-01
-1.338845492965845818e-01
8.295484910653189159e-01
-2.951030485662422542e-01
-4.541363656611696054e-01
-1.355559353665602318e+00
3.325874362955127950e-02
-2.248658208834271033e-01
2.305034962011822536e-02
-2.349724204609241474e-01
-5.197802240745121871e-01
1.011946086589615268e+00
4.712233523845462679e-01
-1.180164030559162747e+00
2.774867534538367209e-01
-1.409271114229059263e-01
5.318457851046950458e-01
-2.490863196894879117e-01
1.226418216697683361e+00
-7.186338176286535262e-01
-8.114118422623679550e-01
5.394311827617457311e-01
1.635884933290914445e+00
-3.432611872575601630e-01
3.596832621846834943e-01
-2.934794528539221292e-01
1.071827792972823989e-01
1.112541130325632455e-01
-8.016314934519472857e-01
-1.743441474436060457e-01
-1.588965337020183388e-01
1.440505298567917036e-01
7.471853595538312520e-01
9.655741643414217368e-02
1.335094329259140844e+00
-6.459637765427950207e-01
2.253668685498067537e-01
-6.161330961793451966e-01
6.385045003690658083e-01
-3.173520808106939928e-01
6.927301944032312475e-01
9.973464148104971283e-02
3.771553302222228621e-01
-3.949602319331489420e-01
6.497172313810030131e-01
3.316246012444817315e-01
-8.551927689843837888e-01
2.723083039497977142e-01
-2.764853464141432404e-01
-1.342091454299896514e+00
1.491753952684324591e-01
-5.530723694465224938e-01
-3.727489717731843344e-01
-2.608022366925714097e-01
-1.004817684913778653e+00
-6.202536201004931193e-01
-3.538941460612661238e-01
-7.139686312437063531e-01
-2.915329597415036167e-01
8.223169368693253878e-01
1.103832548481679554e+00
-2.285117094068169624e-02
-6.396983164108043241e-01
6.077311127883079367e-01
7.349643294633577684e-01
4.000978159192788985e-01
1.166322827165527931e+00
1.237142045714646477e-01
7.686642705089500316e-01
6.783387343836516647e-01
-6.812337087782966982e-01
4.489413797733765032e-01
-8.904688251870653826e-01
1.260257413155694062e+00
-4.601419613497806926e-01
5.825564303211752115e-01
-6.356322398640315008e-01
-1.065283676999821738e+00
1.402233103296773586e-01
-1.847794088293460257e+00
-6.676830376030222780e-01
-5.831148332543781843e-01
3.279410936649166386e-01
-9.455372032934976634e-01
-1.267832766213198292e-01
9.993495457332865484e-02
7.447386313829823523e-04
1.146631511710706874e+00
7.169233665070712247e-01
-1.787684403688769019e-01
8.229034314124019645e-01
4.823534556131668927e-01
-4.156176206165584919e-01
9.636425112854175579e-01
3.127365065944374134e-01
3.123080373475953242e-02
-8.863333273597465145e-02
3.721948618335544912e-01
1.027483536914815421e+00
-4.353517734187840049e-01
-2.395273049620995909e-01
-5.931937070306460003e-01
-1.157874434971142064e+00
9.906815325290128094e-01
1.150648717874176719e-01
1.512481225760663739e-01
6.765030575977387661e-01
1.027329761273861330e-01
-1.053036668420457733e+00
-6.335461793261498720e-01
-3.923776035038299415e-01
1.155122490266086821e+00
-4.579050337760365297e-01
-6.695095235318844207e-01
7.143592365640232256e-01
-3.546997646847844798e-01
4.840210048812588206e-01
-1.420763745183890592e+00
-4.713368290722708687e-01
1.150993790386558802e+00
1.227210305654942435e-01
-6.324758737424877042e-01
4.559594885172889578e-01
-8.380458916263016089e-01
-7.922026711702090385e-01
8.385492407716095276e-01
5.068891900852767057e-02
-9.448068041350468071e-01
-2.620783393173294340e-01
9.278951491691240783e-01
8.145939563367536884e-01
7.293256790359163855e-01
8.081105454060240056e-01
-2.696055930767121689e-02
3.646887416270870874e-01
-2.494383074941488310e-01
-1.073329955220081178e-01
-3.625690082282759796e-01
-2.535271282656914593e-01
-2.784263898614939836e-01
-2.521969977467184987e-01
-5.164600604506573989e-01
5.705242560667496132e-01
-7.442897741300130710e-01
-2.384701592655609492e-01
5.927270455471719268e-01
5.705081532545978051e-01
2.512807631604800918e-01
1.062801662761277077e+00
5.944419796861603045e-01
-8.489045376906170226e-01
-9.818333173966342642e-02
1.232049095858416266e-01
8.269605282440162242e-02
-5.484030126987666787e-01
2.081046847235797248e+00
-8.898061454231286360e-01
-6.174251805483380595e-01
-1.652440560281187298e-01
-5.668604775727847933e-01
-1.085240761905322815e+00
7.542190283343215562e-02
4.592718893602757979e-01
-7.156983013674247385e-01
-1.050934311429124524e+00
2.640070176837582827e-01
9.727695682729559090e-02
-9.217082718131679175e-02
2.354120165073166349e-01
2.277281040041565507e-01
-6.691173626948220265e-01
-6.304319561781394077e-01
1.527381780101036535e+00
5.582807203196038515e-01
-2.475192946507991654e-01
-1.042051174081417120e+00
8.478369216253878182e-02
1.390858547029208414e-01
