-4.014720649331428026e-01
-1.000000000000000000e+00
-3.022671971017643761e-02
-4.678058406649274192e-02
-7.115289108874596202e-01
-9.419770441813953843e-01
3.097459119755813228e-01
-3.733177694506286670e-01
3.132307002095975346e-01
7.103123060018757817e-01
-3.466914118306645837e-02
-4.006990065341266560e-01
1.432818775371180742e-02
8.127117017115732533e-01
3.407914892436583187e-01
2.491517299212414049e-01
-4.094657996115341203e-01
2.220241684107278624e-01
-8.880237555448021736e-01
-5.762624867327631462e-01
-2.469288270468368018e-01
4.616960987970255004e-01
3.501586646506576472e-01
8.837387619208797451e-01
-7.967319411165619814e-01
6.459079108707355132e-03
8.605713206409086602e-02
5.346913076692636491e-01
6.820348153278090741e-01
-3.740275735190992101e-01
6.833881052526442623e-01
-5.837191692118567365e-01
-7.138106750456760796e-01
-1.239153924390996586e-01
1.218611437869333985e-01
1.020766750430552594e-01
3.788687411755264911e-02
2.034251849262604384e-01
5.109744443370487499e-01
-4.406202255779045895e-02
1.825459227132172207e-02
4.879875696843058441e-01
-1.000000000000000000e+00
-6.643899125786341120e-01
8.419136841434621266e-01
-6.762322235182226526e-01
-8.878919178925369637e-01
-7.620542327034456331e-01
-3.201855414554183876e-01
-8.495509928694301438e-01
-8.324418145794462154e-01
6.571020129329128157e-01
-1.507456474106291799e-01
7.973637722304416364e-03
-3.645509134776853122e-01
-1.959540696456316677e-01
-5.475480200603141112e-01
-1.864623498536752688e-01
-1.956816010397364192e-01
-8.717721942452210104e-01
-9.640427665767845600e-01
5.383798252725775502e-01
1.000000000000000000e+00
-9.373062699038261503e-01
1.000000000000000000e+00
-4.631731444652466279e-02
-8.981106202822840556e-01
-5.640689474146947102e-01
-6.558445286786380723e-01
5.623142716495777016e-01
-3.832516930579843439e-01
9.658628892092395724e-01
7.549359387285768941e-01
3.041489266143199144e-01
4.285887378091599587e-01
8.281250058598765840e-01
-2.805098463813643916e-01
-9.014205331023794621e-01
-1.308661313878627941e-01
-7.865610475429067883e-01
-3.890985725046972044e-01
7.126929451126655657e-01
5.072866030342647603e-01
4.183421050963181953e-01
4.176368130791744404e-01
-7.565669126614527062e-01
9.239340740299084587e-01
-2.789107308018540787e-01
6.630017603919240443e-01
2.139590993838248467e-01
2.129271735906610452e-01
-5.193620161479570729e-01
-1.000000000000000000e+00
1.551636687781687840e-02
-3.096653116322560795e-01
2.070182064379041953e-01
4.610401345897966463e-01
1.000000000000000000e+00
-2.591748999481835458e-01
2.255153541613018620e-01
3.187203207087324630e-01
-7.890037253048473032e-01
-3.998382202069886704e-01
1.932714760312211760e-02
-9.693908240612609806e-01
1.373734172277242538e-01
2.547861359333694620e-01
2.448700127561142526e-01
4.183237118165913926e-01
-4.483180290157526282e-02
5.533139171049967775e-01
7.889202384046891670e-01
6.795477215782431968e-02
2.520834680102279068e-01
3.041578650582117405e-01
-2.002196970718257418e-01
-5.278088001132660301e-01
-2.536829072558980380e-01
2.189343257494001382e-01
4.738331140698821553e-01
3.526678184530418481e-01
2.253283564247204884e-01
-7.524370839105285480e-01
-1.727418752369705712e-01
1.095217187469656323e-01
-9.657495405579966663e-01
-8.439681911835564820e-01
8.948215874569332984e-01
-7.541449385305113440e-01
-4.941475020610169855e-01
-7.508997246908426515e-01
2.157836046190624857e-01
-3.526112145656858932e-01
-8.033971914313742246e-01
7.586630134594235519e-01
3.566677181434402266e-01
-1.000000000000000000e+00
-9.325712505875308200e-02
2.635436630380347256e-01
-4.485023468928999724e-01
-1.707689639610340537e-01
8.882830495211796462e-02
-1.234181833968703845e-01
8.627752727610266126e-03
-3.864966031786311595e-01
3.833820661554774301e-01
-8.437206053173907927e-01
-5.431220874705597335e-02
1.315412129757567161e-01
7.431196382975442383e-01
-4.733504974226523387e-01
-3.257537627156883442e-01
-7.111750774258815966e-01
-6.480656624210797689e-01
-3.372472565816371226e-01
-4.865966716438783202e-01
-7.093807743430498025e-01
-6.408297400415648992e-01
-7.898692692285040895e-01
3.844998240165597991e-02
1.800056238359180327e-01
1.738868927963878042e-01
-5.608216975092550349e-02
8.141084014961228466e-01
1.000000000000000000e+00
-2.367428741581969476e-01
5.494307189503453426e-01
-5.252768127410755161e-01
-8.769887786993239009e-01
-4.978904113107870399e-01
2.036224797950845766e-01
1.000000000000000000e+00
-4.536799196012814561e-01
1.000000000000000000e+00
-7.522413838550445764e-01
4.155307532544803006e-01
-1.943327107717451874e-01
-1.645740542018431229e-02
-1.111483302953833602e-01
7.791847456665513816e-01
-3.039759971925336535e-01
8.033739376149523492e-01
-9.526379385963273938e-01
2.275593138147847805e-01
2.875907964945095263e-01
-9.090956272520129833e-01
-5.379910910999594620e-01
-7.242962758282656122e-01
1.815725436555441219e-01
-1.000000000000000000e+00
1.342018556728954426e-01
-1.313824477513628464e-01
5.452603189505429437e-01
-1.282265216679523423e-01
4.295144832132533619e-01
-1.000000000000000000e+00
-3.739296054915033918e-01
-7.315498708548329176e-01
1.899077672608252276e-01
6.255739756650304795e-01
2.362038543100121180e-01
1.444404558388564519e-01
-2.139093201974476832e-01
2.423676863637429235e-01
3.773273235544657433e-01
6.052369004763071825e-01
-8.721863696589298165e-01
6.275182711261177992e-01
4.224983393243326724e-01
-4.119960391803714761e-01
8.882431866732026782e-01
9.145215857068426935e-02
9.516866418254552595e-01
3.208572134568404288e-01
3.251626938797276267e-01
3.719747619926789817e-01
9.181000023663507537e-02
4.293463805716534187e-01
1.322976431070521375e-01
-6.042666869005224317e-01
-9.527560089574471647e-01
1.504426957590466463e-01
-1.611932328450204621e-01
-2.291994727895112216e-01
-9.738089332232570117e-01
-5.749827329285257804e-03
-3.386992976865792482e-01
9.401113987049152243e-01
-3.236846298554747481e-01
4.172232096489779385e-02
-9.503168766762609687e-01
8.996990189403755167e-01
8.140390844338174503e-02
2.571938361171137721e-01
7.817121800003254961e-01
3.696972501549488088e-01
8.490904164175001601e-01
1.070250084359178899e-01
1.189633177188960944e-01
-2.148351586278327563e-01
-2.186991588271008091e-01
8.881343635140526160e-02
1.564141044215727749e-01
5.673230195603473636e-01
7.009065500194043841e-01
2.786855486193268727e-01
-7.856713551778791993e-02
4.726391112356673752e-01
9.416596517245515163e-02
-1.890076759872788004e-01
6.460143112148508671e-01
6.466953838676541277e-01
-8.147072557296651807e-01
1.000000000000000000e+00
-7.978899904412298238e-02
-6.085588333235165681e-01
-1.378837718460741713e-01
-3.950916965872387498e-01
1.522731473816669734e-01
2.121295535173799984e-01
6.662054653464932752e-01
9.013758336613968414e-01
4.591479874779798021e-01
1.365807885096002872e-02
4.778500778925270365e-01
