9.363420082845970160e-01
9.593124142538282939e-01
-8.190451357406306476e-01
4.376720586793383383e-01
5.938028882473729286e-01
5.107134092132787906e-01
-4.246691366045525773e-01
7.396837019210251718e-01
-5.995289701779358271e-01
9.568416621953216294e-01
-5.735658610191263218e-02
-5.095931356159466574e-01
2.566514503497012711e-01
8.489294870611484578e-01
-3.059487438969255013e-01
5.726350871023977440e-01
4.214570089613552395e-01
7.165734335606775973e-01
-1.763943786320063545e-01
-4.014920964212324028e-01
-5.276214222062904913e-01
6.841418629921712791e-01
2.897244698401228447e-01
2.420733579011286607e-01
6.111885673438719468e-01
4.801881798723489636e-02
6.660955336119157577e-01
1.897456139410584053e-01
5.763899362699436146e-01
9.302347052497046409e-01
-9.617451245091245271e-01
-2.111999149462595593e-01
-8.225453977520323923e-01
8.352791701717103834e-01
9.311188461725568022e-01
-4.388603851100066899e-01
1.774054877681552345e-01
1.291327147928303054e+00
2.073820893108724306e-01
4.561684350621133532e-01
8.276799858858844283e-01
6.094173451290285648e-02
-1.036696686590722116e+00
7.255081922765176383e-01
-7.174877096796081766e-01
6.220564426509911371e-01
6.892970615108329202e-01
5.333097844554435252e-01
-5.902576137817382440e-01
5.027472561447396959e-01
-1.353602620043639071e-01
-4.795446941710236333e-01
-5.955143095109323159e-01
-6.444061090393190527e-01
7.016678984736659519e-01
-9.201543603516438852e-01
5.406549123895842968e-02
7.678899939874895830e-01
-1.548422739696870831e-01
3.146570270561559468e-01
-7.014105710781177727e-01
2.537880883754902728e-01
8.033766756528506470e-01
9.167950334567667170e-01
-3.278042748052554245e-01
-4.332854193066416615e-01
-1.149512741496177409e-01
-2.554297708259201105e-01
-4.323495980091260904e-01
-5.248234992135811239e-02
-1.578599850332829124e-01
5.083450839307108726e-01
9.144771398793425377e-01
8.668441536548039394e-01
1.045355524684913329e+00
-5.474737049390865362e-01
-5.246387263634698650e-01
1.302753563324723918e-01
2.505699268335744856e-01
-4.006530086216633091e-01
-3.177137935455065509e-02
4.514859454527115901e-01
1.188395991680857300e-01
-7.451104200056691829e-01
-6.449569152747408607e-02
-5.804951055146381211e-01
-1.635991002608991052e-01
3.150868184537269912e-01
-9.341536839959312388e-01
-6.669709855054979375e-01
7.229368884738998080e-01
-1.030944249600882490e-01
-3.214086771610847881e-01
-7.555387338418102505e-01
5.685529396886926934e-01
-6.158983921096683467e-01
4.499077051724826859e-01
1.034998641532870911e+00
3.726292287773065315e-01
-3.794141489569611281e-01
-4.997071050218070132e-02
4.852585928379108959e-01
-4.070441781175723195e-01
-4.766202399500690245e-01
6.355328608378700839e-01
3.547503159200132705e-02
-7.742356884238907888e-01
3.524031314282651262e-01
-9.439932346580244271e-01
3.885358144841655204e-02
4.705857451490786936e-01
5.815810241024015337e-01
6.924522438195679364e-01
1.171519723232559984e-02
1.734675621828878356e-01
3.302739381409049990e-01
-5.100272302828612325e-01
6.615927905510611273e-01
-4.879356695364542307e-02
4.708921141636756014e-01
-3.569894916910449911e-01
5.517897089468064287e-02
8.884374039130009670e-01
3.216551898911198526e-01
-1.936186534758243538e-01
-7.037755345457480383e-01
6.557410639088614435e-01
-4.372533462101385049e-01
1.039445520728444761e+00
-2.877700951323106104e-01
1.019438375025522037e+00
5.306880885587177410e-01
6.479675903591556319e-01
8.151589275427028047e-01
-2.316119921394871883e-01
-3.895653716339908534e-01
-8.797886843763208509e-01
-2.360439304519684200e-01
-4.668978446875167165e-01
5.403931249433689965e-01
-4.220644911513599107e-01
-2.699925719676257163e-01
-9.002220174404785835e-01
6.351799975333388693e-01
-3.991995063105038821e-02
3.544134222689849789e-01
-1.943635081844836687e-01
8.481043721220408171e-01
-3.579308836958544071e-01
4.935673100227542243e-01
9.810607467369190093e-01
-5.958662088434192317e-01
5.797076322447984875e-01
5.667224776686343723e-01
-6.296326044965310231e-01
5.836922965242328232e-01
-1.798085735668961682e-01
-2.984029785655366585e-01
-4.730010288363240001e-01
-7.588633679947288935e-02
-7.315656872561017154e-01
1.657452625208335473e-01
-1.496969100789436180e-01
3.701246467218701763e-01
-4.782394011804219636e-01
4.235664406912522661e-01
-8.400067852251233980e-01
-8.017101066040432933e-02
6.970396932800861922e-01
-3.589992217491272397e-01
6.238973504508853463e-01
-6.919720762964504113e-01
1.148424139837538327e-01
3.924224219359855881e-01
-6.120877690698802720e-01
8.621908048690649640e-01
6.450486485562190175e-02
-2.960564248209891502e-01
5.985727870359278668e-01
9.393961549483388351e-01
-7.551742320795389318e-01
-5.754668393420323547e-01
-9.709790673185734189e-01
-8.758478800285625088e-01
-4.082717273040775696e-01
-3.964589477032502696e-02
1.952194999613731108e-01
4.361212080490290965e-01
6.806455409507754517e-01
-2.618548981792102048e-01
-6.946447234358682499e-01
1.075310485706629127e+00
7.162388055806288012e-01
8.209223261231960445e-01
1.273323378108315307e-01
2.075693694096552577e-01
-9.712421452428332547e-01
-8.545478516365005994e-01
1.858758769224738983e-01
6.252648292771751937e-01
1.951258677714848844e-01
3.196064387857720512e-01
-1.210069682422447723e-01
1.969561995234134222e-02
-9.561128860150120978e-01
-7.958862151039912680e-01
-4.131859813053523345e-02
4.408036996309170341e-01
1.191522999570127639e-01
7.629090310182187751e-02
-5.091850013897283311e-01
-7.983630208237426640e-01
3.539442797522888151e-01
-2.191040028031274178e-01
3.002526390847307103e-01
7.958357226057970468e-01
-1.588144570122644039e-01
-1.104732348136631348e+00
9.169071011150656259e-02
2.553912014565592470e-01
3.899903199373071505e-01
1.019627207703169169e+00
5.426276724560228359e-01
2.876678920955137997e-01
6.626772780697082199e-02
-5.199604380178746155e-01
8.074060491959216268e-01
7.126636248813865704e-01
3.880818537528312184e-01
9.040299366817776683e-01
-5.713087310047846312e-01
-7.689931024822813099e-02
9.062588998160974185e-01
8.806416843726514454e-01
2.782226320452712010e-01
-9.022269322303166916e-01
-5.546617144114842635e-01
-9.716324238857800832e-01
-4.772944143575408305e-01
2.385908350865211802e-01
8.083947036407396203e-01
-8.632126929357620826e-01
-1.060257855547377392e-01
-4.865120432987199983e-01
1.899162270868925695e-01
1.945405616647037650e-01
-7.554356076357863214e-01
-2.818865252549086486e-01
-8.024669614617678803e-01
-6.253064613442697040e-01
-2.576558386206286855e-01
-6.031563341300771874e-01
-4.583656032596882257e-01
8.438530015527654360e-01
9.041417067562234067e-01
1.863307622425500187e-02
-1.505525885506026618e-01
4.895915880005701215e-01
-2.142221690072823592e-02
7.298312509747235666e-01
-3.884577153005803751e-01
-3.259631914854816959e-01
2.671473720653559925e-01
8.129472259422954039e-03
3.688104678551903937e-01
