3.962362017144075432e-01
2.037733111236925410e-01
3.803034535400410254e-01
-1.193009632117888463e-01
-3.420653019008155771e-01
-1.191534843411308359e-01
-3.014945597359210971e-01
4.210750583529480617e-01
8.720052916824638789e-02
-4.426604988450754119e-01
1.089414053538856758e-01
5.002421284990048456e-01
-4.389969022171254509e-01
3.824490928128768119e-01
1.638257367984576607e-01
6.199169010499624433e-01
8.141753365397322306e-02
-2.627273336627862221e-01
-9.799562485150342672e-02
1.233428295573416045e-01
4.005123231279894558e-01
9.633919948227498420e-02
-3.883845200843470957e-01
6.218946426121852999e-01
4.550686440811410605e-01
1.246225937979679732e-01
-2.202847886149953138e-01
-1.688818172838832399e-01
5.391750841539137695e-02
2.886781955019870893e-01
-4.148295941479252513e-01
4.156984829092942313e-01
1.797458838223461031e-01
-2.671439506715138079e-01
-3.182922471305424938e-01
2.467145791627178286e-01
5.271023567381767361e-01
6.102705039875513382e-01
-4.426442084097208518e-01
-2.327497723953833308e-01
-1.884101097601126318e-01
-4.929033937085333106e-01
-5.437110236084721215e-01
-5.218618281716211893e-01
-6.847857042746098299e-01
3.336767210205043299e-01
-7.597229965015042663e-02
2.495577520185942866e-01
1.550724605056686689e-01
-5.881504977666659473e-01
6.762109650275377470e-01
4.378489142422165581e-01
-2.033092823229613183e-02
2.340773901543187763e-01
-6.719517084690236342e-01
-2.625750138643954609e-02
-4.232604450542503671e-01
4.250274619829463307e-01
3.328246982713703450e-01
4.365195988074421773e-01
-3.461631565023223778e-01
-2.173093795447733345e-01
-5.864670512932522728e-01
-3.172126060671004999e-01
-5.607994874004815222e-02
-9.315612428994682337e-02
2.985984650864118711e-02
-1.583752789824534879e-01
-2.692537225760333053e-01
-5.589094697148472290e-01
7.585231629549074595e-02
3.472787694329739772e-01
-3.543136004259069688e-02
-2.517200983827015404e-01
5.436530303924618224e-01
3.976607746487308970e-01
2.433647906482790946e-01
3.075465798549008589e-01
1.680195255748670735e-01
9.248248100313322118e-02
-4.493094865215969680e-01
-2.923050156478610231e-02
5.445903851349757074e-01
-2.299402501664891130e-01
-3.393640761694216579e-01
5.882257345546363370e-01
2.104426884391753239e-01
-1.944288409349968771e-01
3.446977491730646714e-01
-2.716411921436825971e-01
4.730403681191653886e-01
-3.258916358444782224e-01
-1.817859071593948272e-01
8.016422319449331702e-02
-5.320849593360856833e-01
-4.905153663419417054e-01
1.321135572073696765e-02
1.038374630133154508e-01
2.014215712532443914e-01
-3.995428091121634995e-01
2.323465853859581209e-01
2.956545149591573995e-01
-2.533782129968134567e-01
-4.250755923280355453e-01
5.137076117337331382e-01
-5.224246938116813496e-03
1.130984376595625118e-01
4.966028104632144724e-01
-2.481775547671840054e-01
-1.745830957882237855e-01
-1.330148990349330207e-01
4.961773033051924409e-01
-1.419989705587568207e-01
6.592350238632841419e-01
1.809351294036492253e-01
5.330413084658366385e-01
2.992150396070982765e-01
4.630842126413261539e-01
1.515656069978531806e-01
-3.868594448924527196e-01
4.007938855383244015e-01
4.114257234806176222e-02
-2.805202603385734128e-01
-6.172166978267132897e-01
1.833641632345223704e-01
-4.558948961362272456e-01
4.210068351565591782e-01
-3.134891333708202943e-01
3.445316658618624017e-01
-5.029671017621449858e-01
6.026550480790913988e-02
3.705750489101511391e-01
2.535000561045242518e-01
-4.123700559920030484e-01
-1.087276842668003507e-01
-4.127452828328341816e-01
-2.212004426439413696e-01
-2.657958745039650239e-01
6.105088950456222241e-01
-3.668432741955385962e-02
3.672134950116474061e-01
2.189907226773117055e-01
-1.183678316151615395e-01
-4.439821147415209390e-01
1.684456715914227354e-01
2.982022009903235737e-01
2.273802113434605088e-01
-1.974253345896976458e-02
-3.137834130636390495e-01
4.550323643186490186e-01
1.351458525567067748e-01
-1.555657546687181925e-01
-7.262997376183027987e-01
-4.455559180219742510e-01
9.959395969490371023e-03
-5.431992380222759875e-01
-3.263832720878216409e-01
6.045654745924584628e-01
-6.558061111807929056e-01
2.451340491830651391e-01
4.667393910159364223e-01
-2.680029055676985683e-01
-1.915114356881825741e-01
6.591934470872251595e-01
-2.479324959130753403e-01
6.612546141096686814e-01
5.919699050035028831e-01
-3.427135297949774340e-01
-2.396162507598137148e-01
-2.119134958887137210e-01
-2.517589126842526004e-01
2.975037411669878562e-01
2.293624939042757799e-02
-1.723865351017829783e-01
1.459824051913341525e-02
-3.820553549893952461e-01
-2.499209863712670981e-02
-4.942923748948678808e-01
-4.202041434649271268e-01
2.939519771736895382e-01
3.272176608988427438e-01
1.907683480193342884e-01
-2.241201873775544584e-01
7.605736513185028247e-02
2.717396295895009306e-01
1.365353063966494029e-01
3.688626380624328571e-01
2.146140596557014613e-01
-7.685810914831378016e-01
-1.631850728249171767e-01
-5.392126021763330446e-01
2.914489009911200856e-01
2.488604697417128309e-01
-2.536907264016222130e-01
-4.083357279385292360e-01
6.323025612671555329e-04
3.035996033968346719e-01
-2.628075010989200377e-01
-2.129230421768478487e-01
-2.206864835701030092e-01
9.584758182670026494e-02
-5.465182899478751022e-01
1.483576749790432581e-01
-5.022111688023058740e-01
4.950800468679543154e-01
-2.592526267152068797e-01
4.243762953952991968e-01
-6.892954639973677411e-01
-3.204352425911879410e-01
-3.495842418741641477e-01
-2.082451862738404769e-01
-3.267198014291899377e-01
4.608189553258910109e-01
3.201996724741554279e-01
-4.586373025519123459e-02
3.666499000789397167e-01
2.465822552470444406e-01
3.111946787897939409e-02
5.823449949270832482e-01
5.815522566908057911e-01
-3.161224668203337085e-02
8.547010350445991000e-02
5.687001804588955045e-02
7.323379290370315986e-02
-2.200974765162746205e-01
-1.078270817585096769e-01
-2.764563151604471636e-01
-2.848163845296898256e-01
1.357479074601428415e-01
-4.687074669346236178e-01
1.752525926230738551e-01
4.676297604742485903e-01
-4.234280769297050218e-01
-1.170317314300545336e-01
-1.530610954014131053e-01
-3.329495488776931106e-02
3.783454839313586948e-01
-9.123306767625995184e-02
-2.146935450226689079e-01
6.773033982132949937e-01
9.652966690194242361e-02
4.025241823090136561e-02
-2.480362983051741521e-01
1.031559730149208126e-01
2.684161005027982383e-01
-6.330150489235596423e-01
4.005269507048304090e-01
-5.665203173746613530e-01
-2.376761833188305584e-01
5.259403351299769547e-01
-5.947630669965070505e-02
1.764078540391001704e-01
-2.435328050634149588e-01
-3.002485887554282584e-01
5.257055363768909917e-01
2.865205974242149289e-01
-2.934269102541318675e-01
3.714914119618211719e-01
5.662188822447415948e-01
5.155407800896311121e-01
5.891234078316099909e-01
4.264265059647210920e-01
5.029843690002129275e-01
1.642059623122542680e-03
2.869328608310388606e-01
