2.017221015263704897e-01
5.570987520134940141e-02
1.578145489316302719e-01
1.138052680124160554e-01
5.076169213509000855e-01
9.093878384985123464e-01
2.044049501676028016e-03
-1.000000000000000000e+00
-8.856257605831374669e-02
4.412671748405694316e-01
-4.390469023477366894e-02
-6.519609843423472828e-01
-3.212058603927644418e-01
1.659181920627790241e-01
4.442125435965615932e-01
-7.493579232489762099e-01
-4.116038695652582402e-01
-7.354147525474565850e-01
-3.432627059881909748e-01
4.120507422214230164e-01
8.951543076903134555e-02
1.578035514096665093e-01
-6.084111671508438679e-01
9.252410668957167239e-02
2.769860503855484657e-01
-1.856833513421411452e-01
5.967835254176279136e-02
5.224584167118698774e-01
-3.856117919311639053e-01
-8.619149660457674500e-01
1.330977610252495058e-01
-3.145892784469648262e-01
-4.427169173277761827e-02
2.160942657959510904e-01
-1.882946204918019562e-01
8.304534316265210769e-01
-5.799143748128040565e-01
-7.817176719740637214e-01
3.188759356459264227e-01
5.940386959112405885e-01
-3.092049828972385228e-01
1.508408755603763973e-01
1.425534407203098985e-01
5.172245007041316178e-01
-2.854833198677195760e-01
5.335087421223683180e-01
1.490683627455567928e-01
1.729953799008524529e-01
-3.266096578665324962e-02
-2.703563398956066455e-01
-9.203831251616854114e-01
4.013388417946592845e-01
6.116729703485070946e-01
-8.889987553477396443e-01
-5.576255114488750664e-01
-3.516565173836686542e-01
-6.659145050273951316e-01
-1.836367843120081389e-01
2.694313612970556937e-01
-3.174270330304985177e-01
-4.907533416124663095e-01
-1.323656847695643402e-01
-7.889446004737568074e-01
5.239905890687800438e-01
8.673000664545859467e-03
5.242662087984931718e-01
1.000000000000000000e+00
-9.037340124018415910e-01
-1.000000000000000000e+00
6.886618273722694417e-01
2.295097292106611508e-01
7.799804783234852712e-01
-7.079889360951550081e-01
-8.657545529380543670e-01
6.625643185778222755e-01
-9.569210179884726220e-01
-4.695277388367978255e-01
4.585495951279303095e-01
6.278894340837168908e-01
-9.315691032714160658e-01
-6.342211024906594385e-01
-6.573360345601559906e-01
-8.403160743297801716e-01
-5.563045925142606762e-01
7.227299221170571109e-01
-4.782200949376231858e-01
-1.000000000000000000e+00
8.188014816328851309e-01
-3.374519780607108110e-01
8.360271845830113957e-01
-6.139771002286469326e-01
-4.756968326528714930e-01
-7.831757608594568376e-01
7.676399811905023629e-01
4.872244925368358626e-01
7.506467567306700506e-01
-6.348124525336290569e-01
-2.613888150234737751e-01
-5.279560741968730708e-01
4.855726737793383263e-01
-1.495709122522884127e-01
7.096470926291673642e-01
-3.928069408170467014e-01
3.853837850597936487e-01
5.548583681686122260e-01
7.399588195000644797e-01
1.024836847273982721e-02
-2.222587404051923898e-01
9.875183859168380485e-01
9.627096346591761389e-01
9.417263998482016119e-01
-8.745201133534894478e-01
5.344669773054370188e-01
3.589297030086776585e-01
-2.034246608512392807e-01
-2.103344308268777774e-01
-5.709185362576842948e-01
4.033968095596911496e-01
-6.879145429981236015e-01
-8.183271504071010227e-01
7.241751852612954288e-01
-1.033046363870689932e-01
-9.001108297133580960e-01
6.259564361292585533e-01
1.334545305695836181e-01
-5.902835622863856768e-01
7.420559088826874650e-01
-3.742810904835747188e-01
1.278958758154680464e-01
-7.158853292434463889e-02
-6.001412986626450952e-01
8.682665655256268655e-01
-1.000000000000000000e+00
4.946900164263019484e-01
-4.419544433438240549e-01
2.380772898463507925e-01
-4.468343581809205989e-02
7.776223781931548285e-01
1.409759818689043931e-01
-1.000000000000000000e+00
5.198482298395402934e-02
3.572274063953662093e-03
4.433168267329430368e-01
-1.132662283040129780e-02
6.457036626474600693e-02
-3.957849354197617853e-01
2.531008769744305109e-01
-1.930807355862325381e-02
-8.934445828797382694e-02
-8.184968446061702263e-01
-1.287369436251634691e-01
2.672633162626971703e-01
9.363911603522812044e-01
5.286728926756349978e-01
-4.312801640979448958e-01
8.504324386705199856e-01
8.136659842811118093e-01
-9.087590081162387756e-01
9.968836562330563034e-02
-5.891912143732185025e-02
1.647756942783438483e-01
4.691156940419823895e-01
5.674689645053093701e-01
8.265118576517876958e-03
1.988883639904242828e-01
8.767801098620680023e-01
3.891630038211270071e-01
4.375811469536210474e-01
-5.199767304514320287e-02
-7.602029342539051715e-01
-7.892217915944090834e-01
-7.535477943557260527e-01
4.355413210429712745e-01
4.265448210219576208e-01
-7.434132333826249939e-01
-2.957306198393522823e-01
4.796343288047955067e-01
7.147722005240420007e-01
6.657753851381800203e-01
9.422606132187081318e-01
3.826809489503548711e-01
4.980231143154112416e-01
1.323254542400831291e-02
8.926315631449629473e-01
-8.329141202498606678e-01
3.950940162576536963e-02
-7.152228253674050018e-01
1.402668400777303537e-01
2.333110304282187131e-01
-3.362840670077666960e-01
2.700251564552273997e-01
3.450121395401932745e-01
-5.556538554964465249e-01
-7.279093396826742390e-01
8.529892859048506804e-01
7.063780450706295122e-01
3.146376656547047457e-01
-6.809684296132307857e-01
4.417528156318113464e-01
-7.421514306563782304e-01
-8.510566886178947410e-01
-1.268784225429844259e-01
1.837947407621424167e-01
-6.514765659794561348e-01
2.305216976001933649e-01
2.287032564070878848e-01
1.567501558117424254e-01
1.173071408761015011e-01
-5.990046630771713732e-01
6.548070687736060602e-01
-7.130030949678084484e-01
6.521867024588542394e-01
8.914100125694661703e-01
-6.191247813851791237e-02
-4.869283191672527655e-01
-3.972219941509913532e-01
4.510068760285501632e-01
8.217136478681075218e-02
2.634996161692211292e-01
-9.185703160355958019e-01
-8.134425110577102602e-01
9.812191322705829943e-01
-2.879082760565282451e-01
1.000000000000000000e+00
2.015699262328001229e-01
8.918034766581418582e-01
-6.975859903469282530e-01
-2.400110951837536866e-01
8.915293391783816190e-01
1.446600840274150368e-01
3.384692511630665313e-01
9.918069731474553619e-01
7.942649297038937295e-01
1.000000000000000000e+00
-4.978050597211838291e-01
8.437343394300573785e-01
1.279161549145244881e-01
-8.321978794386513112e-01
-3.702127151092295954e-01
-9.337710353120044493e-01
4.330157586220706456e-01
-4.985086435080742784e-01
7.203902688870538196e-01
2.227139780617226616e-01
-1.240714591303032077e-01
-7.786817838185400298e-01
-4.526366612411922841e-01
5.928163314591803346e-01
8.176283360541383161e-01
2.581355118351302269e-01
6.646148315619947455e-01
-4.868484585370965734e-01
-1.455762230049783557e-01
5.901654901864890057e-01
6.526371872428748944e-02
-8.181714782046526357e-01
-1.266852751610152428e-01
8.872446627305243805e-01
4.520474832820764455e-01
-4.538906792122006373e-02
7.131130737334632208e-01
-5.698735660279944382e-01
3.702708198500623826e-01
-1.365323964212210583e-01
8.561742533541872868e-01
