1.169882529226664580e-01
-1.635744385966948489e-01
-8.513793558363267344e-01
7.673955205974147820e-01
6.618449380988344899e-01
-2.712524873582453644e-01
-4.343510825169931699e-01
7.615150850818523942e-01
6.931844962747710781e-01
-3.510975608526138991e-01
-7.785150313520154963e-01
-2.288497345849025422e-01
-6.192686751016858171e-01
7.857445370459181788e-02
5.086356408132057805e-01
2.427417460627130374e-01
-5.000858704522421760e-01
-6.264767442715599710e-01
6.699652568520542140e-01
-4.474332343363602860e-01
3.853155833845933742e-02
2.788207668971027786e-01
5.575508780484317306e-02
8.281969016874204392e-01
-1.846995772023931615e-01
7.645393216633431521e-01
5.950570852838898972e-02
6.177061079898329421e-01
-2.949503400814716958e-01
-9.881740454014638075e-01
4.124778947837550724e-01
7.405803576325122872e-01
-7.357454121488662402e-01
-6.317708040677592063e-01
5.495769849704590371e-01
5.426511210890512249e-01
-4.531402134082807009e-02
-1.077994706959395366e-01
-5.764721998448962825e-01
-1.183618252010820715e-01
-5.122601381478981697e-01
1.337322207299005417e-01
6.482361290757165939e-01
3.909059583003589022e-01
9.699322233982099473e-01
-4.149148237759465729e-01
9.660803372622412954e-01
3.250121147488149731e-01
3.324329647907846574e-01
1.992327335231058871e-01
5.484620784982285890e-01
7.127816310337518058e-01
-3.200807699886731861e-01
1.612058215525924432e-01
-4.517289751145838750e-01
1.133891172140839565e-01
8.105569998659030162e-01
-4.827664651441196941e-01
7.381236917629223626e-01
-3.432748607876394686e-01
7.963971408303043287e-01
7.754337250481393440e-01
-8.660839206822150693e-01
4.271793545320152763e-01
-1.568888819496059295e-01
3.659070453503900922e-01
-7.304245752665390334e-01
-6.487377223537647009e-01
-4.840923672245636133e-01
-6.265253165162727456e-01
5.059572700268746281e-01
-3.440523177769596597e-01
-7.265045492626318602e-01
-9.112311968965975950e-01
2.276436403380104334e-01
8.294294757747002755e-01
-6.156372618449630352e-01
6.192170103927809865e-01
9.751945077331904965e-01
-9.984971024787716587e-01
2.416484977048876104e-01
-8.880747319708381937e-01
7.837415860161121017e-01
-8.291042137130744116e-02
4.027357329373268957e-01
9.412287169827893152e-02
4.742091817180580371e-01
-1.218235064067370033e-01
3.202557835903920846e-01
3.032301866857476380e-01
9.609486891525580443e-01
-4.247287821439180711e-01
-4.891267270605490491e-01
6.988242420012227285e-01
4.959497481448909006e-01
8.420402593298874638e-01
5.771294870134706656e-01
-9.872719170075090478e-01
2.460479847882321991e-01
-5.304119379794838274e-01
-4.795689502490230183e-02
5.387300318090659790e-01
2.390266852620013260e-01
-5.773667538064080063e-01
4.513591740180484813e-01
9.488194868991413067e-01
1.321110826984304154e-01
8.822810930620272885e-01
-1.543057567702599275e-01
3.812361283804346357e-01
-9.786183160556114480e-01
-7.307082132858568890e-01
-6.506842626902389348e-01
3.141087203328749577e-01
4.116676178392464358e-02
-8.246794612459011908e-01
7.263787102362115888e-01
9.282937959058212840e-03
-8.769020830065081817e-01
-4.717881158692849297e-01
-3.238219397919332998e-01
-2.659169740587761233e-01
-5.230640639843624484e-01
4.662712661937735703e-01
-8.704752428678310672e-01
-2.584086793124702464e-01
-6.196562907281009114e-01
-1.282264897335079201e-01
-5.045057876910308270e-01
5.072973618614722291e-01
-6.346278573618457930e-01
1.033216448460860803e-02
5.221063976359303638e-01
6.863908952953858833e-01
8.041758234577469633e-01
-2.928372283602262982e-01
-3.705901552874701910e-01
5.429172857971606980e-01
3.376367391015946406e-01
7.858500542699626834e-01
1.019473120227285534e-01
-2.859946073195804850e-01
5.210519267446223068e-01
-2.376994917943169305e-01
-9.090399993782840582e-01
6.347519703651895995e-01
4.612093519795834595e-02
-3.591177564997567462e-01
7.981027999714069843e-01
7.846002530377500506e-01
-9.879682992798222152e-02
6.734087460881923448e-01
-7.108878390577051398e-01
-9.232514663602156002e-01
-1.034039279001814915e-01
-4.903735452921980098e-01
4.253183674688323368e-01
-2.679238493656062037e-01
-1.226072197933729679e-01
-2.297661360624507765e-01
-6.632470822292058088e-02
-1.279985436263508802e-01
5.720774356365354585e-02
-8.403202525533970402e-01
2.678230062025981351e-01
2.503977284205003428e-01
-9.728111820066205340e-01
-1.059199624460549494e-02
-3.510698034741204232e-01
5.435557787576354993e-01
3.190175549526863552e-01
-5.874456212143701617e-01
4.369041928683046194e-01
-2.877069246245316236e-01
-1.085489007881108581e-01
-5.501827386106856732e-01
2.329125968014436054e-01
-9.948543787573382868e-01
-7.570487844457467475e-01
5.653746868261069203e-01
-9.419113242961798527e-01
-5.654955464840880630e-01
-4.475750567574610095e-01
-1.233009197934156198e-01
6.405141717062767803e-01
-3.783777953561124896e-01
6.771112058587447358e-02
-8.596623953582975819e-01
-8.926536507111095808e-01
-1.508633659880571631e-01
-9.573051865925696902e-02
4.279787543522537430e-01
8.332291108333427232e-01
6.654197768437226657e-01
9.223974610929177587e-01
-4.239957043232689404e-01
-4.353170213732222571e-01
-2.326990820698133788e-01
9.716875237753321848e-01
-4.466676500025261731e-01
-3.585142831267618124e-01
7.965535194810116071e-01
-9.901167140464004479e-01
-9.118719987778043379e-01
9.675574861289280015e-01
-6.055019600050846051e-01
5.619211789993312500e-01
-4.140592476539330935e-01
-9.939077136523346567e-01
4.092509943503270797e-01
-8.733438345569077832e-02
-2.233530994649863821e-01
-4.568077837842652311e-01
9.565817393610829278e-01
-7.803374490576140410e-01
3.021646992722695213e-01
-6.283809590569975345e-01
-7.286541930232923736e-01
5.944330797810346567e-01
-8.178436303241216621e-01
1.155922269368383493e-01
9.298916464180433383e-01
-6.793966733716516604e-01
-1.911184715557801006e-01
3.207783949693301384e-01
5.329479005715074269e-01
-4.770996884918190517e-01
8.413229904568406692e-01
-6.125387802967363626e-01
1.127488054934677741e-01
-4.152092992192699672e-01
-9.606004976512294569e-02
3.019951616303508946e-01
4.108885615309276762e-01
-5.864531237280106168e-01
-8.609741560051824560e-01
9.187101829551291843e-03
-9.648537499745966084e-01
2.540382547127901791e-01
-8.194766245472717703e-01
9.189801764792981942e-01
6.308544273002070213e-01
8.173603710330401562e-02
4.644465654641984909e-01
4.088349356785470068e-01
1.952882643282483066e-01
-5.606308974187921290e-01
8.745451832328388075e-01
4.993008993992420486e-01
-9.348200225244143180e-01
-9.836607801536167983e-03
1.282392458288788006e-01
-5.241711209033639296e-01
-5.390440332208297214e-01
-6.539412060065252774e-03
1.682922467734995209e-01
5.048500081509337267e-01
6.350118172335004196e-01
-9.464315338137339051e-01
-8.148859380784398976e-01
-8.223289193892522331e-01
-8.262927697544091288e-01
-9.186013469080529514e-01
2.680164169528467255e-01
4.771444234677817420e-01
