-5.006295521444488195e-01
2.238345457026911234e-01
4.874398083412461169e-01
-2.272794068513934451e-01
-9.125729111939813176e-01
5.998733064800942927e-01
7.491547024242112274e-01
-2.802804454262350919e-01
9.246564469059839197e-01
4.286865613648347395e-01
4.694949881033436689e-01
-6.987220692135069910e-01
-9.138658765860310229e-01
-6.395720964040607637e-01
-3.751430251195784216e-01
5.532151842719690293e-02
7.546212001055812024e-01
7.533486519144356741e-01
1.105204778116413156e-01
5.350115147918779179e-01
-5.027010027043494755e-01
7.174135269971699813e-01
2.972966309134976726e-01
-3.085884563838923178e-01
7.101896108111056538e-01
5.232901599673920323e-01
-3.460566624450118756e-01
-5.505938684994657883e-01
-8.373865096917053608e-01
-9.798063402708994118e-01
9.164503652858273508e-01
8.551003064963107470e-01
-5.780343780223808903e-01
-5.106321857596172187e-01
-4.945503423734871618e-01
3.032848482681353985e-01
-8.241102018290913378e-01
-9.854955216350336222e-02
-8.980608696309614336e-01
8.226903073147091572e-01
5.190550766764163715e-01
1.160713435039548713e-01
1.930131027662369547e-01
-9.767891601490109876e-02
7.503278908315251794e-01
-8.972114703217397569e-01
6.186578953043129214e-01
9.224692564426736352e-01
4.979820768198716108e-01
-9.445815844132934291e-01
-9.586314652628573629e-01
3.237055233354309003e-01
3.453843861943444171e-01
-1.575493107103009827e-01
7.416359364453894987e-01
1.596390133332943329e-01
-5.259467070338179617e-01
-5.027959043059526678e-01
-3.671833332661433857e-01
-5.570979496541041964e-01
-4.248537794805935519e-01
-7.157316319267850169e-01
-4.267446478853331726e-01
-3.244235605053171767e-01
2.289211482728412683e-01
1.094063714241590990e-01
-1.143274388002564201e-01
3.110641792774671011e-01
-4.708724386279919405e-01
5.046014172885595617e-01
-2.787924617730880295e-01
-4.221244029926483066e-01
-1.522025026546010018e-01
-9.600800164640277412e-01
-2.255359847722371303e-01
1.118337011827761351e-01
-5.209695023830209770e-01
-3.390941644970151270e-01
8.816378864492950829e-01
2.663718450840473206e-01
4.163769825096665933e-01
3.413004351210670584e-01
4.572812485614006217e-01
4.521178547849213913e-02
-4.489513054776719247e-01
-7.205920474174444257e-01
-1.136309145384732933e-01
4.331773642325140727e-01
1.848008283553463915e-01
-8.945135303542550709e-01
-8.514860579663232620e-01
-3.502155714772303696e-01
-9.629918778217172459e-01
-4.281231514247796910e-01
2.034987591476775659e-01
9.677015730494196166e-01
2.141669845827309793e-02
-7.409461930514409378e-01
2.130201726309182142e-01
-7.895117929764106091e-01
8.321045989405317922e-01
-9.467030821613102720e-01
-6.610635715313424310e-01
-7.403709342286144413e-01
-8.108091223716402673e-01
-8.057039836517179143e-01
-7.403581256708049452e-01
-7.706370410205634069e-01
-6.981997802771182648e-01
2.783792912121192398e-01
-1.647334523525316730e-01
-4.587428431629103631e-01
5.575889385039831669e-01
-5.753050779359276667e-01
5.963769470803206296e-01
1.000000000000000000e+00
-8.977435820324284332e-01
-7.383050653615579328e-01
4.748803763680295997e-01
5.551371762533474641e-01
7.562369113208637916e-01
2.631232380116088621e-02
1.191185676615222899e-01
-3.104854315770126938e-01
-8.811835960843013016e-01
-1.775060218991829641e-01
7.373336857687802226e-01
-8.202287795877247767e-01
2.822960251717376856e-01
-9.335683615705612226e-01
5.246583780351075088e-01
7.403957474552238516e-01
-2.077880624902992412e-01
2.239307214418542191e-01
8.307605252268990270e-01
-6.968445579978506110e-01
-1.023200699331010544e-01
6.267385586864551161e-01
1.000000000000000000e+00
-9.108250458740647648e-01
4.385833465249946439e-01
3.817405126111388380e-01
-3.233893149807558487e-01
6.167377328374754608e-01
4.431188363832683219e-01
-8.371957616462259999e-01
-6.949536228635402879e-02
-6.335353663130862678e-01
-8.649025880649556797e-01
-3.421351664215490640e-01
-4.799412379618670510e-01
-1.140646586966220788e-01
-9.605132162209295554e-01
3.359348267147923561e-01
2.581987048996669531e-01
-6.062945123945151504e-01
5.063154710472952402e-01
-5.058113638022152525e-01
8.727340030519223912e-01
6.158283641284991727e-01
6.763820186187119443e-01
8.117415133328498289e-01
4.391669035087559791e-01
3.813795517824256631e-01
-1.115548612573000753e-01
5.640323467252713607e-01
8.058891334363003089e-01
-2.491176856294685660e-01
-8.287910838268184310e-01
-9.285470332141265715e-01
-7.798696838764592743e-01
-2.475565083047845949e-01
3.621098857698095141e-01
-6.059031107255197224e-01
-5.506765770397079596e-01
7.760686550486222135e-01
-6.479282308014890912e-01
7.947445247831754767e-01
3.208122522613643390e-01
-7.658107457654567130e-01
-1.178050292000205612e-01
3.508502682395602257e-01
-5.741830066279647315e-01
1.859418692309566801e-02
-2.007374812119069318e-01
-5.349335933148979816e-01
-2.710469862094282423e-01
-5.018289437052736446e-03
-8.465030641171102932e-01
-7.693368249428187422e-01
-6.163914968554601304e-01
-7.012497643611108611e-01
7.663342806166556498e-01
-4.027776666864707478e-01
1.400597240341781013e-01
-1.496054372637409813e-01
-5.539556311081736961e-01
5.030973575416182175e-01
7.064418267154066733e-01
6.801215734999532803e-01
1.319717961826194497e-01
-8.432010677995807058e-01
5.400186138861453600e-01
-1.645973512964377106e-01
-6.226699925586274276e-01
-2.986497793014024627e-01
2.315567512514786763e-01
-8.498445684752244933e-01
-2.103741298713728280e-01
6.813621061890667852e-01
-4.851497937235362823e-01
9.496624577405237133e-01
4.045072232267966916e-02
2.141329067012873733e-01
7.503913538516648885e-01
-5.594658425363048249e-01
-5.249573916272920471e-02
-5.195858650174189908e-01
-7.433645563677626633e-02
2.924187945515011045e-01
-7.780574582981285570e-01
6.832391530943229263e-01
8.453323997255881572e-01
-2.880733213711241802e-01
6.953691486776811814e-01
3.365927094250935614e-01
-5.278987287400088713e-01
8.359201789301768937e-01
5.952180499699686322e-01
4.414890461839164892e-01
-6.938660406607395359e-01
8.849560277639749728e-01
-6.215311020730061031e-01
-6.206805958309095095e-01
8.074953238702131664e-02
-7.480472528306456592e-01
-1.188592277595436064e-01
-8.906375350326094509e-01
8.077694768964043259e-01
-6.233537715304260374e-01
3.699918210680841479e-02
-7.647540132164725168e-01
2.678520516339469859e-01
6.813880171572757050e-01
-5.706583171157730838e-02
-1.000000000000000000e+00
8.573275088138071487e-01
-4.790510282767930228e-01
3.434697432785941973e-01
4.530603812314102363e-01
2.718693143739734364e-01
7.576475536332503147e-01
9.588946608994539655e-01
1.365000363481938539e-01
5.658339790735444907e-02
9.267499577976880953e-01
-9.156377298361273454e-01
3.239372699032072589e-02
2.188812605959573609e-01
5.854321426227904190e-01
6.220241929054131091e-01
-2.625652479066966638e-01
-6.574435137350655989e-01
-6.919380582472625107e-01
7.336027903486910251e-01
