-2.394965870757584936e-01
2.462184244763785390e-01
7.479118203769965501e-01
-3.080744304967634184e-01
-9.285951311488341853e-01
3.987302775996972581e-01
8.342199056213646102e-01
-2.707246624719905070e-01
7.834062972876517650e-01
5.880824244109215115e-01
5.807908933463673540e-01
-7.949363450150631616e-01
-9.908098057893162114e-01
-7.952060647660753601e-01
-5.405161814283079291e-01
5.778139596358822933e-02
7.442889772571410489e-01
6.883228555192494325e-01
1.140454298498083802e-01
5.784888060096629037e-01
-3.939625368855549370e-01
7.645534030132070669e-01
2.383510897451681654e-01
-6.132426074293174656e-01
6.678977454871515285e-01
4.294256647848625486e-01
-4.344675582033988848e-01
-8.813578522644462954e-01
-8.017090803508065688e-01
-9.884366455710565935e-01
9.861267130347314280e-01
9.370801277260538686e-01
-6.079347223008400025e-01
-4.807324023288725434e-01
-9.171324615698036586e-01
3.554370038642122309e-01
-9.340524392853217783e-01
-2.506307076770818432e-01
-8.980608696309614336e-01
8.387729636222136520e-01
4.909331724119773144e-01
2.400996383209259011e-01
3.678875184676316801e-01
-2.917809712550598067e-01
7.479366188045709629e-01
-9.076367508295025699e-01
6.046195668891088948e-01
9.258407165608852907e-01
5.296613829540286478e-01
-9.445815844132934291e-01
-9.813815100222679222e-01
3.134441863975448439e-01
4.937783080220272680e-01
-1.986791277610909789e-01
7.606871550165743567e-01
2.790119304127331445e-01
-4.520797104901775887e-01
-4.443466943429507654e-01
-3.936787170392241353e-01
-5.866499406372954750e-01
-4.866565066305270637e-01
-7.181234063218215891e-01
-4.165842539009341206e-01
-4.010039958875500909e-01
4.017446075932821214e-01
2.030750098515103907e-01
-6.186506666696801188e-02
-9.362921597770547388e-02
-6.277609501655631030e-01
5.366330020036234050e-01
-2.454587386723871001e-01
-3.852253733213237830e-01
-1.384831360407767220e-01
-9.948290544588527240e-01
-2.487575712430592778e-01
1.044636759698523987e-01
-4.665220505320106237e-01
-3.459965955960267459e-01
8.742902786558803818e-01
2.954259894219123939e-01
4.163769825096665933e-01
3.075038223391650671e-01
4.746966798606117588e-01
2.870437214604708992e-02
-5.363560849001978159e-01
-7.205920474174444257e-01
-1.420921115238585608e-01
5.412321318530247671e-01
6.599221337442014168e-02
-8.192180446577576047e-01
-8.549245794736859416e-01
1.178188866253919720e-01
-9.959756937324938386e-01
-3.184142499551365080e-01
1.880958957758933348e-01
1.000000000000000000e+00
2.977160312133290271e-02
-7.401595371341372909e-01
2.135860408626970297e-01
-9.275349580040690434e-01
8.817060481267607885e-01
-8.296251480459283512e-01
-4.296661462950465693e-01
-6.930002913107093931e-01
-1.000000000000000000e+00
-8.335377800387887559e-01
-7.089437018833751880e-01
-7.520524684455341946e-01
-6.662500418735610719e-01
2.404691711660745523e-01
-5.586734792512922931e-01
-4.831337037550198499e-01
6.102316081749797894e-01
-5.753050779359276667e-01
6.508952950400144211e-01
9.496159728826375490e-01
-8.338552929795256530e-01
-7.366610158124017316e-01
3.314442099428382416e-01
6.375112275026973974e-01
7.481389819509268735e-01
-7.253785720600272602e-03
9.152721188779409933e-02
-1.175281920451430873e-01
-4.649308502341481519e-01
-2.428186057722030167e-01
7.703062736185448678e-01
-1.000000000000000000e+00
2.425240245921944648e-01
-9.733540224943584285e-01
4.982862273449953361e-01
3.968183531738535552e-01
-1.853922720318444683e-01
6.580653080690841705e-02
8.244210350187315406e-01
-6.870068016756892826e-01
9.086002279374684118e-03
7.026637332940517400e-01
1.000000000000000000e+00
-8.709298557342588509e-01
5.649365920940864205e-01
4.644076367761921231e-01
-3.007303730079898263e-01
6.124038251803317623e-01
4.029503104018415383e-01
-8.042258659202304871e-01
-3.231641106752251857e-02
-5.535408627668141346e-01
-8.649025880649556797e-01
-3.421351664215490640e-01
-5.420619403378152956e-01
-2.465853717765534303e-01
-9.149007261087971354e-01
2.149880904509950952e-01
2.840567151134179569e-01
-5.226279404231670700e-01
5.140992984480603489e-01
-6.222723295730498982e-01
8.573200317354519040e-01
6.255108733940850652e-01
5.831923311003839316e-01
5.453044992494578969e-01
5.261692773105455245e-01
2.374984221966477682e-01
-8.005104240918328729e-02
5.640323467252713607e-01
8.768933317702990449e-01
-5.655406966353841713e-02
-9.927017191840612487e-01
-1.000000000000000000e+00
-7.372198889252842280e-01
-2.754018658518667118e-01
3.899097264534896468e-01
-5.361070141289132618e-01
-7.008832716157148424e-01
7.700780652878553845e-01
-6.947808248281808208e-01
7.836830019846892093e-01
3.346860049291637274e-01
-7.488345850618198796e-01
-3.750296928676169483e-01
3.984640887525560116e-01
-5.494391480926665849e-01
1.621255979181701612e-02
-3.064508655482173771e-01
-3.689054989766555881e-01
-2.556486561167099492e-01
-1.591626734400636289e-01
-8.353016268475770278e-01
-9.221097240658221450e-01
-6.221302549770509893e-01
-6.570197936223229895e-01
7.067848050798311021e-01
-4.013392851548338025e-01
6.033778004093599545e-01
-1.762624418490731648e-01
-3.852944620742975168e-01
5.836826040367046886e-01
7.325797222248215945e-01
5.690125669194854297e-01
8.485893742919597971e-02
-7.982347429395397764e-01
4.577388137058673312e-01
-1.645973512964377106e-01
-6.248177029519401682e-01
-2.416279908799012222e-01
1.632470023973158213e-01
-8.616040914210195689e-01
-2.357671544401505892e-02
9.075793449609635966e-01
-3.867678838260690810e-02
8.425966781700254815e-01
-5.462421671814155638e-02
3.927248176113257161e-01
1.000000000000000000e+00
-5.594658425363048249e-01
-2.552455680499467472e-01
-5.376808921627403981e-01
-2.444677276458585846e-02
4.909074614025191186e-01
-7.488725352174749883e-01
6.848643711736798201e-01
9.456369521973967407e-01
-2.880733213711241802e-01
7.248885642591953449e-01
6.161740022193625821e-01
-6.129364349823686053e-01
8.742727833560621775e-01
6.433558405748378561e-01
3.861173942238706469e-01
-7.907378988284590182e-01
8.849560277639749728e-01
-5.809021189175337385e-01
-6.206805958309095095e-01
2.251413618585114407e-01
-7.135112941818226862e-01
-1.683510908614304635e-01
-9.050084240030810134e-01
6.960669697535161182e-01
-7.680856215536030485e-01
1.621791197014912922e-02
-6.965586746573337873e-01
4.570359392619589012e-01
6.135684761334107007e-01
-5.706583171157730838e-02
-9.943605437288740578e-01
6.775952015038938514e-01
-4.620069100424640252e-01
3.632593188717068156e-01
4.530603812314102363e-01
2.498509597773627411e-01
8.076009705986885168e-01
8.343753524780151976e-01
2.052713742702221289e-01
6.878586763252587943e-02
8.297762139573277018e-01
-9.417521643673978371e-01
-3.922645712917938177e-01
2.315761468341689944e-01
6.402940671096591929e-01
9.693644925523138278e-01
-2.077148837058575837e-01
-6.542417478355617710e-01
-7.358701545638857144e-01
6.220237083624708951e-01
