-9.801731725843222387e-01
-1.000000000000000000e+00
-7.534266081875533594e-01
7.422329272529524236e-01
8.271769203026302364e-01
-6.141499798425944512e-01
5.227215007507699518e-01
1.450914667060597685e-01
8.003343797328691389e-01
-5.479677248174378290e-01
4.814284196602204302e-01
4.303595621014408290e-01
9.136582851401947591e-01
-4.314979224913163547e-01
9.344990063253680868e-01
-6.360141004644919160e-01
3.639795616310689264e-01
1.034010563996070990e-02
-3.142505335705019220e-01
7.468045365502194999e-01
8.585759268513664111e-01
-8.954224270129630403e-01
8.258342196679488989e-01
-5.731418595896308199e-01
-8.475833225231015344e-01
-3.086712829068710695e-01
9.861678541360400230e-01
1.047778707539463172e-01
-7.777170425415494970e-01
-4.600613344801210425e-01
-6.517000879119096979e-01
-4.630641413902573666e-01
-9.773357584366979545e-01
-4.745694420273018355e-01
-2.885976648083886653e-01
-7.697164138955181478e-01
6.927047902619561937e-01
7.271028656696547632e-01
4.243677854663232552e-01
3.840531560101624609e-02
-3.086741116833185972e-01
7.592909743807563228e-01
-9.987949978138520590e-01
4.055570648756787744e-01
8.978780543186509755e-01
1.000000000000000000e+00
-3.825224897634398047e-02
-9.305687142651303256e-01
-9.533724163445954636e-01
-8.130861030340282847e-01
-4.034196554669947643e-01
4.777254015719284985e-01
-1.564884577261400345e-01
5.395784887709964561e-01
4.233428227529293375e-01
-7.612142066813821772e-01
-2.622173745733260009e-01
-6.800391203911633209e-01
9.609852041919546561e-01
-7.117103804836751868e-01
2.121001550458308238e-01
-4.576413638456370836e-01
-5.732463486118747342e-01
6.187427860479807196e-01
2.171608737100833575e-01
-7.040235310175201322e-01
-8.672753245472136774e-01
7.425302383613646695e-01
2.289222537671449786e-01
4.177392528421550733e-01
-2.243473056845124089e-02
7.318078208626880299e-01
7.593675342095329572e-01
-3.788116205387997426e-01
2.990416197776092355e-01
-8.158581514262063239e-01
-7.550590929814116059e-01
-2.734745280891619501e-01
-6.947788549772181410e-01
6.152823133601773020e-02
9.947269077649669722e-01
9.361761123781470184e-02
-6.899449194136016983e-01
4.948188713805716787e-01
4.913920799283893470e-01
6.842283895456133802e-01
-8.350989246018011292e-01
-1.152453350299077334e-01
9.807651434207820262e-01
-3.433845340571478610e-03
8.786478174366617599e-01
-9.723944381278580851e-01
9.341987041214097065e-01
5.615511428078695522e-02
1.728758697674498135e-01
-6.679412028781784860e-01
9.892493640984154624e-01
2.415737444576842308e-01
7.488200138534978345e-01
1.803651404868059915e-01
1.881425541952113645e-01
-3.959077048553216738e-01
2.534003651868880769e-01
8.225257551694692415e-01
-3.884652106593112775e-01
2.324558362945933487e-01
8.118565968699928970e-01
-1.000000000000000000e+00
-1.097386267680714074e-02
-2.488745399050736051e-01
6.195263218832776017e-03
-5.290809000334163736e-02
3.847454510471273181e-01
-6.577769807059983265e-01
-9.687158368937560660e-01
6.441569986618358445e-01
2.170319764879503066e-01
6.020113882072686273e-01
-5.540243962829752844e-01
1.730740189982520327e-01
7.130424520275396860e-01
-6.436502571603477385e-01
7.534736290807414472e-01
-4.490832675235890137e-01
-2.039477089876882143e-01
-1.000000000000000000e+00
-7.997158795557993693e-01
9.776539438992514208e-01
1.906426042346648364e-01
1.000000000000000000e+00
-1.000000000000000000e+00
6.882784786254196874e-01
-4.672050951599385216e-01
1.105644536313269422e-01
9.110894785892033054e-01
-4.204291426168142720e-02
-1.004607630571021509e-01
-6.395180600798413550e-01
-1.578390407684203689e-01
7.532972825400088279e-01
3.276603720373319484e-01
4.877477095907777338e-01
-1.044882694895645919e-01
-2.356158654616829218e-01
-9.402203263882479289e-01
-3.497309798019223592e-01
4.142285827066373438e-02
7.251576461419653175e-01
-2.458132931852785585e-01
-9.036287512129735910e-01
-5.443526807272504042e-01
-1.903572059302450492e-01
-9.306118145813125908e-01
-1.656582561622071681e-01
1.438624483942018695e-01
9.979332491414196760e-01
1.596474252452289300e-01
-7.491822062790886028e-01
7.930306100738162556e-01
-3.471640054641818643e-03
-1.180223365140178893e-01
7.706803557568884244e-01
9.904897086015108654e-01
6.097639946581399073e-01
-9.959761537883387028e-01
2.905975948909347295e-01
-1.545080948465607229e-01
-9.423120417591296372e-01
-5.235494447608105562e-01
-1.000000000000000000e+00
9.956573579404217611e-01
-2.858659017264113603e-02
-1.399426794521537731e-01
7.110255911417100450e-01
9.773747726864416840e-01
-2.704609711882976497e-01
5.576011794040971470e-01
-7.691337434756025937e-01
6.504146120915267337e-01
-3.588709576866718209e-01
-8.978156813015681914e-01
1.341844684877243343e-01
-9.663489071656572449e-01
-5.863679730623486686e-01
3.782452849320558363e-02
8.346343440979295814e-01
-2.722084993150456489e-01
9.994971644862972182e-01
7.337060367174391695e-01
7.754237977869031795e-01
-7.979658235853639425e-01
4.911032064679309722e-02
3.649621284159376700e-01
9.772196110666327984e-01
-9.986326215957316288e-01
-5.739183606705652307e-01
3.568464851607649480e-01
-9.576996898774039479e-01
8.835165809190270725e-01
-1.514040116019906568e-01
-1.523234111532536031e-02
-6.877185330769236549e-02
-1.288009920444535376e-02
2.269435659519214721e-01
1.558997903531000317e-01
-9.461706860294840649e-01
-2.664255612052638389e-01
-1.901976593861079978e-01
-8.744508872837992719e-01
-8.540027148450930750e-02
-3.727060210635134152e-01
8.775056865989754318e-01
5.826088545425377463e-01
4.745527634275528150e-01
-5.286428232076713085e-01
-5.294024058351791684e-01
6.472534507157827743e-01
-8.247713655138058653e-02
1.339333517586711528e-02
5.911884710815618060e-01
-1.431292048268603123e-01
-4.764720408523646644e-01
4.844798706487775664e-01
-7.917641450715106055e-01
-6.074910723966073234e-02
-6.757662221223957877e-01
-9.418335893523120950e-01
6.046022814218117436e-02
-1.000000000000000000e+00
-1.000000000000000000e+00
3.517026319094179176e-01
7.639778416300397890e-01
9.136032142334016282e-01
5.894137394436003152e-01
-2.217785122199846526e-01
1.364565619496470594e-01
-5.796552377711826354e-02
-1.000000000000000000e+00
-5.167243298095767212e-01
5.181353598342697264e-01
2.859090090233641912e-01
-1.699596092435141648e-01
-8.977770372677795763e-01
1.000000000000000000e+00
-8.471858041473756540e-01
-6.829178601778979063e-03
-8.595744518396418732e-01
-9.787217494614546265e-01
8.402085372669876318e-01
5.596558598892004133e-01
1.000000000000000000e+00
2.102194038009588817e-01
-5.066842901726823500e-01
-1.000000000000000000e+00
2.091509216116290704e-01
-1.707988630486787507e-01
-4.780176117954116344e-01
5.850227790657530624e-02
-3.092786941820199198e-01
3.224096183124174342e-01
-6.408878512747061551e-01
-9.285724821390752837e-01
-8.421291534575085780e-02
-1.059227984230202840e-01
5.686275476984432864e-02
