-1.000000000000000000e+00
-1.000000000000000000e+00
-7.681350134271134333e-01
7.415902225159064498e-01
8.271769203026302364e-01
-6.184419972753822936e-01
5.227215007507699518e-01
1.450914667060597685e-01
8.003343797328691389e-01
-5.367313485707710941e-01
4.814284196602204302e-01
4.349947445619135045e-01
9.136582851401947591e-01
-4.368621611095123147e-01
9.079128065190283925e-01
-6.360141004644919160e-01
3.667492031869304947e-01
1.034010563996070990e-02
-3.107548875346277661e-01
7.491000373300898962e-01
8.571402271095367453e-01
-8.719456609675786396e-01
8.258342196679488989e-01
-5.731418595896308199e-01
-8.402056579541560266e-01
-3.239094609618308196e-01
9.678982630639485496e-01
8.244095905479975617e-02
-7.777170425415494970e-01
-4.629976616182499560e-01
-6.517000879119096979e-01
-4.812141314061814112e-01
-9.773357584366979545e-01
-4.745694420273018355e-01
-3.016685684331458228e-01
-7.676413537698982825e-01
6.927047902619561937e-01
7.271028656696547632e-01
4.252504898820336221e-01
3.840531560101624609e-02
-3.086741116833185972e-01
7.592909743807563228e-01
-1.000000000000000000e+00
4.055570648756787744e-01
9.040937435282919710e-01
1.000000000000000000e+00
-4.943081272113465652e-02
-9.330006772206419496e-01
-9.533724163445954636e-01
-8.162405042819008694e-01
-3.993461642501555109e-01
4.606434157151158004e-01
-1.533431443930513005e-01
5.395784887709964561e-01
4.249130256060196231e-01
-7.612142066813821772e-01
-2.575595540347095369e-01
-6.800391203911633209e-01
9.822005972677805286e-01
-7.117103804836751868e-01
2.082111419577246381e-01
-4.576413638456370836e-01
-5.535500011816087973e-01
6.187427860479807196e-01
2.218852370472794988e-01
-7.040235310175201322e-01
-8.672753245472136774e-01
7.425302383613646695e-01
2.263462496379748390e-01
4.078985561175503261e-01
-2.243473056845124089e-02
7.318078208626880299e-01
7.593675342095329572e-01
-3.530966877415609995e-01
2.990416197776092355e-01
-8.138900065062298905e-01
-7.550590929814116059e-01
-2.734745280891619501e-01
-6.858343450418614706e-01
6.152823133601773020e-02
1.000000000000000000e+00
8.798059495071534897e-02
-6.899449194136016983e-01
4.948188713805716787e-01
4.913920799283893470e-01
6.821814765324892837e-01
-8.350989246018011292e-01
-1.305633796726214102e-01
9.839553119439080620e-01
-3.433845340571478610e-03
8.786478174366617599e-01
-9.548778560297274121e-01
9.616202633318909898e-01
4.745561073917591716e-02
1.728758697674498135e-01
-6.679412028781784860e-01
9.772393369543302954e-01
2.415737444576842308e-01
7.429868049467026614e-01
1.728544405925390715e-01
1.662507240538003694e-01
-3.959077048553216738e-01
2.534003651868880769e-01
8.241850797327257006e-01
-4.122081018592329005e-01
2.324558362945933487e-01
8.118565968699928970e-01
-9.834661811049644209e-01
-1.097386267680714074e-02
-2.488745399050736051e-01
6.195263218832776017e-03
-4.017705277576864853e-02
3.847454510471273181e-01
-6.577769807059983265e-01
-9.687158368937560660e-01
6.441569986618358445e-01
2.207671367510471994e-01
6.020113882072686273e-01
-5.465442349058888816e-01
1.652002149935877517e-01
7.092318164059846497e-01
-6.609672496235321493e-01
7.534736290807414472e-01
-4.736523299799498821e-01
-2.039477089876882143e-01
-1.000000000000000000e+00
-7.908161637610114925e-01
9.783494593880860402e-01
1.906426042346648364e-01
1.000000000000000000e+00
-1.000000000000000000e+00
6.917982296368494488e-01
-4.672050951599385216e-01
1.040468454057457554e-01
9.110894785892033054e-01
-5.574120284416105020e-02
-1.004607630571021509e-01
-6.572666204537230827e-01
-1.578390407684203689e-01
7.532972825400088279e-01
3.246780908294356616e-01
4.877477095907777338e-01
-1.218210096584819713e-01
-2.268245950473531947e-01
-9.456004619135088829e-01
-3.427579740390542251e-01
4.142285827066373438e-02
7.136699886286470562e-01
-2.458132931852785585e-01
-8.924249770243496416e-01
-5.443526807272504042e-01
-1.903572059302450492e-01
-9.310401723688139786e-01
-1.656582561622071681e-01
1.438624483942018695e-01
1.000000000000000000e+00
1.596474252452289300e-01
-7.491822062790886028e-01
7.930306100738162556e-01
-1.267780252783595740e-02
-1.180223365140178893e-01
7.630939048703119232e-01
9.821099273115774242e-01
6.160871274332455627e-01
-9.951190150194813011e-01
2.809845370332176850e-01
-1.381236533494645258e-01
-9.423120417591296372e-01
-5.214254900862247410e-01
-1.000000000000000000e+00
9.812738500049833501e-01
-2.858659017264113603e-02
-1.282352476933379670e-01
7.218041786474479471e-01
9.773747726864416840e-01
-2.704609711882976497e-01
5.576011794040971470e-01
-7.691337434756025937e-01
6.504146120915267337e-01
-3.588709576866718209e-01
-8.880927526010155004e-01
1.341844684877243343e-01
-9.660099252732093911e-01
-5.863679730623486686e-01
3.782452849320558363e-02
8.200141021115694429e-01
-2.722084993150456489e-01
1.000000000000000000e+00
7.486288853679039512e-01
7.754237977869031795e-01
-7.979658235853639425e-01
4.911032064679309722e-02
3.651505890415987499e-01
9.772196110666327984e-01
-1.000000000000000000e+00
-5.739183606705652307e-01
3.650061276628833729e-01
-9.555081335739549209e-01
8.750219792440849798e-01
-1.580349440296766050e-01
-3.663366771261819532e-02
-6.124892170057315982e-02
1.878201480837344423e-02
2.274225818500205387e-01
1.558997903531000317e-01
-9.584072977705500040e-01
-2.755491640926069352e-01
-1.702438005902927876e-01
-8.744508872837992719e-01
-8.540027148450930750e-02
-3.727060210635134152e-01
8.775056865989754318e-01
5.823962574799894654e-01
4.682133978335881741e-01
-5.286428232076713085e-01
-5.474685929858561506e-01
6.472534507157827743e-01
-6.153666754623927232e-02
1.339333517586711528e-02
6.053580267851267349e-01
-1.431292048268603123e-01
-4.754076382418266911e-01
4.634067204423562569e-01
-7.917641450715106055e-01
-5.079423513761929798e-02
-6.777346040994025600e-01
-9.418335893523120950e-01
6.046022814218117436e-02
-1.000000000000000000e+00
-1.000000000000000000e+00
3.504752278083519967e-01
7.639778416300397890e-01
9.224484098931190479e-01
5.894137394436003152e-01
-2.217785122199846526e-01
1.397006266991043244e-01
-4.762855949035089270e-02
-1.000000000000000000e+00
-5.167243298095767212e-01
5.170497628770511778e-01
2.967607681328623959e-01
-1.699596092435141648e-01
-8.871311220851691992e-01
1.000000000000000000e+00
-8.424919244757032022e-01
-6.829178601778979063e-03
-8.546482597278490800e-01
-1.000000000000000000e+00
8.403486190560719438e-01
5.596558598892004133e-01
1.000000000000000000e+00
2.102194038009588817e-01
-5.066842901726823500e-01
-1.000000000000000000e+00
2.027746373501591592e-01
-1.782487079923756879e-01
-4.654103338265211942e-01
5.850227790657530624e-02
-3.014811904843955892e-01
3.224096183124174342e-01
-6.250174964064045824e-01
-9.285724821390752837e-01
-8.421291534575085780e-02
-1.059227984230202840e-01
5.686275476984432864e-02
