-1.000000000000000000e+00
-9.335210672418767786e-01
-8.496424935157554925e-01
7.590573907866978720e-01
8.422132755671620785e-01
-5.927176412708382580e-01
5.861010981140207798e-01
1.392199656447090927e-01
7.730908840245918068e-01
-5.591735513765028198e-01
4.668403506222960075e-01
4.380148759907900313e-01
9.122956881128737594e-01
-4.789175611570724578e-01
7.847225982923009546e-01
-6.214207483192228931e-01
3.130291607981811053e-01
5.994525509790618600e-02
-2.027669404305803003e-01
8.129964082578168272e-01
8.531153063201213360e-01
-1.000000000000000000e+00
7.926546322165216596e-01
-5.310758521085363615e-01
-7.644680825355587572e-01
-2.566327203528823153e-01
9.436640815109617053e-01
1.195326776618169246e-01
-6.581869035986275263e-01
-3.886190140760800160e-01
-5.594892265101909512e-01
-4.749442472268096127e-01
-1.000000000000000000e+00
-5.593547177161881656e-01
-2.969177334773850929e-01
-7.676413537698982825e-01
7.094068493920347995e-01
7.441429925838729531e-01
4.544115512810672497e-01
1.388779067520196087e-02
-3.663608370178882967e-01
7.803306204744877572e-01
-1.000000000000000000e+00
4.284550176312611480e-01
8.089046156729156056e-01
1.000000000000000000e+00
-5.844750312726582075e-02
-1.000000000000000000e+00
-9.104880557260617291e-01
-7.978363932802317038e-01
-3.247457485368149266e-01
4.945742202973039126e-01
-2.701483506686270797e-01
5.574911462468385981e-01
3.868572777748948699e-01
-7.382189659283648897e-01
-2.589941039427370306e-01
-7.026756133352680678e-01
9.314697884654357107e-01
-7.152074343404566381e-01
2.253031291908936806e-01
-4.026603129165728934e-01
-5.799973021668738404e-01
6.411003492591854647e-01
2.488965824900469526e-01
-7.358667380017618331e-01
-9.076538169850327797e-01
8.202455934113883629e-01
2.580920604737704238e-01
3.888589161870254496e-01
-6.670169474935513931e-02
7.179812607976380212e-01
6.545575292783503141e-01
-4.198883164998412632e-01
4.565691291080424263e-01
-8.309593254685510022e-01
-7.528689286924739044e-01
-2.391928453311863711e-01
-6.077604482676879361e-01
1.232817292228189920e-01
1.000000000000000000e+00
1.909379592248778845e-01
-6.682126351917930807e-01
3.999705883912265669e-01
5.186654765326573768e-01
6.081894065011428374e-01
-8.086245395693332227e-01
-1.546777950591451400e-01
1.000000000000000000e+00
-1.738663198351937667e-02
1.000000000000000000e+00
-1.000000000000000000e+00
1.000000000000000000e+00
-7.884640176936930089e-02
2.398339492518553884e-01
-7.785447685232131931e-01
9.832136245496070348e-01
1.704589925232042336e-01
5.901223444656155115e-01
1.621689740519513534e-01
6.725153494443211755e-02
-3.707395001564652848e-01
2.219116113430374959e-01
8.085674709004351257e-01
-4.192376781408252984e-01
2.158560032228896142e-01
6.443752277593353117e-01
-9.536791225944037942e-01
-9.282267240246833140e-03
-2.531908677939483376e-01
-8.315679878454124152e-02
-5.182227837979232893e-02
3.847454510471273181e-01
-6.314141131756678682e-01
-9.691350695471476762e-01
6.481586850586129600e-01
1.997168706474312383e-01
6.020113882072686273e-01
-5.256733102808148761e-01
-1.291575700483750880e-02
7.669280993558765802e-01
-5.853228927852013319e-01
7.805003177752082300e-01
-4.694921032759697410e-01
-2.240376896288016617e-01
-9.010521765857204546e-01
-7.725049131758947585e-01
1.000000000000000000e+00
1.430634077946282279e-01
1.000000000000000000e+00
-8.991831596361816725e-01
8.359899949268367880e-01
-5.638590979721540553e-01
-4.643973679048874620e-02
9.393716504859865868e-01
-4.521959033314919274e-03
-1.122819261094399890e-01
-6.299713525062726749e-01
-2.986245173885186954e-01
7.885153604503084557e-01
2.992379422964483449e-01
5.412863069996574072e-01
-1.233576359857640609e-01
-1.866101631206294742e-01
-9.538473405704022134e-01
-2.770532713448558004e-01
1.197998293721649898e-05
7.396029704738205091e-01
-2.704270837035802622e-01
-9.316651942636311468e-01
-5.934721363323830490e-01
-1.854480540013040968e-01
-8.299173876380512294e-01
-1.277580974301619210e-01
1.910106922636176374e-01
9.772810195016992107e-01
1.640879667878843151e-01
-7.610368740340953675e-01
8.276175566902348457e-01
-1.011109516396732633e-01
-5.065442843475290169e-02
6.810799139539835956e-01
1.000000000000000000e+00
7.403303783369258317e-01
-9.972487245100606357e-01
3.359708396258618279e-01
-1.176950814664386030e-01
-8.581957399852936375e-01
-5.668955880080865928e-01
-1.000000000000000000e+00
9.559307903960811981e-01
4.732161093575415478e-02
-8.396415315308480842e-02
6.427514595771689487e-01
9.114277080905126560e-01
-2.611603094524085900e-01
4.614462034249484645e-01
-7.906358649290901042e-01
6.315980241515387617e-01
-3.929530595401820037e-01
-7.639198162413980420e-01
1.140699737291997889e-01
-8.346867113993549081e-01
-5.602569101176484434e-01
-1.809108446564138689e-02
8.169281147819830169e-01
-1.890279308855988827e-01
9.789551839342887085e-01
6.997134060504990316e-01
7.836176993121559686e-01
-8.176003009999802673e-01
1.011239745369856002e-01
3.262862819328105068e-01
9.412909994025777660e-01
-1.000000000000000000e+00
-5.739183606705652307e-01
4.522035213543643684e-01
-9.673651856552492045e-01
8.635492566027975769e-01
-2.369237536906128039e-01
-3.048636633029744303e-02
-1.014775628294288246e-01
4.448780944175704383e-02
2.528110764645814523e-01
6.037687433519223212e-02
-8.940932253415765363e-01
-2.440729559943191906e-01
-2.633854388308590200e-01
-8.309014528767264540e-01
-3.641635442594030880e-02
-3.303301752975106864e-01
8.177863124219116875e-01
6.489276712099222300e-01
4.252533593333766015e-01
-5.269604364012114850e-01
-6.291902697057931704e-01
6.407243262470454503e-01
1.055624768074923114e-01
2.049172334688709185e-02
5.708954555166121381e-01
-2.076908090014073227e-01
-4.548498123428760809e-01
5.173809143296670410e-01
-8.223710749603306835e-01
-1.132726035862339220e-01
-6.462724584574992548e-01
-9.420231602791859782e-01
9.243524593547557122e-02
-9.663691314174329694e-01
-1.000000000000000000e+00
3.703495822210234323e-01
7.600107151621653401e-01
9.652367566033768220e-01
5.764935364438326104e-01
-2.034036341684133387e-01
1.588600506748590047e-01
-1.074079726017395375e-01
-1.000000000000000000e+00
-5.984604207063920489e-01
4.654494927758875411e-01
3.140921560090880749e-01
-1.702090045525015416e-01
-9.251624563004559043e-01
1.000000000000000000e+00
-7.653837348942608143e-01
6.880977062728599325e-02
-8.830357503045473955e-01
-9.470102826636799254e-01
7.718534854650692667e-01
5.237558890913069920e-01
1.000000000000000000e+00
2.203594999719834802e-01
-5.003947801955721530e-01
-9.169975889183177298e-01
2.844614781899128531e-01
-1.932111117187050864e-01
-5.009110673497454425e-01
6.332394408242172923e-02
-3.391237179608022068e-01
3.109740385085784098e-01
-5.781071964253289286e-01
-8.980093981725629781e-01
-4.042774553995109876e-02
-1.428140855605881665e-01
2.143638906358541485e-02
