-1.000000000000000000e+00
-9.812533344081482145e-01
-7.654494984508805056e-01
7.415902225159064498e-01
8.271769203026302364e-01
-6.060463340310735525e-01
5.227215007507699518e-01
1.450914667060597685e-01
8.015640977513952548e-01
-5.367313485707710941e-01
5.001174391532715591e-01
4.349947445619135045e-01
9.136582851401947591e-01
-4.568094530932585995e-01
8.837163869456126086e-01
-6.392629078159145495e-01
3.667492031869304947e-01
2.723152824722662596e-02
-3.145827453817729991e-01
7.405667948383624077e-01
8.760210037155793383e-01
-8.719456609675786396e-01
8.497636807345106957e-01
-5.731418595896308199e-01
-8.754165886114271267e-01
-3.239094609618308196e-01
9.532819824731938452e-01
8.121909817306301183e-02
-7.777170425415494970e-01
-4.393125594955550328e-01
-6.771299578396460239e-01
-4.812141314061814112e-01
-9.773357584366979545e-01
-4.998011133719580945e-01
-2.980082103081660994e-01
-7.818623242412352514e-01
7.023232656509970084e-01
7.331116552674301623e-01
4.357322325557319576e-01
3.381083413902720436e-02
-3.008541366512338389e-01
7.492215843764681305e-01
-1.000000000000000000e+00
3.878095158999952385e-01
9.075523985175057984e-01
1.000000000000000000e+00
-5.372683584884821451e-02
-9.385592872252170871e-01
-9.533724163445954636e-01
-8.162405042819008694e-01
-3.907709397697322617e-01
4.629049044059612150e-01
-1.700375250713538067e-01
5.484655667567078785e-01
4.146119687761193884e-01
-7.576117272933766689e-01
-2.575595540347095369e-01
-6.745148439698021026e-01
9.822005972677805286e-01
-7.117103804836751868e-01
2.082111419577246381e-01
-4.764214397128826994e-01
-5.535500011816087973e-01
6.262922604233714940e-01
2.218852370472794988e-01
-6.995158520305954086e-01
-8.488127458826510985e-01
7.623462937536614747e-01
2.283395388066957465e-01
4.078985561175503261e-01
-2.243473056845124089e-02
7.296771761022071701e-01
7.593675342095329572e-01
-3.492399892000942474e-01
2.990416197776092355e-01
-8.138900065062298905e-01
-7.528017152364736564e-01
-2.693955382131516529e-01
-6.979069063407024043e-01
6.152823133601773020e-02
1.000000000000000000e+00
8.455495374135657549e-02
-6.899449194136016983e-01
4.948188713805716787e-01
4.913920799283893470e-01
7.013621220548721391e-01
-8.350989246018011292e-01
-1.305633796726214102e-01
9.833438209263398733e-01
1.761918250178029499e-02
8.786478174366617599e-01
-9.441236025890407113e-01
9.558245763201328460e-01
4.446176107215545764e-02
1.665394977354239803e-01
-6.644400987696844618e-01
9.576976170230760976e-01
2.497816328058988233e-01
7.469981303122055216e-01
1.731970783503381794e-01
1.988741638142621504e-01
-3.959077048553216738e-01
2.534003651868880769e-01
8.126849375002956899e-01
-4.122081018592329005e-01
2.387589088308734453e-01
8.017317940575598989e-01
-9.848471507249478840e-01
4.775961354495270386e-03
-2.488745399050736051e-01
-5.152031387484028863e-03
-4.017705277576864853e-02
3.944669800324553388e-01
-6.577769807059983265e-01
-9.610049180589910200e-01
6.345460198011633191e-01
2.168600818141831477e-01
6.020113882072686273e-01
-5.471528548927145907e-01
1.652002149935877517e-01
6.916064525110263705e-01
-6.849708499376140347e-01
7.576626378083959334e-01
-4.727474917006752597e-01
-2.212255395855955709e-01
-1.000000000000000000e+00
-7.942869263980628647e-01
9.612726972753979915e-01
1.906426042346648364e-01
1.000000000000000000e+00
-9.740193012792297544e-01
6.917982296368494488e-01
-4.672050951599385216e-01
9.443687309627596393e-02
9.231061449087468729e-01
-3.067138113342362041e-02
-1.066075071885992098e-01
-6.479504566355307471e-01
-1.578390407684203689e-01
7.417409482665535680e-01
2.992757233671857753e-01
4.887753204227948678e-01
-1.129803389135782404e-01
-2.362408165649670100e-01
-9.395032710567734480e-01
-3.427579740390542251e-01
4.142285827066373438e-02
7.136699886286470562e-01
-2.458132931852785585e-01
-8.924249770243496416e-01
-5.463008875925385865e-01
-1.903572059302450492e-01
-9.310401723688139786e-01
-1.591096922733686858e-01
1.438624483942018695e-01
1.000000000000000000e+00
1.697834506845188607e-01
-7.625896334881577809e-01
7.930306100738162556e-01
1.586932605566922228e-04
-1.180223365140178893e-01
7.630939048703119232e-01
9.821099273115774242e-01
6.160871274332455627e-01
-9.868483688042958279e-01
2.731374561410887525e-01
-1.381236533494645258e-01
-9.159942697606076045e-01
-5.214254900862247410e-01
-1.000000000000000000e+00
1.000000000000000000e+00
-2.084573316534504839e-02
-1.282352476933379670e-01
7.218041786474479471e-01
9.543274354369484236e-01
-2.799754575399822643e-01
5.866397555015383514e-01
-7.691337434756025937e-01
6.493491326196094704e-01
-3.524857030176757888e-01
-9.041612190048804454e-01
1.271506513384225989e-01
-9.660099252732093911e-01
-5.863679730623486686e-01
3.176287001476305744e-02
8.323962803010758194e-01
-2.897980506514938881e-01
1.000000000000000000e+00
7.402608524423893721e-01
7.754237977869031795e-01
-7.979658235853639425e-01
5.377264796823121723e-02
3.651505890415987499e-01
9.772196110666327984e-01
-1.000000000000000000e+00
-5.739183606705652307e-01
3.650061276628833729e-01
-9.555081335739549209e-01
8.750219792440849798e-01
-1.580349440296766050e-01
-4.213196457722583055e-02
-7.249701687630616398e-02
1.878201480837344423e-02
2.274225818500205387e-01
1.558997903531000317e-01
-9.584072977705500040e-01
-2.761657168498992676e-01
-1.702438005902927876e-01
-8.601497568659295379e-01
-6.931137986827419495e-02
-3.773510518268435310e-01
8.670579145975864099e-01
5.823962574799894654e-01
4.433556492840015628e-01
-5.286428232076713085e-01
-5.273769508498562519e-01
6.571492633716876641e-01
-8.019118033800363976e-02
-1.359456868780259745e-02
6.229388778431503848e-01
-1.647765477504538612e-01
-4.754076382418266911e-01
4.634067204423562569e-01
-7.904406549372537949e-01
-2.477793785043304678e-02
-6.777346040994025600e-01
-9.671013857224910470e-01
6.011415384058844957e-02
-1.000000000000000000e+00
-9.934426683571465633e-01
3.458859460748264780e-01
7.519018496591999279e-01
9.228730591325868815e-01
6.038731646248818308e-01
-2.257379152223500940e-01
1.397006266991043244e-01
-4.762855949035089270e-02
-9.916495693484014273e-01
-5.092984713253644324e-01
5.170497628770511778e-01
3.117830628635024359e-01
-1.484313580836675028e-01
-8.871311220851691992e-01
1.000000000000000000e+00
-8.524371071092710084e-01
-6.829178601778979063e-03
-8.644937214095788081e-01
-9.908332936637039845e-01
8.172515702226550438e-01
5.596558598892004133e-01
1.000000000000000000e+00
2.102194038009588817e-01
-5.140341471123142103e-01
-1.000000000000000000e+00
2.164356530707240434e-01
-1.782487079923756879e-01
-4.654103338265211942e-01
6.325797395690702096e-02
-3.014811904843955892e-01
3.224096183124174342e-01
-6.107231050934147643e-01
-9.520916718922332045e-01
-8.421291534575085780e-02
-1.059227984230202840e-01
5.644842529603132097e-02
