3.212198671901418390e-01
-2.330308628150969952e-01
-2.871231039763657011e-01
8.266028651442660635e-01
-8.290226888544468542e-01
5.484337381817749879e-01
-5.557829758899099915e-01
2.750035858326589366e-01
-8.911608633888219444e-01
7.665357027969852410e-01
-7.410446763304956441e-02
-1.981332882756781100e-01
-7.177183290571960139e-01
-1.795363668244311928e-01
-6.555071473608657939e-01
-3.802411517563356047e-01
2.453997520921438191e-01
3.486850443665250321e-01
2.866487808602469212e-02
-1.986058141253010945e-01
6.017659936567572032e-01
-4.371290208223532758e-01
-4.580275448391352699e-01
7.729622056860263601e-01
3.219673276341263879e-01
-5.040016594241261139e-01
-9.714045095326788726e-01
-1.599089509442139789e-01
2.990454919303997539e-01
8.570746313918988779e-01
9.529484292297225601e-01
1.000000000000000000e+00
-5.834264017467819530e-01
1.000000000000000000e+00
2.008020881873129326e-01
-7.774862031400964213e-02
5.916309202997271921e-01
-6.209483952895024084e-01
-6.512809310254221717e-01
-8.203127094857489698e-01
5.274529793728396920e-02
9.326064096718886809e-01
5.301809316204340039e-01
2.727090102344754130e-01
-3.712230785842377534e-01
-2.982717817291780094e-01
-7.936779877015014417e-01
4.530523383413067040e-01
-1.000000000000000000e+00
3.285546961655048115e-01
-5.593835114326946023e-01
-7.211881805759238206e-01
2.579162619966404169e-01
-1.248357767080849196e-01
2.494480698246734351e-01
-8.934073804144635478e-01
1.989740174844361886e-01
-6.667529621719290311e-01
-7.625229719635575609e-01
4.104376168933354108e-01
-2.057796776305340636e-01
2.911030633393842937e-01
-2.341102111512560757e-01
-8.971947182911412799e-01
-3.168165687140460651e-01
6.604574902620363730e-01
6.561414655723167844e-01
2.256977387299425875e-01
7.284228987734269190e-01
-7.535099474409221454e-01
1.000000000000000000e+00
-2.704836679553459522e-01
7.033233711615108352e-02
-3.284006086977369065e-01
4.838290782698833059e-01
3.005264204201594236e-01
8.759895250902460795e-02
6.785988608233060049e-01
1.997197092181492994e-01
8.487121512862767503e-01
7.224373119387306197e-02
-2.530291046311070602e-01
-4.091020896675496843e-01
-3.930812526374042326e-01
-8.916254983870532946e-01
-7.360076042591415790e-01
-7.946449419279177917e-02
9.159552693788584055e-01
-1.251356136823471854e-01
-8.973172952238963607e-01
2.470676883079212516e-01
3.061954246755576037e-01
1.298757895480038282e-01
2.279875401782227584e-02
1.000000000000000000e+00
1.000000000000000000e+00
5.329844977158075814e-01
3.083932438111907093e-01
8.135957358523568939e-01
-1.172998499020012630e-01
-8.308348111036578665e-01
5.876560897484810475e-01
-7.644684823780383276e-01
6.962706638885619581e-01
-9.074634587302206068e-01
4.415880066576664542e-01
-6.155677033251927277e-01
-3.206695251728015617e-01
-3.952187296491952440e-01
5.433825539886151246e-01
7.697056134743771594e-01
1.408982365700395534e-01
-9.366877490813079188e-01
-6.579739507192723380e-01
4.663645816055681514e-01
-8.499838287484479116e-01
-5.998628197099042936e-01
-6.357544284591485351e-01
-5.230535390050556899e-01
-3.114337593499426626e-01
-2.981756905638928423e-02
-3.522227335625028322e-01
6.629135221927120458e-01
-5.997406006465868522e-01
-4.445666521729674248e-01
7.092988205655168521e-01
-1.000000000000000000e+00
6.376078590730607232e-01
9.734152021101705188e-01
2.364133583942901184e-02
-1.632818297230054227e-02
9.080620406369643849e-02
4.579930576325506042e-01
-2.097398557631478533e-01
3.862597586276463879e-01
7.392366195413639929e-01
6.127748170505415981e-01
-7.702089755604573096e-01
-6.856704701709176453e-01
-5.512146191422562236e-01
3.127808151977413686e-01
-1.957931980258986737e-01
1.927690640220739438e-01
-2.969850938492102355e-02
-1.645064851101725178e-01
-6.638029191297981080e-03
-6.057609584228629274e-01
-4.342093319182351863e-01
5.585646181616998884e-04
1.536135563924865277e-01
-8.662947852937966653e-01
6.500428830955400361e-01
3.501241663815979344e-01
-1.715504272594651769e-01
-5.171940840121092009e-02
4.423918707698212827e-02
-5.310595136710503095e-01
3.839062442590653323e-01
-5.050009769488239542e-01
-4.869891277574112110e-01
-8.645689463623205118e-01
6.127379515841802071e-01
3.030755611907753888e-02
-2.057661207475874610e-01
3.206000780179460996e-01
8.884895711238711691e-01
6.888157884611179060e-01
5.576697014638301031e-01
-1.693656079943690607e-01
3.309105225775170744e-01
3.280078727734827559e-01
1.109553601183288496e-01
-1.334345385826629649e-01
9.929528004166872091e-01
3.551179437179575182e-01
-9.916263994533742743e-01
3.620241982140197656e-01
9.350874009120908603e-01
-1.565833963339919865e-01
-1.756630016525131399e-01
9.245344045832339930e-01
7.274516864387997606e-01
-3.294396486188213569e-01
5.772369227142927217e-01
-5.674736573254510752e-01
-3.145735815653482037e-01
2.334115299757623663e-01
-6.828978197044781595e-01
2.409858977299690341e-01
-6.345606839114052988e-01
-5.756095439636924604e-01
3.569986323442179144e-01
-9.082394191610971834e-01
7.904306873141271339e-01
-1.187974151108941445e-01
-5.757181983787005297e-01
-7.381667701121870095e-01
9.999825564017064128e-01
2.589794006275644156e-01
-9.991277749959279753e-01
-4.557733926116240841e-01
-1.000000000000000000e+00
1.055941845172645860e-01
-9.892733514170158893e-01
6.754767745459202555e-01
9.687663958843950596e-01
-8.662733480641803263e-01
7.535468691103212047e-01
-7.423336872645048823e-01
1.561015403459764528e-02
-1.308788897692819697e-01
-4.644492752994042739e-01
7.913696211136331815e-01
6.551189490459627951e-01
-9.562602479983508541e-01
4.786912672835019755e-02
2.839628724989906594e-02
1.741651339465866422e-01
3.967628042368340768e-01
5.352275133010946373e-01
-1.588855840294145505e-01
1.000000000000000000e+00
4.955080968249243600e-01
-3.000016929261294374e-01
-5.790398152744486993e-01
-3.139171345725491058e-01
5.417111706539727845e-01
3.688334298860573846e-02
2.346144863842455075e-01
3.180117872468342100e-01
6.254691933994109831e-01
1.000000000000000000e+00
-5.271234286332531216e-01
8.724617658971370870e-01
3.655270336100198136e-01
-3.929664548263014368e-01
7.490121213043980930e-01
-1.453426454026471859e-01
-2.210713836232793827e-01
-3.905057196634509342e-01
6.690126600060485318e-01
6.810971958353471134e-01
4.539900357952664223e-01
1.207220444459007336e-01
3.871368780854773234e-02
-2.359771648440684988e-01
7.783092362688910359e-01
-2.387823637963434331e-01
-9.841256466684173976e-01
-9.634219198863682720e-01
-5.734706490171279647e-01
3.399207993952839679e-01
-4.615107320014499859e-01
3.317040257182224394e-01
-4.646476895764941606e-01
-3.323736628424260875e-01
8.670373869471290629e-01
6.184760849781503200e-01
-1.000000000000000000e+00
-3.841873547477760997e-01
3.358880683999883043e-01
-7.115318608208041073e-01
-2.829416481549724277e-02
8.652480630909300530e-01
7.303939556897194318e-01
