-1.000000000000000000e+00
6.222305035028841136e-01
-1.648513814268668942e-01
6.337219385415653328e-01
-1.483116926596532714e-01
-3.258969616485576926e-01
-5.550401659042569769e-01
-6.792451247074671183e-01
-5.488592472632480845e-01
-9.918530799983503732e-01
2.526811556908783452e-01
-9.550951784024641622e-01
-7.917922017223286701e-01
4.736879060290888344e-01
4.273728804387890573e-02
9.403290065108182993e-01
-7.240484891020126934e-01
-5.555777599360099961e-01
-5.596659425180880998e-01
1.318161872752694197e-01
-7.727577463552215420e-01
-4.340206638394543126e-01
-6.594646146951913535e-01
2.872791438636660977e-01
3.267878270427218013e-01
-6.635784255173128310e-01
1.000000000000000000e+00
1.000000000000000000e+00
7.063379778001080966e-01
3.554615851726333764e-01
-7.554810862486602829e-01
-5.084608603678252292e-01
1.201054569425121232e-01
-6.721861561313957623e-01
1.980484157125089462e-01
9.743206650305982208e-01
3.747988745817592005e-01
-7.074451887965934604e-01
3.666659070222136330e-01
7.416556901060408213e-01
-3.223171121775047498e-01
2.444049405737039327e-01
4.048972345442757026e-02
-5.860562498942810672e-01
-1.000000000000000000e+00
1.939045814726375327e-01
-6.754768202516703290e-01
-8.595104207549834063e-01
-1.000000000000000000e+00
-9.154993272019176231e-01
-8.161080527458768330e-01
-1.000000000000000000e+00
-8.320107900439217552e-01
1.039217541023404467e-02
-5.722372192410485336e-01
7.801036990719989461e-02
3.519421701283892423e-01
-5.425264306973057726e-01
-7.764421729450146081e-01
-8.041744920988593837e-01
-1.761808685797867646e-01
-7.446812251923231596e-01
-8.925447939407984421e-01
8.834835217917912376e-01
8.282784452358357696e-02
-4.672620346436608396e-01
5.319891216303123116e-01
-4.289623913443008085e-01
9.950515866019367106e-01
9.983632051529478524e-01
-9.269874679177689814e-01
6.014210242554797296e-03
9.609149634825204789e-01
2.874626007270683625e-01
-9.902227333141361276e-01
-9.785269876673968747e-03
-6.188711334914422935e-01
2.413028391123130806e-02
-9.070599815399350563e-01
7.534632448810071881e-02
-4.067303073533962698e-01
-4.876931247158970972e-01
-9.661200336987341153e-01
-1.000000000000000000e+00
6.334141122182040951e-01
-4.167500317364466467e-01
-8.036559535443486002e-01
-1.229749659488705293e-01
-1.091933886074844262e-01
-7.573454370881931297e-01
-8.643564031292371164e-01
-5.522890712769190635e-01
7.436452757735018126e-01
-7.372999624518294937e-02
-6.784573051346708406e-01
1.417391074469755846e-02
8.152507795810740587e-01
-4.244110774601272951e-01
4.734362859562895598e-01
-4.714034039083447869e-01
3.631097519723617828e-01
3.481824497081873471e-01
-5.007095557957106369e-01
-1.978950224034781991e-01
-1.072037524946258397e-01
1.985613474925229660e-01
-5.602105233607632684e-01
-2.597169412036869907e-01
-1.672199563992048943e-01
-1.000000000000000000e+00
3.350263797241694874e-01
-5.830497006374379954e-01
-3.310664192556367902e-01
-6.722617439249694016e-01
7.252485810014968060e-01
-8.076373621563380789e-01
3.374802921142889822e-01
1.000000000000000000e+00
6.012730535262331699e-01
-2.089671156731356672e-01
2.777665353453919739e-01
1.000000000000000000e+00
-1.684637852918023371e-01
-1.212998660762685532e-01
5.882416885110935967e-01
-6.930188932671825786e-01
-8.747917091758645736e-01
-7.827294273895220311e-02
-8.273512164961003279e-01
1.262151238060785496e-01
8.945708745606978374e-01
-8.142915931444202338e-01
6.730623194537870280e-01
6.338458846520848011e-01
4.572185095299279300e-01
-1.433001191628586191e-01
2.989684500084318630e-01
4.052942584432692730e-01
-1.000000000000000000e+00
-6.409229176284044760e-01
-3.252774636392811169e-01
-8.555080411598068313e-01
-9.384799873135534209e-01
8.091720536975890443e-01
-4.646893578952095982e-01
2.591215645645399412e-01
4.342889218217995118e-01
4.531042071434130958e-01
3.667995214924280045e-01
-8.403942638444072966e-03
8.593104628376374565e-01
7.085153850396992414e-01
-4.046339713968472585e-01
-2.563485093448830132e-01
-1.000000000000000000e+00
5.796857256847283146e-01
2.872596312660293250e-01
1.922375092083716819e-01
5.495585649708569775e-01
-3.766802804562434659e-01
-6.540677339815718083e-01
7.488014829012398232e-01
-1.764228317600161633e-01
4.821860574968218072e-01
-9.719292733637796555e-01
-1.000000000000000000e+00
5.544280786783817305e-01
8.777250939728344914e-01
9.023056836956547810e-01
6.053252987148993042e-02
-9.986394033435982420e-01
3.948204055875257912e-01
-9.978063844997564491e-01
4.114040340096748460e-01
1.000000000000000000e+00
5.385845285319558196e-01
-3.643821416639742017e-01
-3.933571288809942779e-01
-2.395258113218627916e-01
-2.070476480194438085e-01
-6.904137530174858650e-01
8.609820172344124778e-01
-6.754411358465023385e-03
2.084383147059282737e-01
2.372327262554142502e-01
-1.000000000000000000e+00
5.799941924005401761e-01
-4.104822072691561435e-02
-2.876958281120163274e-01
2.820374168741652393e-02
3.239553724003971791e-01
8.238419679733415268e-01
9.330567797142881314e-01
-6.154524185211132092e-01
-9.174830966797932197e-01
6.904409171144194612e-01
1.601818529039741590e-01
-3.152024810662730769e-01
-6.450291899373314930e-01
-9.889706685485653015e-01
2.349763691540590060e-01
-4.100502813158425353e-01
4.709582317929774109e-01
-8.340566110019401735e-01
5.616285495091639657e-01
-7.984679506911174229e-01
-3.398998710250641375e-01
3.428869523424810661e-01
-8.412319892119948794e-03
-2.188545928935354268e-01
-5.414987638382334767e-01
-8.386950119714206009e-01
5.755903092337232296e-01
6.289214378855069176e-01
5.425052062446038548e-01
8.509944604890024022e-01
8.900519984403443274e-01
8.946667962863590340e-01
6.412816351677242954e-01
-1.212038820941547107e-01
-3.392327354346069690e-01
1.055608117161708770e-01
3.124092119176899440e-03
9.159521037371323171e-01
5.433710852326073537e-01
-2.493384715826633125e-01
8.134086490351041254e-01
-2.026747668292606386e-01
-3.867521559560455069e-01
-6.223790677358750356e-01
2.660999332008667229e-01
-1.030236388250443252e-01
-3.976265907803148703e-01
3.167401700536306430e-01
-5.804568787667976348e-01
6.575967984906594399e-01
9.692688454490454575e-01
3.309743910693174196e-01
-5.429057311856952950e-01
1.000000000000000000e+00
7.511866376358807829e-01
-1.000000000000000000e+00
3.121068721341788699e-01
7.264709905292107139e-01
9.895026658847767553e-01
-4.211280448290843359e-01
-5.230574151803821792e-01
3.108845477641608568e-01
4.055423358655355637e-01
-8.071234815978725052e-01
8.017878759733737537e-02
-4.955366502595168754e-01
9.311167075780690805e-02
-5.314376531321296504e-01
-3.682800227033884988e-01
-7.221884210688012118e-01
-7.347173365138296441e-01
3.727905887779492389e-01
1.194970442503129338e-02
1.568178933832953537e-01
8.050627102174565675e-01
-2.539792396186887902e-02
1.000000000000000000e+00
-5.454297640483806164e-01
3.264330600751050859e-01
