1.018936935816634193e-01
8.765979005904718235e-01
9.707445478898843461e-02
-5.255408497297555659e-01
-5.279237300129822064e-01
5.275111591629747521e-01
-4.988110626044154339e-01
-5.811837002077676617e-01
9.613693732275673254e-01
9.383329785289556968e-01
1.073052077840502272e-01
9.495653284830632979e-01
-9.366248426082464107e-01
9.528617833744249532e-01
3.943503785713275422e-01
8.169365030864939037e-02
5.498504446349705699e-01
4.885085560244291636e-01
-5.793842019129280541e-01
-9.519024052946648551e-01
1.936160666876965974e-01
3.891526572603796197e-01
-6.834682380908824184e-01
-1.652416840508219575e-01
-1.000000000000000000e+00
-5.298600648890047227e-01
-5.061045385839465505e-01
6.918380129520663724e-01
4.121120697578417591e-01
8.471398231378608479e-01
1.913133372190625459e-01
9.680308237467878385e-01
-7.930503640916353181e-03
1.144689029383891138e-01
8.518326382145177122e-01
-2.247180288501243045e-02
2.214527828340646654e-01
5.133597356726115057e-01
2.607477275180390408e-01
8.304137424705411163e-01
-7.173533866865917652e-01
9.736944852714071730e-02
-8.548091790234627063e-02
2.632643122059944440e-01
-8.736967777323736417e-01
-7.220977540920778814e-01
1.000000000000000000e+00
9.227199418472231685e-01
8.599248878184373446e-01
6.611456726435106512e-01
-6.070031599257413868e-01
8.965752932904450523e-01
-9.494372286561353347e-01
9.484571256958240770e-01
1.747449361967088888e-01
-6.641280432918210686e-01
4.059952368172822790e-02
-7.070189280009704369e-01
-1.322483121182556343e-01
2.888527372794055803e-01
-9.023638508692273241e-01
2.938600881606271975e-01
-4.186591091529169306e-01
-2.960072945787486920e-01
5.241010088419957302e-01
-8.868706040260925239e-01
1.436338342438815696e-01
-8.478755282777487023e-01
-4.341701533705968341e-01
-8.907793097280158889e-01
-2.959055633832310961e-02
2.534263362242246131e-01
-4.287076753816937980e-01
2.941954496857542289e-01
-4.221653212904473151e-01
-8.483141167033814156e-01
-3.129182373503557879e-01
-2.848349002081691506e-01
3.392362418121465661e-01
3.247338471451686193e-01
7.665265082588843537e-01
-2.444351962452110116e-01
6.851359809352792762e-01
-3.362071896281497718e-01
-6.341313127314309739e-01
-3.453444029741753463e-02
1.588435787681101996e-01
4.298653493124181546e-01
-6.808173266225447939e-01
7.004973237453063772e-01
2.673112876731386089e-01
-8.566925470593188541e-01
-1.506739544066507674e-01
-1.000000000000000000e+00
-3.765297786165540117e-01
5.193672137967261238e-01
-8.242683454768041651e-01
3.764050849266698529e-01
6.200920889600335384e-01
-1.780237352297494025e-01
6.532683493793266516e-01
-8.825407740879841478e-01
-5.146489514895331852e-03
-5.029427452728443271e-01
3.919017212535694794e-01
-5.865380890017111160e-01
-7.686303302765393752e-01
7.542605912181499228e-02
-2.699668118881287660e-02
-2.189989689895816827e-01
4.515760751556779362e-01
-1.000000000000000000e+00
6.068075373316006438e-01
2.176834666052051073e-03
4.964840045327748586e-01
6.171027876882749785e-01
-7.692181699292781616e-01
3.167998996497080055e-01
-1.000000000000000000e+00
-1.890533076390612799e-01
6.094812870667591920e-01
6.363533330751002248e-01
8.734153555827438575e-01
3.556428980945565144e-01
4.350279829931934239e-03
-5.368765393581507173e-01
-7.269614782336869530e-01
6.004065852280460192e-01
-8.631390792653272914e-01
7.270145330379496063e-01
2.406273934287123106e-01
-4.806182813340015292e-01
-3.271028342727093641e-01
5.532187540918850344e-01
-1.655896791263557211e-02
1.055458553207802297e-01
-2.757440763168054754e-01
-8.975641767405344584e-01
3.479241054499613295e-01
-8.373521684681975996e-01
6.798864094025350857e-01
-1.000000000000000000e+00
1.416325769348366626e-01
-4.363043741537810938e-01
1.771831404960622358e-01
-7.202465546361246362e-01
-2.491729166312840194e-01
5.074202034796994054e-01
-5.015752405997462304e-01
-7.147683276036874700e-01
8.385089858323617751e-01
4.108264064318495890e-01
2.151891842636315111e-01
-9.942830210354003384e-02
9.665249683312917561e-01
-1.000000000000000000e+00
-7.005639393689993000e-01
4.359053124622715991e-01
4.845899451985989925e-01
-7.238788106417062274e-01
9.745867975351230061e-02
4.555125840453002062e-01
-5.375129305010235559e-01
-1.789475587615239061e-01
-7.663976753794475849e-01
1.000000000000000000e+00
-5.636617338297600366e-01
8.119491638730150229e-02
-3.322346955460282469e-01
-5.464377596164713413e-01
9.531280788862025455e-01
-1.751707463621343108e-01
8.649571920577017181e-01
-4.009101055041081052e-01
1.000000000000000000e+00
1.000000000000000000e+00
-7.515648866080190116e-01
5.524934447820807337e-01
7.577806338307213618e-01
-1.000000000000000000e+00
5.656938250741040397e-01
-7.966318481766481163e-01
7.794213988851291797e-01
7.497172417874377048e-01
3.651624394892355463e-02
-8.817746792222619368e-02
-2.902565710580871094e-01
-5.203805404332464413e-01
7.130808559545520620e-02
-2.486011036983024891e-01
-4.166065971008506841e-01
-7.085361666433440675e-01
4.987231978173973790e-01
6.890640080542203005e-01
8.010558171856284604e-01
-1.164705896619776804e-01
-5.370308844941215631e-02
-4.535316963263055223e-01
2.284869900503209150e-01
-1.127425057984412365e-01
6.855468497097857994e-02
5.744137158768594098e-01
8.167867753683756282e-01
-4.399118833658868244e-01
2.035412106246794472e-01
-8.368174545524473817e-01
-1.722024872234343557e-02
8.446437351742435151e-01
1.541065100125146858e-01
-9.718326384786788452e-01
-6.466512925357742470e-03
-4.762828038777688899e-01
-5.961296415322835385e-01
2.519567371061156580e-01
9.691615748266980690e-01
-8.265783051752215727e-01
-3.406862355104759432e-01
7.130315626552239383e-01
-7.080570250160622692e-01
5.357341177018855038e-01
-9.250000396882656073e-01
-2.972013365736612123e-01
-5.274513324503252720e-01
1.351836596410023461e-01
-2.478523394639828570e-01
6.679204059862299259e-01
9.386023800379490467e-01
6.266566485394712283e-01
-2.114937292590643725e-01
5.083610613542391965e-01
-5.127906128782747652e-01
-8.549663835016190205e-01
-4.263871095083264784e-01
-7.312079933669471954e-01
-1.767813526536718693e-01
-2.323892227338128225e-01
5.875729437836256785e-01
9.755633397892308212e-01
5.462663758061306885e-01
7.559266477510676596e-01
-6.517688901471899721e-01
7.702371994658889498e-02
2.174629257928282211e-01
-8.622086105805856771e-02
-5.968844337693048896e-01
8.486817828415187392e-01
-5.606381275373136797e-01
-1.000000000000000000e+00
-7.359141238289050868e-01
4.723142974773159586e-01
-3.056526238459706946e-01
6.314418995859877315e-01
8.490913533118040757e-01
5.783978740379766559e-03
4.373924739400179007e-01
-6.062867617969547318e-01
-4.590310231859159873e-01
-5.012933250232298743e-01
4.613354936738907064e-01
1.101004511631786809e-02
5.969505695198583650e-01
-7.495938727143606206e-01
-2.216097098279664057e-01
8.651728944206725780e-01
-6.302580943941515912e-01
