5.848308357956399917e-02
8.068222616657272361e-02
1.000000000000000000e+00
-9.571582245658285526e-01
-1.499360819095632014e-01
-5.953661859231915710e-01
-1.000000000000000000e+00
-1.000000000000000000e+00
-2.454032690380618664e-01
-3.840647912691030896e-01
-1.000000000000000000e+00
-8.999404130909990362e-01
2.585614267796856325e-01
9.577357472332923560e-01
-3.356173035159801810e-01
-2.043219254611627900e-01
-1.000000000000000000e+00
1.000000000000000000e+00
5.353884139145359544e-01
2.270226010536065542e-01
-1.042256773454286467e-01
-1.924460798964828800e-01
6.172501976051685268e-01
-9.765336544099104676e-01
6.955476980316421809e-02
-7.842880997731858095e-01
9.142721917459752934e-01
-2.706499581133520183e-01
-8.763353973821894627e-01
2.060778896365400015e-01
-5.610938410212760186e-01
-1.169198185800128797e-01
-6.237333481276208236e-01
3.946653013334860960e-01
8.802931440961639931e-01
-8.159047234102091428e-01
-8.397319077825452505e-01
-5.132107800349883231e-02
-9.807665680537834829e-01
-4.142011509544479830e-02
-3.007776520945442122e-01
-2.927804726406257885e-02
8.360875128225596642e-01
2.118726701798239187e-01
6.328692517866181255e-01
-2.722913405044392054e-01
9.965866441317616786e-01
-3.440110547613290937e-01
-1.000000000000000000e+00
6.565723761072965736e-01
-6.255308059924036268e-01
-4.461801193422348932e-01
-9.070511273739614300e-01
8.347062612177089669e-01
1.224068973622731982e-01
8.419879946327462061e-01
5.357578518064490258e-02
-6.123282615551771668e-01
4.621398362374073976e-01
-2.338321751774462554e-01
-4.118375782848874289e-01
-2.230404721843091131e-01
3.299435311219536260e-01
7.858825425311204427e-01
1.000000000000000000e+00
4.580894226859735241e-01
4.334556706594779873e-01
7.352848359721193550e-01
2.561161614045468493e-01
-5.589102382374504518e-01
5.286375365680228144e-01
9.507963455286643217e-01
2.603957719227452117e-01
-1.294212869484858697e-01
6.170255510998368109e-01
1.741313792781747916e-01
-8.093361481720078299e-01
7.768500436842954437e-01
-9.217256566559449693e-01
-7.870953808086106340e-01
1.000000000000000000e+00
-3.522954079211109146e-01
-5.448082539896601517e-01
-5.502024146721609110e-01
2.785142721845677016e-01
7.543574506853887307e-01
-2.219607901434570429e-01
-8.896488146407384168e-01
1.000000000000000000e+00
-2.698079334312795119e-01
-1.000000000000000000e+00
-2.142839205527674595e-01
1.086395179355890139e-01
5.031300582535077615e-01
-7.009544603746223901e-01
-6.356052558354140514e-01
8.042539055731171560e-01
-8.903321770900696208e-03
8.883915680568519324e-01
8.550747189853762364e-01
-8.780252366087732963e-01
-6.637859070629905656e-01
-6.253536292683399278e-01
2.427500208894766143e-01
2.726871354640305611e-01
-1.946797918487418178e-01
-5.271681259352245519e-01
-7.360229813625602802e-01
1.000000000000000000e+00
-1.213932318015007172e-01
-1.000000000000000000e+00
2.270314129347593690e-01
1.000000000000000000e+00
7.598817333867102786e-01
1.065748698993711496e-01
-4.177685404519679846e-01
-6.813932471059070961e-01
5.932062229445737023e-01
-2.007939035653485416e-01
2.838398743477577035e-01
-8.478001000706127943e-01
-9.703180512863855967e-01
1.000000000000000000e+00
-2.770323133497021306e-01
1.000000000000000000e+00
-7.449418212160963115e-01
-2.819982371242459873e-01
8.523660352352420144e-01
1.000000000000000000e+00
1.000000000000000000e+00
6.621137349515269221e-01
-9.109497952783045527e-01
9.790692206679234566e-01
-1.827415381810670869e-01
9.795184991986907175e-01
-1.715101731662103113e-01
7.117805491024271625e-01
2.178233151122416222e-01
1.733791335660135879e-01
1.011903334880341898e-01
3.978938446285018027e-01
3.887307146187207740e-02
-2.972036094649274651e-02
-2.529479883891812553e-01
1.000000000000000000e+00
-9.352091197654527344e-01
-7.473960693516974452e-01
-7.422457394029045030e-01
8.434606226134540030e-01
-3.674808368966351324e-01
9.473289986262425355e-01
6.759257788905965736e-01
9.242588907043194357e-01
-2.425430649952217688e-01
-8.077363050769301722e-01
3.432016975009223314e-01
-2.012777086569460527e-01
-8.981064612170116535e-01
-6.169227284866962702e-01
1.371032923902373302e-01
-4.911707211830893538e-01
-1.788389285391016603e-01
-4.196690454191726039e-02
-2.185105392681107039e-01
9.618595676792648375e-01
6.964018191363710031e-01
1.730220911805548933e-01
-1.329598202105511939e-01
-1.000000000000000000e+00
-1.000000000000000000e+00
-3.800752655145291925e-01
3.261718978566052751e-01
6.825391438770584962e-01
9.559028550556827319e-01
-3.418011519722340408e-01
-2.783165904876174768e-01
8.892093422948088577e-01
5.202207082578094166e-01
-7.022106886829826422e-02
-1.559949389519399432e-02
-5.022830056879956651e-02
-8.715966229335202486e-01
5.687122668292523553e-01
8.316102469267951935e-01
6.283786676976672592e-01
-1.308240720040905192e-01
-8.821336825550749605e-01
1.155483590512882963e-01
-6.636417473440383574e-01
5.581726268156208537e-01
-6.394058520752523567e-01
-4.816627428790098975e-01
3.390821124649738838e-01
8.428954783775663429e-02
2.170566432886036345e-01
1.238534244727114153e-01
9.454104015280260231e-01
-1.338877995077616401e-01
8.008132638701491723e-01
-9.423270097724548711e-01
-4.104942741128503325e-01
5.841412447175448053e-01
6.493450583390659725e-01
2.277488897083363995e-01
-7.780029382975419683e-01
-2.463106623454211774e-01
9.088864643215910366e-01
-5.590384947508522107e-01
-6.745111078175040076e-01
-6.268174161226358621e-01
-4.953362341749425468e-01
9.971924503103437587e-01
8.846128434394127105e-01
8.001375533441789090e-01
2.110482546683883076e-01
6.322056075579316481e-01
-8.863408109814322478e-01
5.067279008614147817e-02
5.175310645348285554e-02
-1.223281037142598393e-01
6.926736302346455654e-01
8.332027339090366524e-01
-4.777917118209056013e-02
6.046804322389145447e-01
8.830161160078191518e-01
-7.517259929518578243e-01
-1.000000000000000000e+00
8.197778585091142212e-01
1.329782784800501161e-01
4.794537287800169079e-01
5.763622060351056842e-01
-8.648266161678378472e-01
-1.995035350305918165e-01
4.027576830648370021e-01
-6.753741475965271412e-01
4.283139341632673514e-01
1.000000000000000000e+00
3.470467902662361936e-01
4.253194938253184176e-01
1.226131708605089216e-01
-3.785714788042872647e-01
-6.580416473493408969e-01
-4.910007150521911168e-01
-2.338617731599141880e-01
-3.711299710364857063e-01
1.565738567432809480e-01
5.326913646439980221e-01
8.285505516653592917e-01
-7.392792271263243231e-01
3.722822040133964006e-01
4.368622217653386763e-01
1.067949479386448020e-01
5.107393360813392569e-01
2.468051742999188003e-01
8.039893490651206509e-01
4.561323312136448815e-01
-5.218606506182088545e-01
-7.773648210736382458e-01
1.000000000000000000e+00
4.445970918329632537e-01
-9.791313339778007219e-01
-8.010888483996341236e-01
-9.717371541312572747e-01
1.103898122616053384e-01
5.585599961394955848e-01
