6.548118268123585828e-02
1.210726285407767028e-01
9.677104970282580654e-01
-9.841053851396875940e-01
-4.371860414712526455e-03
-5.971880188753850849e-01
-9.969251953745406070e-01
-9.189206139491369330e-01
-1.742637377128188891e-01
-4.720472188605329689e-01
-9.989220375053957657e-01
-8.996566181059811873e-01
1.996096866232424383e-01
9.509804818865039699e-01
-3.158022865467711715e-01
-2.027497051361035751e-01
-9.915566362226753139e-01
1.000000000000000000e+00
4.678570681807730502e-01
2.283111242692485443e-01
-9.783667550120334067e-02
-2.867884055239335872e-01
6.282717400299583366e-01
-9.008734061718189912e-01
1.880425010457869861e-01
-8.093265386393754257e-01
8.432951932918288929e-01
-3.216428869993658290e-01
-8.154776632771840728e-01
1.198814678138758888e-01
-4.593283902248204154e-01
-1.252981977961291626e-01
-4.599314371296853166e-01
4.737060127077884486e-01
8.972418347029943453e-01
-7.989041527449481928e-01
-7.431753530859925849e-01
-1.283437229242848643e-01
-9.913275354509584192e-01
2.909326180327027195e-02
-3.475298789510737341e-01
1.207013375577799079e-02
8.688750017485724619e-01
1.667647375672591525e-01
5.734110277850609227e-01
-1.829174069752531051e-01
1.000000000000000000e+00
-2.762541341737327905e-01
-9.962624527005644604e-01
6.609558117185740933e-01
-5.022314602965018970e-01
-4.787634302816057286e-01
-8.859113390720111392e-01
7.742819727432509458e-01
1.421177616514976427e-01
6.086156656536446663e-01
6.596877921565184877e-02
-6.964192066556762484e-01
4.951884955345553507e-01
-2.935216487186122492e-01
-4.292837698456063444e-01
-1.850326599004291916e-01
3.110079079449297179e-01
7.406513687179889782e-01
9.796453807980081141e-01
4.612305903291159526e-01
4.369034766043471962e-01
7.412105366592217637e-01
1.830603345416222938e-01
-5.300677155765374238e-01
4.933504829857841001e-01
8.807238266854213737e-01
3.577661912616660334e-01
-2.167613196543260734e-01
5.781311554372399186e-01
1.978685494603141803e-01
-8.909574608597433665e-01
5.759663771715491931e-01
-8.490277636560272789e-01
-8.659325576867212826e-01
9.354263140687355538e-01
-3.394022494639828968e-01
-5.476437537169047687e-01
-5.297156550739429148e-01
2.618726864251785802e-01
7.675348080181467747e-01
-3.159562378013917039e-01
-7.657549184321184033e-01
1.000000000000000000e+00
-2.335467304335369088e-01
-9.124310914464087707e-01
-2.029851712271892317e-01
1.041132892830413520e-01
4.293380173298254054e-01
-6.838380285665790481e-01
-6.752708731826508881e-01
6.938264121217216918e-01
3.649120910325774625e-02
9.223777749862981379e-01
7.995828222275893626e-01
-8.171698059173623241e-01
-5.719819214172535693e-01
-6.680821529718441454e-01
2.530006150988181046e-01
2.830387494363769130e-01
-2.327769565196463886e-01
-5.285787195677638106e-01
-7.315224696778964697e-01
9.893568656030524711e-01
-5.434123115123438985e-02
-1.000000000000000000e+00
3.186386076100192755e-01
9.995649705059486134e-01
6.634751159730796211e-01
2.094582680593407298e-01
-4.009797388755454439e-01
-7.467714633594445539e-01
6.551905682055152447e-01
-9.041561641021111928e-02
3.099291296797383466e-01
-8.041970802759531578e-01
-9.584269987627869192e-01
9.608005071332451630e-01
-2.616145001198048048e-01
1.000000000000000000e+00
-7.018765061294719443e-01
-2.719680472859611897e-01
8.294890853048321189e-01
1.000000000000000000e+00
9.341497023345238793e-01
6.621861046318242572e-01
-9.604552267801801380e-01
9.191271885263123664e-01
-2.155149573055664680e-01
9.775186239898598917e-01
-1.208060553589115384e-02
6.713853443143671385e-01
2.263837270930583179e-01
5.502197286111899788e-02
1.358802879322072721e-01
5.135206471893761782e-01
3.611452076346459428e-02
-8.378445478923868261e-02
-2.178630189794232563e-01
1.000000000000000000e+00
-8.432297019614205524e-01
-6.926074002191182633e-01
-6.863408911775822352e-01
8.683001308720146305e-01
-3.758974193395464569e-01
8.508304913813689030e-01
6.858134029088538419e-01
9.015917919264546665e-01
-2.134421304515436435e-01
-7.804294426164430920e-01
3.663597042293099126e-01
-9.796089464179036366e-02
-9.202736498499179962e-01
-6.204946877505672642e-01
1.076387903447884875e-01
-4.165223965880184842e-01
-1.827625419493179582e-01
-1.812582528690378364e-02
-8.471591190481808642e-02
9.125215200217683398e-01
7.172335337194649663e-01
2.104645451592507266e-01
-1.227609503028164878e-01
-6.748466845379396117e-01
-1.000000000000000000e+00
-3.640567850620456958e-01
3.670802835047857759e-01
6.769007248834240098e-01
9.726347286390063518e-01
-3.672702826698590051e-01
-3.342479526373461907e-01
8.082302938130372372e-01
3.758142068557062121e-01
-4.181260336115934922e-02
-1.013749790189203970e-01
-9.470646830861385868e-03
-8.094181798353180524e-01
6.678874417505120675e-01
8.595857694240619518e-01
5.941254840167199403e-01
-6.641986186170069362e-02
-8.321362009222883493e-01
3.751179882422535361e-02
-6.412059518091540733e-01
5.817808004002735789e-01
-6.075275071013180872e-01
-4.093195294926326167e-01
2.994470542445974437e-01
1.500408489137718404e-01
1.703078726396217990e-01
8.714661921223493257e-02
8.430242930516683719e-01
-6.823883862776733422e-02
7.556159985429297121e-01
-9.881671859833668359e-01
-3.009519089559115068e-01
5.392170474081103837e-01
6.198074217327314006e-01
1.230521847702085309e-01
-7.600416443103304998e-01
-2.023008163016565830e-01
1.000000000000000000e+00
-5.883027706444720062e-01
-5.326016477038559849e-01
-6.011836166241550927e-01
-4.923667850064104567e-01
9.705748306978033701e-01
8.899461121497912464e-01
8.226628585036068753e-01
1.873294998993215721e-01
6.245576164018965537e-01
-9.018841530611739765e-01
5.355047134661005542e-02
-1.321901062562155955e-02
-7.697662888496595301e-02
6.872656853149690104e-01
8.996942691287372895e-01
-3.493598502900874953e-02
6.559826938636003080e-01
8.649731043518588125e-01
-6.776003748330071685e-01
-9.889167533666126664e-01
7.787280874840175615e-01
1.534993303083787008e-01
4.942234349786207570e-01
6.567459140686542352e-01
-8.495505232547476693e-01
-3.816290873417597096e-01
4.015994497165267796e-01
-6.825852342466278699e-01
3.412943705574261188e-01
9.973118047351459126e-01
3.065672382192665690e-01
3.744770219979082215e-01
1.326732771851115711e-01
-4.803638675241745926e-01
-6.326402392873110569e-01
-5.076769383999509833e-01
-1.878436095363356095e-01
-3.411401774837362622e-01
1.168418672709798656e-01
4.323810229008800410e-01
8.145902133959952440e-01
-7.670243447099247547e-01
3.568974454198837187e-01
4.402609674555669761e-01
-1.104343597717077075e-01
4.557932360535105754e-01
2.302346472896425467e-01
8.392400347251689485e-01
4.803166585442804060e-01
-5.587687535721888032e-01
-7.814866348333346924e-01
9.190647874963321362e-01
5.260346961944610822e-01
-9.820290681892738238e-01
-8.299605132537600793e-01
-9.719990219737306703e-01
3.752771228937615278e-02
5.559975687492196839e-01
