-3.549928054796600563e-01
2.859573466890520388e-01
-3.136560419307987679e-01
-5.844566960489238072e-01
-9.418636383226436370e-01
-5.414458399096928609e-01
-7.975362487896331398e-01
8.578810192770093268e-01
-7.238964855168272816e-01
-1.042613749949587998e-01
-2.343677713900882420e-01
-6.974524879495701546e-01
-4.875720675211339117e-01
-3.962008209223336630e-01
1.589456299744616830e-02
4.225424543762744123e-01
-9.978298806957358602e-01
7.132250874959280562e-01
-1.000000000000000000e+00
6.415083850439138313e-01
4.168578679062819869e-01
7.401637935008291702e-01
6.136505917913643859e-01
3.319776253402369481e-01
4.984119890460197433e-01
3.620392699658974145e-01
5.350557096150276859e-01
1.666434087398438457e-02
-1.000000000000000000e+00
-1.883778720542926277e-01
-2.565599306483154485e-01
-4.997047885807048839e-01
-6.833588221888811098e-01
-5.042432116709008039e-01
2.138302383872587586e-01
-9.481719977768647833e-01
-6.759062496018467536e-01
6.494322921834027040e-01
-7.125864362499967353e-02
4.902744203310010485e-01
-5.753636555555257104e-01
4.647761065627922239e-01
-1.000000000000000000e+00
4.769761084102736026e-03
-4.838494365208727555e-01
2.225390717564603715e-01
-2.042863606307361857e-01
-6.317558073181195333e-01
-2.893524695523947976e-01
8.790970323156888089e-01
-2.345265075533584653e-01
-8.123152848730688103e-01
-2.784719053633335495e-01
-3.704109944010123279e-01
3.298533313805821487e-01
-3.124223550025531648e-01
-5.793239590881004153e-01
-7.718116748618288891e-01
-8.903934770259562814e-01
-9.498640793618332023e-02
-4.255826132232136683e-01
7.768977857322511005e-01
9.448588873338313876e-01
-9.346797668489592592e-01
-5.167773351462409126e-01
-2.728612566475454027e-01
4.679187099032696140e-01
-4.053687920595569483e-01
1.573104122215925882e-01
-8.014709409598439471e-01
4.790620709163641022e-01
5.758816999096623146e-01
5.699778505480858071e-01
5.898696300979477947e-01
-1.000000000000000000e+00
9.378226714221998828e-01
7.969431664795529890e-01
-8.968709866490258698e-01
-3.154762633423346951e-01
9.663344381836355690e-02
8.208254719956094014e-01
5.800115280505826476e-01
-5.083553324252081396e-01
-5.704734151289325705e-01
8.564660359134950163e-01
-3.441061801638498618e-01
5.051441739450206470e-01
-8.001992656130224590e-01
2.938249038308548555e-01
2.920819880991161188e-01
-1.634509350314295173e-01
9.114761410364045080e-01
-7.829338937463952153e-01
5.646009825414933792e-01
5.759898409355015403e-01
1.000000000000000000e+00
-7.947321290054799592e-01
1.854377193940354718e-01
-4.310101060239235893e-01
4.369312621874618108e-01
-7.969345013940303257e-01
3.765746813944936822e-01
-7.172473168868079840e-01
-7.827770457789613723e-02
1.000000000000000000e+00
-2.768997656700636356e-01
-8.471312898088270149e-01
-4.393649694486320700e-01
4.994039499091664780e-01
-4.045690153802530831e-01
9.952130181040086399e-02
-6.310629034645840463e-01
-7.451163164854180954e-01
1.080401992962820995e-01
-3.212257788795802593e-04
-3.586219949880551372e-01
-9.335675403407734940e-01
4.988158406075574036e-02
-7.992211622503190283e-01
-2.633788377805068581e-01
-1.720324178531103809e-01
9.649746360288120606e-01
2.609570535314165163e-02
6.746175044799654907e-01
4.292867740001053978e-01
6.124264049100840435e-01
5.730154520021689679e-01
6.027959493439183358e-01
-6.395247688485615756e-01
2.568586498409708430e-01
8.387608393868929701e-02
7.827300354691687501e-01
-7.165576140999874166e-01
-4.967595432920115517e-01
1.896805708354612485e-01
8.305658082544464804e-03
3.928139614158507875e-01
-1.045386480380404715e-01
6.565672925475273258e-01
-6.476792627668423452e-02
8.817853366097343493e-01
-7.346285168524208098e-01
-3.485065908907586940e-01
-2.962363317470929625e-01
-3.345934169059407159e-02
-2.703977208065976856e-01
-4.712552939908516425e-01
1.000000000000000000e+00
4.133610430512698053e-01
-8.492890570341906642e-01
8.705260104021346201e-01
1.000000000000000000e+00
-7.549681654071296322e-01
-6.250383690943778214e-01
3.336506864554992235e-01
-3.793053541667015249e-01
-8.631506775421474709e-01
-3.691076617982071428e-01
-1.000000000000000000e+00
-8.161837767083728323e-01
3.091587850906312718e-01
-2.979677863336898103e-01
-8.910811611592633907e-02
-2.514632912165613021e-01
-8.862878730929309168e-02
-3.165336027720110357e-01
5.389619753788965628e-02
-2.864699618722061358e-01
-4.877809075553625751e-01
6.890191513058388506e-02
-1.798047857220789747e-01
-6.599561745674262792e-01
-5.757240587992781267e-01
8.653978173348952918e-01
6.941130503739064705e-01
-8.237267452204523055e-01
-3.103129639064876599e-01
6.880387993850812789e-01
1.946765283833769011e-01
2.517988319457380442e-01
-6.728090380734581544e-01
-4.332319554101049519e-01
-8.409227629577555874e-01
-7.177202435023181115e-01
-3.232138799121426764e-01
3.100769359808571712e-01
-6.155003436328938538e-01
3.812789921935993281e-02
-8.086570947342291982e-01
4.357103971042963764e-01
9.762098815290805032e-01
-6.874236135307529860e-01
-4.947507735657681316e-01
-4.036908620380106338e-01
7.356056053639183911e-01
-4.281553979745600369e-01
1.000000000000000000e+00
-1.000000000000000000e+00
-2.332248707606828786e-01
4.675971295607184164e-01
2.472407399538514849e-01
7.880486938967072863e-01
-5.267827662997612848e-01
2.115364411083344581e-02
1.000000000000000000e+00
-5.220615660281794357e-01
8.546629171981211526e-01
-1.557911971696699371e-01
3.503515824574431059e-02
6.532791699949486164e-01
5.106003014021234243e-01
8.648340283795099559e-01
-3.854509041582320772e-01
6.922816819133298383e-01
-7.383449481737938136e-01
-4.193494700340492098e-01
-4.105881389183066998e-01
8.673798849913234577e-01
-8.529184009226633556e-01
3.620744910891988688e-01
-9.622284522024604492e-01
4.001259581152660227e-01
-8.906126741398295854e-01
-7.418820607282794466e-01
-8.632253040598854010e-01
-2.807474381856143314e-02
1.000000000000000000e+00
-9.800409617645160498e-01
-7.745192383812374848e-01
8.733036054166112838e-02
1.000000000000000000e+00
-3.411471681691196078e-01
-3.231839719462745175e-01
2.706080135401713882e-01
7.378783390661634023e-01
5.117777253435001894e-01
1.000000000000000000e+00
5.839922380787672118e-01
8.139883590295623472e-01
-3.757200844879815538e-01
4.672847092667443691e-01
5.008825718269738214e-01
-5.025510650542681645e-01
2.956712683669806552e-01
4.036718358612149116e-01
-5.088933676733071731e-01
-5.426191385108865006e-01
-1.709050608106938984e-01
1.000000000000000000e+00
8.058337594624509492e-01
-4.892717503911914179e-02
-7.010766879807175389e-01
-7.611567654074784250e-02
2.060033324526345799e-01
-6.607624485997812824e-01
8.892258078021927359e-01
9.231562111487588984e-01
-9.487398858771414756e-02
-6.163633501521651459e-01
-1.000000000000000000e+00
-4.696180436828543137e-01
6.561750444527325588e-02
3.239221205022850825e-01
-3.617641745388726071e-01
-3.172212805774154432e-01
