4.169205385146284026e-01
-3.115221103648437295e-01
-7.248020736404685582e-01
7.138628143298924034e-01
7.583658514091684566e-02
4.811987813731787023e-02
7.509560359137153196e-02
-8.161827067977776018e-01
-5.188286247786640937e-01
3.549903564639007025e-01
8.258939584886568763e-01
-7.603455509136636259e-02
-8.417032096738770175e-01
3.623584441347111884e-01
7.226127333951466447e-01
8.255059965677817857e-01
-3.289237322307700384e-01
-7.464576709444845637e-01
-9.036383645903479644e-01
2.204093836320160094e-01
9.751177838882032489e-01
-3.049316304956501966e-01
1.000000000000000000e+00
-1.805241912445902097e-01
6.788271531393164082e-01
2.998339578805726546e-01
-5.272206555148082341e-01
4.469226989501164926e-01
5.670712607811561057e-01
-8.787044329183778535e-01
-5.829663594804940230e-01
-7.447569046268072146e-01
-2.692812865939104086e-02
3.964172505486796005e-01
8.856877031229239972e-01
-1.085569172687975703e-01
-9.644292641210669981e-01
-6.961776609199767096e-02
7.873959904694474154e-01
6.959829271552946395e-01
9.850559293317973086e-02
-6.000136954265475886e-01
9.410324041558661146e-02
5.336050378750710754e-01
4.789151373097475517e-01
6.291552396773496536e-01
9.014255516062572582e-01
7.878554349625370712e-01
-9.028558917328695088e-01
4.518984478380176917e-01
-5.340820641693496684e-01
3.211169005899496276e-01
7.026078647525346721e-01
9.991215283571026617e-01
-1.516542173740070554e-01
-1.925848729498738088e-01
-1.000000000000000000e+00
-2.129336375191752395e-01
-1.000000000000000000e+00
8.648271784297273390e-01
-5.001155733301138051e-01
-2.907863868835555698e-01
-2.335076753910787506e-01
3.178057357614756939e-01
-1.557624033671763664e-01
-9.570376149622836781e-01
-4.215259133304316563e-01
7.566056412076471727e-01
1.000000000000000000e+00
-4.937009847999868639e-01
4.601421396639364669e-01
-2.416687727680378317e-01
5.162858296053974838e-01
8.374732826520587814e-01
-5.240737560980817111e-01
-9.937843760532127924e-01
6.651441538995386260e-01
6.622267487553180620e-01
5.557534198135061221e-01
9.662694194495210498e-01
3.890595341852610134e-01
6.286459651493252476e-01
-5.898667360575071683e-01
-5.624343603932756563e-01
-8.127625194762572169e-01
-6.616826841891431110e-01
6.265946721563959709e-01
2.771799311968512480e-01
-2.507229833764684779e-01
-6.672943017335064564e-01
9.304831924472445337e-01
3.704376426055074889e-01
-2.286163156479113778e-01
7.916480436327562042e-01
2.292547317171802490e-01
-7.205048623686898246e-01
3.163584772364301800e-01
-4.315560642663458513e-01
3.753094040187198721e-01
3.688112501397713405e-01
-3.861401421158292546e-01
-8.585998171897459841e-01
-1.000000000000000000e+00
-1.000000000000000000e+00
7.415702915773008108e-01
-5.635339026518746408e-01
-8.019313463907766781e-01
-4.367967158011247797e-01
-8.947098295486809461e-01
2.736259371908838500e-01
1.000000000000000000e+00
-8.218787437728228840e-01
9.490206511214699381e-02
-5.389190412675015640e-01
6.961757878390608667e-01
6.513733400734551815e-02
7.265093723302464834e-01
8.985984503976023330e-01
-3.166454558356105245e-04
9.755603148606624142e-01
6.330236556371759971e-01
7.724581013004377938e-01
-2.941160701397110278e-01
-6.501152761477366759e-01
-6.248948968692370487e-01
-4.031403043700497735e-01
1.004927382871113745e-01
-8.722825219514357409e-01
-3.218354872781853393e-01
-2.479398377238233309e-01
-7.693312440799212615e-01
2.959672157048314212e-01
2.503652534551037978e-01
-6.671435965526227863e-01
-9.303682328619182484e-02
-8.073789446186172558e-01
-2.071357158561753370e-04
-9.204909221227581817e-01
-3.476166272655776268e-01
1.000000000000000000e+00
-5.952402629933961631e-01
4.496763878068569253e-01
7.121366743775577879e-01
5.778874201425534540e-01
-2.293099921228291538e-01
-5.033894792579589605e-01
9.471320692040995359e-01
-9.739383360065010375e-01
4.664202252641903579e-01
7.249111395427230153e-01
-9.932002601091383109e-01
-3.107655603109903408e-01
8.960586722716461505e-01
2.597106915560981610e-01
5.062490004184620751e-02
5.235636558857430511e-01
3.437524918500086679e-01
-1.000000000000000000e+00
-6.393194334689005220e-01
5.652340059313272214e-01
7.722966244220367260e-01
1.999955482141150820e-01
2.692920728415637566e-01
-5.946271409898690186e-02
9.614710939784347765e-01
7.521334510574798626e-01
6.659618239291906772e-01
3.725063118482009328e-01
8.624829621131210322e-01
-2.623398275330290352e-01
4.334132911369317082e-02
9.456944861159111149e-01
4.314310625718453251e-01
4.406533621752070640e-01
7.646798506556377051e-01
-2.072375067624137035e-01
3.125289471608616587e-02
-7.108706620466019935e-03
-5.074469551422724489e-01
6.611697255315636124e-01
6.153316516418250171e-01
-7.053623877684382926e-01
7.583778784118196115e-02
1.731176892901029607e-01
-4.139001374762732444e-01
1.904761864599939791e-01
-8.094653834851767149e-01
9.718558667026315767e-01
-2.896121951562236063e-02
4.277572275609173302e-01
9.537232288424515314e-01
-2.082209968146919721e-01
-9.042074428733957170e-01
-6.805028391472457416e-01
-1.604932667778329880e-01
-9.170174680969009895e-01
6.707523950867678719e-01
-5.583179660731583116e-01
-8.519362059264752318e-01
-3.414209556567902593e-01
-2.266817770630860096e-01
-5.961892933959185570e-02
-4.628307254061400089e-01
-4.740949272083445631e-01
7.603289893844218383e-01
1.831254564289123143e-01
-1.068137754864084688e-01
7.217636909281207602e-01
4.301311101824136784e-01
-7.275220909821257242e-01
-3.940140079980575250e-01
-3.658931221276787715e-01
8.584058294360696895e-01
1.627366189836512433e-01
8.663773890702172187e-01
8.229777978212611256e-01
6.410894513026048624e-01
5.636193797394454252e-01
2.419748427012193837e-01
-3.791251869785938755e-01
-4.849205597761396813e-01
-4.967668143842101647e-01
-4.568185098092132912e-01
7.974304119778952149e-01
-6.515190963931521972e-01
-4.953599819035678919e-01
-8.008100177677006659e-01
-4.576055223750468137e-01
4.568661233357427798e-01
-8.307122254038388220e-01
-5.440697769780535875e-01
8.794982546622590602e-01
-4.287946074357942283e-01
-3.405932825403459319e-01
-1.658971130826109031e-02
-5.650315371242378149e-01
-5.694562266004208340e-01
3.355408201688698799e-01
-3.757371973837677626e-01
-3.216314110082837269e-02
2.083344408302748585e-01
1.000000000000000000e+00
2.385962045334678594e-01
2.252621057554179407e-01
9.156143070515998517e-01
-8.438548996254184864e-01
1.024590789003884672e-01
9.230693267025791293e-02
1.067334345355924752e-01
-7.784495494511312064e-01
-3.965288504360020005e-01
-4.430594723807718127e-02
-2.037102029876284026e-01
-9.641407108426013339e-01
-6.120600674548003495e-01
9.308358496911676161e-01
-4.217377712639878151e-01
-2.759335280175603811e-01
-2.430470094994766905e-01
-7.326697290741038260e-02
9.135330116512535570e-02
-6.262193593567701999e-01
-6.572762290268489016e-01
2.753411245042237596e-02
-4.889120556996625622e-01
