-2.081602413489394010e-01
3.917745485188423582e-01
5.650466330347093669e-01
-5.857313239187276199e-01
3.770932600612770802e-01
-4.914463414384478979e-02
7.859451928821584721e-01
-3.681757452284902810e-01
-2.908006179809324854e-02
7.634238845870271462e-01
-6.904346695303944514e-01
-2.282616417409379928e-01
4.842284255921198710e-01
7.439485020304956731e-01
-4.276621868708202490e-01
-7.443140127888634439e-01
-8.766354344279536637e-01
-3.925947284711833185e-01
1.859257809385231885e-01
-4.947327509802200707e-01
-5.234956207692886831e-02
-1.885922906143877587e-02
-7.365995712963027131e-01
6.003536813613156164e-01
-4.414875211372142338e-01
1.254670764819987849e-01
8.388514448820705294e-02
2.593426639964664382e-01
2.945757679817284647e-02
-2.117957439427917699e-01
1.462474309575598208e-01
-1.085961498165497474e-01
-4.597345404824371151e-02
-1.625882680839806360e-01
-4.891589298769271066e-01
-1.575761183681962940e-01
-1.180685425911063291e-01
7.054913382318150905e-01
3.025947491298990322e-01
-2.586666038200780560e-01
-1.460835395017912042e-01
-5.892445394954886062e-01
-4.994562841544203380e-01
-1.576810575446141449e-02
9.982540392669625451e-02
-4.083195325892852168e-03
6.139825351051015900e-01
-7.698691507649075838e-01
-5.136958821148134291e-01
8.106113384988076209e-01
-2.262588232136813482e-01
2.676032842494570074e-01
-2.922923710086571258e-01
4.855762153947948967e-01
2.566830880845688556e-01
-2.437739574663178588e-01
-6.610139524618015017e-01
-8.450918977777888141e-02
4.707186340820124215e-01
8.217018610943704893e-03
-5.625119057268485045e-01
2.068222055211776933e-02
-2.902485005605195956e-01
7.093059020982465102e-01
2.242992853883740700e-01
1.488190426715059189e-01
-1.015682111292268708e-01
4.987348200651480212e-01
-3.962715414045462348e-01
8.606147083165832656e-01
3.080132904458762200e-01
5.618669259742949951e-01
-2.944467516727014011e-01
-6.709669519477368116e-01
-1.265383990320712027e-01
1.729977222867106201e-01
1.136919390709201227e-01
7.458123407124578330e-01
5.321563368675098493e-01
-4.557030005734706846e-01
1.321620138676529166e-01
1.452863239582362631e-01
1.584408363638507011e-01
-8.701934042331771479e-02
2.716677158294678041e-02
-3.161606612312402032e-01
5.040988668900521219e-01
6.950743516657476029e-01
6.083364111836395693e-01
-4.321170748543722295e-01
1.057060137443934511e-01
-1.223895788996635647e-01
3.042232091026466634e-01
-9.307055816746451216e-02
-1.922929846543156573e-01
-3.275671164962646320e-01
-3.025261993143321115e-01
2.885737404651976812e-01
-3.886815645651038320e-01
-3.614342952346594195e-01
5.828904197168561785e-01
-3.264326922588953739e-01
-6.635824786643619300e-01
-2.530190072504917564e-01
1.692535152870111026e-01
1.462180285354620635e-01
-1.314567970928283147e-01
1.887998071657488453e-01
1.684997074019162211e-01
3.812376443886840161e-01
-6.263092611879211846e-01
6.948629571597988441e-01
6.951640680610249312e-01
-2.274037577613795547e-01
3.088564686677167659e-01
-5.116564114045396572e-02
-7.424686115963459176e-01
-3.740066581730481232e-01
-6.062918507601671170e-01
-1.345467879448166704e-01
-4.051697256068914621e-01
6.454307993593808579e-01
-2.395192822174903036e-01
3.095217741588026650e-01
-8.685595530120571173e-02
-3.356491446502153364e-01
3.018723128902444097e-01
5.906828455848515125e-01
-6.695259651140689217e-01
2.207163146615946370e-01
5.859231979373396015e-01
4.992545254415794997e-01
4.619086806655362532e-01
1.915671187369948347e-01
1.372839057546779706e-01
6.944630979512769198e-01
1.760880195953067329e-01
-4.610793941840938270e-01
-4.644805483080383102e-02
8.158754934280409987e-02
2.602775848007463644e-01
4.874861459610892456e-01
3.147786205160130191e-01
-1.690637971381867555e-01
1.506250884908704735e-01
-5.423120748661660606e-01
-1.365963824893549061e-01
9.281844740359124213e-02
-3.098742751368169790e-01
-9.439140621922013086e-01
2.961202609061903690e-01
6.915818115336764826e-01
6.977971248960951334e-01
8.713480804028364002e-01
-2.623874552594868126e-01
3.651634359738900604e-01
4.971478989585931263e-02
8.008620573195690540e-02
5.060345726596222615e-01
-5.477839549688151566e-01
9.518639759770286535e-02
-1.835612489545446202e-01
2.783015140989220648e-01
-2.845510297742294137e-01
-5.474833494747276541e-01
3.048906519503344903e-01
-4.854579423232279201e-01
-9.691297128387188486e-02
-4.040212008552246381e-02
4.910898497290631104e-01
5.251665012236046426e-01
-2.833444441907454481e-01
-3.532272196969218347e-01
4.948175053030735571e-01
1.178008894815957969e-01
-1.716699677371581467e-01
-5.662211903555576242e-01
-2.146993627403317451e-01
6.427076204106795254e-01
-6.511245259151866582e-01
2.413143011654789172e-01
-6.489942663034925507e-01
-1.334503278572959362e-01
-3.107948621824221380e-01
4.717003674656615742e-01
3.048619780996865147e-01
-2.170036722357209236e-01
3.045086940742288140e-01
-6.223721486916805601e-01
-2.914431119665872316e-01
-3.594829037255730109e-01
4.417165824310985700e-01
1.284964603659027871e-01
5.475192593351662085e-01
-3.403803359582169286e-02
-8.156746204744308448e-02
-3.931268989569974837e-01
1.178156713803240052e-01
-2.946094719890971492e-01
2.144012982845049375e-01
-3.817506636851369928e-01
4.084633774867993949e-01
-1.251397088768403387e-01
4.345356122771106833e-01
-7.771308632374261949e-01
4.541722052618824002e-03
-1.048749271206160794e-01
-6.949251161984359992e-01
2.167038685858329594e-01
5.813433448931171199e-01
-2.342843323515976239e-01
5.657094952269933752e-02
2.288830969746663557e-01
-3.029903116869593349e-01
6.010369057248288183e-02
8.291330716568734438e-02
4.864804146986501099e-02
2.906100167673966173e-01
6.442106748637563829e-01
-2.142927652079301137e-01
-7.348654329554911158e-01
-4.146936542307956275e-01
1.433799887513320659e-01
1.179656272972080810e-01
2.902151156662461373e-01
6.373361886103390272e-02
4.849023903520599532e-03
-4.788909922368863592e-01
-2.641933459069476520e-01
1.551555091188372426e-01
-6.267223251909905812e-01
-3.882974377911234676e-01
-3.984846454646101543e-01
1.951739573906104974e-01
4.680884982417354845e-02
-7.337566274102511610e-01
4.859765881444097491e-01
6.421962301156003416e-02
2.616228419866679644e-01
6.879425983217468676e-02
5.207863288040459615e-02
6.286172288605673675e-02
4.966307720844493900e-01
4.910774382545842753e-01
-4.755109326110550372e-01
-1.495014166176731885e-01
-5.856682872669993767e-02
1.536645687037668795e-01
-5.981849513538207708e-01
-2.083926422049352523e-01
4.086964092737478405e-01
-6.954623319116566282e-01
4.170361930430920294e-01
7.039705643321945150e-01
1.228259386670798037e-01
8.666447757092987647e-01
-1.997356031020160461e-01
-4.313882097953893324e-01
-6.628681339792025229e-01
-6.115660107107475651e-01
-3.763064780249468777e-01
-4.357382171842143492e-01
-4.646280318607431958e-02
-1.442563708354552832e-01
1.343064428189717774e-01
