9.550187304664132792e-01
4.765457747413637812e-01
-8.866536893175439582e-01
8.409340980390154208e-01
2.766300213809933517e-01
8.164164021612405620e-01
7.455743028196142042e-02
-2.446094337045406353e-01
7.535491613060534277e-01
7.546851837577767119e-02
8.402503882114857880e-01
-8.414336757042175652e-01
-1.906372937742208118e-01
-1.112051740461592608e-01
4.270067886436653692e-01
-7.899042849064504823e-01
-1.000000000000000000e+00
-9.311790395906971440e-01
-7.342237110432078273e-01
-1.192731039553526218e-01
1.794588718971937835e-01
-1.000000000000000000e+00
6.341480017696765614e-01
5.294570737357569001e-01
-9.381411390234841718e-01
7.238226138041248259e-01
2.608161391818740182e-01
-9.031610067285369969e-02
-5.556434584317635483e-01
7.585917283534022726e-01
-6.950319304841160450e-01
-1.210838351067732577e-01
2.946015124654594031e-01
2.024099245265344460e-01
-7.052238557284687959e-01
-5.816201911017437887e-01
6.358806594031439774e-01
-2.098007905965554032e-01
1.271261241898872518e-01
7.263519953969360676e-01
-5.369357392780538252e-01
-3.681595274149637165e-01
3.261194340122108848e-01
-8.846993107441345483e-01
1.666848434772389975e-01
-4.344320081643761045e-01
-4.139667813339733549e-01
5.706055037164070587e-01
-1.000000000000000000e+00
3.575850672414284115e-01
7.374651733268813292e-01
-9.837779856360500119e-01
-9.380727168070241984e-01
9.628773299247295192e-02
-6.297142387741203051e-02
-7.668531417949767670e-01
7.442566273872064375e-01
-1.000000000000000000e+00
8.785969143264006631e-02
4.373572582674496445e-01
1.000000000000000000e+00
2.873064280753677147e-01
3.607206721132648619e-01
7.580368475835391751e-01
-5.493000389247192361e-01
-2.568070250830306600e-04
7.466362364780809724e-01
-3.273205974762791737e-01
4.924738547766345786e-01
-1.593272116360998081e-01
6.756875032202757092e-01
-3.642868647323481146e-01
3.401898173829494554e-01
2.058954711941293203e-01
2.788068994547557855e-01
-8.980022453362694890e-01
1.331836535000037181e-01
8.086721465544483012e-01
-4.260706760776441504e-01
5.452697012298979296e-01
1.260921116652156393e-01
4.977013797137769813e-01
5.609962683669642569e-01
-7.050609699504518657e-01
6.224187654853639007e-01
-6.246778529644686495e-01
8.798745178134530220e-02
-4.815011526353878413e-01
1.861611046529487723e-01
5.376032046186632884e-01
7.146360317631847980e-01
-5.389282759593965189e-01
4.827942462793802236e-01
6.419429292406657606e-01
-3.348872661613384594e-01
-8.832717022905913762e-01
7.864939092199365600e-01
-7.151248460773315108e-01
-1.763008040616504957e-01
2.645641793076828341e-01
-8.641539602021464095e-01
1.000000000000000000e+00
-9.355714567992057251e-01
-3.401391777961737528e-01
3.795947378515355797e-01
-1.944872677774964476e-01
-1.258821383446347697e-01
3.249500050531186068e-01
4.220906407527652560e-02
-7.554174332209112608e-02
-4.068112892339269537e-01
-4.955404873082569495e-01
-1.000000000000000000e+00
-4.736104713037379843e-02
-1.000000000000000000e+00
7.650056508588358728e-01
-1.000000000000000000e+00
-3.973253406530572462e-01
1.020555330201886601e-01
1.939701476980356387e-01
3.614670785121474328e-01
-7.835671965013137896e-01
1.000000000000000000e+00
2.983381746187302452e-02
-3.023003579449938250e-01
-7.164685716946016525e-01
-2.633291939300346218e-01
2.554868499911948643e-01
5.391292227197346243e-01
-2.699636340791392031e-01
-3.089124987885613072e-01
3.060447528061727152e-02
5.440842185828684840e-01
1.000000000000000000e+00
9.390563508587996822e-01
3.043189185736134839e-01
1.849893665394649056e-01
6.719284014250835879e-01
2.001110954260389430e-01
-3.212323343153642430e-01
-9.001775179009674499e-01
-8.653166386537311516e-02
-4.399590095910176357e-01
-4.022783343942769596e-01
-3.944138302731914902e-01
-1.083749728396937589e-01
8.968113013726871641e-01
-2.014829607769639819e-01
-1.000000000000000000e+00
3.769542027531992967e-01
4.502862689035607713e-01
9.539441737226550533e-01
2.245275715074720457e-01
3.207611811364824983e-01
-1.000000000000000000e+00
-5.121939542436610981e-01
-4.679859305285407611e-01
-6.465188164772900370e-03
-8.688462809342251125e-02
7.633779201965250616e-01
8.974743363789894346e-02
-5.371370366206497104e-01
-3.659999023449729827e-01
-8.615615795967153101e-01
-7.354803075354336972e-01
-2.511471128736213476e-01
8.103939679898611304e-02
-1.000000000000000000e+00
-4.529272051044886394e-01
-6.053853295587887651e-01
5.452452712696084225e-01
3.008409907027673746e-01
5.828108340122555298e-01
-2.129049161151187475e-01
6.669808919000936864e-01
-4.414122128855854643e-01
5.157452764265785250e-01
-7.763101252445790690e-02
8.475686824846984102e-01
-7.852260721600283766e-01
5.697456981758673988e-01
9.178474594612456849e-01
3.439615534514418593e-01
-9.541304885139082481e-01
5.457651763360683583e-01
3.028013369011265388e-01
5.888208665285160626e-01
1.612587719037374412e-01
4.745304759932069683e-01
3.650847886365362061e-01
5.660186801943221102e-01
4.730724524261382680e-01
-2.753534270802379669e-01
3.284681874586797834e-01
3.748839758027981972e-01
9.340789242926668123e-01
4.297647171851807779e-01
-7.101664555304686433e-01
1.097353812112678850e-01
6.953216277981111304e-01
-9.295226950880903782e-01
3.821565518241245574e-01
-3.510537532343676603e-01
-7.832626312297311655e-01
1.188324030152958510e-01
5.772913559762398172e-01
-2.625915141722858781e-01
-1.000000000000000000e+00
-9.907651952129329365e-01
1.813521794288486810e-01
-5.560774321995536340e-01
3.661928227017877679e-01
6.601816127412085677e-02
4.339545799403555781e-01
6.130331722409777528e-01
6.538258261581971764e-01
-7.931146069936181320e-01
8.249235468185556197e-01
-6.059823962724699697e-01
-4.959013661186479349e-01
-6.707188906176887455e-01
-9.355237441373416285e-01
-4.187888225853754753e-01
7.908644464769818416e-01
9.611292146730865404e-01
-5.455460669569168752e-01
-7.324910282249654792e-01
-1.000000000000000000e+00
8.466914584295078816e-01
8.565434561809787128e-01
-1.242435982948340845e-01
6.098646635515959646e-01
-7.096547725209184643e-01
-7.826779218832928819e-01
-6.510874197836822308e-01
7.359228982228007698e-01
2.969168414980037918e-01
-6.296292299060274322e-01
5.162234999424453186e-01
-8.040126576281384496e-01
3.867042036535767169e-01
5.892424166540755071e-01
-4.268186861603276983e-01
-6.382582660968783017e-01
5.409775049613603226e-01
-7.243254673367851559e-01
3.712084527850690874e-01
8.904376521895527308e-01
-6.894266401198407834e-01
8.049001548663438366e-02
5.998811049319813238e-01
7.492211451558342672e-01
8.828860427425826440e-01
-5.400323278441675479e-01
1.000000000000000000e+00
-1.068639446676884763e-02
-6.767210237948246832e-01
5.078214130277958205e-01
-6.406370403930953250e-01
-2.154261654028321593e-01
-4.980787076386830048e-01
-5.651390075983835359e-01
-2.798294036257622519e-01
6.811017474707969921e-01
-1.000000000000000000e+00
