-2.507726657570273909e-01
-2.649390893794280055e-01
-5.429014440598107782e-01
1.601777242844954208e-01
-5.050030443151983794e-01
7.787685705403777359e-01
5.905903047975726849e-01
4.182331128165527323e-01
5.459623223474074916e-01
-6.881198274050508434e-01
1.091545839406752039e-01
1.152572600963470556e-01
6.672326065766807091e-01
3.403455811264123332e-01
3.077507090386493172e-01
-6.398442147268006419e-01
-4.799702450107898866e-01
2.202350381545403468e-01
-3.277908681148112291e-01
-5.168030650875492932e-02
7.552829135800172011e-01
-4.983973251125181636e-02
-7.341801546353462493e-01
3.111402621580662275e-01
6.899167253720280835e-01
-3.051110453669204636e-01
6.898767548653675918e-01
1.000000000000000000e+00
7.273700206018757219e-01
-1.868690594937540972e-01
-2.524469041705766359e-01
-6.912537875387930741e-01
-1.202559992767181785e-01
4.674177670326311040e-01
-2.366107610937104033e-01
5.605028177372134435e-01
9.319886134732430216e-01
1.015810642995261387e-01
-3.288889988629344341e-01
4.141738216222312641e-01
-4.511834447801427728e-01
7.236935912873502241e-01
-1.580096406194335668e-01
2.873234242126644356e-01
8.710083409116078368e-01
9.614229627333384376e-02
-5.791789103670792471e-01
5.021231114180814137e-01
-5.824687830759891494e-01
3.910673457403007203e-01
-3.248596240372222388e-01
8.977867384343293233e-01
-6.154265066305635301e-01
6.483930954104146771e-01
-6.053579578670030825e-01
-3.066112251130111432e-01
-4.603549674020630533e-01
-2.581038513110878174e-02
-4.268783521994158336e-01
-1.529800632856861409e-01
8.958785781765701284e-01
7.949529749913326615e-01
5.522691818439322553e-01
1.653872977778706455e-01
1.626785582258263863e-01
-6.874331484327897979e-01
-2.181214599048162950e-01
-7.760563965039004586e-01
1.072467661661002242e-02
4.652343022067804701e-01
2.025136289199366141e-02
3.236595935774191357e-01
3.773885706565999199e-01
1.004749842272640858e-01
-9.913752611264858849e-01
-3.518370819169377994e-01
7.684002490213546199e-01
1.638625025413558700e-01
-2.107253482346207463e-01
-1.947503015022630790e-01
-4.879407329685214734e-01
4.353713466562066925e-01
-5.318270797557596019e-01
4.353021495440796418e-01
-4.895527878088836715e-01
4.807300686925479738e-01
9.839140583906946791e-01
-6.977445028740536515e-01
-8.988779736495204897e-01
1.579955016532108014e-01
9.183385621926388742e-01
-4.407781832475969885e-01
-7.031375092664330362e-01
4.598731039532533149e-02
6.241897477681452866e-01
-1.075879951884601282e-01
-6.007641724101374647e-01
2.925882364622966469e-01
2.333595921585808475e-01
3.679287742973816888e-01
-3.516239595762490344e-01
1.000000000000000000e+00
3.013578585760899875e-01
-8.104752473670553403e-01
7.293665140158022142e-01
-1.582703899228021516e-01
-4.433169052285275136e-01
-8.599265447720028099e-01
2.051075151366620053e-01
-6.437131136055028735e-01
4.727828076234081855e-01
-5.797025036348906202e-01
-1.000000000000000000e+00
9.564822961799747114e-01
4.308291427041692767e-01
9.952979553275205227e-01
-6.182258978712320552e-01
-1.000000000000000000e+00
5.807934867973643667e-02
6.047221549212622449e-02
2.289980008140364842e-01
2.191414953597132231e-01
6.625811424712652054e-01
2.750004020020432871e-01
4.117335363259108094e-01
3.108804500051185471e-01
-2.362496076785307597e-01
-7.221381813535745486e-01
-2.848045783737780390e-01
-6.317421054688848736e-01
3.956779548858667672e-01
-3.671956741051272677e-01
-3.673901887788104670e-01
-9.149280621096065325e-01
4.053511940849975348e-01
-7.843575425313391580e-01
8.568985521840832842e-02
-6.276661362334199357e-01
-9.076861918079539571e-01
-5.920692244834452334e-01
-8.129392162980939585e-01
-8.817028868668702613e-01
7.917974999136133674e-01
1.700443457195699726e-01
7.785282415807693868e-01
4.404426462518727936e-01
7.154185607610996644e-01
1.729208178818826269e-01
-1.152173629187431964e-01
1.050498769537069887e-01
-9.028604330043848991e-02
5.703435933236633559e-02
-7.595473880231098374e-01
3.046612938861089082e-01
9.980892599698989454e-01
-1.819905127779446741e-01
3.667144685304903895e-01
7.282595938060848484e-01
1.000000000000000000e+00
-8.727484427635510966e-02
-3.555810004570646443e-01
6.948225399143070913e-01
-4.319320322644915611e-01
-5.170226905070063328e-01
-5.480724371408950413e-01
-1.242050356658529198e-01
-7.587483306283738793e-01
1.694582090210117742e-01
-3.729033266988397433e-01
-3.325031880925266581e-01
-9.186843783404489983e-02
-7.526622595504821600e-01
8.986032604959334202e-01
-7.387444375688436704e-01
-6.252076033672469002e-01
2.822597987299934608e-01
-9.769872148917713162e-02
8.629322674977887853e-02
-7.825845831766545802e-01
3.225449519692417666e-01
-7.921988769615874171e-01
-6.861977492900672715e-01
-1.469285786704474239e-01
-9.973811027014861663e-01
8.205464491561295093e-01
-6.523052946772203708e-02
2.369811157653972655e-01
9.045929642201258059e-01
-8.224452939222304249e-01
2.147326740478347762e-01
-7.938054154425028264e-01
-6.299587913474138934e-02
-4.374753660610455896e-01
9.753131547745143015e-01
6.705268739032126390e-01
-1.908328888358774011e-01
-6.788897568301412999e-01
8.004056809766126879e-01
1.246113171764624550e-01
6.840437294939210044e-01
-5.133434027401502231e-01
-3.116027748034668754e-01
9.621911152431613656e-01
-2.180735717353698144e-01
8.413485218342853234e-01
-8.287022819400750029e-01
4.218722396327722057e-01
-7.854680673549554459e-01
5.548065565114281839e-01
-4.155908952710240523e-01
-8.748994724027245873e-01
6.065998076386592830e-01
2.047016884240342449e-01
6.452219254817724570e-02
-3.834943388334161041e-01
4.286596618117727298e-01
-8.366368122452572109e-01
3.838859995309042983e-01
1.000000000000000000e+00
4.361977977707582887e-01
-4.890255348340785679e-01
-6.846236093189255190e-01
5.316185832018978097e-01
5.657792672008166157e-01
-1.000000000000000000e+00
-7.815382197435799538e-01
-9.681328293148490083e-01
-8.000269411653300189e-01
-3.873328311844470573e-01
-4.101748120217738047e-01
-7.065390114546479250e-01
1.460632285923001428e-01
6.526511099336422816e-01
9.140449393457830141e-01
3.186331424790618261e-01
-2.711440469123367891e-01
-7.308633749026031134e-01
7.924632091167558290e-01
-4.039351722213058715e-01
-4.784233262623182603e-01
6.596275757585351451e-01
-5.397453195525835357e-01
4.487014785683202667e-01
-2.599851078556367212e-01
1.247276055108735571e-03
-5.434170870508271411e-01
-4.250875240013809453e-01
1.563113085755291620e-01
7.505296375720431346e-02
5.785177261652929559e-01
1.784394924149253214e-01
7.433183531120364229e-01
-2.966937345787196145e-01
-7.502412866793045643e-01
8.315471972376882182e-01
-3.002684725502102192e-01
6.608796373549320480e-01
-8.213631011190888342e-01
7.448775866806791601e-01
-3.468856760594124511e-01
-9.930935445690031171e-01
8.824682523693778702e-01
-8.533861423716375683e-01
4.189548449154353316e-01
2.061912553996189945e-01
