-6.204092255645916598e-01
-5.151589859549174921e-01
-8.254539370738408488e-01
-1.534776063982602468e-01
-3.834607824481843230e-01
8.248851227685836118e-01
5.923707617683269255e-01
-4.534902153935896907e-01
4.384709781445181864e-01
-9.460764878784587717e-01
7.076272068647936342e-01
2.285556824611293392e-01
8.712042737898806344e-01
-5.977856099764220499e-01
-2.753651206009306573e-01
-5.968032959885319899e-01
1.329467939941021970e-01
-6.354616948691524936e-01
-9.470448469707862249e-02
4.496811483512774821e-01
5.269338381476686983e-01
6.679261691946394297e-01
4.202058171197147196e-01
6.109191403821709887e-01
-1.091290098846773582e-01
-4.950931781230124007e-01
9.008213426392259748e-01
4.969147997828021190e-01
7.770918744866347483e-01
-3.782205110262350511e-01
-8.024921562095947980e-01
-1.755739527053711280e-01
6.529415532299835956e-01
7.375634881096349016e-01
6.454257622004325734e-01
7.551943971782109077e-01
-1.054653507350239439e+00
-6.286650160607079041e-01
1.838209646837647149e-01
3.652270661334955371e-02
1.786824501358643957e-01
1.656491149430222576e-01
2.867810863077775441e-01
-2.034903734381745544e-01
-9.914259387797380585e-02
-8.369033806240877560e-03
-1.062818920259541500e+00
7.396288511516310171e-01
-2.101582755644331724e-01
8.778935028717644862e-01
-6.194901523827818224e-01
8.434912037367094939e-01
3.463313329805732810e-01
-2.489172224939784073e-02
-9.564939918125605622e-01
6.955739846109703084e-01
-6.219822274712023535e-01
-1.381618473249683343e-01
-2.744482275590769405e-01
1.017784760261605026e+00
9.048003871157759281e-01
4.965333490308634357e-01
8.812914842858032838e-01
-5.224506252194673905e-01
-2.075316600736440420e-01
1.061690727158108721e-01
-7.865478988845673314e-01
3.849650198284648717e-03
-4.094424321231271424e-01
-2.247372162517729532e-01
5.649630482721774705e-01
-5.047505847240929544e-01
5.687279857248659365e-01
9.269744636415047090e-01
-6.641990883637090004e-01
-3.588816722799403336e-01
-1.938617155202823350e-01
9.564919925255150890e-01
-3.001987083502423159e-01
9.975869943928692418e-01
-6.165214114282393520e-01
-8.586689857883833543e-01
7.261844805783387313e-01
-1.011719861922605185e-01
-1.114013392993834950e+00
7.863165665703982787e-01
1.028319928747658984e+00
-6.206974850149727940e-01
4.654026075554535402e-01
1.726579084571336908e-01
-2.318688455956871564e-01
9.866796273429653819e-02
-3.862430335177607921e-01
8.862936124143930838e-01
-4.744498635798384267e-01
6.585151227351617731e-01
1.572596419242267007e-01
-2.346456245321702772e-01
1.085357406186689549e-01
-4.714517507130400187e-01
3.565106231127415648e-01
-3.696604924629633970e-01
-7.802823173739112939e-01
3.581424976676290672e-01
-9.236482240166472568e-01
-4.887616415838672568e-01
5.945041529152979010e-01
9.328862446892327576e-01
-3.697119457297052270e-01
9.180216179714941749e-01
-3.471313309535672964e-01
-5.169578063457835881e-01
1.196831614721044663e-02
7.329464528166023118e-01
-3.158302542626527099e-01
2.281104193885325759e-01
3.768606493952476599e-01
4.569426827909099931e-01
-7.581591264021364518e-01
-4.449689847012152644e-01
7.589294031783738737e-02
-2.346342303512555238e-01
4.092241097316114962e-01
-5.623043981740420971e-01
-7.887427705631148145e-01
-3.919606812273948027e-01
-1.457964286851913260e-01
-7.662527390503142133e-01
-2.095645259139843619e-01
-1.365050522707888514e-01
-1.827859854528912642e-02
7.945943564632791389e-01
4.121537042400352235e-01
-6.564266833683940483e-01
-2.910304531042537945e-01
-7.467835807329399334e-01
-8.017658482943672560e-01
-1.627567393215416658e-01
6.339811746369847789e-01
-3.414333036545125211e-02
-2.312836161754101560e-01
6.603965218740120990e-01
-4.453023274756725547e-01
7.756729557932822150e-01
5.303797274933848005e-01
-3.966303055104349884e-01
-7.667718051445231442e-01
-5.473039465734599318e-01
6.398232932183198773e-01
-4.164793693929031981e-01
1.065835305172905256e+00
-5.343307172746977196e-01
-2.384768073780633990e-01
2.533241407225579889e-01
1.310438025426368391e-01
-9.956986670637428816e-01
1.712543929384975350e-01
-2.508186590871501753e-01
-5.802492897645583625e-01
-5.373688062953873024e-01
-3.180363831580076406e-01
-5.650401748576510119e-01
-1.240693691232691576e-02
-6.907428868461029658e-02
3.889534583523132083e-01
-1.094818427670905425e+00
2.655686746571509493e-01
4.172457809671517581e-02
-4.453496227646919770e-01
1.718728913525560675e-02
2.663668350703941035e-01
1.294271910821953031e-01
-8.448567899666858949e-02
-5.407384847326887067e-01
-2.021149326727589290e-01
-4.237518232194328327e-01
9.172502977110728040e-01
-6.855839496036325587e-01
-4.201384571398422696e-01
6.541005346007849885e-01
-7.501656118522386230e-01
7.795323856935211515e-02
8.409941429302597582e-02
-9.024459176341563804e-01
6.199145912307176820e-01
6.904302294118287442e-01
-3.818246819873694631e-01
4.245092676683497324e-01
6.306779445200588752e-02
2.581223572312765224e-01
-6.846255899633967024e-03
4.622003911949995603e-01
4.344625789394160886e-01
-6.982504084454883575e-01
-6.062194950816162109e-01
-7.205213698127247435e-01
1.145903788002201884e-01
3.966688197057555154e-01
1.470855464370052212e-02
2.269899852293767173e-01
-9.070497812619142675e-01
7.894889053331999307e-01
8.302180045542134623e-01
-2.317358858885228412e-01
-1.050390569456519207e+00
-1.284958666847211550e-01
3.097913449003296682e-01
-7.239648859444884899e-01
3.999804175501385228e-01
-8.677521429051426871e-03
-7.715814559631218872e-01
-7.827858404687028093e-01
-7.908295515616172722e-01
1.082152092297579138e+00
-8.844213951382984273e-01
1.422308042306564269e-01
-1.256591410704526179e-01
7.873027771648555273e-03
9.830463703488936389e-01
7.582396079955866508e-03
5.444797254392879510e-03
6.551369116531355896e-01
1.038594725235411742e+00
5.431101653251331207e-01
-3.943927551729053405e-01
3.110438329536009405e-01
-1.913867617136612853e-01
3.455007544204107273e-01
-1.063454770773477165e+00
9.688115210816686806e-01
-6.809496878335312697e-01
6.138511212789532490e-01
6.284249162551667212e-01
-7.764331506625024026e-01
-4.578633228067580108e-01
-1.311950820223706793e-01
5.814006934661112291e-01
8.578905794288849140e-01
4.150450903483360321e-01
5.607565657509121504e-01
8.143202157580745615e-01
5.042115327503040589e-01
7.017289847521270829e-01
5.900321314981415988e-01
5.385525592435519426e-02
4.795071013212277578e-01
-4.624406198898960429e-01
1.003057655293093653e-02
4.088924374633176040e-01
-5.946196963869997132e-02
2.022450710451333955e-01
-6.748834314349674290e-01
-1.283482074860112787e+00
-4.300779007575611379e-02
-8.384791186331974622e-01
-1.064591562356370646e+00
-9.954591139880601958e-01
8.715461972674449775e-01
-9.161703778038399193e-02
5.891881622578737376e-01
3.406954928156861739e-01
-1.126476186567854310e+00
-9.692366647279031522e-01
4.347241714289187819e-01
2.668700352875298942e-01
