4.991849114156272638e-01
6.644731698667140085e-01
-5.539717485062708446e-01
-9.345477085416142859e-01
-3.278820963399609600e-01
2.943921867442428342e-01
4.887085890587577475e-01
-5.281723101198452230e-01
3.737726398806455741e-01
4.708409034995266196e-01
9.917802681716252344e-01
3.980538933413027558e-01
-1.023621570029756844e-01
-8.113935006479064960e-01
2.401329992748955922e-01
6.020788531007872368e-01
4.219946941393859507e-02
7.174118718687091389e-01
7.547014497236697039e-01
1.353528106288426347e-01
9.352363691559830716e-01
-2.502911610054556757e-01
-7.833908681256402939e-01
2.840367027694032931e-01
-3.205330456461541466e-02
1.342612530223692424e-01
-9.995744124450942625e-01
-1.276888699750083622e-01
-7.462020039799154292e-01
3.677638250485099070e-01
-8.117651709093337553e-01
-2.714379545597178645e-01
-3.882812617970781144e-01
6.368614461516886038e-02
-1.924000588276292001e-01
-5.088834641478295895e-01
5.443062718266227229e-01
-2.729313264958281859e-01
-3.611063352176229757e-01
-6.379929628776543904e-01
3.589857946338065320e-01
2.282285253926474855e-01
-6.221574845890895933e-01
2.599663258868550875e-01
-2.820809907299152153e-01
2.934304756294409677e-01
9.936842431160597400e-01
-3.379044372057293799e-02
-3.703825462697616366e-01
-9.125117753077066629e-01
-7.130006335176867216e-01
2.604354524834651130e-03
-7.335373372929812064e-01
-8.646139941332919854e-01
-4.425204152466517549e-01
-1.377789596911425107e-01
1.598481091675087173e-01
1.973757359241083975e-01
1.413934255594269107e-01
8.805258016859001113e-01
5.254912668945728171e-01
-6.001845274199878455e-01
3.472785802553770562e-01
3.226553616023206117e-01
1.797888867582866923e-02
2.345119893456526772e-01
2.200127762092539407e-02
9.985959003122293343e-01
6.767476279311875897e-01
-3.285363011831498037e-01
3.963811082701819699e-01
-1.835009932692535095e-01
-8.817036600308453265e-01
1.320745655949977504e-01
-1.975332475467178051e-01
7.991342761107496084e-01
9.564249192619745932e-01
3.711004978498284035e-01
6.939632156990656053e-01
-8.861722635711117846e-01
-2.372319953589004382e-01
6.200492171175793210e-01
-4.620543491232165234e-01
5.952360439286604743e-01
4.173898708066787755e-01
4.164456694086087207e-01
-5.001007872742282423e-01
6.037651763446838515e-01
-2.990111493819741506e-01
-4.968183163917862522e-01
-2.232371671458339424e-01
8.003379320662240559e-01
7.699963724591304404e-01
-5.034337219865787638e-01
3.421412650576523551e-01
-4.929866622252720987e-01
-9.174015743600882899e-01
-7.764894027310680347e-01
-6.472846025463269495e-03
5.252714738079478085e-01
9.389830023976919460e-01
4.862728566764102922e-01
7.151210438278585713e-01
-6.389904792550521462e-01
9.792802141512624292e-01
-7.503573673720873027e-02
-5.832372397244495188e-02
4.691062881262453299e-01
-7.704331713070651233e-01
8.903945970501044860e-01
8.429760652292141998e-01
2.785281403576174153e-01
5.628551573271067809e-02
1.495244886386540573e-01
-8.736036702387066644e-01
5.436694198056724048e-01
-4.049960471418940777e-01
1.291098170386572597e-01
-8.650177953693397592e-01
2.855699543442790644e-01
-8.467503859938839694e-01
9.708314976502532279e-01
-5.050293828494811788e-01
-4.462501759822398162e-01
8.942124633258229371e-01
-1.000000000000000000e+00
-2.804487553241453296e-02
-8.313531944550476283e-01
1.484747116908722853e-01
-2.173651717762708213e-01
8.407314587062283406e-01
8.915770232858879485e-01
-1.974359797765966318e-01
5.764668981202167863e-01
6.420819130135957398e-01
-7.084555996355628160e-01
8.831110583486340149e-01
-8.386099908108640699e-01
4.046586404254430835e-01
-6.496020262745079155e-01
-5.242480869724539527e-01
7.916558581806789618e-01
-1.923181591707272542e-01
8.339386472695076158e-01
5.233131341503570733e-01
2.912899550315116159e-01
-5.145712192849385413e-01
6.481536627689397090e-01
-7.076036026294992842e-01
9.348671530668062335e-01
1.009329597120136590e-01
-3.106976337431566204e-01
5.230040488998486392e-01
-1.910717955106859545e-01
9.574549529426920058e-01
1.471969125881615881e-01
-3.146304862461529739e-01
7.701500252900259635e-01
-7.406183898063465332e-01
1.101614859118792838e-01
-8.326849452889533154e-01
9.324195219948159252e-01
1.000000000000000000e+00
2.275545312575190382e-02
-1.046836332394896624e-02
-1.646465507427448127e-01
7.304619354576572521e-01
7.937563301878476363e-01
1.465940167456440124e-01
-6.144542297651764962e-01
-3.739588669888009864e-01
8.979029495723824805e-01
5.350957567209558841e-01
7.927316994825957253e-02
2.642524167381044009e-01
9.724285508882526408e-01
-7.636878749039009984e-01
7.513928840557269062e-01
5.774015976867059585e-01
-2.850722045984943609e-01
-7.070158666340804476e-01
-3.707266819286121340e-01
-8.669520867444409085e-01
-1.507035519639088605e-01
-5.833050280418937694e-01
-2.332708221909231272e-01
7.494801096612605518e-01
2.839853429113347039e-01
-2.738700711660706499e-01
7.555909078662105260e-01
-3.030310845169496559e-01
1.000000000000000000e+00
-1.591308448036066192e-01
5.704699370678765202e-01
-5.086214736858609697e-01
-1.041893150981632044e-03
-1.096537097831429275e-01
-1.902260217138239951e-01
5.306741694208835236e-01
6.558982444415701885e-01
7.763913135055172665e-01
-6.382103513462247246e-01
-3.523245941303762008e-01
5.140177617806611643e-01
-2.779388761313701384e-01
-1.413568359785987993e-01
-4.308312002419742992e-01
-9.569827045872243421e-01
8.368568679949448530e-01
1.394651899300614062e-02
-4.670912380156402310e-01
-5.856154614245061563e-01
8.781445675122401262e-02
2.227595705565593165e-01
1.000000000000000000e+00
2.639915604021725315e-02
1.599759416532803638e-02
-1.440664466319536707e-01
-8.441122644893495064e-02
-3.305095900166543643e-02
1.842118578406578833e-01
-9.393246299231328145e-02
-8.671034109654074395e-01
-2.699313857283834328e-01
-8.761107286396245808e-01
1.000000000000000000e+00
2.741935195720655027e-01
9.308364608527734951e-01
6.451909157439514875e-01
-4.842658743925969955e-01
-5.452530924335901030e-01
-3.228524724711689942e-03
2.783179273834723855e-01
9.986203596625677914e-01
-5.014842288724870034e-01
3.233384359450541257e-01
-4.414229464098298750e-02
9.025764011100791961e-01
8.428290474852064840e-01
-3.082772809708280715e-01
-8.720388515152767139e-01
6.112342399578998275e-01
1.811786240818036853e-01
3.841202820653880634e-01
9.833746775247326211e-01
-1.389300968288680396e-02
5.884131690906444501e-01
-4.022567030755734852e-01
-3.701904718711110931e-01
8.853249843465036406e-01
-6.295273690261407040e-01
5.129681002452562977e-01
-9.167079985428177036e-01
5.044101951114836613e-01
8.506983812045960658e-01
8.442395587209442498e-01
8.352189061188823871e-01
-1.728487142100577634e-01
5.315268254633388478e-01
8.680692835987278144e-01
6.018193863733849458e-01
4.264828253320093743e-01
6.558200923761297041e-01
6.089128887761049436e-01
3.325395281607466669e-01
