2.970761100798471888e-01
-2.929162881280247266e-01
-7.430730158700085131e-01
-7.778310856055025146e-01
-8.858005050261431590e-01
-2.263857167625049627e-01
1.514273083865640412e-01
3.444605370535253064e-01
-8.056032397915003918e-01
-4.498839796708506422e-02
1.000000000000000000e+00
-2.699522653902322045e-01
-4.627455317955159186e-01
-2.721340430496767548e-01
7.119865288678199899e-01
-6.616758198048289241e-01
2.995825691406189262e-01
-3.500934625066485784e-01
-8.977223160384184553e-01
6.043042164939246286e-01
7.801909816583451063e-01
-4.669495072741173258e-01
-6.133191323980992093e-01
3.712763707077939013e-01
2.002764508890080286e-01
4.283806750564766452e-01
2.521419023637672119e-03
-1.153794940493117482e-01
-4.741323361503330114e-01
6.504798954961477087e-02
-7.758851950063313518e-01
-9.012895017301350009e-01
3.457571205046690022e-01
-3.032076001851150560e-01
3.414588851671678249e-01
3.782478246642438369e-01
-6.766683304950131816e-01
1.000000000000000000e+00
-4.243939052120433431e-01
-2.651280355521374865e-01
-4.873266304914097846e-01
-8.470527186296530342e-01
-1.000000000000000000e+00
-2.568102437250763259e-02
-1.000000000000000000e+00
6.667619624156351232e-01
-8.696407181556985444e-01
-2.280037127033671673e-01
-8.018420670852367538e-01
-5.562621452340474892e-01
-8.096317383917303045e-01
5.372451713937057560e-01
-7.077396360365120764e-02
1.814770865778490283e-01
-5.503345960111554191e-01
5.636420352496918085e-01
-5.195140922727135846e-02
-4.356911093879186070e-01
-1.427759701575962992e-01
5.533320153041122458e-01
1.228892594892077722e-01
-6.973976417907037373e-01
-6.640320249423651289e-01
7.302443949922394761e-01
-8.685679336094226377e-01
4.567731542769934427e-02
-6.763829923664480548e-01
-6.445495038881530192e-01
8.028812506600847554e-01
7.439515789802525481e-01
-2.858422382248009264e-01
-3.972604436406464989e-01
5.814846431558458040e-01
4.958032886725840527e-01
7.942819048811725624e-01
-1.515865277680059076e-01
-6.985060284552013776e-01
4.314971675967533837e-01
5.582338423048612830e-01
-1.131723791735015916e-01
-1.254824541691285378e-01
8.535852514174386840e-01
-6.656094477339360438e-01
-3.598184526202324318e-01
5.592651624093418761e-01
-9.219153592139563147e-02
-2.659470624490908319e-01
-1.000000000000000000e+00
6.282814840772401599e-01
7.027068883788427645e-01
6.007611596466172488e-01
-3.208434804741951418e-01
-7.652125009186894200e-01
-6.552968293658818499e-01
1.330660946204768325e-01
-5.883902320844108802e-02
-9.887169771951649366e-01
7.097073477130639851e-01
2.001812654629309129e-01
-7.435785119257137810e-01
-1.000000000000000000e+00
-4.877609079820652282e-01
1.000000000000000000e+00
2.391725072982678335e-01
-1.190627605648559434e-01
2.001578644099946402e-01
-3.249673033862615634e-02
-6.900368972887245267e-01
6.131361081133164248e-01
-6.148284014732304792e-01
-1.630652929964687692e-01
7.927014472045346150e-01
-9.395598561732961818e-01
-6.834848949386255201e-01
-3.601894963870720945e-01
2.509018124613645595e-01
9.191604479748325396e-01
-5.715100109728125100e-01
5.514819087832921740e-01
2.199994316949500650e-01
-1.000000000000000000e+00
4.787238806872698982e-01
-8.156123785838053086e-01
-3.880817163309754347e-01
7.540440604351428266e-01
8.429875630543952614e-01
-7.098582775838889747e-01
-8.880265693575456476e-01
2.154674588038394401e-01
1.000000000000000000e+00
1.817980946011817367e-01
1.531842268016461450e-01
-1.532492392771881429e-01
-4.443922359914044273e-01
5.986168247938958853e-01
1.568162359352922863e-01
-7.218721177457158855e-02
-3.081086414167765186e-01
-1.000000000000000000e+00
-3.665849591081364878e-01
9.514865784673973703e-01
-1.253354508979413751e-02
-5.853113697828885020e-02
-6.326690468339160045e-01
7.911602585365415941e-01
8.226134161046158022e-01
-3.636900043102997415e-01
3.780651913863249947e-01
-4.590242180661727733e-01
-5.331687135775208253e-01
6.151058124331291177e-01
-2.553713429316320505e-01
1.422163888019079558e-01
2.666279044816766142e-02
-2.069911325360841436e-01
9.553753642229625420e-01
-5.552307939734466569e-01
9.533128905907438666e-01
1.000000000000000000e+00
4.944147253326935942e-01
5.313408367227381301e-01
-3.505654511980250132e-01
1.057528459927725012e-01
7.960364183900869861e-02
8.467782917152004707e-01
-6.467750552245729034e-01
-3.401038607564703664e-01
-3.311875927077769788e-01
5.285232340983281318e-01
-7.976452746477054045e-01
-5.369089973897779589e-02
-1.328612728879315086e-01
-5.531681625190500995e-01
-8.236098030837160078e-01
-2.348102289140012178e-01
1.721075747769397202e-01
1.006185390045244710e-01
-1.134901550897190192e-01
6.467472497452031455e-01
2.918888451540322393e-01
7.623765791715501061e-01
-3.730546850514713242e-01
-1.228868900991920698e-01
-2.875325184262382261e-01
4.415747758353488761e-01
-9.306938389818516510e-01
-2.943650267207986726e-01
-8.014853969007403878e-01
3.435791110784347513e-01
9.004166917295880479e-01
8.703959204689273310e-01
-4.209118890817894476e-01
7.986795816816846250e-01
-8.063162901848897057e-01
-1.414452616812585939e-01
-9.413668754243431636e-01
-2.369898231198772076e-02
-7.133841149452067043e-01
-9.393533449724724704e-01
6.602343498503807639e-01
8.851183098968048446e-01
-5.433102062042197700e-01
1.756330055704600213e-01
-4.684325091833109189e-01
-6.525213468238955095e-02
1.000000000000000000e+00
6.099652643044398692e-01
9.490929881538766599e-01
8.487928487103677533e-01
7.534138591383191530e-01
7.654400325806091088e-01
-5.508887669628917960e-01
-7.039433613162234815e-01
1.000000000000000000e+00
-6.105598891056002175e-01
-5.333436122573780025e-02
3.010012723419411840e-01
1.000000000000000000e+00
-8.960670588535215586e-01
-8.533283655068456541e-01
-1.381754314349744883e-01
2.240207447723820411e-01
-3.264194392010977830e-01
4.955310776958504748e-01
2.147849395016770691e-01
9.008253030616376611e-01
4.785984490591200791e-01
5.381129920870738603e-01
4.174220079580329146e-01
-2.327338821292618820e-01
6.193987511313763239e-01
2.931997206693830182e-02
-3.848025196050802177e-01
2.538983836850344789e-01
4.041045520760695453e-01
8.477327175889789457e-01
8.931944714474051583e-01
-2.121148437596890035e-01
-2.271443940265314987e-01
-3.669983572940353073e-02
-6.530236113774926521e-01
-7.333854775329059494e-01
4.532514780182029801e-01
-1.692756623407731809e-01
-2.358137709005289628e-02
-5.283782450718147450e-01
4.360865289591333571e-01
-4.646176757546918168e-01
-1.000000000000000000e+00
-1.689282894937016999e-01
-8.325335611518527301e-01
9.459391597942010677e-01
2.579048578451145213e-01
3.465425687260977883e-01
-7.766415099921728515e-01
-9.462136614797220791e-01
8.974306960487687945e-01
6.362219104098799649e-01
8.538709206109111882e-01
-2.315868997143124552e-01
7.168582443312978558e-01
4.154679600022236907e-01
-7.031009821653565472e-01
-3.326998788340418955e-01
5.298173355433489773e-01
