1.045815476486432472e-01
7.456287698377399575e-01
-7.431047969702087030e-01
8.040986457125662845e-01
-2.791175795193255316e-01
4.631564321401617779e-01
-6.923175098780892656e-01
-4.814359117899520424e-01
7.063089113638398864e-01
9.441531558572497929e-01
-2.131131298871902224e-01
-3.511810824997381175e-01
-3.331175821609386745e-01
-7.168094360655886677e-01
-6.017241392164964786e-01
7.128135671690578878e-02
5.061653434108275285e-01
-1.068996589292931843e+00
5.645650830622415128e-01
-7.134833409366738710e-01
-3.085189191791581909e-01
-5.754388697356171978e-02
8.488043519073118492e-01
7.720099596370112380e-03
-2.463674932655485483e-01
-2.960367687062481074e-02
-2.895146510084067870e-01
-5.377099344082058030e-01
8.034569512114039247e-01
7.514847797020857145e-01
1.251469053962362965e-01
4.284738184637295610e-01
1.219488572770184076e+00
3.680974509635056013e-01
-9.216225472535524155e-01
5.782701603424170722e-01
-4.712176696773447415e-01
-1.840318345823670765e-01
-1.042494495757625872e+00
-2.346276575016033039e-01
1.147779347632868624e-01
1.175154487898331102e-01
-7.200419388197920600e-01
-9.537042313941712646e-01
-1.796387214344758176e-01
-7.398830520153294454e-01
-4.102603961874459193e-01
-2.031492911016734015e-01
8.049946140320897170e-01
-5.755571733327213835e-01
-5.564716999187653279e-01
5.069136196621841783e-01
-3.709247651612377905e-01
-1.327260821717586303e-01
-3.094596839185845827e-01
-8.182948745087192943e-01
-8.880615735477330741e-01
-7.845738283817589309e-01
-3.740833646025392145e-01
4.605794614934224374e-01
6.189138127519724364e-01
9.970175473801003996e-01
-6.791203323294645600e-01
-2.242427095151144079e-01
-7.546810237113361908e-02
9.334391498513679997e-01
3.799056941023441492e-01
6.047084443810393783e-02
-7.309615096801396206e-01
-3.750741684365370698e-01
-9.778868744710347283e-01
-9.612544955761831433e-03
5.251194930355154167e-01
-2.439248737238010889e-01
1.299156254576472325e-01
-5.907947992684952077e-01
3.390144956557179512e-01
3.658681227120810786e-01
5.810028331679197855e-01
-5.105925078041176901e-01
-7.349876333186672328e-01
-6.484472107752011771e-01
6.224476282553821349e-01
-7.521412866220544835e-03
6.723051738700570601e-01
7.125091974638829706e-01
1.362662990602583335e-01
-7.628853042217780267e-01
1.698530930997936839e-01
-9.976816680088658185e-01
-5.771609127741595957e-01
-1.444108508170632577e-01
-2.750960751617514410e-01
-4.900342089126057399e-01
-2.904101785499914601e-01
-2.823768380519537935e-01
-6.366983669660868372e-01
-2.240328465042012718e-01
3.191222796954947816e-01
2.184054861314526086e-01
5.892514631488772192e-01
-7.725717348164364839e-01
-9.115338268186709003e-01
3.105515341563037102e-01
-1.056536557475121096e+00
-4.780827539471657617e-01
7.994061950388021698e-01
-2.869230120373385540e-01
4.851513514337456590e-01
2.531443354024962566e-01
-8.407004856163484696e-01
8.621085651466662281e-01
-3.825559994889888848e-01
3.626014726328070648e-01
5.302810433584992378e-01
1.095397059820793162e+00
-5.999190547162206594e-02
3.888689192099728520e-01
5.819544787865276181e-01
9.105278764406428138e-01
-7.859019955101274046e-01
9.048935891753943084e-01
-5.168574231995414214e-01
-8.189172724846606188e-01
-1.378419188545532137e-01
2.360047663105276083e-01
-2.598759004145023699e-01
-5.624955845111843100e-01
6.250865130419898108e-01
8.467242543218571615e-01
7.875280373699919956e-01
2.986955859148485715e-01
-3.714387384864941688e-01
-8.954893049694110374e-01
-6.828068744510662480e-01
5.265768366928278432e-01
8.578335533316082673e-01
8.558035617150411278e-01
2.224031697219006620e-01
2.159794737470877302e-01
-1.006057419665657759e+00
8.591065491917204699e-01
-5.085060194087017704e-01
-2.592203003417810070e-01
1.004074737640725079e+00
-2.405366827422614207e-01
5.714969327850332181e-01
1.122010149399614409e+00
5.147684409432706776e-01
-1.299703342296152919e-01
-9.160516145161496926e-01
-4.379520107842693744e-01
5.605128802037073754e-01
-4.889486736779653508e-01
1.316086642258313955e-01
-4.460244116795191727e-01
-8.183614552569185019e-01
-3.515819770057559968e-01
-8.203563018115126448e-01
-5.720000186663001251e-01
1.681189538218123558e-01
1.596696062363776869e-01
1.044282253668294747e+00
1.283594540028405451e-01
7.265493190197479523e-01
9.478201384573208266e-01
-5.740183930044786553e-01
-5.631444726443830540e-01
9.549419294078176357e-02
8.717976926735000465e-01
6.490705789438817597e-01
-1.315027029708855100e-01
-4.142623300637133243e-01
1.446146200475703636e-02
-6.718484423771373670e-01
-9.365883850861678184e-01
9.261719799778490858e-02
-1.599247402729846446e-01
7.142366650006477802e-02
2.080976964282128527e-01
2.652031474790748633e-01
-7.190324413712310125e-01
-9.607417089874382699e-01
-6.467071007926532555e-01
-2.423260387975740560e-01
3.201403293107356607e-01
6.725135906668283647e-02
-1.113978185168719992e-01
-6.541225183515999575e-01
-5.164144776347574517e-01
2.171957442550577766e-01
-7.845900057867112309e-01
-1.010617068132097784e-01
8.570499501491419814e-01
9.573392468738093353e-01
1.022517973449921236e-02
-3.455601572076915096e-01
6.423754506993045732e-01
6.623778183683959320e-02
2.158924999552791490e-02
-3.740798178543858210e-01
4.058536632880502815e-01
1.114680758253123072e+00
2.983626008714757583e-01
7.769606566239528611e-01
9.825547293360343826e-01
-2.324573436211757049e-01
-8.143190428107771606e-01
2.650996623318792322e-02
-1.066931043387466804e+00
9.177727325710787198e-01
-9.603540248895159337e-01
2.829084508324782310e-01
9.243499536103573222e-01
-9.399279015104193835e-01
-5.562030916701108385e-01
-1.052733166824755262e+00
-4.643962004365703722e-01
-4.949709987380445098e-01
-3.141127385567207275e-01
-4.273154468113674609e-01
-7.776864289212241932e-01
-2.891837094279222087e-01
3.094212997983334379e-01
-5.196974245981554885e-01
-6.976021216864777275e-01
-8.759492279339038401e-01
4.111467990729726907e-01
4.953683027759090973e-01
1.024318395414513944e-01
1.556756226560638556e-01
1.510744978203708566e-01
-3.033584466769349008e-01
3.497820762467331868e-01
4.086757129720395287e-01
-4.411448057006179813e-01
1.310636508361348040e-01
4.491433420797235065e-01
-5.342928587999580259e-01
2.838141111908384362e-01
-6.329014305720259692e-01
8.152550967702866247e-01
8.712584638896478939e-01
2.952113773111636474e-03
8.507850472257576513e-01
-7.869076173776219374e-01
-2.638329597121222281e-01
-6.840908069602388286e-01
-2.923805722313640998e-01
8.168753549517628887e-01
2.746721108087220586e-01
-8.252195110428797165e-01
3.361962603630922475e-01
8.077033768243908618e-01
-6.058597195998072227e-01
4.157781852022986446e-01
6.022316789203661092e-01
-9.363878604066304401e-02
-4.472208079606536657e-01
3.321660186252690106e-01
-2.409394080768030577e-01
1.007821349977579661e+00
3.032448762445780766e-01
-2.356986833868242870e-01
-9.477915821141011943e-01
