-9.886876107990421048e-01
1.862505248368087063e-01
1.744371872791552480e-01
-7.330084745795579781e-01
-6.657946274379545892e-01
3.078567216384648364e-01
3.752234023235179183e-01
2.372327424376181604e-01
7.883545101654613196e-01
5.940832819931197717e-01
-2.740428531827806546e-01
3.241511497415867915e-02
-2.113472665176714393e-01
3.565438118356712427e-01
-3.509162665635380263e-01
-4.792043063020797744e-01
-8.901837770810435702e-01
-5.698853041516669382e-01
-3.628933710888977981e-01
3.088819788648687892e-01
-7.075597138371358952e-01
6.442048556354990074e-02
-6.714493557465481821e-01
-9.348647101786684566e-01
4.770572769709833238e-01
-1.598141459401362097e-01
-4.390156440756922684e-01
5.660606119994059382e-01
6.277002999276445339e-01
8.007966059876485687e-01
-1.620000005317091540e-01
4.928007954148194703e-01
9.631771063683015610e-01
-1.341846547309905879e-01
-6.093695806241641311e-01
2.149995606208980614e-02
5.732274078667222161e-01
9.996900429067150373e-01
7.944716953975649032e-01
-4.082621997023636040e-01
7.406581402933642977e-01
-4.020652137947393623e-01
2.909827808890022571e-01
-3.300334207750644788e-01
-9.777369844176513336e-01
-6.870702984526824153e-01
-5.881658890360312864e-01
-5.811038764780145360e-01
-7.644602127817603510e-01
1.033068717823530935e-01
8.791528808934028216e-01
-5.573904242311491508e-01
-6.520198570544258887e-01
-9.155302239297165023e-01
4.889579153039562698e-01
-1.602908333911479133e-02
6.172052997476731306e-01
-7.727111182569371683e-01
-7.338580493256040560e-01
3.576096186764168294e-01
1.186439714507515064e-01
-7.064982152175761088e-02
1.805763139340046952e-01
-4.228090577727503518e-01
-1.311103669301673658e-01
9.258635449119396732e-01
-5.758041417673893658e-01
-5.453121391050623767e-01
1.000000000000000000e+00
2.592591249538367393e-01
1.000000000000000000e+00
9.987080810311033119e-01
-3.286573103204560864e-01
-6.432059647658339152e-02
-5.704329866121424786e-01
-3.009584676717563800e-02
8.546595015358451342e-01
-7.918468740095506719e-01
-5.871690493274650535e-02
1.000000000000000000e+00
-5.535424933384991419e-01
4.511152067948610567e-01
-9.149832717499554180e-01
7.710015191691548253e-01
-8.931451880349081662e-01
-8.461652136534114632e-01
-2.006086150901001397e-01
-6.477154012149568540e-01
-9.068074070676366283e-01
-7.938585728761677895e-01
8.047308646140710620e-01
2.252108467795253532e-01
-5.084813630526100470e-01
4.391240576135344575e-01
-9.517739247001708591e-01
-3.308103293168765946e-01
-6.026409214875079190e-01
-4.935180500439930729e-01
-3.621264785562777755e-02
5.457979868140466762e-01
6.261573652125396183e-01
2.885940647352739918e-01
-1.670874215918339012e-01
2.006624890604846723e-02
1.589621618946126524e-01
3.557933769581705374e-01
6.382278579196083435e-01
5.728143541758509150e-01
-1.511478523703319310e-01
-4.300690713561002854e-01
-8.139096657316764460e-01
-8.571953690740241605e-01
-2.700834897807791735e-01
2.516778746912863296e-01
1.000000000000000000e+00
-7.476528760388483352e-01
3.449437734884161499e-01
9.279305836654441197e-01
4.927479934656849303e-01
1.777111741813377499e-01
2.700332627583496015e-01
3.324884379811380297e-01
-8.208294277128755367e-02
-6.152328773227901948e-01
6.361498279410402468e-01
-1.352439809309153862e-01
2.076128190282454378e-02
-9.280701107227723456e-01
-8.515725947094950898e-01
-5.435430350171790437e-01
-1.000000000000000000e+00
4.704756245410200988e-01
4.191384759915076641e-01
-9.590048260948419445e-01
-5.222889110098587473e-01
7.581732924921881223e-01
-9.409476275441115700e-02
-1.254384902922343059e-01
9.660277944406628903e-01
7.784700683512497665e-01
-6.651907604310569599e-01
5.710377336635904522e-01
7.220845777164207613e-01
7.987552692145915012e-01
-1.994221949619861406e-02
1.000000000000000000e+00
5.363469875731001757e-01
-1.152425421637409270e-01
7.611359354926442444e-01
-4.457584379297377386e-01
3.417270661152087968e-02
-1.994419573420112002e-01
-9.140658788544351321e-01
8.131937536735253103e-01
8.366119867352165285e-01
-3.400565143922354427e-01
6.980592980093522915e-01
1.762238325442140319e-01
-3.306650266193682519e-01
-2.130054362463207063e-01
-1.499599094224652318e-01
-7.169371974745877285e-01
1.203565693114951041e-01
1.394735769248079960e-01
-1.583518160070794822e-01
-6.913396909353732855e-01
-6.525022631767239956e-01
-2.438731480533204155e-01
2.173177152487227592e-01
9.454067357507461855e-02
4.208922663921107477e-01
-6.868121313898527536e-01
2.522755207344909989e-01
5.451332459838937883e-01
2.066062759985214936e-01
-1.845626108841888213e-01
-5.642066056266881180e-02
7.098730993694326585e-01
1.092995727235494402e-01
-5.959283919354614323e-01
2.440913834044402542e-01
4.366911467906919864e-01
9.509079526295262097e-01
2.154677163622750191e-01
5.060364543885272903e-01
2.882084586957977534e-01
-8.690779537551109879e-01
1.000000000000000000e+00
-6.592650683322009986e-01
1.350590519257111599e-01
-8.320298951881320848e-01
1.533437369484037249e-01
7.824349913529731193e-01
-9.115719559609536393e-01
-1.381839859868363163e-01
-1.000000000000000000e+00
-1.000000000000000000e+00
-3.540836956667096636e-01
-7.108453093351084773e-01
-3.668774974204646044e-01
3.716946693729292206e-01
-7.986514158029056620e-01
-1.335111827959472031e-01
4.488359980140549377e-01
-4.395400490635333890e-01
3.591877403856186812e-01
8.926053580597278492e-01
-2.248250749711829810e-01
-1.491053482208164471e-01
-1.663947291664820138e-01
-1.000000000000000000e+00
-2.596088457676863914e-01
6.570804218509341821e-01
-1.306950681455665286e-01
3.168269567897760153e-01
-6.040860140747064122e-01
-6.021427584059451110e-01
-4.124909057760058340e-01
-4.705481415235869824e-01
-1.146584432110581142e-01
6.117835029926489004e-02
-1.551015698437365753e-01
8.609125813848925168e-02
5.492069212236205811e-01
-4.366219498814999933e-01
-1.306734600877342278e-01
-5.514080941812955494e-01
3.032605480493744676e-01
5.948719878955976287e-02
-7.558772024691030600e-01
2.460252527542922951e-01
-7.324475483812441512e-01
1.561249265903852101e-01
-5.809380585912909956e-01
9.365663232661100013e-01
8.308321760739150186e-01
6.993686246461832123e-01
-2.056173945087375610e-01
-2.185960513565909230e-02
-2.830443741673769817e-02
5.527951195699696285e-01
7.117180331885055722e-01
-1.292102097509033320e-02
-6.883141656350505455e-01
7.049164929588312978e-01
6.689035306487062238e-01
6.538718217433062696e-01
-9.154893707654843116e-01
6.424167007226709858e-01
3.543868215113795683e-01
-4.446614901624081906e-01
3.958044407595612268e-01
-1.986674497840925646e-01
-7.549685882574962426e-01
-8.372931390216874492e-01
8.090278072574617063e-01
-9.597484289205793218e-02
-7.403269344204082003e-01
5.282619707565139322e-01
9.446916349345252373e-01
-9.610735228284785769e-01
6.049517552092146255e-01
8.495666141936739080e-02
8.813052590748823301e-01
-7.837196155604290171e-01
