7.140770076316447224e-01
9.471773975083064290e-01
3.911817529687203754e-01
5.446131100165685357e-01
-7.533606338156837445e-01
-5.017895286256852661e-01
3.993988484911437653e-01
-5.800254603008226928e-01
-1.581400116336895145e-02
-4.685261055275555808e-01
-3.418162272586966477e-01
-1.000000000000000000e+00
-8.299879314020506271e-01
-4.634298787683167609e-01
7.859109707298582714e-01
-3.220600620063306385e-01
5.260684699042547097e-01
1.830337542310724874e-01
-9.709751267402937369e-01
-9.586155141965930770e-01
9.137415495296238310e-01
1.000000000000000000e+00
-5.903943735057877451e-02
-1.636304519378728450e-02
3.953508713984357215e-01
-8.819705614610722222e-01
4.958586034489167460e-01
-7.098691211980692195e-01
-1.192719634820513797e-01
-7.558990765761819386e-01
-7.034147414829003964e-01
3.648340160942544763e-01
-6.867296642724587397e-01
1.443103477059284601e-01
-7.823474843233453324e-01
1.000000000000000000e+00
2.646453719696162388e-02
-1.000000000000000000e+00
6.163575379370547225e-01
-4.696834446417215148e-01
-2.617112273653851573e-01
-2.779518699245455693e-01
-8.094990651410427507e-01
-1.421429989027712115e-01
1.226435070867515353e-01
8.392320916324136348e-01
2.253155717837702354e-01
6.874748613642426287e-01
-6.434186663228853575e-01
-6.739017544822932804e-01
4.959661338702268107e-01
1.000000000000000000e+00
-7.791336127429215885e-02
-1.155154776814572015e-01
1.000000000000000000e+00
-1.000000000000000000e+00
-3.849557209844745032e-02
-5.588526081018928282e-02
4.096530651668561784e-01
8.093945199927994327e-01
8.232673552743919876e-01
-1.331326610435237812e-01
5.190926456791116195e-01
2.901565317244694242e-01
-8.318865542675668578e-01
-4.495409103073862989e-01
-2.493708298455500072e-01
8.970407076555624304e-01
-7.289215810384761518e-01
1.449144752263567260e-01
-8.502478681491218993e-01
-9.571067294790200908e-01
2.610022604004745839e-01
6.108577931403491590e-01
-3.024914596556686486e-01
-2.690447087200306120e-01
-3.676948169058740223e-01
-3.207926189743939283e-01
9.552915826465375737e-01
-6.909291770524195186e-01
-6.533699318989900640e-01
-8.360845213628942396e-01
-6.562504776954107832e-01
3.764270746251641153e-01
4.391203389147202429e-02
-9.977980839604358998e-01
-6.768098986980042309e-01
-4.974261200122231941e-03
-8.940624045635359174e-01
2.117535269968043310e-01
5.236579597150149423e-01
-1.111368785683698179e-01
-4.988554035984180679e-01
2.707726447845406614e-01
-6.323458715806073993e-01
-2.794978495974746457e-01
5.923987310996347011e-01
-6.896711911894997105e-01
6.120089187914374840e-01
9.489176568416182178e-01
3.055449944254309269e-01
-6.923987782699367877e-01
-8.905426315522988467e-01
-5.356385858778049958e-01
-7.606621506549524625e-01
-8.488069779774576329e-01
-1.510417489754178888e-01
-2.082707361372578558e-01
-5.778728253903480105e-01
8.030562108294039270e-01
8.158289204073763123e-01
8.339914269230142008e-02
9.175880176850381709e-02
-3.625029218727189306e-01
1.000000000000000000e+00
-1.000000000000000000e+00
8.959726651326032076e-01
4.608568830872989963e-01
-6.038771801088678171e-01
-4.477611398585957803e-01
4.631888646736181392e-01
6.435413026226661781e-01
3.908453904309425742e-01
9.866811378504634078e-01
1.614951017596322203e-01
2.743363061522772206e-01
-5.319052362261140754e-01
-7.654549039726099569e-01
7.074579115702075427e-01
6.153057224726319330e-01
-3.005400759297220947e-01
8.302725743630299249e-01
-2.290241481705084237e-01
-1.833639336850090285e-01
-9.281277039034369070e-01
-8.934974574136402836e-01
-6.446721018355761057e-01
4.734229899025890198e-01
-6.383887967596355573e-01
1.995790135044977764e-01
-3.205955710800216796e-01
3.724293909433346039e-01
-2.818312956909263534e-02
5.775518332583982062e-01
1.312789235477889171e-01
3.085514520449836873e-01
4.146713587358337172e-01
9.851637872049567868e-01
8.735699943054768823e-01
-1.903381921374855956e-01
-5.727927314987490970e-01
8.825112828904462248e-01
6.625069240986788399e-01
-8.776016416303098477e-01
-8.579278178205291816e-01
2.576159365746821805e-02
9.089643745862445723e-01
-7.072970042768387255e-01
-4.680794957196863226e-01
-5.839565242501434383e-01
7.238024371449897076e-01
-3.894304726388497784e-02
-2.045150650186358388e-01
1.000000000000000000e+00
-1.000000000000000000e+00
-8.869110924067369339e-01
1.000000000000000000e+00
2.478458998569856020e-01
9.194528433122093336e-01
3.232712960299735094e-01
8.456892622109508650e-01
-1.000000000000000000e+00
2.895598085853874348e-01
-1.883443355517784301e-01
-2.788215929262694015e-01
-8.720479094143229748e-01
-6.098408624943810752e-01
-1.711380814130381289e-01
-3.139329383311866284e-01
2.357379307970047522e-01
5.353435811270201850e-01
-1.317858866045853450e-01
2.802360860886836669e-01
7.721094547113607209e-01
5.144257908376470567e-03
-1.940744105949661069e-01
-7.276673577897766476e-01
8.293107993081190177e-01
-9.239433785694575185e-01
-1.038145130616747736e-01
5.495574070703274083e-01
-1.375320999853613113e-02
-9.203120533119646396e-01
5.432447887625897476e-01
8.166533556312747244e-01
-1.088378288323900434e-02
-9.151174184629851105e-01
-8.493955981454137660e-02
5.873975095964050208e-01
-7.341547142025850459e-01
6.717227658668269985e-01
6.500925902621310648e-01
-1.000000000000000000e+00
-8.095565528870428684e-01
3.448776609430410645e-01
4.717586791039341532e-01
-5.110208152010786709e-01
9.985023687256688874e-02
3.003251938777928842e-02
3.893892553492537267e-01
-1.000000000000000000e+00
-3.466495437529104606e-02
6.763855090989040475e-01
3.001226463570016989e-01
-4.405921205277329999e-01
-3.406669293509717034e-01
-4.001242226696843929e-01
1.452066603666952727e-01
-3.219500499995784359e-01
3.942166286714379186e-01
-2.939074382588311440e-01
5.969414385687380475e-01
3.658199312078598275e-01
3.626517690620836287e-01
-1.000000000000000000e+00
5.692782000925325492e-02
-9.783115010235221565e-01
-9.483377489111900482e-01
1.000000000000000000e+00
-4.210087044478156848e-01
-4.296730645733437548e-02
7.446842911478044336e-01
8.210156197060244354e-01
8.090178385950456130e-01
4.928893715255666108e-01
-9.361158901205517413e-01
8.971672574068990658e-01
6.315929083695053237e-01
6.692946079526720382e-01
8.249227715484008794e-01
4.012264778009737576e-01
-9.211913085073759611e-01
1.875432181579552715e-01
5.866498626000129502e-01
-4.819189513271660008e-01
3.095112392850309091e-02
-8.460199112914159603e-01
6.338074412913361488e-01
-6.488282488029262218e-02
-1.925632543822328735e-01
3.138625938830439388e-01
6.167285739498256092e-01
3.660491813689437102e-02
1.000000000000000000e+00
6.737874875942271302e-01
-1.359126110764033724e-01
-8.553234086698173755e-01
1.000000000000000000e+00
4.817487760233159499e-01
1.714365482789075856e-01
1.848179383753767446e-02
-4.427892088201390575e-01
-9.826653805960621213e-01
9.407086953831828025e-03
8.586918598071269226e-01
