-5.247265489100989555e-01
2.866909029613706750e-01
1.235187647890808316e-01
1.790272049719627001e-01
-1.512065303464082411e-01
-4.710950832385893405e-01
-1.503645116141487034e-02
-2.721945288790427742e-01
1.423033440159007790e-01
-2.893782672922320942e-02
-3.548460427550647056e-01
1.123609587087326389e-02
3.411485574085965089e-03
-1.958460848000982968e-01
3.830136151938509093e-01
1.280651540031320923e-01
-4.622188597612302274e-01
1.067035100567654271e-01
-1.564562295785772994e-01
-1.170745653853943330e-01
-1.049238409145134415e-01
-5.079889189255291093e-01
-5.761392977145010086e-01
-4.983152154370427134e-01
2.487000968374808441e-01
7.494310261982508603e-01
-5.282198988313383525e-01
-4.124278049562557502e-01
2.056527155673582019e-01
2.389595853020622107e-01
1.575472190161093522e-01
9.590236055628521827e-02
1.795265503610505020e-01
1.195838562251103354e-01
1.259885043717082487e-01
1.194116450212969333e-01
-1.724732106659864206e-01
-3.657598401584748471e-01
6.660829197639867028e-02
-1.785625401068849372e-01
1.715241360273392079e-01
5.127111078635734343e-01
1.797145145809591615e-01
2.150915015426120847e-01
4.759389272174019414e-01
-1.901673399202058468e-02
1.764300935483400501e-01
2.176156535053526131e-01
-7.251731363783586737e-02
1.252128275665021495e-01
1.106371688605044118e-01
-1.749570976523788235e-01
-5.365580032618109119e-01
4.894509387155804858e-01
-1.679437182882564383e-01
5.385274015357898597e-02
5.298177280370423015e-01
2.797888135291545786e-01
3.166175008699425031e-01
-9.316998112665425547e-03
-2.532504475339970029e-01
2.955888732937403396e-01
-2.203897091732595348e-01
-5.868796694105804512e-01
-3.778003561885963091e-01
-2.817106911793762491e-01
4.572425208869584923e-01
-1.679577305261954201e-01
9.531269290482604628e-01
4.349960572833723726e-01
-9.004681808126706322e-02
-4.520240088436660031e-01
-3.186706581962943652e-01
-4.019594560377928727e-02
5.801600930929740052e-04
-6.700564120196570439e-01
7.913162615397975053e-01
4.339799455155233798e-01
1.515430007879653151e-01
-7.775913098228397491e-01
1.383895104490298344e-01
5.750430354397340071e-01
3.156140561908513109e-02
-4.301677531613458116e-01
3.634448042313803140e-01
-4.339093462873180873e-01
-1.558362037744863704e-01
-8.021896310290024812e-02
-9.067889612023427581e-03
4.236473840893865694e-01
3.607708579634831825e-01
-5.592620971645994032e-01
9.129267756266340461e-02
6.457993954285767835e-02
-5.250743461846484328e-01
4.000398188166849334e-01
-5.390460394119809262e-01
-2.950562237884401529e-01
3.324067707472176392e-01
5.351031359522018249e-01
2.855750498667483650e-02
4.064428434542327606e-02
2.242398787952515071e-01
7.153878800657044179e-01
-1.221617932509752175e-01
-3.845072314657346779e-01
5.957279117270203317e-01
-4.278003961689544332e-02
-3.413417111710836949e-01
-3.902000091037178264e-01
-4.488395622623569947e-02
3.042987090218997048e-01
-3.173803167219607646e-02
-2.995161040826088694e-01
-9.461940582326482385e-01
-7.415218062183177583e-01
-7.563847490373221127e-01
5.085240420278378526e-01
1.549034699149023364e-01
-1.224854229533285377e-01
-2.674023449648686435e-01
7.609117817681601004e-01
-2.610543381199998958e-01
7.198395652628573060e-01
-4.165745184394309408e-01
-8.596922159337584690e-03
-1.004528957153044133e-01
-1.629860161134345509e-01
7.524346725582201079e-02
-6.339306275809186708e-01
-3.678888892274831401e-02
1.528119121908222411e-02
5.785994796729883038e-01
-2.583271596386087499e-01
4.035674648828377342e-01
4.343894128574060098e-01
-1.893704732535240465e-01
3.746580989744828782e-01
-2.322351535244117082e-01
1.639914124630555414e-01
-3.215326509742063577e-01
-3.268561845033152169e-02
9.984795335762366997e-02
-1.301265984779276241e-02
5.262661256646649077e-01
-2.311701792609365536e-01
-8.767068360008328787e-02
-3.049323365092116989e-01
-5.515497016221048154e-01
-1.159349530906111647e-01
7.290866888841451843e-03
8.136844648957652915e-01
-4.976945352037749348e-01
-2.240326491954785781e-01
1.316046821199776673e-01
-5.537932812137726923e-01
-8.470334262117921176e-01
7.084049428091108158e-01
-2.674529181745367579e-01
-5.475478104312760941e-01
-3.848532091334272431e-01
-9.013283779505210092e-02
-1.871457746087501484e-01
6.195956330951618574e-01
-7.483739278428090946e-01
3.811356184443659423e-02
-6.600890356574000695e-01
-8.265487396448489843e-02
2.199147431459518853e-01
-8.954147786937274311e-01
-1.898751290474236519e-01
-7.995377330348882872e-01
8.176220635569879380e-02
2.590978469837286746e-01
1.888689532080781164e-01
-5.877385637780685457e-01
4.416793294947219950e-01
-4.049797529471299007e-01
1.237031816976629506e-01
-8.422999267013158153e-01
1.030148445320368533e-01
5.085257633270859889e-01
-6.069392297440824313e-01
-5.959531765487302568e-03
2.285954081850277431e-01
-2.934019894142297913e-01
2.282399046191631586e-01
2.626682426731377640e-02
3.810556647740322989e-01
-6.861157340287660222e-02
-5.369237623636365919e-01
3.821077383622822898e-02
7.603033567454415831e-01
8.653143743389317688e-01
1.010705404225261672e-01
2.066013982341326494e-01
6.974154013853768319e-01
4.424631808500498198e-01
-1.237001750691226337e-01
-5.211274399065372043e-01
3.782322408630655053e-01
-1.427674617181224903e-01
1.524752105259202795e-01
-3.806749426230787714e-02
0.000000000000000000e+00
-2.098573342657712448e-01
6.116318481031262078e-01
-8.573466400786025066e-01
-4.980837433903443356e-01
-1.511418254279793816e-01
-7.564780075465745712e-01
-3.238439994744310435e-01
2.423093913626551965e-01
-2.335644491541178092e-01
4.070265734814583203e-01
-5.038127510599693659e-02
2.431392355162250996e-01
-5.469259215858124357e-01
-7.572208815413967731e-01
2.930461811747362422e-01
-8.725458337064211367e-01
-3.035847281018799748e-03
6.632443992943863886e-01
2.556186372560712572e-01
-4.490737472398130814e-01
-1.119738454495208813e-01
1.044167735571153999e-01
1.254552269809093845e-01
-4.008319012623881017e-01
-4.615512012318218615e-01
-4.010926121802365074e-01
1.280993795407848745e-01
-7.369560512145048592e-02
1.376512883091567663e-01
6.187236881518076020e-02
1.005016651525871552e-01
-1.666586818664728686e-01
4.539848017951696457e-01
5.132472882571339490e-01
-6.983517902696969593e-01
8.473750649314240602e-02
1.330237273281176247e-02
-6.620876856426939350e-01
3.829373936099993436e-01
6.653245649117274230e-01
-3.853265581827622910e-01
-5.413624249001781630e-01
4.468986777940542332e-01
2.698098169008127933e-01
1.364304783099790086e-02
2.976568172167559645e-01
3.491620753826881751e-01
4.130304167947027594e-01
5.425185736635644851e-01
1.506342028942289080e-01
-2.991098380906331844e-01
-5.420856697063182184e-01
6.784288839515335567e-01
8.010791276346462819e-02
1.923645995241902162e-01
-1.788654972031647750e-01
-3.674366178949415862e-01
-3.693068865246449395e-01
3.356836154365360758e-01
-2.317829631578795513e-01
