-8.575063098288409069e-01
2.196083908066415180e-01
3.090907263524005355e-01
-8.091218532675601427e-01
6.325435977620419425e-01
-5.860470030714970413e-01
-4.493871956005055512e-01
7.740955288090219932e-01
7.986513496060809736e-02
4.265129691387796740e-01
6.800969716637994544e-01
9.879331722747293210e-01
3.160061499842832244e-01
-2.061013612233819625e-01
9.136152395382999281e-01
-9.133224258657083316e-01
-5.262604816961649057e-01
3.575688425725331854e-01
2.109391616091793598e-01
3.692272208212987739e-01
7.485067928211597277e-01
-1.000000000000000000e+00
7.394382949126643290e-02
2.199387891730227862e-01
-3.890311998862385767e-01
-5.317921548164639134e-01
-9.274261327278732203e-02
-2.035555953758363401e-01
-3.062332940383705182e-01
2.915710550832331105e-01
5.046434026498016756e-01
-1.597034797266130290e-01
-3.478133447508202636e-02
7.569082071702637471e-01
1.809370648192674125e-01
1.999783526335776607e-01
-2.004247429133796388e-01
5.655865639057149341e-01
-3.502547898059533704e-01
9.275756952897873386e-01
-2.801001235012319235e-01
7.247916040199344767e-01
3.582521599274788304e-01
3.636019908262879685e-01
5.358687079117495644e-01
1.000000000000000000e+00
-9.090211001186490059e-01
-7.427603331808914078e-01
2.841486505519761341e-01
-5.108354709664526538e-01
9.647723486877435306e-02
-8.016651859121384227e-01
-8.365141392939026144e-01
-7.313861763582041320e-01
-3.739866960167248511e-01
6.489633485220367426e-01
-9.964003588860925742e-01
5.371251160250956058e-01
-1.502620407008719017e-01
-7.074516565524515688e-01
1.025756531778256875e-01
9.211129734033285388e-02
3.198899952357248111e-01
-5.611923577567397015e-01
2.252469474772444968e-02
3.444761737452430861e-01
-6.476277342660439196e-01
5.508093447522355302e-01
-9.067750499932107910e-01
3.996698256661678217e-01
7.261214970480756037e-01
-2.386826986449803734e-01
-9.110649600725189146e-01
-5.374538797814953917e-02
-1.749962612252196070e-01
-6.713458652711075114e-01
-6.817465002493622306e-01
-5.676940245198984769e-01
4.191881569799114082e-01
1.293478979988029742e-01
3.310958576544131837e-02
-2.732122939549006535e-01
7.421712876917885282e-01
8.265887623034346987e-01
-1.445830363584799105e-01
-1.092360833557219912e-01
6.876068291858061787e-01
2.725566225270628085e-01
-2.745833989066950309e-01
-8.221429821100811886e-01
-9.539162823758076115e-01
-2.719379188203779885e-01
-2.734674972465998000e-01
2.985175209188313250e-01
7.047264055882067613e-01
-8.166934072341893724e-01
1.764218494219944589e-01
2.456585240998447883e-01
-7.296381955075048609e-02
9.138335204953744739e-01
9.749187587431760171e-01
1.885598046814549456e-01
4.085814911264307181e-01
4.022748946035428208e-01
5.429780713846699136e-02
-2.803899268973277792e-01
9.233148439185145939e-01
9.660918407076533043e-01
-6.585935948682413166e-01
-9.038454322364650739e-01
5.367242494874644443e-01
4.169708376526504168e-02
9.845273972604469126e-01
8.499179316879359458e-01
-4.798872963545391945e-01
-6.680872819866356949e-01
-9.986189801561660140e-01
-2.153883803560530108e-01
5.630763478555598223e-01
-4.309829087649641455e-01
-3.317183572823467763e-02
-3.765869848834393352e-01
-9.128453416464366033e-01
-3.744088937003376971e-01
-1.062809984955714881e-02
-6.213716278001399917e-01
3.331309830706154496e-01
4.135678908413760180e-01
-8.525880853186948993e-01
-2.507350310943610161e-01
6.899514931288652786e-01
6.535862265839831320e-01
5.440700496840076283e-01
-5.065962601392539622e-01
5.566152798460866080e-01
6.823995893590523165e-01
-7.265012712349774304e-01
-9.148815367602600723e-01
-3.358464325391019578e-02
1.450920026461306467e-01
7.362475354424065088e-01
-3.750955948134211404e-01
-6.868692045917265121e-01
-6.076828702550304828e-02
6.260771521321915056e-01
4.884785295314619802e-02
5.061319965588819692e-01
-1.735342387445404366e-01
-9.257230623330499064e-01
-8.312079200705051463e-01
-9.763648791028203267e-01
-2.107983574174994157e-01
7.191973285168486996e-01
-6.446081918730228733e-01
3.358236674679224709e-01
-5.330028391415988498e-01
3.095428706088516613e-01
5.127690082291169738e-01
-8.178798220631559035e-01
-6.413461040335699526e-01
-5.435535137229406955e-01
-6.386117482589483973e-01
3.763953542092601801e-01
2.182549867697358703e-01
-5.439406061336089504e-01
7.775788927478681778e-01
-7.757388347701263398e-02
3.981993150899372225e-01
-6.816636414243368858e-01
8.653373760888194433e-02
-9.965816873170252332e-01
-2.724689449206533221e-01
-6.101592182747463955e-01
9.213279852669049586e-01
-7.884791883148685177e-01
1.924652518966007975e-01
6.883096521188951655e-01
6.189231747322213595e-01
7.510305257544185320e-01
-9.890357215995664308e-01
1.435940381389254061e-01
-5.711759924240600306e-01
-9.665708456094652679e-01
4.455755962206873200e-01
6.537604157765197765e-01
-9.122155210745543918e-01
1.149035557725857082e-01
8.946598097610400924e-01
3.978476780303789040e-01
-7.079220831716419582e-01
-5.396012954862652311e-01
8.026035922428983449e-01
3.958530371631132638e-01
8.277676272716540939e-01
-6.801555235642231523e-02
9.701065536575526060e-01
6.392316021001412940e-01
6.706501334212242593e-01
2.600050081141369596e-02
-4.149313842361483928e-01
-2.287845672725834500e-01
9.480505108014003479e-01
-9.338912707958235693e-02
-5.523304374366744263e-02
7.829794788782487025e-01
-9.480346105385271116e-01
-9.061309981990295359e-01
4.786564766982728814e-01
-1.295231470302831700e-01
-1.380799785859196938e-01
5.605919240546248794e-01
1.035530854516344412e-01
-2.901883673162488630e-01
8.918542634346598996e-01
6.081314644007942416e-01
-8.543700378880076940e-01
-8.084526779705409893e-01
7.087692256417549297e-01
9.403398241609568498e-01
-5.494274584009706253e-01
-7.456119068069637645e-01
3.357263466465936208e-01
-5.639942593820574945e-01
9.415387098252638864e-01
3.808648113577224326e-01
-5.270187818654166190e-01
1.174514875439036654e-01
6.130574400036374882e-01
1.000000000000000000e+00
7.979583027374466120e-01
8.662916173590282654e-01
-8.253398010567225551e-01
-1.246982319151166418e-01
-8.598405271532660876e-03
5.131478480068647485e-01
-7.153428572807065677e-01
-6.123925303854060864e-02
-4.806464197540050165e-03
1.039168432756454319e-01
-9.932371216683035797e-01
-7.875378515855975259e-01
-1.085208528832115604e-01
-1.115397936274775681e-01
8.607240338246252565e-01
1.580700412258804199e-01
-8.639982858084711559e-01
-7.914223299391272004e-01
2.074178170733886883e-01
4.762545580374535348e-01
-1.000000000000000000e+00
-6.366509830583775287e-01
-1.442156952053146313e-01
5.014217280261421550e-01
-5.766496500825029070e-01
-3.239991692661146061e-01
2.102398210250950861e-01
-8.952764367479135732e-01
-1.247835824224448054e-01
7.971075795242672513e-01
5.081200187113880107e-01
8.867386386251685515e-01
3.566111688155653159e-01
3.414912141152033342e-01
9.142431536354551636e-01
-7.866317942180833800e-01
