-1.576853951346786076e-01
9.616143618189214592e-01
-3.332685575992522242e-01
9.878660908715100053e-01
-3.348861638815903707e-01
8.388149294128839362e-01
5.289902241775080727e-01
-1.390378262832560607e-01
-3.872053598200644320e-01
8.456344752145517063e-02
8.363142420924317699e-01
1.402800333313800329e-01
-5.786132706329176756e-01
5.475310925046352750e-01
1.207292041221010859e-01
6.862327757101095438e-01
6.304166643721138552e-01
-7.264791224832319871e-01
-5.751569597584834659e-01
8.590471852252521412e-01
6.744382098573691309e-01
8.357013449364945057e-01
-3.451649179360329334e-01
2.366852320678007604e-01
-7.545957322625751473e-01
7.362900661407171254e-01
7.835043079168129143e-01
4.959043908318962468e-01
4.602234214427185499e-01
-1.240259653040876042e-01
9.130237818183557508e-01
1.107855304612771763e-02
2.829749759585340474e-01
-8.654437187557162403e-01
6.401109260171200521e-01
-3.725341661500092272e-02
9.253425544118261126e-01
5.652956544850993303e-01
5.631737001205416870e-01
9.921351652202792248e-01
-4.112744049666616775e-01
3.487894943066096598e-01
8.510860913986335596e-01
9.462661684032590559e-01
-8.226527865378430171e-01
-8.263580504387095793e-01
-8.260307882975789218e-01
-5.442238934909274795e-01
-5.223953328346201408e-01
8.830853634151925036e-04
-7.884683335476718735e-01
-4.393873007661809882e-01
8.968136125790062696e-01
-5.492428336757257945e-01
6.730476848786324240e-01
-7.290351946849511489e-01
9.493906206206705889e-01
4.062208225244711146e-01
5.084328540359450699e-02
-3.255877723611899643e-01
3.151697088431097971e-01
5.543889772255889969e-01
-7.086136150953514790e-01
1.068893445954126609e-01
-2.667540605361129469e-01
-7.209482579133845714e-01
-6.297672574220249953e-01
2.855387107478222219e-01
9.417648411117871543e-01
5.249909725511372471e-01
-6.827614022611674383e-01
-7.261633566157770225e-01
8.364636438761976489e-01
3.557360915617093222e-01
3.027948411239349547e-01
1.110839992401684295e-01
-3.497076389131015262e-01
-5.215408629679665342e-01
-4.343971431664515881e-02
-7.967019244378574783e-01
8.509457916020967128e-01
-5.064845156163692019e-01
-6.083749807366842927e-02
-2.380107939846564380e-01
-4.510381672630089378e-01
-4.102816226993954984e-01
-7.807391044342097963e-01
-1.392095286433068235e-01
6.377645405106724397e-01
5.185019237059336206e-01
-3.799046938220794756e-01
-3.252194563767334401e-01
2.519602882196290139e-01
-5.283133800793530233e-01
9.477986291151074827e-01
9.421974353712281314e-02
7.253454249744235582e-01
-5.962780611837745770e-01
-7.118038967468716116e-01
-9.147357822993074095e-01
1.157378480824775013e-02
-3.952157148119120333e-01
4.023199065170203204e-01
-9.617420175460467124e-01
2.074446004780275965e-01
9.240081212610022909e-01
3.581585843763560595e-01
-7.452863762777761636e-03
6.872031821404248064e-02
2.742799505951721839e-01
-6.202561223222822218e-01
-1.550466037453720747e-01
-4.221710585337682398e-01
1.592181568232579891e-01
7.698091211716426852e-01
5.142806895967952929e-01
7.507807060628153284e-01
3.706005517264401306e-01
-5.631113224387362948e-03
7.546671292548667864e-01
-6.935154350285643865e-01
9.364978897018765291e-01
3.777879239331911609e-01
-6.578231391514788307e-01
7.144144695151518620e-01
-5.684868233910433943e-01
5.208300486914868577e-01
-6.870922476421825742e-01
4.378005347441989992e-01
2.261213589281871883e-01
2.798722810679710182e-01
-3.067666192971757466e-01
7.598260544854028575e-01
-7.269614051631647644e-01
-2.945249935352708959e-01
-8.029120194305769953e-01
5.491133061451418662e-01
-4.364410930255288035e-01
-4.323432165003595617e-01
1.386674942318988357e-02
1.438372867897400320e-01
-2.434388089212730089e-03
1.000000000000000000e+00
-1.144617209078543085e-01
-9.235852376103645955e-01
-9.420818881652152088e-01
3.372783972891926219e-01
-9.766875743964642531e-01
-6.851005189453256150e-02
9.449236923965147472e-01
-2.607933735807959619e-01
6.377760488184364140e-01
-2.754360770785613255e-02
1.570940710420682951e-01
-3.668121833037500945e-01
9.870174357335482762e-01
-8.476010894020642450e-01
-5.830895328914837972e-01
-8.073288316401527887e-01
-7.647527065666101520e-02
-1.000000000000000000e+00
-1.620059137533182980e-01
-3.725972755877282050e-01
-9.623763685072399543e-01
-1.264385227839398551e-01
4.881781777866334160e-02
5.640519679033317857e-01
-1.863557603043486388e-01
-3.523598504603743242e-01
6.063601577171906509e-01
-3.798107383918229996e-01
-6.332678388333070618e-01
9.900911574903443757e-01
-2.693612663195604773e-01
-9.729313994329480408e-02
4.487994570241247705e-01
-1.295534164135650479e-02
5.886487290930446648e-01
8.842154630826555284e-01
-7.416384652611407446e-01
2.222639223666456054e-02
8.309865815963695113e-01
-3.713101425659925958e-01
2.835895867649087521e-01
1.619361197480115866e-01
-7.196874895445124487e-01
-1.521625705888056679e-01
4.235390253275228556e-01
3.548801587052696216e-01
6.950784427868605952e-01
-4.990049770357000147e-01
6.554397852120734669e-01
-7.791839012633028361e-03
-6.360501692562756659e-01
-1.583166704288590521e-01
4.113670607238597565e-01
4.493356725521908124e-01
-6.307361047737470860e-01
-9.923996876876498563e-01
5.752202718207416465e-01
-1.527740024601526858e-01
-2.782112481044053398e-01
-5.942415639629428092e-01
8.389263494440455382e-01
-4.983314015917824635e-01
-2.206198585322273198e-01
-9.974636135076377919e-01
-3.531769367611625743e-03
5.307659788307532711e-01
9.543426006186070953e-01
-3.680691483879937609e-01
-2.151931795515589219e-01
4.120173994967604725e-01
3.773176119059114542e-01
2.595997554153632869e-01
-6.066730394814654481e-01
-2.920317300595784982e-01
4.639466620111866169e-01
-7.919869965513290921e-01
-6.696860088048429693e-01
6.592979269203214088e-03
-7.245663790044607477e-01
-2.097834864341541206e-02
-6.766993498749857006e-01
-8.267026974866058531e-01
-5.666787153489796225e-01
6.776656862149728067e-01
3.437627621810184220e-01
2.313873972058493322e-01
1.000000000000000000e+00
3.454701653106182491e-01
2.724845814703925617e-01
-5.713014548809340898e-01
-9.602172761372278209e-02
-7.587029375188258928e-01
-9.957334265615420676e-01
1.000000000000000000e+00
6.942521022354239957e-01
5.109921897165924376e-01
1.327110396111621515e-01
-8.299880828223884510e-01
7.648207346081958846e-01
-8.622402472679017160e-01
-6.753579619888516739e-01
-2.192223099200869552e-01
-4.678648132759726241e-01
-8.256709428863898692e-01
1.914082056280318189e-02
6.688489693507330136e-01
-5.620912269733318034e-01
2.288210781771493618e-01
-3.501817394150563700e-02
7.929056584030234056e-01
-2.640730283978232062e-01
-2.619906873743410580e-02
-7.748194289532372991e-02
7.020900442371804662e-01
-7.115149576043464652e-01
3.229025394715367980e-04
-9.976052590391118469e-02
6.790188715630647298e-01
-8.502249765361091782e-01
2.266216345262328513e-01
5.983835613551868882e-01
2.491449639608670774e-01
