-5.089571802646103427e-01
2.522610057706284326e-02
-8.757564359043272795e-01
8.169416178670539930e-01
-5.328855664847143014e-03
-4.518533474229302072e-01
-6.530350119501348027e-01
3.158374065808374209e-01
1.768892652212255556e-01
2.166343322219785872e-01
3.871302769715160297e-01
1.762989372525622100e-01
-4.337453906464277531e-01
4.528014035290611194e-01
-6.022788650003815247e-01
-3.658703527745574835e-01
6.154144365849958387e-01
5.671081147486907170e-01
-1.000000000000000000e+00
-5.340899018195237602e-01
-6.299666652823479041e-01
-9.150771527802640248e-01
1.288304866009771232e-01
-2.236385712130251613e-01
-5.439086568765975072e-01
-6.930242858961180863e-01
9.746861639452959469e-01
1.282022480232919981e-01
8.231474308335125223e-02
8.276171184802050274e-01
4.171277554402591514e-01
-7.491164983302838198e-01
-4.225162359497491860e-01
8.825221626762312921e-01
-2.310537868842462983e-01
-5.415077566424518762e-01
7.446562778065107802e-01
-2.639441104773315172e-01
9.670541571533697311e-01
-9.454476029190459485e-01
-7.845931951925432246e-01
9.451432548167762460e-02
9.512650018550158904e-03
-2.824281766091801815e-01
4.850876292031393033e-01
2.740088842217536236e-01
-1.538456242472946607e-02
6.205580679171867065e-01
-1.299000742632649974e-01
-9.437357290897444573e-01
7.016552915812409585e-01
-9.368016514146839668e-01
9.229057373380735729e-01
7.308514105517484039e-01
3.691629075552725903e-01
-7.639881171689938411e-01
9.344102040721956604e-01
-4.200376433025622691e-01
3.569669725007585948e-01
6.074980040541684279e-01
-2.833506333664809196e-01
5.732103487859392388e-01
-1.000000000000000000e+00
-5.525679399577927420e-01
-2.463655643689066921e-01
6.971973631008622219e-01
-1.000000000000000000e+00
-1.000000000000000000e+00
-5.500091738440732181e-02
7.464569064683594934e-01
7.997506819489418328e-01
-5.203115361032450981e-01
-7.318362682234879069e-01
-9.541153979193145451e-02
1.606954010035199776e-01
-4.869449148469146005e-01
7.126632271468273938e-01
1.335226747211044895e-01
1.274445465738402172e-01
2.136502411129096446e-01
-2.385805721224295572e-01
-6.779395952799557312e-01
-7.954820338723617157e-01
1.916883655625212235e-01
-7.756565753955576570e-01
7.719490145774227097e-01
-2.930579824988972515e-01
5.357256816753104278e-01
-6.449174119214684531e-01
-1.689372160414385204e-01
5.407786400340576227e-01
7.141634305469021227e-01
-7.953896762398661169e-01
-9.424753683529220050e-01
6.571792580907729331e-01
8.465253559074434331e-02
6.508858735079343649e-01
6.382874964269790174e-01
7.672093945638565060e-01
6.076062441112898282e-01
4.831170670293652991e-01
3.703502885555871038e-01
6.768884672621302556e-01
8.698408013525453786e-01
1.622438757780456653e-01
-6.900213424777597027e-01
6.127366551903588032e-01
-4.114487989899302534e-01
-8.114184881152595175e-01
1.494334962235532860e-01
1.894935843453177809e-02
-3.657896000870410891e-01
6.161093671561757024e-03
6.248659002813149455e-01
-3.825319513259297644e-01
1.037731380820159643e-01
5.087816374684712706e-01
1.477357211638246626e-01
-2.081397480840159742e-01
-7.622554742099659775e-01
3.623874403071052352e-01
5.759566560715307926e-01
6.065934335360292362e-01
3.553890161981235196e-01
-9.122409460790058544e-01
-6.976354057675097087e-01
9.711600776991765605e-01
8.009436051463442174e-01
-7.375720408311181586e-01
1.229095064512279178e-01
7.280850788219841441e-01
-1.903424139487788214e-01
-9.970895946220491579e-01
-2.692832141802271040e-01
-4.934609284372004079e-01
-1.000000000000000000e+00
-8.025841862272236060e-01
-1.000000000000000000e+00
-8.875934307638176923e-01
-1.000000000000000000e+00
5.860052891859763857e-01
-9.970206648011236128e-01
2.475924656566937110e-01
-8.717833450550361851e-01
1.552691179583590153e-01
6.347359151130419486e-01
-7.604721848917086469e-01
-8.317626625734358958e-02
1.819060675176259467e-01
-6.877245421751595478e-01
-8.580143367401530385e-01
-7.355419763558594948e-01
-8.795823956047690295e-01
-7.479809531516408427e-02
1.404152415481260963e-01
5.619087599534308142e-01
4.111570619759238876e-01
7.897179659549684594e-01
5.597437300302667840e-01
6.474475938290380483e-01
9.642914639912787411e-01
-1.608791704791669164e-01
8.972816159360368360e-01
1.543375906705573841e-01
8.569378045008626543e-01
1.174625132434067437e-01
-5.153669958330233669e-01
6.483673336258837239e-01
-5.106744087457244785e-02
-5.986941780315298001e-01
1.000000000000000000e+00
4.112718937532222063e-01
-9.826428436190834947e-01
-6.087789070164248972e-01
-5.962973569159777387e-01
-3.167038601649824203e-01
8.207430867294798205e-01
-6.829813769853518846e-01
1.739274943003236290e-02
3.791119314454030054e-01
-6.692502298177084308e-01
-2.798065455155529513e-01
7.280652225627601837e-01
6.471631864437515924e-01
-9.817868417423116778e-01
-2.373972079206206065e-01
5.030312800359999503e-01
-8.331588547405360812e-01
4.542332328484214865e-01
-7.120064892688401925e-02
5.580721561956865084e-01
-7.433824119816172526e-01
7.558123312682094586e-01
7.384576531388834519e-01
4.769770218471435785e-01
6.368330176227456896e-01
2.558595452048761931e-01
5.865319971568636603e-01
-2.121989747660592007e-01
-4.749964143208580403e-01
-7.461867655695513246e-01
-4.923267426889861298e-01
-5.619664318850964291e-01
-2.061920738459985941e-02
-3.144396378324680330e-01
4.498114250218331334e-01
9.589457310087253772e-01
-2.756795780488803527e-02
-6.239734484519980917e-01
-2.997552506493406654e-01
-8.100098415924197881e-02
-1.000000000000000000e+00
6.032309558642076075e-01
3.240188738720132799e-01
2.970316791576393389e-01
-4.862410534196523471e-01
-7.330177756780931198e-01
-8.769080677034813975e-01
7.856796860463639565e-01
2.792263473051487255e-01
-9.318392373299423381e-01
-3.952548860305193923e-01
-9.569121811711049919e-01
-8.590819159108202818e-01
6.128397421659046440e-01
-9.579454757114358454e-01
6.060412343947509939e-01
-4.091804705299297296e-01
4.066203195015592742e-02
-8.656173636775268965e-02
-6.547340478910825823e-01
8.415070445533220367e-01
-2.173371307224151727e-01
9.304498168082433462e-01
4.192424019580247574e-01
1.894610209797011890e-01
-2.484963787358893464e-02
3.711521751332767516e-01
5.109888164970632918e-02
-3.248114128370168108e-01
-1.000000000000000000e+00
-7.798246814366642798e-01
-3.702312964571117249e-01
-6.896645244797923457e-02
9.500920410951202433e-01
-2.135127574899740588e-01
1.203870231014036452e-01
8.742408832883540315e-01
-3.210107302724154454e-01
-7.242011039336810896e-01
1.723060690226662917e-01
9.495689891220846501e-01
6.202612428074387729e-01
-2.225595803755396063e-01
-1.919096621258472857e-01
1.938074330847435189e-01
5.406466196250212519e-01
-8.351495652834369787e-01
-9.745150281479919574e-01
-6.034094282030696421e-01
5.460844069826191471e-02
-1.000000000000000000e+00
9.630922535536110551e-01
7.843182836127646773e-01
4.770710435325506427e-02
