-5.587624528091116316e-01
2.522610057706284326e-02
-1.000000000000000000e+00
6.346967881717079374e-01
-1.026843597834782434e-01
-4.014043312568710831e-01
-5.428311541933354967e-01
6.376676928400475397e-01
2.772354653383601875e-01
2.958184847939032691e-01
2.001073530138827994e-01
1.962157259638033224e-01
-4.269343389371494935e-01
3.142580630699612909e-01
-5.670429179319362856e-01
-1.602509226250965757e-01
5.100974031697490529e-01
3.334143766929457686e-01
-9.280823221458985861e-01
-4.452998907798126349e-01
-6.903336305878515766e-01
-8.998763113952805703e-01
1.076492389559817880e-01
-2.236385712130251613e-01
-6.040241216590414020e-01
-7.777941420322818100e-01
1.000000000000000000e+00
1.786697964457148458e-01
-1.856722088757747913e-02
9.104389273992851139e-01
4.680313792966083186e-01
-6.721522400985656676e-01
-2.460350694206494548e-01
9.251060259509643613e-01
-2.973344046702169896e-01
-6.451659127516820025e-01
7.305868571149584101e-01
-2.564556180022126153e-02
9.723869147218104914e-01
-9.415917925407241151e-01
-7.818262415361993956e-01
2.600695935739298359e-01
1.671602931216156218e-01
-2.824281766091801815e-01
5.780174919679705869e-01
2.057655415512633923e-01
-8.330577733491058290e-02
6.096787624342868694e-01
-2.248277733337289419e-01
-9.681527842403950812e-01
6.000137986885807351e-01
-9.803328203492609472e-01
1.000000000000000000e+00
6.741525722136266774e-01
3.319210702542449432e-01
-7.972967603739934406e-01
9.457667499576319914e-01
-3.664687654698912667e-01
3.807459399738895023e-01
5.568134802094583113e-01
-2.009127265645533900e-01
7.135852195105863993e-01
-9.322980506892080133e-01
-5.763791741861258311e-01
-1.404987996239759340e-01
7.120566196312316798e-01
-9.927897329323542852e-01
-1.000000000000000000e+00
-1.630542699403862428e-01
8.309468090324421130e-01
9.400638034370868423e-01
-6.037907150181148763e-01
-7.796541075039146174e-01
-7.662218621561439624e-02
4.134404317231838433e-01
-7.913407533073102407e-02
6.325293452065658961e-01
8.221153719248500136e-02
1.260044611331777031e-01
4.900149842235665409e-02
-8.010893259184520554e-02
-6.842495239541240837e-01
-8.182715279492331906e-01
2.043294175517559874e-02
-6.535188110809907469e-01
8.332581747664536964e-01
-3.632889938302141242e-01
6.396232769561697173e-01
-5.316211718783806495e-01
-5.376422142386746289e-02
4.571267269754902829e-01
6.541082191702023430e-01
-9.987713517184707568e-01
-1.000000000000000000e+00
6.571292464296061286e-01
-6.251409830129128764e-02
6.219695895647823214e-01
2.990602238079331787e-01
9.314496677570648364e-01
5.191385023641449381e-01
5.120105372710402891e-01
4.534318728707537050e-01
7.059792771576467452e-01
9.320769130652450940e-01
1.242581321795229177e-01
-7.244843900610139498e-01
9.042050432284871597e-01
-5.546172443978872879e-01
-5.902991741178719165e-01
2.255953443691348648e-01
-4.211385327883284541e-02
-3.251565053829622576e-01
1.042128394612034520e-01
5.436540104956744113e-01
-4.017109552185911814e-01
-5.962433667857308661e-02
5.524339305839645053e-01
2.848964149762757414e-02
-1.695264600603741678e-01
-6.938911842744980296e-01
3.308473842793016595e-01
4.919915045570693035e-01
5.767505565377689658e-01
4.182468107363368492e-01
-8.997933026890548858e-01
-6.349100314227940078e-01
8.527248216876526232e-01
8.116569670788661428e-01
-7.342701176539826458e-01
1.028410875117621442e-01
6.702839924615576761e-01
-1.917615830684202272e-01
-1.000000000000000000e+00
-2.995859180153049861e-01
-4.880275377057521347e-01
-9.655932270998527356e-01
-8.835639015276184338e-01
-8.651779734518050269e-01
-7.066098773260730548e-01
-8.879612307282183092e-01
8.155111828356617076e-01
-9.818537226468281309e-01
1.187741452272535747e-01
-8.894647858293062148e-01
1.030153523832165324e-01
6.911390432491155700e-01
-7.507937101515838041e-01
-1.079584801265570798e-01
4.708646983887003479e-02
-6.914213459223684799e-01
-9.517488587574118863e-01
-7.888370991125707166e-01
-9.480856190155743102e-01
-1.253105759003257935e-01
1.379604803945522207e-01
6.942978317459046478e-01
6.481719963055680989e-01
7.312179531178991665e-01
6.415828458547849777e-01
7.297819447466452614e-01
9.554037933231870339e-01
-2.500385634740582841e-01
9.771079728649079144e-01
1.688632079581390555e-01
6.903743688971846204e-01
1.390115899810658029e-01
-4.560658708329262123e-01
6.512028975680215215e-01
2.719215097722031682e-02
-5.799778183790504915e-01
9.652718686443525486e-01
3.474108759701650673e-01
-1.000000000000000000e+00
-6.527434297701069088e-01
-6.153180081416591563e-01
-1.633395765281070722e-01
8.207430867294798205e-01
-8.102190844307819440e-01
-3.197327401582215206e-02
3.602670362475994814e-01
-7.431038244029863904e-01
-3.120169592517049173e-01
7.350101449894237415e-01
5.123542934276056338e-01
-9.069700656090710078e-01
-4.717994085745810251e-01
6.860392785527750226e-01
-9.119744515183759725e-01
5.471914262357713277e-01
5.854312650517110028e-02
4.420061485066875684e-01
-7.259462067780354522e-01
8.997833339526346563e-01
7.765395459896187180e-01
4.682866761250221721e-01
6.328780294224674030e-01
3.228891272373176635e-01
4.228890049999232126e-01
-2.917228062312565706e-01
-6.470126411194918603e-01
-8.499174150307216014e-01
-3.356488036295213750e-01
-5.706581393415561809e-01
1.151763853404459970e-01
-3.969351782893817959e-01
5.632106786697945733e-01
1.000000000000000000e+00
1.502903232763998231e-01
-5.556419514607847665e-01
-2.713529333952299227e-01
-1.551180039736136385e-01
-9.912402394384269844e-01
6.755370889951278768e-01
3.832560738003643053e-01
3.776841500771543902e-01
-3.657151016818980804e-01
-7.385390024711160351e-01
-7.987246386731819969e-01
6.800607242489080662e-01
2.466310511881677492e-01
-8.643475339032770099e-01
-8.150566460577227668e-01
-9.205981177507042146e-01
-8.588084279556682521e-01
6.128397421659046440e-01
-8.076605833036450965e-01
6.486278826451710167e-01
-4.342813234072148143e-01
-1.219035667931752803e-01
-1.176209201687507533e-01
-5.334014493195298190e-01
8.415070445533220367e-01
-3.341457384542768638e-01
9.642047217653778590e-01
3.574608890408112472e-01
2.004086587602948444e-01
-4.881043800832889079e-02
2.147427299316018723e-01
1.261019987038968226e-01
-1.951850234613682900e-01
-1.000000000000000000e+00
-7.913463862500620394e-01
-5.541483927351573691e-01
2.138100461768574490e-02
8.935884986151791942e-01
-1.050394846813035854e-01
1.550963389081601307e-01
9.167999975804044244e-01
-3.499670439292133506e-01
-7.326432137408390721e-01
7.203852530986783187e-02
8.617991724716475010e-01
5.581509020034375324e-01
-5.165252266830424599e-01
-1.173411730264380393e-01
1.705684579918804178e-01
5.643976194212151354e-01
-7.578593531639135072e-01
-9.902271985133563881e-01
-5.466530543676425546e-01
-3.316665317575143851e-02
-9.708405622811757674e-01
8.284493815685902707e-01
7.921121732333765708e-01
7.656731091672452916e-02
