-4.999823182545477529e-01
-1.469978352557541335e-01
-7.909103361072153948e-01
7.002532883127257080e-01
1.599907227637309692e-01
-5.199218488993199161e-01
-8.367170512215440503e-01
4.146244337971909388e-01
3.627645448270322426e-01
6.139853619412155572e-01
5.515995077499857846e-01
-3.080466757278966378e-02
-5.992125653685471676e-01
-9.518014206808000921e-02
-8.556673671581863649e-01
-2.645993295315435256e-01
4.798462392906118201e-01
5.957001482106721868e-01
-1.000000000000000000e+00
-6.235267188079443024e-01
-7.591872204137096736e-01
-8.783330773817625836e-01
-1.994657671418980649e-01
-1.924873994892362661e-01
-4.242555172971362865e-01
-8.969723529987866373e-01
9.724780204494860580e-01
4.484407141413119802e-01
8.154427109456262313e-02
5.711117551883677645e-01
2.967242458201401756e-01
-7.259539642788396252e-01
-2.238789026732808107e-01
6.438225240824378970e-01
-3.506732777589407490e-01
-6.128692813510937532e-01
8.577679997605900386e-01
-4.367386353390130260e-01
7.277012242302219880e-01
-8.080090514382231026e-01
-3.675617806619357886e-01
2.549891403743035356e-01
3.987186031886884585e-01
-5.061044182377850698e-01
4.326189180686508262e-01
1.361700324772898152e-01
1.258799881349622618e-01
5.684384267406423774e-01
-2.505803118503014959e-01
-9.446066282996834484e-01
5.545437976957782178e-01
-6.959930579586829369e-01
9.962778978755555404e-01
7.671003336815259699e-01
5.263348393724646135e-01
-5.752096513500114527e-01
4.962511150643409419e-01
-5.959980663757933339e-01
4.394214902391987976e-01
4.908783080367612461e-01
-2.495463012441804795e-01
6.037295047404619419e-01
-1.000000000000000000e+00
-3.132759498038091839e-01
-6.976927906155055981e-02
7.221956953240769028e-01
-7.052376626253766823e-01
-8.698517036212636278e-01
8.882069886164847827e-02
7.192028888701968992e-01
7.552485711617350495e-01
-3.912826100884296832e-01
-9.076039747852928663e-01
-7.497637820209326898e-02
1.987950385901085526e-01
2.767552090159413822e-02
7.169616560948507411e-01
5.911279934893880483e-01
-7.997255537950800214e-03
6.557853403505989331e-02
-2.836026183113561916e-01
-6.655998054739659109e-01
-8.180629559045372590e-01
2.203422063489172411e-01
-5.382448086758061523e-01
8.062643484247330461e-01
-5.225405413618890993e-01
5.966472500542568946e-01
-8.131165966199709327e-01
-1.635936825229638014e-01
5.778542669633036644e-01
8.817078052448305003e-01
-7.815549606441155595e-01
-9.728538101744185207e-01
2.177206512874338973e-01
1.469371631045900961e-01
6.656265711870092971e-01
1.431657799440970158e-01
5.608489286090679871e-01
6.640909758750430658e-01
2.618894134578101385e-01
3.661785128534918998e-01
7.000254469555916570e-01
7.775099512061179885e-01
7.606807334549643695e-02
-9.426038821003153156e-01
5.027511684824637062e-01
-4.539576139202128324e-01
-1.000000000000000000e+00
1.047873367677447376e-01
-2.910091796429160604e-01
-4.586542884330920833e-01
-2.538583423576172837e-01
4.000838382811096050e-01
-4.105290931388414499e-01
3.034613902202077385e-01
7.198893217726179961e-01
1.940932616374460296e-01
2.081300713133996394e-01
-5.278728859115131566e-01
5.219650622481367130e-02
3.379547512575096779e-01
9.703588066885663332e-01
9.331128370237476433e-02
-8.675628436524218667e-01
-6.749340780773246395e-01
9.403400090046474258e-01
7.681163026504425062e-01
-7.429563217616430570e-01
-8.679578040129540262e-02
7.349864991853557461e-01
-2.020887606319944629e-01
-7.534342476560711432e-01
-8.300490609255302410e-02
-4.999566442028343105e-01
-8.506050948909318343e-01
-6.985727724559984697e-01
-9.050994352882737459e-01
-9.740836728007323808e-01
-5.354345749383060404e-01
9.119237408515314947e-01
-9.448251451386400213e-01
2.351614567995814753e-01
-1.000000000000000000e+00
9.784947859143125481e-02
6.002150442144084108e-01
-1.000000000000000000e+00
-4.460066469846490217e-02
5.650163091424007522e-01
-6.309393611709649408e-01
-6.778522077269555357e-01
-8.105293217653606330e-01
-9.193066021515730046e-01
-5.241939591159446715e-02
3.459099336893297072e-01
7.252873917605927589e-01
8.650616543710741846e-01
8.277184003654234346e-01
6.047313251935209077e-01
4.297469217148333631e-01
1.000000000000000000e+00
-2.654038496309661932e-01
3.551138426398968151e-01
1.275921191649367348e-01
9.336185156155212272e-01
-9.934118034592784308e-02
-8.247406814871676151e-01
1.000000000000000000e+00
5.549628965597463992e-01
-2.512378247285671495e-01
8.837787338316350771e-01
3.580480801645277156e-01
-8.559607046591792834e-01
-1.079426227071919042e-01
-7.152024811582621266e-01
-1.105273536005720869e-01
9.250081211087596289e-01
-8.157344218489361864e-01
-4.395157940032098920e-01
1.944081589727197634e-01
-9.486876068455334376e-01
1.807004955424652282e-01
7.899876778961580914e-01
9.507286708846806045e-01
-8.476887789212455004e-01
-4.078840395483817050e-01
3.867001395235221128e-01
-7.971635850306346693e-01
3.769964445780925044e-01
-2.218902445733549056e-01
5.479511019588303444e-01
-8.690181653251285443e-01
7.876900259431742768e-01
7.021515457762153023e-01
5.180583810204124617e-01
5.266057644376660463e-01
-3.070396230907007987e-02
6.769647784392822665e-01
-2.086802282869508751e-01
-2.435300795695427567e-01
-7.759279120754630776e-01
-5.149857643118609385e-01
-5.367798012198571334e-01
-1.192505299404717362e-01
-5.217248435287227815e-02
6.949034577220524200e-01
6.966308196428661059e-01
8.874201451217929304e-02
-6.224191239229561745e-01
-2.065938673516953122e-02
-2.518181591814760423e-01
-8.431102951372724252e-01
2.455221907426683725e-01
5.221887682016400634e-01
3.043299589254922499e-01
-3.637273767369803568e-01
-6.869109698790942797e-01
-1.000000000000000000e+00
5.202786386102263849e-01
2.757783145157807758e-01
-3.066394850920667325e-01
-3.140522688999113909e-01
-9.024563641167017147e-01
-8.384992238642444695e-01
6.961189774750047299e-01
-8.655045569507416880e-01
4.966081254822807267e-01
-4.166152088142432430e-01
2.653832503912259555e-02
4.411498166470295690e-01
-8.293877997523249057e-01
9.757979009924663272e-01
-2.455547064114579903e-01
1.000000000000000000e+00
3.862889547832534798e-01
1.939900306997254797e-01
-2.922931416798532633e-02
6.165597125288071467e-01
9.314327127212053414e-02
-4.176078639207276844e-01
-7.240856888102864541e-01
-7.847692711125030529e-01
-5.868046553268339016e-01
-1.581994536696714748e-01
9.318182863504147484e-01
-2.902515486409020240e-01
-4.224044136633221813e-03
9.174549669849305644e-01
-5.375028075203420741e-01
-7.324295251861930867e-01
-2.167161953934373941e-01
9.339909802212265078e-01
5.332635343772150760e-01
-1.796858094986412274e-02
-2.247090407340032181e-01
4.534723310873706725e-01
3.986694238826905545e-01
-4.189325837715763834e-01
-9.326747760390026176e-01
-6.454759539047612016e-01
-1.786879717986418481e-02
-1.000000000000000000e+00
9.382479979065574405e-01
9.551315523673471475e-01
2.064732289729978298e-01
