-7.292434938716274573e-01
-4.046457068842223004e-01
-1.000000000000000000e+00
7.702328972693273101e-01
-5.783085848765723291e-02
-5.118536883384594560e-01
-7.998062770071451277e-01
1.000000000000000000e+00
1.987233705409219842e-01
-3.214969733685795195e-01
1.935712240601170642e-01
-6.175341794468991452e-02
-5.476566594333340809e-01
5.226655758800846652e-01
-6.962421898467960890e-01
-5.170059157283954931e-01
5.860667828683026048e-01
3.815853412637826292e-01
-8.821675864621743024e-01
-3.677355054474333862e-01
-6.099474552479822176e-01
-7.676224675987828316e-01
-1.693210753428220361e-01
-4.739753935469201984e-01
-8.275540503211358256e-01
-6.141686046835452828e-01
7.942215175056772658e-01
3.275124014098289571e-01
2.630289361490182332e-01
4.208216805302043007e-01
7.074767412793134813e-01
-4.511094235101387184e-01
-6.432631811439550873e-01
9.142441802765080006e-01
-4.551818647322098399e-01
-7.086544956125817585e-01
7.894042354616754853e-01
-5.332686175919212346e-01
5.911299577729243193e-01
-4.683132941961150042e-01
-1.457618305428081129e-01
-8.420386619165620701e-02
3.974531798225269252e-01
-4.223453618308798951e-01
7.768810290358918458e-01
3.737627413984669911e-01
-3.804953332343408157e-02
4.097160144152258709e-01
1.382734870124895377e-01
-9.354341489242954388e-01
3.697645195725689504e-01
-8.117809938795035318e-01
7.850346880362624180e-01
5.172037286107922238e-01
7.871772245567265625e-01
-5.343791424933559409e-01
2.710171378260677055e-02
-5.879414765067882964e-01
6.679076626846671694e-01
4.575241591619465531e-01
-5.858500827062295135e-01
3.785365776062981080e-01
-7.009208707459801957e-01
-4.164283306395992756e-01
-8.314017525167205491e-02
6.399718811753937198e-01
-9.434652267698220296e-01
-9.860592992796803902e-01
-3.174309720051502470e-01
1.221607684391643467e-01
7.203420379635927517e-01
-5.021693399087197029e-01
-8.000417090937346210e-01
1.489863804044262441e-01
1.194498442868299204e-01
8.590104995061320636e-02
6.727711320473661605e-01
9.946842503321240425e-01
1.795764138345820882e-01
-2.403671714326161002e-02
-1.316306533189957051e-01
-4.668236034173895987e-01
-6.815285775994532891e-01
2.814557273814894955e-01
7.163721948871115686e-02
1.000000000000000000e+00
-5.238626101097423327e-01
6.344083838062881675e-01
-9.462357400322598533e-01
-2.925163911773511760e-01
6.477461629623531003e-01
8.708209788223486569e-01
-8.212688802376901798e-01
-6.828047008308458787e-01
7.875906378542889552e-01
4.513015450032369369e-01
7.856191407681558658e-01
4.904571072296861622e-01
5.206354273312345793e-01
8.357807371623651171e-01
3.538154854378479097e-01
2.623387372804879547e-01
8.393343391462666503e-01
9.402131792096748431e-01
2.555886078535679617e-01
-7.112667868945234950e-01
5.629115887917499617e-01
-5.467690240405220781e-01
-1.000000000000000000e+00
1.563183606205889031e-01
2.691334980292972023e-01
-6.554408568443381711e-01
-3.848412172720094837e-01
-7.459163383960603078e-01
-4.321392078306660611e-01
2.518375799422816197e-01
5.604145001265499193e-01
3.491117340839686722e-01
-8.905446291678265069e-02
-7.551628650007100596e-01
2.326537425423729211e-01
3.731877313329894363e-01
1.000000000000000000e+00
1.261416082507396119e-01
-6.001702796753527469e-01
-5.208097063516052838e-01
5.115263347263399041e-01
7.951439405957672069e-01
-7.271650314704427576e-01
-3.933668062881121585e-01
7.271447937071524592e-01
-2.005239937697897989e-01
-9.194040633943987295e-01
-1.014875835284447803e-01
-3.288096752386779897e-01
-6.279132374709732733e-01
-4.767736725579392321e-01
-9.071722570168101463e-01
-7.250050704268704571e-01
-6.784956774332611129e-01
6.833782733122656383e-01
-9.571426896650219174e-01
-1.466856828399943913e-01
2.456474755547888300e-03
8.641789663482701833e-02
7.274429609064121394e-01
-8.547937260891373956e-01
1.600038294714920539e-01
3.152282855705688114e-01
-9.973667174005038660e-01
-5.886583193335201969e-01
-9.257658838439311033e-01
-8.267696612429933367e-01
9.228582017416875338e-02
1.000000000000000000e+00
3.297456020430509782e-01
8.772790445198277443e-01
4.623698202045989358e-01
6.039142900408565051e-01
5.686856671619622272e-01
9.891173142899498671e-01
2.312981839363192904e-02
2.675327013175156088e-01
7.592031879003752204e-01
9.317645239730800721e-01
2.687751022317856897e-01
-8.103052746851375776e-01
7.742003967263171305e-01
7.181032002405318693e-02
-9.764555797745844146e-02
7.931426769491480844e-01
2.495268027184691650e-01
-3.511210651388247950e-01
-3.530636836166920478e-01
-6.995387499918044316e-01
-6.640520147808182116e-02
7.476788314140924152e-01
-6.659538449952133732e-01
-8.192227783543715169e-02
7.801004646748843641e-02
-9.531798514203553285e-01
-1.263458630925895498e-01
7.996794637469142319e-01
5.656935038736983223e-01
-6.603246582853556923e-01
-2.895114247491583637e-01
2.778352164467917662e-02
-8.242748953182910121e-01
3.811962989348253728e-01
-1.091424130305713724e-01
9.792814577239210561e-01
-8.700022388738848367e-01
6.381632027408734587e-01
7.585278765552159186e-01
4.271859167467089158e-01
4.960366219306779345e-01
-9.058909106582913040e-04
5.040716950649377637e-01
-1.240653020742540913e-01
-5.554849925144491607e-01
-4.867819685682036046e-01
-2.609651022432240008e-01
-7.779384350098084155e-02
-2.990945927495336498e-02
-5.274985822727282780e-01
6.685583118334836872e-01
4.824032917073659554e-01
-2.306046997661930220e-01
-6.464066535129802116e-01
-1.354339144005181073e-01
2.153295056945545571e-01
-8.446088345375848405e-01
6.225943273195625460e-01
1.000000000000000000e+00
3.313074797189219378e-01
-4.558198607054981810e-01
-8.417621662755576661e-01
-8.792047116845644883e-01
7.302612432285160438e-01
2.032640613088335102e-01
-6.727842650939397373e-01
1.090748152782452518e-01
-6.920779729564325855e-01
-9.149988708759215772e-01
7.479739020874078825e-01
-9.097210304011640325e-01
6.161891236240046865e-01
-6.302343885493968401e-01
-5.392115255699692078e-02
1.325890324608747228e-01
-6.018134247058526398e-01
8.181384837506666674e-01
-1.085186835142701867e-01
9.577224609265644339e-01
1.246523566309842845e-01
2.794991682703866775e-01
-3.123952825227738206e-01
7.075204108261019531e-01
-4.483854719297690750e-01
-4.775793027886672260e-01
-9.260656548934620425e-01
-8.607409301860886597e-01
-9.438401762427943709e-01
-3.721599718680903557e-01
8.936177334305912545e-01
-1.239718037972268316e-01
2.937946511401701155e-01
9.692281558242479278e-01
-4.021455932320638915e-01
-7.117436824956766550e-01
-5.754759778450546648e-01
8.633231970268673283e-01
8.220181869691276511e-01
2.112160256837245509e-01
9.427927799191859748e-02
1.021917812286998184e-01
6.426454665636740504e-01
-6.035925021072905405e-01
-8.641040833405129185e-01
-7.398156028238628279e-01
-7.798584234809879945e-02
-9.805397439718588348e-01
1.000000000000000000e+00
4.023871208938005761e-01
4.449634785450449215e-01
