-5.613675707899492551e-01
-1.654683560061220859e-01
-8.829150611490997891e-01
7.049495983564645352e-01
-3.227494541295039543e-02
-5.118536883384594560e-01
-5.139469859817495934e-01
5.137159694785297104e-01
4.734872097040371819e-01
2.589364155857249439e-01
1.997804674079580733e-01
-4.130277318887452809e-02
-5.299529971923501170e-01
1.793842975738147438e-01
-6.592588883743314421e-01
-4.121486180777729769e-01
5.860667828683026048e-01
5.744603360540743164e-01
-1.000000000000000000e+00
-6.645755775980601854e-01
-7.603359914331382363e-01
-7.996438506800408463e-01
-3.187613798009199251e-03
-2.337282734369367787e-01
-5.631257397096405271e-01
-7.358876719536925348e-01
7.053723669385207895e-01
4.098093149325939266e-01
1.741428238832694875e-01
4.812229531946382588e-01
4.679763056576444757e-01
-6.116978048989804018e-01
-4.517650005327484286e-01
7.540947943748482762e-01
-4.487364570059171331e-01
-7.086544956125817585e-01
7.020736694088892671e-01
-5.556221332811835945e-01
6.602871094011399933e-01
-1.000000000000000000e+00
-5.834423575704940079e-01
-1.598757553044845015e-01
6.538787544560433762e-01
-4.223453618308798951e-01
5.053582073446966083e-01
2.375232806160552934e-01
-6.248941502933882258e-02
5.870399696367490927e-01
-2.106111060350549652e-02
-9.128108197917494948e-01
5.476022646923646153e-01
-9.344794216437656287e-01
9.593340667283620782e-01
6.675674955580248593e-01
6.448585400053512551e-01
-5.587189013745957888e-01
2.320850691756895789e-01
-5.820218483779515672e-01
6.932161283795551521e-01
5.258283737836744187e-01
-3.483934809737223581e-01
4.515211753680188345e-01
-7.009208707459801957e-01
-4.023992201796865453e-01
-6.026033035098253554e-02
4.141191389756823660e-01
-8.869549584046484414e-01
-9.722340389978777475e-01
8.882069886164847827e-02
7.379245321897085486e-01
7.845136296589707570e-01
-5.021693399087197029e-01
-5.140683800094696387e-01
-7.497637820209326898e-02
7.166590307643580515e-02
8.590104995061320636e-02
6.727711320473661605e-01
6.517344939499457590e-01
4.636299834087399124e-02
6.289138662581665595e-02
-1.108062551836438425e-01
-4.527943915021387378e-01
-6.815285775994532891e-01
1.787952154308192487e-01
7.163721948871115686e-02
7.486017931655972735e-01
-5.238626101097423327e-01
6.344083838062881675e-01
-6.175312457352261086e-01
-1.191349570653906648e-01
4.534108094482253715e-01
9.821917950670557840e-01
-8.212688802376901798e-01
-9.035542042533230012e-01
7.319047276663404045e-01
3.788394806010241811e-01
8.378244206766971569e-01
2.324565685879285137e-01
5.541103296688978386e-01
7.328888601205245656e-01
2.900240150584300070e-01
2.623387372804879547e-01
7.715405431611404019e-01
9.915558556719090699e-01
1.630888854062362281e-02
-7.112667868945234950e-01
5.629115887917499617e-01
-4.067325057505145613e-01
-7.346450893424659734e-01
2.352773849372404302e-01
2.154401132016575127e-01
-7.129684942239871148e-01
-3.848412172720094837e-01
7.221364922915352036e-02
-3.293465187369471470e-01
3.389877283037880940e-01
5.604145001265499193e-01
6.548833995121868812e-01
-1.107600870720608782e-01
-4.789663450433220837e-01
2.326537425423729211e-01
3.731877313329894363e-01
9.786866858136049618e-01
2.494264351856889661e-02
-7.611453781042515354e-01
-7.573743041449870761e-01
5.115263347263399041e-01
7.550688894917870764e-01
-7.768456907368465059e-01
-4.256096801094098048e-01
6.225036417593874383e-01
-3.692601212290305690e-02
-9.685538054536013686e-01
2.030394760727360914e-03
-4.274274343036629231e-01
-5.654249714983450303e-01
-5.671101149301045474e-01
-8.644475651699986551e-01
-9.716266945556016887e-01
-5.197989778592821963e-01
7.925732147428030672e-01
-1.000000000000000000e+00
1.783693381644251286e-01
-8.028837565906888907e-01
1.939665255417671319e-01
8.438983170834646330e-01
-8.932676824541400107e-01
1.359180781117452219e-01
4.753222729474839703e-01
-7.653634283068477817e-01
-5.886583193335201969e-01
-9.154684027785958689e-01
-8.738169137285223265e-01
8.456019347194194957e-02
1.697685930780137298e-01
6.914044054324505195e-01
8.297222984843095617e-01
5.979562664408620831e-01
5.613357890988723842e-01
6.739108163200598911e-01
9.686393524323374526e-01
-2.612636669706638881e-01
2.860655493553864170e-01
2.073070557789122303e-01
6.675471299559257998e-01
-9.406949374888382009e-02
-9.318456944453044066e-01
7.742003967263171305e-01
2.559198404778160185e-01
-1.260780286616838830e-01
8.505721330147649750e-01
2.495268027184691650e-01
-6.363903242742943167e-01
-3.517659711135847078e-01
-6.995387499918044316e-01
-1.922829443117070602e-01
9.056420972532814861e-01
-8.301505661095484045e-01
-8.192227783543715169e-02
9.232854639763375670e-02
-1.000000000000000000e+00
-8.934822508868429936e-02
6.714093003176534458e-01
7.548854464467615877e-01
-1.000000000000000000e+00
-3.109345136798826736e-01
4.180047139730951322e-01
-8.331588547405360812e-01
2.889889306659031432e-01
-2.003857953447374940e-01
4.493919141606490530e-01
-1.000000000000000000e+00
7.876900259431742768e-01
5.644532123042136362e-01
4.960172549609838666e-01
5.157998416251186047e-01
2.370770981284938891e-02
6.830296483353177628e-01
-2.409870695371532368e-01
-2.122975696561379411e-01
-8.785018619872044798e-01
-1.867769632048580652e-01
-5.722329522905984511e-01
9.483170698250137365e-03
-3.836355800249801051e-01
6.491574158885871082e-01
6.524725704801956905e-01
1.265448272581891909e-01
-8.420733250685301652e-01
-1.354339144005181073e-01
-2.914655765975997515e-01
-1.000000000000000000e+00
4.825734270265807924e-01
6.514087649724855655e-01
3.313074797189219378e-01
-4.558198607054981810e-01
-8.560278954243145666e-01
-1.000000000000000000e+00
8.929450384394538309e-01
3.739843156621368014e-01
-6.989527921410039202e-01
-9.257105484623071034e-02
-8.660682801372033834e-01
-8.878822266154156040e-01
5.757774595488509561e-01
-1.000000000000000000e+00
6.047602866940594568e-01
-3.895579878684514163e-01
1.038085950094544407e-01
1.562641089598835742e-01
-6.912474319987715887e-01
7.872945495798718829e-01
-4.011073620866903999e-01
9.000002463160132748e-01
1.710764562919103726e-01
2.794991682703866775e-01
-1.672415845557496117e-01
6.447589515202326593e-01
4.006729601286090903e-02
-4.703743215175788528e-01
-9.695015616453200868e-01
-8.405820465457832791e-01
-6.340362522362456010e-01
-3.721599718680903557e-01
1.000000000000000000e+00
-2.893115443504976625e-01
1.587547312522653575e-01
9.620657143884439044e-01
-5.458707322793975303e-01
-7.116627057986488758e-01
-5.238427751480362327e-01
9.339909802212265078e-01
3.159366200695065130e-01
1.868894620349711988e-02
-1.778548446216432211e-01
3.878721822544355380e-01
7.432127142400571929e-01
-6.797618176638943188e-01
-7.547799029050674680e-01
-7.130560612101988216e-01
-1.462197456877639135e-01
-7.595868583239022698e-01
1.000000000000000000e+00
5.564170233252541120e-01
3.037746632234326061e-01
