1.996280021956580997e-01
-7.994950263907263377e-01
2.319463110809152073e-01
-5.459678978382862535e-01
6.315404177618255677e-01
2.767742440636355994e-01
7.184076135104162653e-01
1.000000000000000000e+00
1.202774388730372818e-01
8.050854228729856787e-01
-8.238006340800120286e-01
-6.858643987115610186e-01
5.899922991130565619e-02
-4.674713517067954349e-01
-9.403439591762675631e-01
-5.187703982840913275e-01
-7.342934172144505167e-01
-6.244048914962223584e-01
6.523155393194617346e-01
-3.169933602319545685e-01
-1.000000000000000000e+00
-3.571207321269570523e-01
-7.789201744007520078e-01
-4.489116829116177043e-02
-8.021481931491700745e-01
-9.148835067914723451e-01
-1.492750103674448381e-01
-5.583254868544660354e-01
-4.027374444328346570e-01
-9.791266621654444169e-01
-9.098350555698314635e-02
2.346030355314602245e-01
-6.691879757415289398e-02
2.417482455050725676e-01
6.681874399071963122e-01
4.318142863594038872e-01
7.669192748224895606e-01
1.000000000000000000e+00
-7.297844489923769329e-01
-4.811616934187206152e-01
6.451335105384486956e-02
-9.179784066065223014e-01
7.677773792174247269e-01
-1.000000000000000000e+00
4.166609337262315305e-01
-9.855147935249686242e-01
7.906821692484260478e-01
-5.427283705025123806e-02
3.402184584401537482e-01
1.520642396617589293e-02
7.344775249607399248e-01
1.856997920686173642e-01
-1.754918125292910247e-01
3.271202432548306338e-02
8.308563813448870405e-01
5.123273334075126861e-01
-7.644829921146981677e-01
-2.869633936716506351e-01
3.372953123834799838e-01
-4.767421083083687172e-01
-4.327086241782303055e-01
-6.763447149901521960e-02
-2.503752245013484701e-01
7.704291501145276166e-01
4.168932190858631870e-02
-5.992698043740947167e-01
-8.519850541342373074e-01
-3.014368069123747607e-02
3.909569463072601336e-01
3.139847181072203397e-01
-4.069560306972994645e-01
3.026436530456760865e-01
-2.208577092376547979e-01
3.110951949956360929e-01
-4.775389130606328969e-01
-5.304393106574065708e-01
-6.422608398148810238e-01
-1.000000000000000000e+00
7.852643429072185821e-01
-3.370538705054652584e-01
-6.237858453028146677e-01
-1.222940221086873669e-01
-7.390008545038947441e-01
3.917258691759604172e-01
-6.426096210419215415e-01
-1.363054716315220127e-01
6.612804332674200314e-01
-4.600155655148789879e-01
-5.483987677514323700e-02
-8.127559546706263349e-01
-5.397038087943077933e-01
-6.524918395432702800e-01
8.680644879663099722e-01
2.646728296380061463e-01
2.882194693144869424e-01
-6.833890981962815747e-01
5.960761709242722306e-01
8.250692536386752263e-01
-6.142397699853330284e-01
5.395810007204369096e-01
-8.371447035759100874e-01
5.182032278725217100e-01
4.255710804475842379e-01
-2.461982064259771175e-01
8.541680045287252110e-01
5.027358788323235128e-01
7.659999697351190795e-01
9.744383318393240456e-02
-8.912246609290437327e-01
7.903894209602380094e-01
1.548077696420273319e-01
-1.771372355262323117e-01
7.574265675865021752e-01
1.674709267277597544e-02
-1.000000000000000000e+00
5.525016490586788509e-02
-1.709164319020374245e-01
5.231501463907645144e-02
5.404318892198539670e-01
-5.689309559869062394e-01
9.207368147795217395e-01
-1.597446544121303991e-01
5.393800424278383243e-01
2.423091347829910980e-01
3.536856880826579064e-02
-6.926989375123830950e-01
-8.638289185052838715e-01
-6.738224542030197828e-01
-7.883390261041851588e-01
-8.374029846721568748e-02
7.573477375266963740e-01
3.405706597411516934e-01
7.921859258247822000e-01
-6.666131126139706042e-01
-1.000000000000000000e+00
2.794964330729859947e-01
-5.017706121608470626e-01
8.494360377254683847e-01
-8.142295041833554903e-01
-8.714867494185111196e-01
7.603642832820792785e-01
6.123458750148049606e-02
-1.362332239023896219e-01
-2.347406330295820354e-02
-5.685966705101366259e-01
-4.352589948379205209e-01
-4.787347154515838588e-01
-6.010247933536433385e-01
-7.482440056208915502e-01
1.000000000000000000e+00
-1.955299680906437132e-01
-9.561183548693737988e-01
2.107693338329638122e-01
5.527125363610285724e-01
1.990177779486293763e-01
-9.549114480375222591e-01
-2.796043064547162546e-02
1.269021497354546058e-01
5.698845732616530935e-01
-5.440842749510956811e-01
6.878868962948306853e-01
8.223242424053864297e-02
6.977547965208688030e-01
-8.928085190636805279e-01
4.433089922897079371e-01
-8.235058824170693459e-01
-2.051541649581912485e-01
3.952258156531650579e-01
-1.039356666318505679e-01
-8.547541782132876964e-01
2.361493471209673845e-01
2.039810343183734720e-01
5.954760372153244941e-01
1.706855381602838118e-01
2.918832787011664265e-01
4.836715927186217012e-01
9.905775469763135055e-01
3.426302042591085617e-01
-3.683365454211877665e-01
-1.754094418915489451e-01
8.011085099731667380e-01
4.531033881476042580e-01
5.100736052107125440e-01
1.081954747836331165e-01
-6.174440434074023321e-01
5.002325596463345903e-03
-9.407911474664500950e-01
3.144443750181464825e-01
2.356966181872537924e-01
4.355304728407413672e-01
-7.336517025737396835e-01
9.729214684648435085e-01
2.884014661861307727e-01
6.828692901936553872e-01
-8.961661786793184703e-02
1.136487564148219442e-01
-6.060659538249438816e-01
-9.427606435004841634e-01
-6.565397344663471690e-01
-2.441287207906855244e-04
-1.088018908204799740e-01
4.530717160609397109e-01
-9.526716563492745316e-01
-6.622235307275768923e-01
-3.042360278734886417e-02
-7.816608211594207323e-02
9.025948684285803880e-01
-1.893456072391517253e-01
6.575264987416863383e-01
6.907027247002999193e-01
-7.743970875189398750e-01
9.706375794823363101e-02
8.540253025460035063e-01
-4.095408064484553079e-01
5.223437582120806777e-01
-1.000000000000000000e+00
-1.000000000000000000e+00
3.413261888066013161e-01
-4.745556157801117392e-02
-4.747159911220973916e-01
1.885143713534602472e-01
-9.702048033443746444e-01
-2.657859992203855382e-01
7.024207366164003652e-01
-6.851219481674706291e-01
5.941974477546682065e-01
-1.681998575796589679e-01
-4.196369679338873837e-02
7.161734953126464021e-01
2.857172166543019975e-01
-5.406808855866591934e-02
-6.933296998663702748e-01
-4.890484095624964556e-01
9.477003774860381924e-01
5.199346392102663916e-01
2.636325005503146190e-01
1.000000000000000000e+00
-7.614963010139172983e-01
9.901124094822881805e-01
-6.461062967656979739e-01
-6.193842454157628685e-01
-1.674244386332255086e-01
-5.269518377637316675e-01
1.033819087788607899e-01
5.306694724277755126e-01
1.076284564093540896e-01
1.211290928668979916e-01
-5.473794865361562845e-02
1.551124692820629314e-01
1.605334223914100522e-01
1.179908695449531364e-01
4.351999985005552407e-01
3.567748976223649171e-01
-9.562444921538999498e-01
2.623855492277540336e-01
6.121215422488900382e-01
-4.459856342074602908e-01
-1.810008179436458919e-01
3.254841885906768761e-02
9.974202364973776547e-01
-4.364059279193337471e-01
1.000000000000000000e+00
5.397899032032278388e-01
3.097968669357092919e-01
-5.875667676911890958e-01
