3.179897860812106458e-01
3.437474099404783656e-01
4.066255996674265627e-01
3.156867140060429233e-02
6.570393334280724140e-01
-6.676215176168204257e-03
-1.444003511734198164e-01
1.000000000000000000e+00
-9.139162869845376957e-02
-3.491597186017502130e-01
-7.701532168309744852e-01
7.562613286442152472e-01
1.579968771533186989e-02
-1.000000000000000000e+00
-5.944556966178382584e-01
-6.569442161590789420e-01
1.415803144532393198e-01
-3.198096163221950117e-01
-1.268000080016209730e-01
2.376210069481665688e-01
2.877867451886179095e-01
3.963056142938190529e-01
-1.769119500344717988e-01
4.598792320904714348e-01
8.725695465935685569e-01
2.954008016191209118e-01
-6.331993155292088282e-01
-2.642273486246672354e-01
-9.273700146540951872e-01
6.888038226792270180e-02
-1.339390888602359775e-01
-1.055853080136217592e-01
-4.426512229233862256e-02
4.581343648489357157e-01
-4.718162098067951726e-01
4.316220819459390956e-01
-7.828271540726292610e-01
9.714128043983545346e-01
-8.735782397376836705e-01
-1.196929129479830378e-01
6.731837876062862769e-01
-2.434185401416319450e-01
-9.830632584032019672e-01
8.413141617639507963e-01
-9.775755512139725489e-01
-6.122316807544536665e-02
4.813039916018819198e-01
2.589882878818386969e-01
-5.098909878638795412e-01
4.512145213832139956e-01
4.143622435094848622e-01
-9.635944268879776953e-01
5.901551956059895021e-01
9.728023898240214518e-01
-8.731714603815923237e-01
-8.799518574392328762e-01
5.944323441713286194e-01
-3.664149425544083183e-02
-4.984027315632970634e-01
1.882206491171662943e-01
1.186609932016424729e-01
-7.976439325961341975e-01
5.695889023012967733e-01
4.756754002458284947e-01
9.385348333267586884e-01
7.055106727428760438e-01
6.944463353220192703e-02
6.474414351317356875e-01
8.879528076783105295e-01
-1.947731594152365131e-01
-4.537414183467698980e-01
-2.987718110417928452e-01
-6.748185451074459884e-01
-2.062605673596550407e-02
1.038257445725809802e-02
-8.357722129698355040e-01
-4.251070394905775984e-01
-5.837325407824645040e-02
-2.009834703156617164e-01
7.693586565270376099e-01
-5.513085217485653722e-01
-5.378756592345530496e-01
-2.229541352932348786e-02
-5.167202280570738493e-01
8.807740805722500399e-01
5.708088241611499747e-01
-7.226255784255113390e-01
6.718076867299422883e-01
9.116029607244567901e-01
6.455073157935319328e-01
-1.815597706312046533e-01
6.184239762519174594e-02
-8.143663086048023025e-01
-3.952426673675932256e-01
-1.000000000000000000e+00
-2.427219891457339795e-01
5.408689382984522842e-01
7.667639754205977098e-01
5.352538565067495036e-01
-6.314101481680870487e-01
-1.367355001476433518e-02
6.132173123482691501e-01
-8.639897498709470103e-01
-7.673891064103368631e-01
8.419476271592649663e-01
1.000000000000000000e+00
-3.872625649754785071e-02
7.177054003664862236e-03
4.015159584889455568e-01
-4.187534460982214046e-01
5.300279793639122161e-01
3.283689372991600020e-01
7.058210394332596893e-01
5.036510919790595509e-01
1.000000000000000000e+00
9.497836618050135016e-01
7.179844129426542487e-01
-7.155128718265456600e-01
-7.753048101476911480e-01
4.265319120892703264e-01
1.882875391248974017e-02
2.461725689787519489e-02
-7.354341903593478169e-02
5.251658762049022933e-01
-3.315831887974838299e-01
-8.607382407425685500e-01
3.635861577978813375e-01
-4.116566335377087604e-01
5.556364785670355744e-01
3.411464308379875687e-01
4.248626442072891418e-01
-4.936892517303300698e-01
-1.000000000000000000e+00
3.147194292445290031e-01
7.025651630121469982e-01
-9.246407962169178596e-02
5.984051328134281089e-01
-1.494594412982267473e-01
-4.013015599275613909e-01
4.091246842629325808e-02
-1.000000000000000000e+00
2.919840370269511931e-01
-8.352407975114728433e-01
3.081029208366198313e-01
-3.034192608243140299e-01
-6.852852479490915139e-01
-2.807175645277280029e-01
2.776565330059879017e-02
-7.928989159578475610e-01
-3.527957011334458826e-01
3.527671187554200505e-01
6.040824655231360474e-01
9.661485916416188147e-01
-7.142222987771800202e-01
-1.526667505678456216e-01
7.480655263494097040e-01
4.335627102701951063e-01
3.485995301094085286e-01
-5.773286561680711637e-01
-2.556067209956295327e-01
-8.141893939242771105e-03
-4.528583069053299659e-01
2.210489906743975108e-01
3.925947376932865662e-01
1.905011250486587926e-03
-4.101701114888658406e-01
-7.888821521608990750e-02
3.268764598819949851e-01
7.828963736920133698e-01
3.417533062953991008e-02
-5.582072244003206674e-01
-6.282771380533639372e-01
8.317247592356127317e-01
-3.307783125755216491e-01
-6.594646918990835216e-01
6.842098527816113940e-01
1.071945883028394275e-01
4.391508093201066387e-01
1.000000000000000000e+00
6.808307532999438028e-01
8.692658744859422804e-01
-6.894716911791360925e-01
-3.834509794630318602e-01
-2.429083132871923123e-01
7.075436225213798114e-01
-8.662640530811138717e-02
-6.027055654699754461e-01
-4.738691291772016978e-01
-6.105881071599805754e-01
7.608191451892692969e-01
-7.225915433960509171e-01
-6.630303155835044482e-01
7.237984638393846204e-02
-8.193418038877779974e-01
-4.019537242627360119e-01
-5.508524329916358875e-03
8.300977395737239029e-01
-9.521401268957252473e-01
6.541206940321842023e-01
-9.949567762925671799e-01
1.634885313280039221e-01
1.362728772562897817e-01
-8.891392669060720344e-01
-8.486347143957531092e-01
3.547295406046997446e-01
-7.375825767825643364e-01
8.538260357655940158e-01
6.532746272869921489e-01
-4.365604608811658460e-01
-2.333441543140149510e-02
3.776470627337699670e-02
-7.288584439752038291e-01
-2.584031787697942395e-01
-5.234465720998208171e-01
-7.542655982708017515e-01
4.527914176848235051e-01
-5.084326402774379527e-01
5.030366339638878692e-01
9.889203576269433027e-01
8.497023877287482874e-01
-3.651586919375268137e-01
-2.904248309711372489e-01
-3.436953544046983389e-01
4.744307485079036768e-01
-6.239906576578546638e-01
7.818123238416293530e-01
9.787036440691732064e-01
-3.382046717280893233e-01
4.430948169807362169e-01
5.512620238351813029e-01
2.369406653109015770e-02
-2.519011982529359428e-01
5.780375677345095387e-01
8.890663047647410222e-01
-3.129297059203572234e-03
-9.250000675158245311e-01
6.715333716017080068e-01
6.462909298211463316e-01
1.000000000000000000e+00
-4.265687570231000425e-01
-1.000000000000000000e+00
-7.883052845961105448e-02
-3.862606154354357169e-01
1.769462789464345542e-01
7.658433766921457497e-01
-2.968916735029327181e-01
3.959383228117742126e-01
-2.586916624974279766e-01
-4.110773753407442888e-01
1.436174036711910795e-01
3.195051703173297231e-01
3.347795500159335136e-01
-3.819338363363157240e-01
6.332745458069499733e-01
7.871544835223879266e-01
2.011516858119511419e-01
-2.995859557439710663e-01
3.928984394829262428e-01
-7.458792986475073494e-01
6.380535665376241283e-01
1.510526079688838674e-01
-2.080852258370327612e-02
-1.000000000000000000e+00
-9.314193083689350505e-01
3.326016671829175042e-01
