2.324178107767347345e-01
-6.013709882879823138e-02
4.461080204325179599e-02
-7.225219468199113315e-01
8.096460663683722192e-01
7.918649809321929300e-01
-9.959520058437194567e-01
-2.051638237528233544e-01
-6.048240100498559757e-01
-2.721149985891265222e-01
1.336547886595448181e-02
3.123059279347183415e-01
7.707569841166206359e-01
-6.997355087714868249e-02
2.961258380960570258e-01
1.000000000000000000e+00
-2.421232207931320879e-01
-3.027498333758382731e-01
3.211733417669878077e-01
4.138724354982575848e-01
2.902380354296707488e-01
4.962127260088575742e-01
-1.514817107028372523e-01
2.813650031317017214e-02
-6.955705801104273833e-01
7.963458518316004486e-01
-4.410101902640879978e-01
-4.196096311700303616e-02
-7.042769532761159468e-01
-1.719927430739389695e-01
-8.792181345476255405e-01
-8.075095664637400583e-01
1.621719473580524040e-01
7.717872438366002452e-01
9.631443142679906033e-02
-3.241828116503998602e-01
-1.612287934823152802e-01
-1.750167125113246680e-01
-1.952409611332426853e-01
-5.549813729443361376e-01
5.937642836435471638e-01
5.360704311173967174e-01
-9.412943779545545064e-01
-5.153932828900886776e-01
1.223661648562078541e-01
4.902988237827619056e-01
8.141134948591488563e-01
1.039753300709252322e-02
-3.737829163594624804e-01
-7.552855460761572770e-01
-3.110310978056295417e-01
-2.452490294692888095e-01
8.411174781392988242e-01
7.652849175590574760e-01
-2.417116929520701230e-01
2.635134240641117676e-01
8.180831878242387223e-01
-5.289291921954091258e-01
-4.644588592297287377e-01
-8.057451881448053355e-01
9.259542757805440394e-02
9.757017738095707937e-02
5.039051218572274671e-01
-3.615147385240882749e-01
8.538825723036364002e-01
-4.747458307275544409e-01
-9.620101680148195333e-01
-3.435643670638586222e-01
1.599408202935228562e-01
-6.106534433714995158e-01
2.484536779513981664e-01
6.743168273743536112e-01
8.108750809206830001e-02
-1.537308648787489018e-01
-5.785013642247547327e-01
5.196234797410488326e-01
-8.482681885695011470e-01
-3.026520840923546118e-01
6.182590610711007351e-01
-1.767913355887942017e-01
-5.006940683280247661e-01
5.927868084773617596e-01
-6.354703018135510195e-01
-5.917875350614705265e-01
-4.017175209195786301e-01
-9.580297275234380683e-01
8.373009319070580103e-01
1.407812184831297442e-01
-4.989459451615709806e-01
4.320370914871984880e-01
-8.526329385674971117e-01
-4.568762187259023388e-01
5.224962926317506806e-01
7.445374037972839476e-01
7.305195330492679773e-01
8.282730584599418133e-01
-4.026945935557152967e-01
6.850048807401435402e-01
8.781938341156463324e-01
-1.981996907693581722e-01
7.781814483074672717e-02
-6.750753155016504525e-01
5.310433942183966360e-01
4.433690386369470993e-01
-9.100062757932735336e-01
-1.179871451799370252e-01
-7.114277431218655190e-01
-5.739957896758824951e-01
-2.482644937999216594e-01
-1.734605941144984065e-01
-3.589447270982283333e-01
-5.874259817852811594e-01
-3.358230000860991660e-01
-8.344217826024664664e-01
-6.602957322238083293e-01
1.400635900562034741e-01
-8.092143800614606253e-01
-7.801069272721020131e-03
-1.716146215222258409e-01
9.115275847984016799e-01
-4.147091407615557945e-02
-9.454515269926955234e-01
5.838820196727384504e-01
2.184719450765720827e-01
1.000000000000000000e+00
3.376537365612746200e-01
-4.237236419220872796e-01
2.838295003020026019e-01
2.508794605612090223e-01
-9.603359062315500183e-02
-6.706658118533834756e-01
6.307701844124025126e-01
-4.651060935311067124e-01
1.844665482129322909e-01
1.840014636451356989e-01
-3.782858064231449102e-01
-2.531183257596435476e-01
-5.670235709741303642e-01
-3.893734756924634999e-01
2.234746933858845486e-01
-8.286890294386323186e-01
6.707013802497507893e-01
-1.033563825220811250e-01
1.649500683753165053e-01
-6.691049261074258903e-01
5.596419221297050939e-01
-8.279011292246082343e-01
3.108373435184308975e-01
3.254735777444356382e-01
-6.465209970178285026e-01
1.219133300671013248e-01
4.009190706251717362e-01
-1.805233539260395759e-01
-4.294247651650385800e-01
-4.423673451073421026e-01
8.265676984348819811e-01
-5.004465025358799668e-01
1.000000000000000000e+00
4.207816035026312740e-01
-6.810433889468450186e-01
3.064157098600805984e-01
7.993081546518223668e-01
6.936468703317889561e-01
-3.764295092987222091e-01
-5.166633051333026083e-01
2.986770594675121071e-01
2.843738649818866593e-01
9.933246319176396444e-01
-8.274111379966797575e-01
2.288325146099589591e-01
-1.000000000000000000e+00
4.945926901731304004e-02
-8.095170316793911525e-01
-6.189861217058197917e-01
-4.454656366017004654e-01
3.530070351581238164e-01
-5.442971986368514425e-01
-4.838916649530449199e-01
5.926565919576098906e-01
-9.644163068015709772e-01
5.495148090282422348e-01
8.980275034221732455e-02
9.161600209852683863e-01
-2.770963837999967927e-01
7.267676743554297714e-01
1.572204191459163347e-01
2.140149204685165563e-01
7.623817126881641260e-01
-9.674475411920744339e-01
-9.948066349893949223e-01
4.207722599328301838e-01
1.999882596653896338e-01
-8.411124796087141586e-01
7.932163562669900525e-01
-4.365898940311699339e-01
2.878054880900818291e-01
3.940454707115750854e-03
-9.308646176714459042e-01
-8.871478333411149109e-01
-8.275451947694771881e-01
7.409725266924399589e-01
9.745692119998530245e-01
-2.340101447334599349e-01
6.444900993080470153e-01
-9.108869683377692761e-01
8.063935937683248262e-03
2.702090807913009041e-01
-1.000000000000000000e+00
3.946403364003915337e-01
7.446323056255585993e-01
-5.517492973640240050e-01
2.945900795497699010e-01
4.764210826640686847e-01
5.011501567562567372e-01
7.266564649670071985e-01
2.760110712019993029e-01
-4.575933485924034705e-01
-8.985485201436664848e-01
6.797819378665712620e-01
-1.193575119902763049e-01
2.003229863524399468e-01
-8.270641800852162051e-01
-8.201524778128983506e-01
1.883658705289237983e-02
4.279506391468295701e-01
2.053709591565693326e-01
8.154329753600775277e-01
6.931157680209141247e-01
1.563778816817852912e-01
6.792394502145646662e-01
-3.074771371976537382e-01
-9.084530252747193835e-01
2.133466769442624589e-01
6.972635767085246794e-01
-9.380261514700809489e-01
-2.362835084931681762e-01
-2.368717570603394162e-01
5.716820769594599394e-01
5.870442433654823322e-01
-9.417928482248502098e-01
-3.500590728558570230e-01
-1.636373093815532975e-01
-1.659172720079793439e-01
1.760444403212680087e-01
-7.630957958373860706e-01
6.123834164563098925e-01
-5.393504917156695111e-01
-5.418230760012344299e-02
2.159323957263402372e-01
7.674873243993780569e-01
6.760343611309318490e-01
1.003419484043559240e-01
5.963833306662572609e-01
-2.521456238036939301e-01
-6.126417434478310664e-01
5.278470272524360407e-01
-3.162453378343371702e-01
-6.590067033635247373e-01
3.067535304539085739e-01
-6.744466825572135171e-01
1.430111290174186367e-01
6.323720447512906073e-01
4.468483644501513585e-01
-6.653977128347461356e-01
6.160423999522656180e-01
