-4.380247865154893727e-01
-5.171285214666433705e-02
1.686385659602940290e-01
-6.817120759124475349e-01
5.685480692704447669e-02
4.405651580013286717e-01
2.476476978948398688e-01
7.093017457563187689e-01
1.133221826416967032e-01
5.993467142428163807e-01
-6.980574521225562101e-01
-2.239288641682817271e-01
2.644528701936871840e-01
-5.875392405854777955e-01
1.262249325366939789e-01
-3.935290606021620841e-01
9.590648588421715193e-01
3.607814383725238550e-01
-4.139354528288941015e-01
6.028891964444030305e-02
4.951431979126608152e-01
-7.177965261704173372e-01
-6.006273396644643547e-01
8.691221203804486706e-01
8.272359986453162728e-01
4.730998782501552036e-01
7.711229610389127576e-01
6.998477780290324191e-02
-4.272532500596212257e-01
3.646088999794525054e-01
6.194684835147460378e-01
5.896735542599873536e-01
1.246906525447857295e-01
8.080473244000526689e-01
-1.596796879103012934e-02
3.609192742904852036e-01
-8.599722993373193347e-03
-1.068682574045558553e-01
9.883148089100122213e-01
-7.367833068054714385e-01
-4.612134559804643291e-02
9.843730603142191171e-01
2.976717367762189426e-01
8.066716069854640292e-01
8.938924139862977070e-01
1.319236578767648549e-01
3.171221032471026602e-01
-9.037291693541045223e-01
2.844205310254313557e-01
7.459040486936765468e-01
-4.583443955277585191e-01
-3.932610008098137988e-01
1.941472159716879919e-01
-1.071459086859142679e-01
-6.447769926252218120e-01
-4.106798830717002247e-01
-5.012625893996091042e-01
-7.466949813215313370e-01
9.074477659499162741e-01
-3.037490183472968397e-01
1.118949178912975739e-03
3.680529987774396883e-01
1.611662778408520236e-01
-2.417103735365576100e-01
-1.201757017354159185e-01
-5.640497834998237092e-01
6.531244260555738590e-01
-4.115100546553600580e-01
1.124144786833438658e-01
-4.209875613163394092e-02
4.421855143322722115e-01
7.829317798851496146e-01
4.859273450930778337e-01
2.012010374423134629e-01
-7.939980892032001414e-01
6.499739427881287002e-01
3.263485725187500464e-01
-9.261480953980093522e-01
-6.944736431968556722e-02
6.441005525152478928e-01
-6.025880982811913089e-01
-5.820677592066723083e-01
6.365638997736722260e-01
1.000000000000000000e+00
1.302207026505514398e-01
2.449004423046134971e-01
-5.639814569173153824e-01
7.532947587523062261e-01
7.659974799935870271e-01
2.610233032385714802e-01
-2.027468075020138483e-01
3.175447470435642794e-01
9.130773430098875210e-01
8.764371318174986047e-01
8.967050374784277800e-01
4.038671241906268694e-01
-3.163056735059882052e-01
-4.931137129921631113e-01
-8.614337725519140010e-01
7.449865842228490243e-01
8.591817590104392499e-01
6.972325924676692210e-02
5.838817384775480956e-01
-7.531465146446366665e-01
9.866091875837226244e-01
-2.573029758008076318e-01
9.508083534547235871e-01
-7.350671539938455901e-01
2.387108030463166164e-01
9.780452214792205723e-01
4.851650943988011777e-01
4.859489486461086027e-01
-6.881406385819885951e-01
-5.919464922264232598e-01
5.202116886950479691e-01
1.000000000000000000e+00
-9.794410038686891529e-01
3.676701478684885060e-02
-1.172890270388508849e-01
-9.333543472620454973e-02
1.225584097034260467e-01
-5.317492174707986186e-01
5.886064489944615730e-01
9.611862052277728719e-01
-3.329832992359545440e-01
-5.987984595579906033e-01
-8.192774415704262569e-01
8.301311676827127783e-01
5.842467486997278137e-01
8.996546119422699217e-02
6.156071504931348581e-01
6.792056803839221502e-01
-9.435780185836970535e-01
8.142312404544280735e-01
6.778577395830098773e-02
-3.768037431544695171e-01
-2.451439720454682558e-01
6.155125578464470948e-02
-6.727069056857005735e-01
9.376334464659294987e-01
5.304134926505232883e-02
3.613401597879982718e-01
2.791191070360055648e-01
8.001052155429081436e-01
9.182271320929977221e-02
-6.735241632395988498e-01
-4.362736524446858555e-01
-7.813141893535445748e-01
-6.733645754897186197e-01
-6.924159878189224404e-01
3.706732428128862722e-01
-8.681635999581772678e-01
2.211978352460695074e-01
-7.150196912987513143e-01
-1.685253537988121997e-01
-9.596444153447187819e-01
-2.843903408421088463e-01
-5.752050423645593824e-01
8.016321811641213824e-01
-4.709476717420378877e-01
7.650490362323831839e-01
-1.758900392257953804e-01
-5.356684988281867899e-02
-1.649103051725859803e-01
-7.930409994756605352e-01
3.462135545862337072e-01
-3.500206490329447195e-01
-1.000000000000000000e+00
-4.594245428471068760e-01
-1.936910370989148866e-01
4.308026122257187507e-01
-7.180034225837782502e-01
-1.474889808055035445e-02
-9.480199625037117883e-01
-3.675739420681576330e-01
4.828751770438851620e-01
-6.103984159931934439e-01
-4.967979908476379824e-01
-2.484776383923095744e-01
-5.155691125500531102e-01
1.000000000000000000e+00
-6.894184013014053036e-01
4.264923236187508349e-01
1.836653199016452243e-01
-5.136540087610086402e-01
3.465373538287865873e-01
-9.191843722034522823e-01
2.985911997785064553e-01
-5.754707393633693435e-01
-2.179656440512814652e-01
-6.853051597338120082e-01
8.372947362204328225e-01
6.243750438278660164e-01
1.000000000000000000e+00
6.797281567653357115e-02
-4.264930182273588555e-01
9.860280448704727974e-01
8.024533018454593769e-01
1.000000000000000000e+00
2.599650930549346484e-01
-6.565380304288115365e-01
9.230295059552751091e-01
-1.991551396123078799e-01
-6.703961612993249997e-01
-7.023346365980311923e-01
-5.383477407003829374e-01
-5.029894138487158717e-01
-9.131562753587547654e-01
6.270922485595309404e-01
-9.150394853112209237e-01
1.190093638618611172e-01
-8.690102149868326187e-01
2.910894407721238419e-01
4.803991552069606374e-01
-1.000000000000000000e+00
-4.993683742519873237e-01
-4.044689435663855193e-01
-5.950110693877106449e-01
-2.141695958260900201e-04
-1.914617428518639031e-02
-7.322730338417400286e-01
-9.780500756342869195e-02
-3.750177706472843098e-02
-2.612140153038324808e-01
-1.262100610152483426e-01
-8.397586110220816025e-01
2.439579796982691839e-01
-1.000000000000000000e+00
-7.547600356938568567e-01
9.750512714508485779e-02
5.897098742555444417e-01
3.870462664413918952e-01
2.885156212918955909e-02
1.685247083488969899e-01
4.637464151682297864e-01
1.495789427768607904e-01
6.083715591046753302e-01
1.290294667199327616e-01
7.223670614797506051e-01
6.452562963122794315e-01
8.897273548166240165e-01
1.752217994658916422e-01
9.469751498885115026e-02
4.873519513395807579e-02
1.862302571040346244e-01
-4.686058990918893219e-01
-6.291541698710144681e-01
4.031865566707290571e-02
-1.819871464851893494e-01
-9.850040521281393513e-01
8.094429034288253000e-01
-4.957170259608000285e-01
-5.361358353631486828e-01
1.436715696113646246e-01
-6.518592658812816243e-01
3.530715199638065349e-01
5.073156613742764165e-01
8.763708319311924733e-01
5.924783724301134757e-01
-1.886355520278842901e-01
-9.230714638630560520e-01
-6.642522001905160067e-02
6.791262386985413846e-01
-3.666081915146477410e-01
-7.325130296736026558e-02
