4.728481541201063898e-01
6.281136264391156132e-01
8.629739476564882161e-02
-3.654856632085660695e-01
3.454099041703821704e-02
9.300828764232935697e-01
5.124873689646093355e-01
6.086648530528058210e-01
5.417307664711026316e-01
-7.922315562979422854e-01
8.056023769640997534e-01
-8.515834781529125763e-01
9.393450454997404053e-01
-6.046478104638544071e-01
8.012418373308194397e-01
-8.642255811278933830e-01
3.457490116811001712e-02
6.483844759901535859e-01
3.734566835525652273e-01
6.493582235670001257e-01
-6.018095929167184277e-01
-1.077963923986076100e+00
4.411347205335470756e-01
-5.447053806726662728e-01
-8.052294086954150387e-01
-9.341098709666606492e-01
4.879590400135552231e-01
-3.339886445723927455e-01
3.912867740918554715e-01
9.728600142556592667e-02
-7.775837562572029960e-02
3.263407431994025387e-01
-2.078238710739612749e-01
7.517900908598047494e-01
8.249639593978241869e-01
3.571187862255789103e-01
2.057100930178468179e-02
-1.180529488570084828e-01
8.354259361359872571e-02
4.300401080562117340e-01
6.817077396188109262e-02
3.796327229551605953e-01
-8.522112400844866764e-02
-9.950783235943198024e-01
-1.527480557946549189e-01
8.299210896483224520e-01
-2.227013309956493020e-02
5.705594933297211124e-01
4.720131327610910255e-01
1.803034736348178568e-01
5.003785676362004775e-01
-7.286880207185535419e-01
-4.351136974044476080e-01
-5.822886155779685158e-01
8.280430990952560855e-01
5.234740544859218803e-01
7.047861774068769902e-01
-4.484264960526143651e-01
2.548720933783987785e-02
4.032580593054582718e-02
8.051824340537274693e-01
-8.792859918605138159e-01
3.622644051675538157e-01
-3.666204559368339000e-01
-1.083197341874936881e-01
9.958626726895813963e-01
-2.588811940176115045e-01
-6.962247758915233176e-01
4.521016910587116744e-01
-7.597230521381996837e-01
-7.116474603780680308e-01
-7.736152651677301317e-02
-6.113114347328842957e-01
-7.953181927204564516e-01
1.035137990692155396e+00
-4.966970080286587375e-01
-1.267976063376865525e-01
-5.659741232997677063e-01
-2.473272858426101006e-01
1.066413182158996165e+00
5.987518135757569082e-02
1.420440881969522451e-01
1.592860321575309546e-01
7.785212138219428368e-01
1.060148325405026792e+00
-8.040923539654469820e-01
6.901284808695229422e-02
-8.557401863312958934e-01
-3.884610487231523468e-01
1.291100800073837762e-01
3.765523491631226349e-01
9.597910433725462820e-01
9.649888726230899660e-01
6.497298056395522936e-01
-8.072932160567133364e-01
8.784358315502104331e-01
-9.258478606448622417e-01
1.455215362188428951e-01
7.153809536582023121e-01
7.189776332848440976e-01
-1.099022368723874959e-01
-1.509565022246650567e-02
-7.757046891522381138e-01
9.188191079741612199e-01
9.126256385736741805e-01
7.284878329982767964e-01
6.047575323319781537e-02
-1.234000764619952673e+00
-6.780937342872852547e-01
-5.884701273648292874e-01
9.772795394908275757e-01
-3.793258766374547619e-01
3.606679479711467629e-01
-3.548857207267026581e-01
2.372846762050043468e-01
-2.750757771779233085e-01
-6.223198337080384501e-01
1.960514299662383109e-01
-9.485455149957572329e-01
-7.856226603485785276e-01
-9.553834071801106109e-01
-8.906271698013321636e-01
-4.202400537772330580e-01
-3.858005518517699239e-01
4.030899640473425416e-01
7.104341991844024262e-01
-5.710328461102299746e-01
-1.752695450485864948e-01
-1.060646233940197414e+00
4.655572361724591435e-03
8.986365957691384576e-01
-3.265816211054217710e-01
2.411477868146949533e-01
7.934847612691993124e-01
2.300877200616893714e-01
1.835391043277354584e-01
2.133638131859720843e-01
-1.487272017711195882e-01
-9.816381333968626777e-02
9.949912767302462324e-01
-8.829685201658368232e-01
-9.066636934008818205e-01
-9.744244541925199954e-01
8.777937418139784009e-01
5.857159246840576428e-01
6.764796472234408942e-01
-5.759763195943343739e-01
-5.385661140666474500e-01
-2.280474822936808810e-01
-8.369842417258270828e-01
-5.209570602618087687e-01
4.113877757922215772e-01
9.349837282696494833e-01
9.557777614519760156e-01
3.438276874755006318e-01
5.449319456284261454e-02
-4.484487101111420682e-01
4.872401258272815450e-01
9.187464479403284479e-02
-3.481693505568134728e-01
-7.081984133820731220e-01
5.518732269686954517e-02
-4.072552555466004698e-01
-7.581867341880943467e-01
7.659364181743707478e-01
3.145727440923853369e-01
7.852263831445958076e-01
-4.012210459677406638e-01
-2.355800006564507387e-01
-7.661280717150182884e-01
-7.184509735070958580e-01
8.590953802547873774e-01
-5.292660166704431235e-02
-5.691351690894551618e-01
-4.766761763577354039e-02
-1.618366226163631127e-02
-6.608040752857864408e-01
-2.699117168202134209e-01
-6.132605317528929678e-01
2.888833468412936867e-01
-3.969857466589238881e-01
9.503637576297949696e-01
-4.706388334249530514e-01
9.542098597637683755e-01
-8.200320820293738322e-02
7.275245278859059361e-01
3.048644981086839900e-01
7.201211314076577663e-01
-9.037691907477929387e-01
4.863434996308979574e-02
-8.380526980243780955e-01
7.069089386493103699e-01
8.414265570415840889e-01
4.308327564111471553e-01
-2.223750628352931802e-01
-5.213011759708296999e-01
2.851098336077573236e-01
-1.556277783830586348e-01
3.618879820289024746e-02
7.582377046008277333e-01
-3.432294300686284938e-01
2.785790571244142200e-01
-6.577746688203991443e-01
8.374260550592199648e-01
-6.404240559497011986e-01
4.923583675908329016e-01
-8.766951361827408640e-01
-8.948795288757394051e-01
-8.267906183657403041e-02
5.576471011045296411e-01
8.971363941937182673e-02
9.960797486615047269e-01
-7.675740741533927380e-01
4.996107046146765485e-01
3.019614141393534568e-01
4.195451280787419468e-01
-6.037589255223432261e-01
4.439683239738303477e-01
-8.795849357801168722e-01
3.995626162488662425e-01
4.155912915141702912e-01
2.944092509867359819e-01
3.100245131195304427e-01
8.293698680970803538e-01
-1.735490442413676893e-01
-3.317183202678851695e-01
7.881234805053167758e-01
-7.464101485097457411e-01
-1.306959289272329183e-01
2.061507676746565654e-01
5.051559089428940830e-01
-4.135868521006846876e-01
-4.110610813221302617e-01
-4.110526576506527974e-01
-5.017753241003239939e-01
-6.183668819997238941e-01
4.218606058015736959e-01
1.617604365620564089e-01
-9.047130679197790126e-01
-4.357846932592971956e-01
-8.530490115659059569e-01
1.990229681746857049e-01
-2.580940409404752778e-01
7.957967993574350807e-01
4.679043843134927938e-01
3.970702041592881759e-01
-5.573945477039670138e-01
4.349946433874236629e-01
1.101446263311669282e+00
7.340819509596736570e-01
8.091793004424352453e-01
-9.447128570934013592e-01
-7.806866830203256225e-01
3.010348551029506936e-01
5.461396635394188959e-01
8.448473209493196912e-01
3.319941356388483311e-01
-3.847097385208191334e-01
2.777791763829328131e-01
-2.877950512634442903e-01
3.858672347713529294e-01
5.357356706739345720e-01
7.784845575918575289e-01
7.480224698473101341e-01
3.339563958393874099e-01
