-2.519532163592609897e-01
-4.918987651484251766e-01
-1.556064077478351571e-02
6.777893797875145232e-01
-1.945470022643593089e-02
9.622345064486279576e-01
7.568845661669066915e-01
-8.332680555139461154e-01
8.693657283102650402e-01
-6.938813250467551486e-02
9.090777063518743484e-01
-6.588090586926719228e-01
-5.228466542983281617e-02
-3.294749842395902073e-01
-5.868488021418895029e-01
9.367590070163684945e-01
9.972366212091264837e-01
7.607441337989144792e-01
-2.356801257534464344e-01
-3.276731832503549380e-01
4.099606154889611775e-01
-1.876283821334472912e-01
-4.816063847107847629e-01
-3.238042563781486777e-03
4.005383800424486829e-01
-3.917503258286845202e-01
1.000000000000000000e+00
2.053292580764707609e-01
-8.567131972950474406e-02
6.142977980322794629e-01
-8.159260934905657736e-01
-1.502498605373533691e-01
-3.872587749548411784e-01
5.136919940550398467e-01
-4.333800682573462071e-01
-3.660436553257759296e-02
9.404393377583137870e-01
4.236255526304422703e-01
5.589983176933444042e-01
-5.879964422189447593e-01
9.092297988083394289e-01
-4.848238295396489067e-02
-1.071255042410482194e-02
4.241496395312852608e-01
3.869037081154086399e-01
-5.978471272531395153e-02
1.761432922738067619e-01
8.260502141839023427e-01
-2.490339824010699421e-01
-7.788701883292122041e-02
4.645940243076005505e-01
-2.950147787715921011e-01
7.149786107704604321e-01
2.332755984660105919e-01
4.831156279369044904e-02
-9.289261205753607253e-01
2.340442001144196205e-01
-2.280028073519351217e-01
-4.185079642111437792e-01
6.688488671248393747e-01
8.415698614563560387e-01
-8.217934078696310651e-01
-6.416856891879187952e-01
9.780442086691119030e-01
1.947624698994453452e-01
-9.854733560621724564e-01
-3.218571062310628950e-01
-7.127154577952972137e-01
5.048309187503470241e-01
-3.171586556930984790e-01
-6.587272136724444671e-01
1.435042502460575076e-01
4.875064035536915696e-01
-3.135628018814928114e-02
-2.502800962734075263e-01
-9.138998276999819870e-02
-6.453639030736233462e-01
9.439926059448899842e-02
-3.231472635841452501e-01
-2.443748219603964211e-01
-2.756676138716916968e-01
-6.104983206188917544e-01
3.379197629532386671e-01
-6.017783716428533047e-01
-4.106213034917495786e-01
-5.183562367892898815e-01
9.223693682766015423e-02
9.045429497200748736e-01
6.766715016330765442e-01
2.981092502366405328e-01
-6.728394101140889871e-01
1.000000000000000000e+00
-7.988013184159642455e-01
5.238207831372539980e-01
5.635077972379218814e-01
-4.165649816666889271e-01
8.095979768924210784e-01
3.300776845147203042e-01
-7.849071999443146819e-01
7.216387816067167948e-01
3.944781160868127690e-01
-6.274183841609318746e-01
6.113749255032505658e-01
-6.827956598089458540e-01
-4.101788006478602755e-01
-2.630174266756104551e-01
1.000000000000000000e+00
5.852778970282592752e-01
4.241393508804179868e-01
-3.389803418111616562e-01
4.215838911557132085e-02
3.389735303658877319e-01
-5.338933476734053496e-02
-5.759261776828433765e-01
-1.699806207409350345e-01
-1.533776295702705961e-02
-2.504820436396651417e-01
6.611173912217033211e-01
-7.798418650485310077e-02
2.610150509981539191e-01
-3.639403675709546038e-01
8.160008157939058204e-01
4.989873828066939687e-01
-1.000000000000000000e+00
-8.707862894370252960e-01
4.472277308636767312e-01
-6.672032070349750432e-01
-8.324428362977594198e-04
5.170943521137724708e-02
-4.990722470842768321e-01
-8.511739401111029224e-01
-3.862577023897759698e-01
9.081700844355158897e-02
-5.987221134885977181e-01
7.997424801269046313e-01
-9.167612315627741149e-01
-5.153592454756467101e-02
-1.203735812183047149e-01
9.040723900182351391e-01
-5.538409680201192842e-01
3.534988381822645742e-02
-4.240325723056066753e-02
5.648358839641705043e-01
-3.817640774359520872e-01
-6.246436268696002880e-01
-2.532545597602622323e-01
1.309058768537087192e-01
6.236269303141653841e-01
4.219815416295732424e-01
3.894857312361739154e-01
-5.332200948012613129e-01
-9.604135651316643152e-01
1.591581116107375349e-02
5.031842795273951952e-01
-5.594338219637071674e-01
6.971386401113556230e-01
5.066838249428341490e-01
6.116819521971428308e-01
4.641651269204651875e-01
1.464059011090227957e-01
3.302975668630427353e-01
-1.000000000000000000e+00
-9.885831733699423918e-02
-7.941376998589594338e-01
-2.365306599237532170e-03
8.493962992528665268e-01
7.602228855881634217e-01
-8.030215150904476129e-01
5.715449904070258880e-01
1.829706507629162426e-01
-2.157575873986866677e-02
-2.216209795128691873e-01
-2.560033520909427152e-01
8.924087749096831779e-01
-9.533427388023261173e-01
9.308731479831412470e-01
-7.857260375196367663e-02
9.090366683741499254e-02
1.401109181472289245e-01
-1.000000000000000000e+00
7.050967693000089742e-01
3.223286910818755069e-01
7.318665145786079629e-02
1.000000000000000000e+00
-9.939888694149386916e-01
1.535573870557225828e-01
6.198112075028663348e-01
6.179148268419067946e-01
-5.853616768604185117e-01
8.194556788774634004e-01
-2.166056593235863859e-01
2.605928774262864511e-01
-6.835829527809027528e-01
-8.684208514920013222e-01
3.693374889188905663e-01
-6.656959986048055500e-01
-7.098706147582444226e-01
-6.997020828357807254e-01
7.981929312758772044e-01
4.101739318649742089e-02
-2.117141893409439368e-01
-3.645168220063439990e-01
2.822370683990083617e-01
-4.783406105951337750e-01
9.263602922390549166e-01
-5.717829692248145301e-01
3.408947850854218697e-01
4.782285570353825843e-01
8.528733285936329622e-02
5.691371350450558086e-01
2.957385115185409696e-01
-3.019562806840306868e-01
-8.784264685134911543e-01
-2.696646966913224253e-01
6.451886062335542293e-01
-2.070096472191647052e-01
-2.186241228639817513e-01
1.000000000000000000e+00
-4.106191325126536396e-01
-9.532204132148052178e-01
7.914810651490108429e-01
6.613121030250520560e-01
5.404071564531623961e-01
-6.828009057609253363e-01
-6.451997175339158064e-01
7.668207644873601403e-01
-1.709035399950780965e-01
-9.306173276678478823e-01
1.000000000000000000e+00
5.213739331658224785e-01
1.000000000000000000e+00
8.596164657531268904e-01
8.653461597680441875e-01
4.457102586171445835e-01
-1.000000000000000000e+00
4.473946668601387344e-01
9.652049368108019944e-01
-6.557618353555110247e-01
5.726712998905293395e-01
1.846307583538621400e-01
-1.995567950853699146e-01
2.848126996305125891e-01
9.718081023417285413e-02
-6.296240218954799461e-01
3.928953012822247737e-01
-1.180169749661986178e-01
7.930727735463924399e-02
2.540646168945435712e-01
3.319094918679861284e-01
2.539702260266300804e-02
-5.678939275028519473e-01
9.337860873460037681e-01
6.737809871223482405e-01
6.189785885318530578e-01
-7.730127978055283400e-01
-6.410591719792800847e-01
7.734168795279809661e-02
-2.695782782130856092e-01
-9.377279771732480729e-01
-4.222567856051563373e-01
-5.125427830913702465e-01
-3.211223215596243907e-01
1.473838782724669616e-01
-4.119338414542320082e-01
3.698127342482183666e-01
