-6.232896482446235176e-01
8.289072143342481880e-01
6.243483290217346493e-01
-3.560296050718081418e-02
6.830014792039511562e-01
4.326650933901858842e-01
1.396858901853953450e-02
-7.359709201775752607e-01
-7.482929338190038582e-01
8.222118521565442428e-01
2.482094806978740464e-01
-2.580349410837301516e-02
-9.774817833489748420e-01
1.040068638780264065e-01
1.523591151642452179e-01
-7.501904142452733293e-01
-8.865283615061486655e-01
-5.434004070334197412e-01
8.256269902043922304e-01
4.121291043486839945e-01
-7.877959385423015659e-01
-8.591083314179919217e-01
-3.730532286235136996e-01
7.209740387254772731e-01
-2.371675335973768561e-01
-6.623785584219661349e-01
3.427520266604724419e-01
-3.041183305919459290e-01
-4.754697103791222235e-01
5.006283674969040920e-01
-4.347526396133667426e-01
-9.860861872916695248e-01
-9.531894326919465588e-01
4.559863798936769630e-01
7.696257555565261255e-01
7.049509946311519615e-01
-4.340950512878056777e-01
-2.981144010911144782e-01
9.755855777451947208e-01
-9.401721199317482069e-01
-9.380414150944402785e-01
-4.952598821307858667e-01
3.444227263183581300e-01
-8.833518697624298532e-01
3.015131423108252662e-02
8.626205087316149989e-01
7.021923481193621530e-01
8.303564657230184665e-01
-4.822584852485656270e-01
7.672734887922962044e-02
9.287607876654826455e-01
-3.876318820026645184e-01
-7.123759319780202937e-01
6.206115651943373557e-01
3.459543561940114920e-01
-5.427920274081874386e-01
7.947965610306990669e-01
1.501830104545889277e-01
5.309299553842772301e-01
3.669967702347287641e-02
-5.305691137262669166e-01
-5.464148325877180579e-01
5.970013194984704619e-01
-8.013581673034945174e-01
-9.813098132615163394e-01
5.802461990786689228e-01
-4.890540697170473461e-01
-3.193364050051741287e-01
-9.099493175773759601e-01
-6.970844199425183518e-01
4.575447143678827433e-01
-8.965724096108214081e-01
5.849004380059177333e-01
-6.695871897205583068e-01
1.198196021539299494e-02
-8.345094293468382496e-01
-6.299521477692111571e-01
7.065981921242012742e-01
1.115027566989208463e-01
9.304988208419437967e-01
-8.279165936405676884e-01
-2.368253793964719967e-01
-1.030692046331014966e+00
5.792014532867968413e-01
8.599377073399054883e-01
-3.679287789752562210e-01
-4.165944820912695357e-01
6.177437315067504930e-02
-1.036725179351718346e-01
-1.331100075065989596e-01
-6.599566278027462207e-01
-7.978051493386630888e-01
-1.414331781325512960e-01
2.824216411871856014e-01
1.481852617033503350e-01
9.600568699779850057e-01
3.910697539658383182e-01
-1.116864225180909664e-01
-2.628553037395864322e-01
-2.515692738794550465e-02
9.593876827511262917e-01
7.042768660261169433e-01
-2.461923013002404459e-01
-6.555856654632212788e-01
2.173835641406760832e-01
6.268113198922764528e-01
3.161747335010154369e-01
3.778362960094490131e-01
-2.339029805050030220e-01
6.619422308313838155e-01
-5.484827761085191433e-01
9.963226719939057840e-01
3.198490684938346540e-01
7.501998886130604172e-01
-8.907945042589815454e-01
9.517498899117636801e-01
-8.736322037283232866e-01
-3.239310332227232081e-01
-1.167729286782598630e-01
-2.511344206686942915e-01
-5.061465508491642673e-01
5.540009262440972471e-01
-9.534728611558358491e-01
1.788605078304232598e-01
2.660595980083864109e-01
-6.778262394854384087e-01
-3.555507645322557586e-01
7.813186985312750021e-01
-1.203111086175967959e+00
6.618697338612981873e-02
-3.424848523033510728e-01
4.846484529564449861e-01
-5.526733719062499883e-01
5.234503350388565179e-01
7.807475575777284016e-01
3.383336768606508560e-01
-1.025543354344311320e+00
-6.319639254712454690e-01
-9.327229548112554725e-02
3.077106874789730662e-01
1.035925872224517708e+00
7.136031289017215062e-01
9.051212246357598357e-01
4.010673388115864046e-01
7.407746014095266673e-01
6.853210567213732229e-01
8.675445750919542620e-01
2.320884246118934957e-01
1.893745412773071291e-01
-5.744990976069421773e-01
-4.104353948193344426e-01
-3.301677975386247965e-01
-8.106845675479880109e-01
-9.432574798099518931e-02
1.677375790690909807e-01
8.113026818191755307e-01
7.616955445272758363e-01
-7.551190927386053353e-02
7.280962016224123978e-01
-1.879205542402446749e-01
1.207670628652046801e-01
-8.583019424824183119e-01
8.220165413337526816e-01
-2.471310200862315565e-01
2.707073073582522138e-01
-3.343618798978689188e-01
-5.819545592254463662e-01
-7.177998672319496620e-02
-6.665093174966711942e-01
-6.331284539404993250e-01
6.505670968639265528e-01
1.013464343728194272e-01
-6.900629869098118263e-03
-5.114799903387943214e-01
8.439035346938057458e-01
5.281288223992552933e-01
-5.920854447979919666e-01
-4.092473002014949124e-01
7.190119086373247814e-01
-6.752780788825509806e-01
6.481269271216706374e-01
9.453566631994293756e-02
-5.019036512912139480e-01
3.495692814605895204e-01
5.994322853578979426e-01
4.147301079156304748e-01
-8.984565636696757729e-02
-9.686542751654840799e-01
4.415076241163963799e-01
9.660365990945685155e-02
1.085552589227561260e+00
1.911131948343566533e-01
6.642693814732347768e-02
-4.802227631774471650e-01
-9.290446311848588046e-02
-5.169150645799291954e-01
-1.083890078672934187e+00
5.166013014793153779e-01
4.158956731182016364e-01
-2.377418093789394060e-01
5.691353037704083295e-01
1.763780230445770592e-01
4.837234003897694645e-01
3.804010409278220095e-01
2.993279226540812576e-01
-3.146450026042272863e-01
3.034551541243613038e-01
9.529870556431003781e-01
4.603776507880350533e-01
4.542541561163065400e-01
9.321605871004204902e-01
-9.038775932051326123e-01
-4.540180454616377093e-01
-6.093330104641568878e-01
-2.815373224894303639e-01
6.784676311094594015e-01
4.678749269069850669e-01
-9.159228282963132184e-01
8.975829118783411609e-01
-2.881515542984157685e-01
-9.581010667326628205e-01
-5.566023213790487478e-01
4.872226632632190579e-01
-5.438105228959717596e-01
5.952750113657014897e-01
-4.951893545452435985e-01
-1.000370444330680231e+00
2.393188599751264189e-01
8.390526339971353387e-02
6.692416330500978727e-01
-5.379742149250175132e-01
1.215968994433982431e-01
5.305153929039143623e-01
5.416766317693427757e-01
-2.006557198721610480e-01
1.013214241781540847e+00
2.672506888695089788e-01
5.344178021421936986e-01
-8.001862772044194827e-01
-7.461346996502433715e-01
-3.448631598887883509e-01
-3.519522549044085125e-03
9.048881959178860512e-01
4.234032755479690824e-01
3.720100348333348350e-01
-5.489946143932811218e-01
1.070592754442037720e+00
7.011304676017019455e-01
6.861342518396222889e-01
-2.078723116708005580e-01
1.941015225702378277e-01
1.324513228176281976e-01
-1.093934967197836006e-01
5.528882671635149126e-01
-1.054833701188676809e+00
-7.174534332522063407e-01
-6.314971775136591914e-01
-6.827151637531607697e-01
5.033569864011893102e-01
4.434212775068699930e-01
-5.771642456490997386e-01
3.796745318058492025e-01
-2.211823977862170665e-01
-3.872459309503284430e-02
8.570596923889781116e-02
