1.758863243314902902e-01
-9.308469964715776479e-02
-6.700459623781505059e-01
-6.862643832066401828e-01
6.560353681109982737e-01
2.170751435126831719e-01
2.546999757106818696e-01
-8.295019534362525482e-01
8.861972121797345725e-01
7.077347724724987188e-01
3.348831988753371292e-01
1.347721030785442586e-01
6.977491751987960344e-02
4.941972776214932916e-01
8.210775940106853632e-01
-1.817526502321659132e-01
9.518221901975104648e-02
5.551447895353228690e-01
-5.083251304564262441e-01
1.081605418745865965e-01
-5.103088728544737940e-01
-5.230320429991772713e-01
-6.919947810198020521e-01
5.735702056137017557e-01
-2.560557759832932101e-01
5.115182357484719944e-01
1.297159150911016967e-01
-2.670756268528429178e-01
4.923549501792573446e-01
-2.340704383534696342e-01
-5.369934787024219780e-01
1.000000000000000000e+00
4.581198417238819820e-01
9.006761942840237900e-01
-4.419012627451732178e-01
-2.265836740879922095e-01
3.562228234038349872e-01
-1.878367248537424761e-01
-6.743139859242046619e-01
-6.463809719911317586e-01
-7.588135480714013337e-01
1.000000000000000000e+00
2.260495983229034167e-01
6.426691060502909281e-02
1.686455503462711281e-01
3.073272029072098288e-01
1.708443416348052191e-01
7.224760284081177542e-01
-5.911542681927888232e-01
8.852225930011936583e-01
3.892590118590384396e-01
6.961253872152801669e-01
3.438876278394472838e-03
-8.453735415997665203e-01
-5.210159648400000121e-01
-9.529330981492876163e-01
-5.095565705693849701e-01
9.867101592458967785e-01
1.232151333437618290e-01
8.689375269648447198e-01
-6.649830524029334278e-01
-4.561498996256179717e-01
2.050721721265992836e-01
2.377673755798084265e-01
-1.026320267325672303e-01
3.458469904720817834e-01
-2.329680691469561693e-01
7.382965916173140908e-01
-3.675719807528307070e-01
-8.918555202472199239e-01
-5.974740006302841078e-01
-8.875842651389452831e-01
-3.848356861013996211e-01
-9.071351954363873205e-01
-8.628828106211267057e-03
-8.004377014775461152e-01
8.414078503030285594e-01
3.177694796440253544e-01
6.155583665465944598e-01
2.445822946906344997e-01
-7.765528307438206157e-02
4.191428572767457728e-01
-6.455819030998689589e-01
5.024783654734257254e-01
-8.782733719413828855e-01
-1.874689956490082354e-01
-6.676871868166019963e-01
7.480111922755514620e-01
8.779678996436286464e-01
-3.155967270617819898e-01
-8.279559544271100080e-01
5.838575822571681062e-01
-7.408626789314797234e-01
1.652695790882096893e-01
-5.395042024615859244e-01
5.847165870501616070e-01
8.602477420284201926e-02
-5.449299539389393932e-01
8.651660641330420898e-01
-7.707317133345666926e-01
-3.334152668654874474e-01
-1.764691166135130551e-01
-8.090825148359540586e-01
-6.789819961981875540e-01
-6.806935413836487925e-01
-4.991528564082272634e-01
9.733815857386880488e-01
1.888312609096590711e-01
2.673846065974845310e-01
-2.265481906242498567e-01
1.042300502702153131e-01
3.001486301049947070e-01
-2.879441470101672396e-01
-3.635633072910666730e-01
-7.092148465485864639e-01
-8.737281226000843670e-01
1.301539342487164630e-01
-4.319720668314463996e-01
7.082607199707141588e-01
-1.000000000000000000e+00
6.051171195283402415e-01
8.203890896963751400e-01
-5.599075883291443345e-02
-6.149674667381018756e-01
3.489331354829056098e-01
-1.000000000000000000e+00
-1.840547502519730982e-01
-7.413738356105818994e-01
7.246129221137299625e-01
6.004098930791050837e-01
-8.708079786973432768e-02
-3.203224627555847359e-01
2.563202345292183715e-01
5.424375994845037630e-01
2.371754984357321849e-01
-2.027879079604177903e-02
5.820535373939581675e-02
3.691069688455335673e-01
4.310517733589531719e-01
-1.131034217511999174e-01
9.167638369061718029e-01
5.424788178422521590e-01
-5.917801132120038554e-01
-8.880189462186712790e-01
8.456456589004798796e-02
-4.189421889588111902e-01
-3.502048592067232291e-01
-9.684899094162958688e-01
-7.631835329530198830e-01
9.132610311298851036e-01
-5.989322342465952520e-01
-6.510908474636847854e-02
-4.258535727527236747e-01
2.084492579931361833e-01
-6.640911251446436347e-01
-6.301857160761183962e-01
-6.387834110674363297e-02
9.324544556468959966e-01
-6.291267203944758135e-01
2.156362579233788157e-01
-6.242732445436191546e-02
-8.331556699246884801e-01
-1.138569461321532750e-01
7.179896947576357435e-01
8.746700586777947928e-01
-7.403371189166201016e-02
3.186540895762776660e-02
-6.041830700562506040e-02
-8.016203958488525849e-01
-6.403211886461610547e-01
5.905720260010944855e-01
-9.282243178271205597e-01
-4.170189275355793423e-01
-1.004470133078943089e-01
-8.920265087251610936e-01
-9.394535034497879522e-01
1.828623858304643246e-01
8.110915207771486335e-01
3.989338560491106911e-02
-8.732378954047741448e-01
-1.000000000000000000e+00
6.058175528914716557e-01
-3.506187843112694713e-01
-5.336794159964579620e-01
7.098619167239957894e-01
1.631684137100602450e-01
-1.726613037658319971e-01
-1.725025463136989345e-01
-6.552205904299651662e-02
8.308642369537683203e-01
8.235376357141731274e-02
-2.820820089821007848e-02
-5.088217241648087530e-01
1.000000000000000000e+00
-2.855711578794586925e-02
-8.443523228794271862e-01
4.522609442992922002e-01
6.286692285798771707e-01
2.340599001922735456e-01
-4.291897711894174794e-01
-2.879331402175061561e-02
-7.919692921682152109e-01
-3.929736654332666168e-02
-3.494153654733314074e-01
6.121339131215712825e-01
3.352815504455152196e-01
-2.147361778933443155e-01
7.028099093264015274e-01
-2.178955423696295746e-01
2.147393132061921339e-01
-7.275391279918808074e-01
-7.111514938048524304e-01
2.335321974732167682e-01
-8.134168163761443804e-01
-6.439230823992958541e-01
1.000000000000000000e+00
-6.653876555636311085e-01
1.617096609460205170e-01
-1.178698687824561442e-01
3.606323791556854674e-01
-6.072339876050469876e-01
-2.047995362113617934e-01
-1.631248920322339035e-01
4.528922168114714042e-01
3.303155965005405981e-01
2.928217805718000277e-01
5.004585783663930698e-01
-8.868233780939460686e-02
-7.369237934472138152e-01
6.702781725784453526e-01
5.646656025544077862e-01
-3.486035156281914182e-01
8.861121020790528879e-01
4.318394131717153139e-01
-4.703159792620215107e-02
-3.860211042413537186e-01
-1.000000000000000000e+00
-1.886759975245344556e-03
-9.892054242439050071e-01
5.416238667866448697e-01
-2.203317018969658259e-01
9.547226512707425172e-01
2.945847841355723751e-01
-2.630281417538857247e-01
3.824252374791300979e-01
-9.139852194782251971e-01
-2.962853484656559344e-02
5.934599345040469931e-01
-2.304767097578035717e-01
2.863174105711270290e-01
-9.372701144748900592e-01
-1.683025270125608763e-01
4.358832471314092460e-01
9.193020985298179237e-01
4.690590691548588986e-01
9.702806210882599647e-01
-1.527923869484706099e-01
-4.503762632793238407e-01
3.844761209014357917e-01
-2.652074939827293587e-01
4.489445361848976024e-01
5.142107574300731621e-01
-4.723181681423563871e-01
9.107475608290880320e-01
-3.559943663051553520e-01
