1.706944175483136872e-01
3.585823424096627049e-02
-7.804750265367134121e-01
5.743901091096401124e-02
-9.960105685418426669e-01
5.452617326727966507e-01
4.723147637031568369e-01
2.894809987485570391e-01
6.742808254395805667e-01
-1.004693812584065843e-01
5.789230154535800477e-01
6.483830656339160114e-01
-3.765686840998315743e-01
5.584540290681159203e-01
3.650181765948676271e-01
-5.362769761619120557e-01
-3.174610605734543012e-01
1.599232005059015582e-01
-3.421600854397605085e-01
7.794744027257485275e-01
2.525175592912726752e-01
9.588778749124636791e-01
1.524279786774390688e-02
7.975519291588620829e-01
-2.943291113253013735e-01
-5.647424500956544913e-01
7.284796403086930550e-01
-9.847900578131547622e-01
-1.519712669719618797e-02
-6.837936568461779885e-01
-4.149130830764525268e-01
-3.878159669222475125e-01
2.060788049432059621e-01
1.219013927305183514e-01
-6.111710614573506728e-01
7.833969964520292040e-01
4.980763100452225700e-01
-9.291371462582476148e-01
-2.945494535092317290e-01
-6.243927464369321001e-01
-4.026200089148713190e-01
-4.440200654315309414e-01
2.476947284240861302e-01
-8.237724323370323454e-01
-4.011542780055567525e-01
8.782667504685199855e-01
1.329718851876041386e-01
-4.535703530677486217e-01
-1.041404689633191327e-01
-5.860635390567259240e-01
6.107407214990665523e-01
7.111613603510572590e-01
3.774210430222852963e-01
-8.154849000125614644e-01
9.822444884147540911e-01
6.870812276065042523e-01
9.971842273202605189e-02
8.562422194010597121e-01
8.475313389182919099e-01
6.310972463334986182e-01
4.547856176489051272e-02
-9.127216394898248764e-01
9.672918253004645361e-01
-5.722142943963004491e-01
-2.412043945607554585e-02
-6.692257823135827621e-01
-7.857342504592090826e-01
1.000000000000000000e+00
3.582751732092079311e-01
3.953933810612846322e-01
8.576953263475224631e-02
6.052933516936174208e-01
-5.502793434940577155e-01
-8.269640941332609407e-02
-2.309343544143578342e-01
-3.166590119375620183e-01
8.386764182361586828e-01
2.389312632932053537e-01
-3.169741082192104598e-01
-2.749283806511734762e-02
-5.538152783910645915e-01
7.138200828419908328e-01
-8.847833521196674100e-01
5.734906413740591402e-01
4.591173585823957182e-01
-8.703587917865913681e-01
1.903866289905368214e-01
-9.836373511738443209e-01
-9.992415167678678767e-01
6.121198093380088023e-01
4.307248299397051228e-01
-4.463499206604447100e-01
1.000000000000000000e+00
1.836899410313098668e-01
4.750237702794720129e-01
-2.371899326637398886e-01
-4.132115360590223330e-01
-5.087365922734048418e-01
3.147752687520576909e-01
-7.302833043986627359e-01
-8.037470307253066215e-01
-4.509920496346790930e-01
-1.000000000000000000e+00
-2.197916566713437603e-01
2.817099327711129475e-01
5.648292233136568141e-01
-1.871455855512604155e-02
-7.436978626433576878e-01
8.285642010144210756e-01
-7.212588749976334146e-02
-3.517050515592338722e-01
1.019760897322536386e-01
-4.576209833016523509e-01
-6.931545471320893492e-01
-1.828196475401607790e-01
-4.489159304427063346e-01
-1.008579066005318436e+00
-7.067892870667594751e-01
8.765912860777712590e-01
9.164292161089148125e-01
-1.927478409688284100e-01
-8.496743701890774325e-01
4.110353370945733498e-01
-2.502104955435647815e-01
4.295217697007913116e-01
-6.244164717602574965e-01
-2.831048468824378106e-01
-6.637237997686479263e-02
-3.732884656446510130e-01
-5.528443450919078295e-01
-9.158964604053157488e-02
2.752262363995732763e-01
-8.168409389898022566e-01
2.400842693912049186e-01
6.002184381798384427e-01
-9.605883826623268229e-01
-3.277206356358993711e-01
1.642465380456677865e-02
7.719829924418394329e-01
9.894732764558147320e-01
-3.262068166345181708e-01
4.906719528075467185e-01
-5.141372094856557773e-01
-7.828198129672359062e-01
-3.963532311514896822e-01
9.593578765749295467e-01
-7.745333802196336936e-01
9.009092635823620077e-01
-6.192118777011895725e-01
-2.962752194273162720e-01
3.653473859655357869e-01
8.133403123251394806e-01
1.303853449732231273e-01
-2.444121898270719961e-01
-3.536636504243664270e-01
-5.352209300949144488e-01
-1.377034036294492170e-01
1.335377619009879002e-01
-8.832709803964593209e-02
-3.938653353317955186e-01
-6.931851211242324728e-01
-2.541634828818088443e-01
-3.285220261278210541e-01
4.851319313429830471e-01
3.294614610562515700e-01
8.801427933988459351e-01
3.187869103699800810e-01
-3.559343947066817559e-01
-3.346512034835461002e-01
-7.673250956260897482e-01
1.771904193025859720e-01
-5.597958161844657221e-02
4.975590649477473759e-01
3.957776710062081982e-01
8.669443740287249289e-01
-8.620719271752832480e-01
-2.611908618773350899e-01
-6.751013557063550996e-01
3.698163974951576560e-01
-9.299460558467310678e-01
6.272662226842842803e-02
-4.195493141739020104e-01
-1.177226048126569502e-01
5.980452897662938971e-01
-1.388418226337502503e-01
-2.122956717665926418e-01
-3.353199456684630708e-01
-6.321544151421452096e-01
7.571902795741444203e-01
-5.419613783226409076e-01
8.222819280872631920e-01
-8.501608563274849484e-01
-6.954017527097657858e-01
1.000000000000000000e+00
-6.876054694360465014e-01
2.875518762196979661e-01
-1.589058867148857856e-01
-5.242099140732089380e-01
-2.327669996572864497e-01
-4.750357947476095966e-01
-5.539208287538839315e-01
1.981024368916367295e-01
-8.631048551387280332e-01
6.825976528273545174e-01
7.154050913953183821e-01
-1.894233652665151257e-01
9.336042981038423783e-01
9.493243915295426216e-01
6.949923302881330089e-01
1.333338169316585775e-01
-2.194049890221660970e-01
9.082155037701478140e-02
-2.229048604131307620e-02
3.448154362446739229e-01
-8.196632705301508670e-01
7.687356918863389454e-01
2.990243870319126973e-01
-8.764005173485690525e-01
-2.569603679323911871e-01
-3.388937942683383775e-01
-6.202204867628600127e-01
-9.298253110556963241e-01
4.908102812673038606e-01
-7.295692353165290633e-01
1.000000000000000000e+00
6.908744732981144665e-01
-4.190252678268018283e-01
4.484267329363582633e-01
-4.434135047170184585e-02
-2.515361531397522499e-01
-1.000000000000000000e+00
-1.102620487854295006e-01
-4.418702268132803646e-01
1.486157136093737563e-01
8.403100536618844929e-01
-5.731373122187817248e-01
3.600734865539198526e-01
9.980002674566175180e-01
8.844786852663102383e-01
3.143402621585920098e-01
2.869359997939302520e-03
1.671815856893301144e-01
-4.284072317300423038e-01
3.173281600580025175e-01
8.046020449548073605e-01
3.162167788620872111e-01
8.393099730425089833e-01
-3.841803360582756177e-01
-6.653902674376466209e-01
-8.709312610370941732e-01
8.652931465439362979e-01
8.096767964921720573e-01
-2.900365640888600410e-02
-2.844596854346233099e-03
-2.224318135776801042e-02
-4.419736389687588529e-01
6.331985193079454621e-01
7.104019457826044048e-01
8.644833542694582151e-01
-1.442345383105612666e-01
8.352140303100425989e-01
7.608264851765019765e-01
-6.047875676569964831e-01
3.529005825260519424e-01
4.388699868046006536e-01
