3.331947825285810350e-01
-3.076078816614020717e-01
-5.359116565269026466e-01
-4.304428684078432932e-01
7.389924304030157654e-01
-2.811563923071289661e-01
-5.255758866147992592e-01
-1.259470349257887367e-01
-7.853978008909219266e-01
2.059266479340702838e-01
3.283717082801498877e-01
-9.202751285468759868e-01
-3.953453253837668768e-03
1.466315855626501019e-01
3.741313083155239916e-01
-5.126636573163957378e-01
4.928321781660960355e-02
-2.682429094153782057e-01
1.936284673632786973e-02
-3.221085814787225665e-01
-9.764573011482652332e-01
8.501864923399847784e-01
-5.982202007082340067e-01
3.953267600627359268e-01
4.999261511829573013e-01
-7.959700704012002692e-01
5.916620890519732612e-01
-7.554293571294197207e-01
8.779065421390321866e-01
1.570318003589787903e-01
-1.505859675407354992e-01
-1.000000000000000000e+00
-6.945113966834493002e-01
9.201328075783223870e-01
-2.698848325613967258e-01
-8.464513883706485942e-01
-4.377613298670501862e-01
-1.372071260493315514e-01
9.415472625566689846e-01
4.442706073064126571e-01
7.476826886071581413e-01
-4.697016988232910473e-02
-4.867586863255257690e-02
-2.282581611102711960e-01
-2.519430739391232410e-01
-8.698741099895266338e-01
1.479099028866996957e-01
-6.616542228452408914e-01
-1.964336835458301844e-01
1.691460376929736498e-01
-4.922105862753457517e-01
-8.516330264241546155e-01
-5.036368265697024338e-01
-3.409934893539956491e-02
-8.379677550942001840e-01
-5.509586456990578363e-01
3.426811870296464502e-01
-7.420857177891651002e-01
-2.066554959417655213e-01
7.643963275496059584e-01
4.484669225364084078e-01
-2.915365555630018424e-01
-7.260152971197333382e-01
-4.215450233072628450e-01
8.187020779637863566e-01
-7.508923640448477155e-01
-1.564501438757395224e-01
-7.097558066202183102e-01
-6.294593573399778208e-01
-3.309675509813088112e-01
6.061161236440808509e-01
7.900542225161619747e-01
-1.822268828638517746e-01
6.915798477715646708e-01
8.707368501421615115e-01
-1.827652000482367090e-01
4.397534841418599960e-01
-7.289270108747772925e-01
-2.994719052542094140e-02
-3.707190647830826968e-01
3.077505519779830667e-01
-3.542157183089591488e-01
-3.007252376764832924e-01
2.859706834742552495e-01
8.947049263271031894e-01
5.076538084037851561e-02
8.437264201995444690e-01
-7.128095677596200108e-01
6.664936774771712535e-01
-8.310194441108280650e-01
-7.795881468222640720e-01
-1.637846385988110942e-01
2.344147722556687019e-01
8.986733316210628875e-01
-4.505104079050852306e-01
1.660279511774742089e-01
3.955049480190495625e-01
-7.147228069199638156e-01
-2.620891442359652990e-01
-4.153035917643448371e-01
-9.900237642741820387e-01
-4.174725118307496263e-01
4.910882706994801339e-03
7.065498301054822239e-01
9.921610266432396852e-01
1.068566011152387585e-01
-8.321809965238394780e-01
5.999992276931840340e-01
-8.758748289930065045e-01
-3.987020381336471297e-01
2.392366501355023267e-01
-8.348620711913803394e-01
8.338055446066707788e-01
6.265544884676452764e-01
2.760924800097550591e-01
5.011299860107476523e-01
-4.380212969265626644e-01
-8.941238588888102967e-01
-8.283405552720273235e-01
7.597362248926933237e-01
-1.630500112705719484e-01
-5.510679561213482902e-01
-3.509879514728546646e-01
-2.466764201801330270e-01
-2.603482852366943989e-01
-7.797273402925777308e-01
3.064685628009671259e-01
9.127033686357826081e-01
-2.410559238765608292e-01
9.661729154729046254e-01
9.136249904250342002e-01
7.899213389779041750e-01
-8.241130117142461131e-01
9.662593622326063336e-01
-4.390621127443186111e-01
5.607110663382950388e-01
9.008018754509332648e-01
8.395372055396912447e-01
-8.425172321318874502e-01
4.906318189630531901e-01
3.839884845384509138e-01
-2.621702199136582423e-01
1.942238283908169216e-01
2.527000026802865562e-02
-3.850458665150042759e-01
-6.072229455175666146e-01
7.931883470407048442e-01
7.298268450355127612e-02
-7.117303522531948090e-01
-8.972190062153928558e-02
1.000000000000000000e+00
7.104617348229713691e-02
-7.725219810345378413e-01
-4.009663824310402691e-02
1.000000000000000000e+00
-5.245305478663371268e-01
-4.039386681882355390e-01
-2.119270057584338451e-01
2.310565990614469045e-01
6.817588075346900922e-01
3.919173794844517111e-01
5.162497387544466854e-01
2.796188532380194935e-02
9.260713857437119501e-01
-5.076347618534615691e-02
-8.370582927338998669e-01
-8.440050410983679363e-02
-2.005727006945368096e-02
7.890868508105679524e-01
-7.304870644028229609e-01
7.930025901999929738e-01
9.663895100685095940e-01
7.367871852614392703e-01
-6.803535091295256354e-01
-7.561538753490320008e-01
6.408835435155739724e-01
7.789278378894510801e-01
-6.065615574338829585e-01
1.486802662015533905e-01
-8.289841605147314496e-01
6.693806716640049448e-01
8.596789145073214788e-01
1.000000000000000000e+00
-7.970732050092073084e-01
-6.693651450620310417e-01
-6.362432416999607154e-01
5.976673806811860779e-01
5.614672183736406641e-01
8.059623392291281885e-01
5.495867366593987224e-01
2.623565317925957707e-01
-6.187268401590535483e-01
-3.548785483961982568e-01
2.054763124793830276e-01
-3.160724737517321969e-01
5.725564419231443658e-02
-2.511570081425195666e-01
-3.495439416969465807e-01
8.193478912560643312e-01
-5.595060331977448342e-01
1.430263842952883835e-01
-8.615572529203441299e-01
-1.790600118036440869e-01
7.723021340601572415e-01
2.690076272307220240e-01
4.261854317643170020e-01
-3.554161601100445100e-01
2.379746632278906260e-01
8.567065642356945787e-01
-5.432204248997223317e-01
-1.209282097710797643e-01
1.850538535000496587e-01
4.268346498369157693e-01
-7.653878516137370136e-01
2.636779311291375105e-01
1.465666414781090499e-01
9.983902477387451846e-02
2.474089029153692110e-03
4.508237439209079600e-01
-6.426316725946183972e-01
-8.384373811730183590e-02
5.646380921831486432e-01
2.420340866797479062e-01
-3.069669280289194502e-01
4.824842025704396270e-02
2.585671409909662266e-01
1.145958848292520371e-01
1.771244030702706640e-01
-6.316817593058674518e-01
7.443962578071958158e-02
-6.371557644869687564e-01
9.391688976288792290e-02
8.165715279073572086e-01
5.444164993971013500e-01
-8.128533483968429785e-01
-4.621358607892436243e-01
-4.030445911486107424e-01
2.480224781470889983e-01
9.765740297840284079e-01
9.113557464286770049e-02
6.595299704582853195e-01
3.737267304294332737e-01
-4.155034784596591813e-01
4.538875905053856297e-01
-4.663961411732140405e-01
-9.203375407057686752e-01
-7.837974198653769875e-01
1.323593934517310611e-01
-7.611241858355892731e-01
8.106713167092747252e-01
-3.607736646660311131e-01
6.748514354898531575e-01
-7.571513222218384520e-01
3.990631722341269061e-01
3.427847639976624450e-01
7.581717729349175539e-01
3.045421122402958147e-01
-6.758552222646290186e-01
-6.293645419981748201e-01
8.805233861180505883e-02
5.092715266204166369e-01
-2.291314850013130844e-01
-9.369055384579165757e-01
2.718894843958887808e-01
4.515482792645526544e-01
