-9.285850289164297999e-01
-8.716418966055274886e-01
1.730660204390234713e-01
-5.107002254536475716e-01
1.000000000000000000e+00
-5.539984757567365525e-01
2.891442894861226964e-01
7.234347145915046573e-01
5.265796521680844444e-01
1.525508446901589210e-01
-5.197381388422063209e-01
-1.762663723627096446e-01
1.214112923698764668e-01
6.966862958592200394e-01
5.247967607961097070e-01
3.892504531597812401e-01
-2.929227903497296781e-01
6.238911356075931280e-01
-4.858403904204238177e-01
-2.675638162478362059e-01
-7.426264030098929103e-01
3.627866408525870501e-02
-4.132018025913657411e-01
4.481387265139222809e-01
-1.727351580423551469e-02
-6.543979948302802718e-01
2.837419393623911157e-01
-7.200893063365818580e-01
9.370361724886788757e-01
5.761679852640809729e-01
5.966917186552460617e-01
2.711630661780449758e-01
3.722325409678546582e-02
-4.986134165789412043e-01
-3.356207150302772391e-01
-4.066265818592803005e-01
6.100677357444386217e-01
-3.755949894570370651e-01
1.543944979908878079e-01
5.051826841975759486e-01
-6.081496153277061723e-01
7.554170242110476163e-01
5.348966268150144865e-01
-2.685178896310626007e-01
-7.418071172963809357e-01
-1.252513932811876451e-01
4.734517818742892820e-02
-3.637361658614436388e-01
-9.500822423128099659e-02
5.766394265036434152e-01
9.008426504675293156e-01
-5.092915093679474536e-02
-4.550840310471528372e-01
3.273442439687987982e-01
1.472981319645976783e-01
-3.116072317947595760e-01
8.684478158689026284e-01
9.025073465126506322e-01
7.951320369854831815e-01
-6.665175743562001820e-01
9.130679150765260710e-01
6.279201266423459771e-01
9.554580641332590663e-01
6.301437660732466250e-01
-3.972115799820045146e-01
6.930907311947337446e-01
-2.525997180925804164e-01
5.758330932389013057e-01
-7.265316442203740843e-01
6.068284642995818157e-01
-3.725232447224052779e-02
-5.868253821337127141e-03
6.497429613227397871e-01
3.299559010835513562e-02
-1.000000000000000000e+00
3.491198254244605170e-01
6.060438247884846197e-01
-3.456216497008230415e-01
-4.284808426556198091e-01
1.511016406068760864e-01
4.855221243180377760e-02
-5.427226026429531336e-01
9.227401923901638048e-01
6.544508918997915536e-01
5.650545881106266988e-01
5.298733617993440781e-01
-5.969701082698084527e-01
5.429338146934228337e-01
9.037855686710379866e-01
-9.849396914138424108e-01
-1.444776595467928693e-01
-3.096274690161450738e-01
4.146159022142981154e-01
4.535368370275429939e-01
5.768312404486125589e-01
9.811414693713453872e-01
9.061073862018536040e-01
-8.206695636709668840e-01
-6.605078484066254640e-01
-9.361291922727343895e-02
-1.000000000000000000e+00
-6.615487917145111973e-01
2.313396361318675321e-01
-1.086839439295886611e-01
-1.000000000000000000e+00
7.618158978212068444e-01
6.886367527297049262e-02
3.642037185964568935e-01
4.738692214956031767e-01
8.644251954877810729e-01
7.840057018298448588e-01
6.542103710624308510e-02
-8.007812737944737247e-01
7.312141619037100249e-01
-8.514234112307531577e-01
3.590516590368029171e-01
3.539151770542902087e-01
-1.000000000000000000e+00
2.143120776096341384e-01
6.986402527394113271e-01
-1.995571393852265119e-01
-4.467758371784523730e-01
-1.175228959207468282e-01
5.353258217670622265e-01
5.591545878333114006e-01
6.627423786258174188e-01
-4.660928377641043174e-01
-6.928597622707453052e-01
4.937101127218879171e-02
-5.032819289643848393e-01
-3.779868403070074101e-01
4.913127139435627955e-01
1.681313712627041657e-01
4.565870804209355427e-01
7.328990718245080860e-01
-6.410848071607700982e-01
-4.817463679939607557e-01
1.000000000000000000e+00
6.099963526513745293e-01
4.565471859738411964e-01
-6.215903852618068770e-01
-5.063784129764031805e-02
8.666149293466234027e-02
-6.857446951283178160e-01
5.839579416257643096e-01
2.924949747709527648e-01
-1.000000000000000000e+00
5.988310874270781348e-01
8.349694855689548945e-01
9.678768649429433379e-01
-7.797101452373726982e-01
-8.372009872805568076e-01
-2.211242398638262052e-02
9.152644759967762944e-01
6.355213242469524015e-01
-8.052946337397484111e-01
9.282646176256406090e-01
-1.569594210856722072e-01
-5.831474797421782874e-01
-7.524735114399120350e-01
8.595945857931414080e-02
-9.307612448184601206e-01
6.437266381002091364e-01
-3.944489082718589668e-01
6.295500485607049557e-01
1.000000000000000000e+00
6.265539122122271154e-02
1.343915599507856662e-01
2.237822634320645043e-01
-4.153971355848029567e-01
-3.846697607539252828e-01
-5.982231647164237831e-01
4.497189778781067737e-01
7.103407184430827748e-01
9.296768315428134422e-01
-5.958766949316350869e-01
-5.722523547501170427e-01
-6.063648626894345695e-01
5.460232187799126669e-01
-3.869517114340160768e-01
-1.831750107245102566e-01
-5.364496719592423135e-01
-4.864807524165738473e-01
-1.854546758268726947e-01
-1.781094553150736337e-01
-8.651398575251377787e-01
-8.681935759263113006e-01
-3.289243438123171104e-01
1.779330055852355597e-01
2.398695414736632670e-01
2.051432902303016170e-01
2.773964526596321978e-01
-5.630077190186060232e-01
5.015330076119676322e-02
1.034690095877375954e-01
5.731787342271408292e-01
-1.259845758303287377e-01
1.600024320538718514e-01
9.662169290514980302e-01
-2.480204129475585273e-01
-1.930780414529464639e-01
6.704224017211437570e-01
5.591720920557767815e-01
-3.862595535968863514e-01
2.178250441840710594e-01
-2.485510737171657825e-01
-4.080177654867190862e-01
8.891444215803062656e-01
-9.521693857033304287e-01
8.520314402306513601e-01
9.172269049023998866e-01
3.006426427422388969e-01
5.988931557689149837e-02
1.000000000000000000e+00
-4.099226455151677717e-01
6.401373975697803864e-01
1.614572874324607110e-01
-1.429276895174925177e-01
2.518885384001325334e-01
7.433857397336431916e-01
-4.718623046540573740e-02
9.061914595652849000e-03
1.000000000000000000e+00
8.043428849102947087e-01
-7.233776676844292375e-01
-1.108179073917865826e-01
1.822757616481703036e-01
-1.971327738196853030e-01
-4.007762344327683302e-01
2.647355568073926357e-01
-2.042285840111091044e-01
-9.105672986848815098e-01
9.034079547194279192e-02
-5.006358795656158378e-01
1.095680567570973402e-01
-1.237054908427378114e-01
-9.266273749079954047e-01
-8.237381234886208548e-01
-3.218152562257580174e-01
7.099028669826119575e-01
-5.814305230678583625e-01
9.098251887597169629e-01
2.425518106901728699e-01
9.494691285500911349e-01
-9.209905443561074989e-01
2.986534770025293106e-01
6.364877548769326543e-01
-5.012922872394288687e-01
5.277178709755806496e-01
5.905278415890671262e-01
-8.322102735285676900e-01
-1.188030091545405342e-01
8.654744435300631977e-01
4.383063534175609677e-01
-7.189595272877444265e-02
6.477260912415045979e-01
5.839743507610719586e-01
8.925537992665262266e-01
3.691076782385782074e-01
-5.100523130452206955e-01
-4.272335447382902274e-01
-2.477038107707496550e-01
6.918856510020616746e-01
5.572489177665622684e-01
-8.379231790080832187e-02
