1.377000129583345056e-01
2.900840714909995732e-01
-1.969884990102464817e-01
-5.005288388727042737e-01
-1.037439737310918431e-01
6.788885661537877869e-01
-1.311133996662957046e-01
-3.469603657355964099e-01
5.859752318539397375e-01
9.445167530400935818e-02
7.885416510119572786e-01
-6.629931412421785630e-01
-5.752345916793755176e-01
-8.911544238335448176e-01
-3.180463831378571582e-01
3.296562455454548068e-01
5.222080619484918973e-01
9.578560263936211072e-01
-7.541265780243220362e-01
-2.925171994970198197e-01
-1.762251116837783016e-01
2.412632615103710854e-01
-8.942514313953526806e-01
7.873579658405065462e-01
-7.454073372940617226e-02
-1.754304301815983458e-01
8.040891717115197235e-01
-3.275809626872441260e-01
-9.763007697072596525e-01
-2.086574967901772548e-01
-2.141608971982390530e-01
4.821431584592170139e-02
-3.765051857860544082e-01
2.282185285536844355e-01
6.386915174363864134e-01
9.671363149345517662e-01
8.682237592478569965e-01
-1.473744754166096127e-01
-3.091959001762348835e-01
4.171302109076642506e-02
-2.413962778067464121e-01
-3.549013232308150245e-01
8.928025919957172096e-01
3.793653103328529230e-01
7.251985977951039830e-01
2.036368405007668581e-02
2.901748946828370812e-01
-2.748008993092307395e-02
8.807815189702106196e-02
-8.949620387717597270e-01
3.458894096705858456e-01
-6.770912879167353404e-01
-4.883587690334789677e-02
5.419390671276529403e-01
4.142967922722340934e-01
-2.020041585436269660e-01
5.521379852702252844e-01
-3.984230320510939727e-02
-3.757295861221772171e-01
6.007236889522767909e-01
-4.323522994438757094e-01
7.074288079366097826e-01
4.209958276036627201e-01
4.087713597066569005e-01
-9.188961965668249743e-01
-8.295946352937976220e-01
7.543949806980763118e-01
-5.510822941088384663e-01
-2.848261999201603945e-02
5.694314054943357961e-01
-7.486664826458493405e-01
5.248680460781890433e-01
8.473105724017158114e-01
9.182810650249803586e-02
-1.446975705300226345e-01
5.958168928526099695e-01
-8.757851040343221927e-01
-8.837745837473037769e-01
5.716265045222639340e-01
5.762239344946281649e-01
7.884590739108454649e-01
-2.917838750296135597e-01
3.102524174249252642e-01
-7.988334884840380123e-01
-1.000000000000000000e+00
-9.910214900256169024e-01
-8.650333638598673991e-01
-7.231894223548016587e-01
-6.619870887085005373e-01
2.358284980989803215e-01
-8.543520751622990517e-01
-3.973061386362979897e-01
7.580113397555828803e-01
6.574695598415967179e-01
-2.482992079985262002e-02
-8.201869677584545659e-01
-7.066535539131572063e-01
2.187498175714852611e-01
4.601886556874341672e-01
4.891209277578831838e-01
-1.000000000000000000e+00
-7.089115676274334588e-01
-5.212096968449690948e-01
2.204459018103301082e-01
-8.723425176926403735e-01
6.640346811114254955e-01
8.453500707730025043e-01
7.766233110792686301e-01
-8.362837637976069383e-01
-1.501972300079666978e-01
4.864532259701520034e-01
1.000000000000000000e+00
-2.692569234736865158e-01
-6.405155439823989605e-01
-1.928502656535821813e-01
3.694905826214439637e-01
3.764885919905347489e-01
7.541878729596447339e-01
-2.619254547125102750e-01
-9.302104051403983775e-03
8.974538865634751339e-02
-9.967427610844902253e-01
8.239134926850449903e-01
-5.763120232436991230e-01
-9.621603529565810886e-01
4.438627197306270755e-01
-8.087196339428224245e-01
1.000000000000000000e+00
-5.188419963086476905e-01
6.747793026059167865e-01
4.965871540944644114e-01
7.423733056516610418e-01
-9.707169012108320116e-02
-3.963960816807458043e-01
1.531069185050116799e-01
-7.789835747695295076e-01
7.387602975704934405e-01
-5.029305404350766784e-01
-6.466117488603891905e-01
5.166713792517606540e-01
1.000000000000000000e+00
-7.474807129093354874e-01
1.228391296767366997e-01
-6.580805538368730279e-01
8.398823788348759312e-01
8.553549888014793101e-01
1.000000000000000000e+00
5.375172241049122057e-01
-6.640082201953673158e-01
5.318957576653000618e-01
7.328080349084681311e-01
-4.005063729342626111e-01
-3.712940196815115446e-01
-1.515899154009988370e-01
9.573154863918027502e-01
-7.400691296959525101e-01
-1.000000000000000000e+00
-3.849177743448796152e-01
-5.405963369567612364e-01
-2.085162751396221481e-01
8.554525543783058072e-01
4.487911227847812823e-01
8.770479810722806580e-01
-9.630340006757358573e-01
-6.778279212195958969e-01
-8.601726619514278305e-01
-3.371186700897511046e-01
5.382241009852508640e-01
6.680694059474368007e-01
-3.851354230475689810e-01
7.345904635539005634e-01
-4.409063872932561523e-01
-1.000000000000000000e+00
-8.779107680919937540e-01
5.356057253731726364e-01
-3.045058744980198018e-01
-6.925491095798883001e-02
-6.660999487268561836e-01
6.730758476004599089e-01
-9.288620946853278770e-01
-8.796065463527735773e-01
-2.468244043599690796e-01
-5.825328248523137242e-01
2.511970241982828256e-01
-2.844720123459784089e-01
-8.884705825051015804e-01
7.632059937057182608e-02
-2.278236294196722689e-01
-2.105218592893897678e-01
-6.103130144019059955e-01
7.077568214819973669e-01
-8.140724456248499274e-02
-3.811258776362993483e-01
-9.316606025339208008e-01
4.975775714725924614e-01
-7.635552546378489014e-01
-6.494361720386236936e-01
1.587174344815747151e-01
-5.148685203769122198e-01
-5.688542734194967920e-02
5.332384213006552409e-01
1.026061643804586643e-01
-7.517305409235616187e-01
-1.362111516686362322e-01
-3.195122111386989872e-01
1.543179902152424510e-01
1.000000000000000000e+00
1.250764633750506283e-02
-6.160850439438381176e-01
2.120128515500505351e-01
-9.413766744759698435e-01
-7.493971933705811939e-01
4.478852684962323916e-01
-4.136278785234612787e-01
7.468127769611880851e-01
3.815450265666013863e-01
1.000000000000000000e+00
3.874609699950563035e-01
8.259433137153626703e-02
-6.741428361849632900e-01
-5.333150037492254136e-02
2.884366974715931176e-01
-6.543675883753565792e-01
8.116719440980382227e-01
-9.158527741413674539e-01
-1.417141293481087305e-01
5.070243473454565108e-02
-7.745992220360846670e-01
-4.907379430526287445e-01
-2.446444753821325757e-01
8.226121544651827655e-01
-5.662475048309902892e-01
-5.467839020029747754e-01
3.676129095346734599e-01
2.433404563906127194e-01
-4.881789132718796775e-01
4.419267222158799191e-01
3.020893728161002656e-01
-6.209549653706603056e-01
-2.688572704918464895e-01
-1.550298036943468724e-02
-5.829789202910025114e-01
-6.596258480804739754e-02
1.726893496537310058e-02
9.113524181570531457e-01
8.911074841714612393e-01
-6.707683998128013414e-01
-1.209561319649746225e-02
-3.300546848197949412e-02
-9.096888883864377995e-01
-7.193963990593355007e-03
9.080397111821316702e-01
6.391397353472079434e-02
3.943632538007292299e-01
-4.880557509105434288e-01
-1.361184141583327012e-01
-3.481961250159848476e-02
3.450022415391332808e-01
1.635372220102947194e-01
-1.911672123249141264e-01
-4.078763236658430880e-01
-6.475617044621914120e-01
8.706467999212164077e-01
1.000000000000000000e+00
6.213847912608922996e-01
