-2.200069685120584206e-01
6.274883950911430697e-01
-3.919749325344759061e-01
5.257935851944470773e-01
2.616181075122787636e-01
1.000000000000000000e+00
-6.010991598263998315e-01
8.752544051947828141e-01
6.168269532986090375e-01
6.600265631042321335e-01
3.616824051453828570e-01
4.557791430128764754e-01
-2.355099929489744004e-01
-4.178690618636018983e-01
1.193374949800267704e-01
1.000000000000000000e+00
8.675107429538041204e-02
3.777672707737133040e-01
6.131309569215301902e-01
6.837727027130928725e-01
-2.159579880864463952e-01
-2.940506401586489016e-01
-5.305923111412738091e-01
7.863069177766203177e-01
4.550641378290123384e-01
-5.681523491584463681e-01
-1.000000000000000000e+00
2.873896419941334712e-01
-5.038058710042350175e-01
4.869413037222801166e-01
5.837404823822746058e-01
-9.970348024759428940e-01
5.657360961048578663e-01
9.368964488932695067e-01
-9.458701238893523211e-01
-8.028416675429539406e-01
1.334575265617527103e-02
-6.757084274020026537e-01
1.294928979213489373e-01
-2.741697640293879745e-01
-1.782289842410548775e-01
-9.545900519847445587e-01
7.524881567535515181e-01
5.762597884514394364e-01
6.049261065013078476e-01
-5.617851057829890138e-01
-5.245283037105243906e-01
8.782924823664560732e-01
-2.302705199702808070e-01
-9.941097535966149090e-01
-8.199539844492995666e-01
-8.180728084550439316e-01
6.956180199905742656e-02
-7.301821595591995173e-01
1.965324417988236205e-01
2.267064102874810638e-01
8.478593484146610404e-01
5.439056145375171791e-01
9.425056833558110858e-01
-1.950554825077230880e-01
-8.631591821629013284e-01
5.113161238750976167e-01
9.696417684122651259e-01
2.830735006133733300e-01
-3.899542564513941434e-01
-5.607842733044730021e-01
6.500412538108945038e-01
-4.866604452557340421e-01
3.141110950098605636e-01
-1.000000000000000000e+00
-8.471707502219840702e-01
-1.916899089392160582e-01
-3.667705880548142172e-01
-1.000000000000000000e+00
3.705325122127076654e-01
-2.393093850363002262e-01
-8.444171347638298464e-01
8.611049574572972043e-01
9.570430302100685349e-01
-2.222087091881386200e-02
-2.753330724579845512e-01
-4.111206436838879541e-02
5.388615037074793168e-01
-9.335126444713960359e-01
3.257550197755904042e-02
-5.393767843525937300e-02
-4.674428205152600935e-01
-8.432715019148844249e-01
-3.937570151930125384e-01
4.814796829042397586e-01
4.232302284190785358e-01
-6.682383655747694551e-01
-2.461707345534817903e-01
-1.000000000000000000e+00
-8.967158285144096741e-01
7.653783940769295913e-02
4.079814747170948941e-01
-5.639022741117314386e-01
-2.352397788704597703e-01
7.768386285715120909e-01
6.628298693055253432e-01
-2.641468263699485730e-01
5.776638597975891631e-01
6.808374775082011165e-01
-8.360195689483289339e-02
3.339551152146791879e-01
3.196133389801855129e-01
-5.621132277083423778e-01
7.485444703298512747e-01
-8.183799677396839112e-01
1.610344477113131445e-01
3.061838030301262670e-01
7.598664846333992307e-01
-1.866589406347369806e-01
-6.416958452810798130e-01
5.459758675018666629e-01
-1.661315264922472723e-01
-5.710690291434727950e-01
-8.704899656000306685e-01
1.451462726964585226e-01
-4.247451937848212844e-01
1.133647243012877448e-01
6.943821500868687657e-01
9.258357903398353184e-01
-9.218865587823158458e-01
1.886991520734383754e-02
-8.758988264656797362e-02
-3.636116552334927032e-01
-7.959449397765223644e-01
-8.395329705109952911e-01
-2.518954817443996297e-01
6.463218097773221205e-01
-4.039636144152820019e-01
-7.010862484103941306e-02
-3.590980351808717996e-01
4.730695432407596157e-01
7.351431180208725658e-02
7.495348108116888231e-01
-7.264115056018243255e-01
-2.701274535380446817e-01
7.095411912475380056e-02
5.174849035280515430e-01
9.342622882526647743e-01
-8.715946344797651513e-01
7.613939971086650660e-01
-1.238748781402818633e-01
1.000000000000000000e+00
7.060189497887552068e-02
-9.581961733573583773e-02
2.423103791665748297e-01
-3.780488541123294688e-02
1.571028802922071477e-01
9.501161920691727492e-01
-4.122107729195474413e-01
4.672473866206336979e-01
3.175516491369865246e-01
-7.292147512862878767e-01
2.029801382622815620e-01
1.396895895903615958e-01
-3.290867215653293654e-01
-3.592368100386761909e-01
1.318117312095417049e-01
-9.893306468452360836e-01
1.663944363086079514e-01
2.003575244834574498e-01
-7.113979461658361814e-01
-6.197225316470525991e-01
2.515241869650957085e-01
6.116211702378726578e-01
3.389035772658772760e-01
-1.519892018147437074e-01
-2.609646295853735865e-01
-5.370719654103028873e-01
7.976434857366511144e-01
2.692838369391577502e-01
9.855054959105338241e-01
3.374498628632255359e-01
5.072290078567461835e-01
3.546823250515986903e-01
-8.116030089955638127e-01
7.149621575098799031e-01
-2.751617127747557623e-01
2.155913332308594388e-01
-9.652190486088275678e-01
-7.027104446318302999e-01
-4.579110405838793252e-01
-4.198286418381007301e-02
4.835131036191449017e-01
-1.820947368325234739e-03
-7.571162725338362876e-01
8.611737769339657955e-01
2.973709308736962598e-01
-9.507027780925638716e-01
-6.708407261290725287e-01
4.701882982281813672e-01
-6.363741956415400747e-01
-4.186653763671297490e-01
4.992711020006021516e-02
-1.000000000000000000e+00
3.611948457592646933e-01
5.030531862599226800e-01
-1.195849893203131398e-01
-5.751782222414039136e-01
-3.407703422547196936e-01
4.418612912493940503e-01
2.526270411159627360e-01
8.190366013579484239e-01
1.125877549279678813e-01
1.778029894137697631e-02
9.669253484084758821e-01
-2.721584924968339925e-01
2.078302337374675623e-01
-6.305745215993355801e-01
7.586921696642322521e-01
9.419084463436315779e-01
5.055569649833504542e-01
-4.205123742548048105e-01
-6.307681692291167153e-01
7.029605774139979779e-02
6.411699554809563439e-01
-5.893281252118282021e-01
-3.909950873771693702e-01
-7.602046743760497716e-01
5.703490122283323416e-01
7.339830649740322066e-01
-1.281580719642951838e-01
-7.744992922623981091e-01
8.693167824098344543e-01
-7.683912526299436774e-01
-8.952116163518176739e-01
7.098862597932331653e-01
3.084284840184490228e-01
5.460151075930097520e-01
7.443486618530652521e-01
-7.834723681470842083e-01
6.441814000688081965e-01
7.648572030140590172e-01
-5.941134179508031909e-01
-2.192193750923240037e-01
-1.000000000000000000e+00
-8.647115926946875586e-01
2.167769320432990643e-01
2.406915048965321269e-01
-3.120550697582071265e-01
7.072806817652632638e-02
-7.028492582870431438e-01
-6.643329251643885769e-01
-8.750542330138366687e-01
-5.414172079204399024e-01
7.283572434373233317e-01
-8.071313411515317338e-01
-2.184174615176585621e-01
9.931166759718678128e-01
3.360049018766270157e-01
-3.471986624890778528e-02
-1.000000000000000000e+00
-8.311980445829449948e-01
3.385880271847874212e-02
6.388552253291089889e-01
-4.737002358202977992e-01
3.496254146182363187e-01
9.794813041399533793e-01
4.496486600880968965e-01
4.816926200285538417e-01
1.681718331095460039e-01
