6.695522483666189739e-01
-8.515338292093013184e-01
3.972442314380588702e-01
-1.170818897362571054e-01
-5.386600310832351246e-01
-5.740142100072886944e-01
-9.968416913364636089e-02
-4.393495708641766972e-01
4.618416353468762225e-01
5.184069938621773677e-01
-2.140223384527918382e-01
-9.488443423543457822e-01
-7.035525102702462341e-01
-6.714327216547892885e-01
6.044183675936821709e-01
-1.617614422313414790e-01
-5.320143892210511538e-01
-7.531809871908792253e-01
3.142253153189154546e-01
8.400582830287297575e-01
-6.237177244813447707e-01
5.537360486975393403e-01
2.236130430453280860e-01
-9.412486899827832154e-01
-3.962925956783979742e-01
-1.996998729410957019e-01
-6.256358309341147894e-02
-4.158522321058530369e-01
-5.565269142459432494e-01
7.401514728202035487e-01
1.241510898806276186e-01
-8.559577428117149944e-01
6.523298576418778971e-01
-4.032837717625636920e-01
-9.891440486965110690e-01
8.912628642350235442e-01
1.504526535494215556e-01
2.437625042288456279e-01
-9.787466129790189928e-01
-6.155502850434970696e-01
7.413659162522859836e-01
-5.715777305520258755e-01
1.000000000000000000e+00
1.826899995303014890e-02
-2.392101523815506892e-01
-2.144543496281732797e-01
3.178389352266277612e-01
6.520613008146166623e-01
4.349447188119712759e-01
2.277180488857607210e-01
-7.400208659515852272e-01
6.914974376151250546e-02
-7.949876939699385137e-01
6.948306814183794478e-01
7.505833181554522060e-01
6.337197844854267625e-01
-5.711436379558976206e-02
6.776196259168015823e-01
3.322565195103730495e-01
3.840318278822413278e-01
-4.428814222575634396e-01
-4.498813419070996633e-01
5.218723778749241315e-01
-9.181270984697295634e-02
5.522151317617628452e-01
-2.188146093813370385e-01
-2.274984311659214720e-01
1.489705136669726426e-01
-9.015529214917243905e-01
3.743154578784657627e-01
5.065212989274376909e-01
-8.277006700881178736e-01
9.707112227464718135e-01
8.415083823521994910e-01
-7.152658882425309006e-01
2.961148114055420777e-01
4.305117808452803008e-01
7.132993098790351150e-01
-6.243798659056707390e-01
-2.063064504359063134e-01
-9.172860409928225156e-01
-3.902276358940745538e-02
-8.276845553061812355e-01
6.735830430850673345e-01
-3.110811167269030841e-01
8.300677681161126031e-01
-1.567489698100882345e-01
-3.209353514709457067e-01
-6.439398764854242785e-01
7.186587676919811152e-01
-7.539173870276936196e-01
-1.219452638595920901e-01
6.686359820574494517e-01
4.646370496150555029e-02
-4.562497411366489009e-01
7.005221556528402616e-01
8.173195638227926940e-01
9.024562485206012452e-01
8.937058147336863767e-01
-3.422780057788217256e-01
8.489539454420644837e-01
5.375812446008727541e-01
-3.068022213865408965e-01
1.305737459224241004e-01
-1.000000000000000000e+00
8.406848517794842657e-01
-3.398323367935802142e-01
-3.468219722597447041e-01
-5.343166327725156206e-01
-5.901492717880888472e-01
8.902281445713744468e-01
2.394769381815201603e-01
-1.000000000000000000e+00
-9.577963266312495838e-01
6.167890779424649583e-01
4.343813475048314277e-01
-8.197731093885964881e-01
7.990098413680630784e-01
-7.207735057022249814e-01
-3.745903188178518195e-01
2.113473567041900536e-01
-5.269322247114670565e-01
1.530231511324832150e-01
5.124288611744265420e-01
4.116259035559008406e-01
2.571686276873719201e-01
-3.120624169969273831e-01
9.145189452173762001e-01
6.390712992678000415e-01
-9.473662252736350098e-01
3.792363545089456611e-01
1.000000000000000000e+00
1.823731940099797000e-01
-3.994030307059244223e-01
-2.203188259191980469e-01
-4.486855579764659208e-01
8.692551109272048659e-01
5.098029475891250328e-01
2.961622236830279142e-01
-2.643591801972925426e-01
-1.950246241285980009e-01
3.371990810329916211e-01
-6.306491572443728710e-01
6.577971088800622645e-01
-8.553707539990414999e-01
5.023966387849418958e-01
2.207337244474141535e-01
7.642617444378866365e-01
-6.539746893998530375e-01
-5.144497090401263240e-01
5.821423592398293767e-01
-8.048476919262419482e-01
-4.273131904691390703e-01
-1.234054959968616666e-01
1.000000000000000000e+00
4.691199661204435989e-01
8.829749691340360584e-02
3.535007574522066598e-01
-6.646361477355348102e-01
3.182154399986448223e-01
2.794916841082453751e-01
7.682204270633419263e-02
-7.516943393897708159e-01
2.922072772685273545e-01
3.862292665604141750e-01
1.954700425942963449e-01
-6.695321094932467076e-01
6.398890349504519071e-01
-2.819173908653671567e-01
-4.212845882649947638e-01
-1.000000000000000000e+00
5.016400922737550561e-01
4.716572056127850132e-01
-8.708405610578568989e-01
-6.554545395638936567e-01
-4.602192755838799276e-01
2.490983622139397724e-02
-5.311386331543741512e-01
-3.704181453976463367e-01
-2.269186689798524670e-01
3.020607356137597344e-01
-4.447031512855010860e-01
1.368330279113167958e-01
-2.000007435495868707e-02
-2.127958719979846647e-01
1.000000000000000000e+00
2.734611113028220242e-01
-1.333312475342587899e-01
3.693990597480654170e-01
-1.000000000000000000e+00
-6.508839530421591801e-01
-3.161489874004831391e-01
2.394000566328789437e-01
-3.054156655649662433e-01
1.001648233520030240e-01
4.326463952372446020e-02
-2.085841677316493670e-01
-1.755403113329233877e-01
9.410088368871081244e-01
-8.519541836515062139e-01
4.814132468472602788e-01
-1.050575597168601494e-01
7.859974294994858113e-01
3.361989114275751867e-01
1.067427378724749576e-01
-3.176225853658750653e-01
9.271649689866824362e-01
-1.356193279433530463e-01
7.020284256337252504e-01
-8.138331260150392099e-01
-4.169693939154669460e-01
-8.500076814870649589e-01
1.848784352160059152e-01
-5.763523883214194399e-01
-4.413495266567162290e-01
-3.257057604580875232e-01
7.575041122533703319e-01
-3.418235360808835610e-02
-4.037388560012281080e-01
3.360702781664783867e-01
-2.047697441557210507e-01
4.295891663955244688e-01
7.687490391796142353e-01
7.227530650459542683e-01
-5.114818735284764051e-01
-7.464590938820188093e-01
-2.240879293797038985e-01
-1.000000000000000000e+00
-5.163225892314208254e-01
8.183134763338530959e-01
4.731731320038066735e-01
5.828326271016068261e-02
-5.586457789913463756e-01
-4.186212155683729508e-01
8.074853815536235935e-01
8.548153976690122668e-01
-3.824602086229793307e-02
-2.892568780107753756e-01
9.549726173145832719e-01
-8.136284472123064271e-01
2.910615556982321800e-02
6.368027964284418418e-01
-4.716282486541056862e-02
6.200465702398328949e-01
2.351166037450547197e-01
-4.716078879886716479e-01
1.742552154338250503e-02
5.877279292587176407e-01
6.363595050529600172e-01
9.131881990373058589e-01
-5.372693865673213720e-01
8.516474782157943402e-01
4.227477980546217040e-01
6.024927960528883020e-01
9.529867951361081779e-01
9.226820039414120878e-01
-9.706175045775158328e-01
6.888414874098325313e-01
-1.626862037739416206e-02
-6.244793568757769364e-01
2.655630780561499815e-01
2.057679813421282589e-01
-5.493793300265341628e-01
7.031017805477556282e-01
5.642900826659719149e-01
