5.008734890199829648e-01
6.392018428262037366e-01
2.135082012379820871e-01
9.184656468478844538e-01
4.936219694768174682e-01
-3.727666318223868402e-02
-4.391072370132876324e-01
-5.986669175807560750e-01
1.000000000000000000e+00
-6.527338112639061718e-01
-1.000000000000000000e+00
1.000000000000000000e+00
5.212952467644661469e-01
-5.031860928498388397e-01
-9.595689835364479281e-01
1.756975817952705632e-01
-5.924981714536693422e-01
6.264147267861482904e-01
2.367386771309202276e-01
5.098184766669566770e-03
-2.586385568096212229e-01
-1.565846892171046667e-01
4.611895267669767762e-01
-8.065012325663649673e-01
1.136235735250017420e-01
3.484355054611147917e-01
-8.926641457928919943e-01
6.485276349630375581e-01
3.951605971504827952e-01
-1.089845016943446765e-01
-3.637663626092031421e-01
2.491468714162883291e-01
-1.519346465072859975e-03
6.135834613964030737e-01
9.456901734941464133e-01
8.753980237898665306e-01
-5.417968654345551860e-01
-4.139190346266423681e-01
-8.579057410493097502e-02
-3.138801269977776753e-01
8.174018908990851040e-01
-4.537023422855672172e-01
8.692475376046071567e-01
-9.384504447742061939e-02
7.860787354426023166e-01
9.490270770075479589e-01
-5.037839107311872233e-01
-7.306853778906348129e-01
-7.176502529287687171e-01
-6.723717085553027051e-01
5.454758727334381163e-01
-1.867955092091351244e-01
1.487562968860771384e-01
5.018201767515593215e-01
-3.952635054358137334e-01
1.393084985688719246e-01
-9.238087999078338497e-02
-1.000000000000000000e+00
-1.666617803782203533e-01
-7.253935964178304108e-01
-8.071642075084601853e-01
6.475240228290821132e-02
4.154027486004540637e-01
-1.000000000000000000e+00
-7.552039302957544997e-01
-3.764974159113427810e-01
-3.419938156959933528e-01
-4.899259727586587898e-01
-7.242399756722948112e-01
-5.942177151449472561e-01
-2.391517559962955120e-01
-5.659280178221633983e-01
-4.511505479519137829e-01
-8.965809286730841432e-01
2.847527575699122515e-01
-7.892459246145138163e-01
7.127090454026990818e-02
-9.838105389113973587e-01
1.000000000000000000e+00
-1.698853316188844165e-01
-6.407460818326872198e-01
-4.235622048596392186e-02
2.598971901810323004e-01
-1.085170289933012344e-01
-8.637887067875491542e-01
-7.214104483626040398e-01
-3.553145243680304044e-01
1.479794140448624229e-01
-9.808124240705915486e-01
-9.384720550010948736e-01
-8.133344524756719318e-01
-1.413895126220608145e-01
-8.710109975917129654e-01
4.551172829169158884e-01
2.720255900893961964e-01
-1.142373514224905573e-01
-4.652375289450091933e-01
1.000000000000000000e+00
8.871694349211389774e-01
9.579465419283397787e-02
2.121359396682856724e-01
8.367759891892041502e-01
-6.204392842200545655e-01
6.702532151568663110e-01
5.420075857223591864e-01
-7.262735590797285423e-02
-7.198703322114925474e-01
-4.513242159127758835e-02
2.541764537240637223e-01
-9.732895250451977232e-01
8.786564033808937912e-01
-5.109463850692378406e-01
-1.618848122063334394e-01
-4.187030739205483965e-01
-6.442813797649186158e-01
-3.177642824360322193e-01
-2.698710093284734102e-01
4.595417872034794349e-01
-8.309098162838761681e-01
-4.600601730128780487e-01
-1.353910620731815229e-01
-3.453140054742446785e-01
2.114356588315243479e-01
7.063644806925655217e-01
-5.565300474989962609e-01
-4.583808812922989806e-01
-4.562902698828200654e-01
-9.401595019948336129e-02
8.383269050312650572e-01
-3.573243055020142167e-02
-2.115163190052830600e-01
-8.143712199364999682e-01
-7.283310735076427012e-01
-4.137163017814140531e-01
-9.686858880531614702e-01
-6.731036232172402656e-01
6.942552619617851084e-01
1.741250878301877081e-01
3.352653013411728833e-01
2.698922636541635778e-01
4.453802989763155362e-01
-6.612621640761949804e-01
-9.197789361385612095e-01
3.445107271914366054e-01
2.623151399348542245e-01
-2.213700278158942658e-01
-4.639279285927084828e-01
-5.804953561369788906e-01
-2.510442346008956993e-01
4.344514126252528308e-01
6.857913866180842533e-01
-3.856651187322231999e-01
-8.790039943639444964e-01
-3.122828127036603174e-01
-1.120351186072876537e-02
-5.511285852540488417e-01
-8.995412030442365148e-02
-7.852923954275670138e-01
5.493522117832919660e-01
-3.302538684187528162e-01
2.676279703930745657e-01
-6.069153637428859743e-02
3.652458511313363965e-02
9.718789795516616925e-01
7.113041193070883672e-01
2.046859651560287707e-01
1.520939157098846750e-03
4.593164561815945568e-01
4.386565851583472120e-01
3.296267890528223887e-01
-8.491439780858438258e-02
8.014143012026894164e-01
5.940885193091881566e-01
-6.220078002536637285e-02
-7.709997657844122054e-01
3.093320057489395980e-01
-1.723492234224681674e-01
5.604530912905734130e-01
9.404740850012853481e-02
-2.067840322055150004e-01
5.409868212592302550e-01
-5.733897883656443456e-02
-5.840590557855462883e-01
-5.239647325868531658e-01
5.626874454395039415e-03
4.537907622011084774e-01
-4.855056921959267635e-01
9.370611679148441731e-01
-2.972018784160659344e-01
7.182268804140637952e-01
-4.937590752916072301e-01
6.562740307922664273e-01
4.464828213611345131e-02
2.143377905741082334e-01
4.661007630528558598e-01
-2.721440205528326550e-01
3.533701160912173234e-01
2.947801708336450499e-01
2.179132234336091933e-01
8.838598997642894695e-01
-8.661166372802406865e-01
1.461935957145329423e-01
4.449737076049083417e-01
-7.627081891100153666e-01
4.152355163500595636e-01
-5.552674135883928219e-01
8.437988612736969651e-01
4.038093358968798396e-01
-8.539664710768820610e-01
-2.014250454923429134e-01
-2.276519998478363227e-01
5.596087196347748760e-01
-1.525111002833775264e-01
8.726085632332776232e-01
-8.197997948981886607e-01
5.152746022380489954e-01
9.754865172780972093e-01
-1.612777850470745455e-01
-3.445289837523096699e-01
4.690301944990051819e-01
-9.238840140374559029e-01
-7.462491911177382420e-01
-1.000000000000000000e+00
-3.466574915970705439e-01
4.941865919351837722e-01
8.454391737365991588e-01
3.835497034582828479e-02
3.501498371974541834e-01
6.840674526629647589e-01
9.544565007907146459e-01
-8.718261194907105383e-01
-6.065417293695429812e-01
-3.703072399209686449e-02
2.758997334481693708e-01
2.677183972538067502e-01
-8.891780881480650933e-01
-6.019046851507913187e-01
1.000000000000000000e+00
-1.309971521598084498e-01
-7.723721954880373719e-01
-3.449991223871279877e-01
4.392642349171604899e-01
4.502438051872792446e-01
-2.179322821051381531e-01
-2.962840159261980744e-01
6.507765224457878750e-01
-6.762988810388104177e-01
-2.645159531539534870e-01
-4.497617284519385139e-01
-2.879308141301457069e-01
-3.979097045209090133e-01
-5.500844478834511220e-01
-2.155629927159872505e-01
-8.259526518112412230e-01
5.702306783278418001e-01
1.587381023501394650e-01
-6.504281157426846649e-01
2.329623934593422208e-02
-4.099667428832169946e-01
-5.417413326938352869e-02
-1.433939754469894523e-01
8.459961768473509558e-01
-3.572586230327280399e-01
4.288058636640039722e-01
-7.495444476366066588e-01
