-3.275373111353794275e-01
-8.256648086404179132e-01
-2.154624778778480021e-03
-7.632728850013066335e-01
3.402046174586473848e-01
1.000000000000000000e+00
-3.158146271362804458e-01
8.245272198930392316e-01
1.897265746412610810e-01
-9.161453610622021237e-01
3.256739117135015738e-01
9.440834201623733435e-01
-6.642172532332013546e-03
6.279043928607338509e-01
7.710676746498601464e-01
-2.275357642636626210e-01
5.006976607821175262e-01
3.146938571780014127e-03
-8.619205954080124688e-01
3.307360486050235915e-01
-2.391152419098232507e-01
-1.050923690776811997e-01
-3.703223729534733666e-01
9.655960726506293001e-01
-5.739316660689082195e-01
4.293032846301269578e-01
1.433808748216747475e-01
9.640022936535556086e-01
-4.160560183792787470e-01
3.608141010622304412e-01
8.851330064049768298e-01
-8.228242324135348618e-01
-5.997321491945615257e-01
-4.865351536446997360e-01
-4.707236510830528076e-01
1.000000000000000000e+00
8.600438367664614558e-01
-1.964522681134322490e-01
1.000000000000000000e+00
-9.334557776785899763e-02
8.760921364671271361e-01
2.758350257088879598e-01
3.786617944416809101e-01
1.228625847186266551e-01
-8.168678747887236913e-01
-5.795919189771017166e-01
9.908508883302464820e-01
3.863322824614500162e-01
8.214985690081066938e-01
3.978655265934923357e-01
-4.997911319011874021e-01
4.959819193370729878e-03
2.422667354617157043e-01
2.768091261017803784e-01
2.750850084634935966e-01
-7.521951659693746350e-01
-6.589786913879059904e-01
9.504578427318171041e-01
6.192853767086076155e-02
9.139554240678271491e-01
1.570326848367162298e-01
-8.153788148923682977e-01
-1.000000000000000000e+00
-3.026466315294263354e-01
-8.884263529569839113e-01
-1.000000000000000000e+00
7.683252250166423547e-01
1.607416094604480761e-01
-5.460336954418307798e-01
-8.606801023816876839e-01
5.682614389235876029e-01
-1.000000000000000000e+00
5.242827100967695220e-01
8.373055852015083289e-01
-4.663161048482032944e-01
-7.989954627749438210e-01
-7.274105329963416189e-01
-8.588126365979311672e-01
3.799786353809231354e-01
8.503207868569582217e-01
4.667524020447546551e-01
3.569974361458712053e-01
4.911781897802332264e-02
3.968871173422112708e-01
-7.665572280511909753e-01
-7.308246360858321466e-01
-4.809879441559003488e-01
-7.203184218826025331e-01
5.952268510710695404e-01
8.302295982033649491e-01
3.546568361570473504e-01
7.259401194191188456e-01
9.154009319533267242e-01
-1.259560962457493272e-01
-8.448031368806341312e-01
4.877540655733594299e-01
7.888054707602052407e-01
-8.415908441196635614e-01
-8.737385366576274626e-01
-6.164219359811404786e-01
-2.853024151756685667e-01
1.432284727447151740e-01
-7.248282440854434405e-01
-4.071224414168420624e-01
1.128605347626586847e-01
8.107505658151505923e-01
6.293695514420244441e-01
8.848692957126936820e-01
-6.994986161795088142e-01
-5.149968241968557736e-01
6.200063968594055064e-01
1.994569807812689721e-01
6.780803391542772340e-01
-7.345904937837268722e-01
-4.275685115457976415e-02
8.285482197706026675e-01
5.176982093188522427e-01
-1.893392792659014112e-02
-5.152461561550064628e-01
9.299711898616529471e-01
4.319565823681414257e-02
1.477074941421068766e-01
3.233612953079229579e-01
5.535569386441075990e-01
-3.842540460978069450e-01
3.242550366655417293e-01
-2.354568963820815597e-01
-6.231346045386868537e-01
8.355758995945641865e-02
1.891916130603783219e-01
-2.507933946739484554e-01
-6.521688060627812700e-01
5.332885663783641927e-01
4.132047967547081146e-01
-1.032360775094093436e-01
-7.473938944899845005e-01
-8.642097931733805360e-01
1.205183107325898950e-01
5.208255761521766170e-01
6.167911509159176298e-01
-3.800759353091907045e-01
-1.000000000000000000e+00
-7.311534548233327158e-01
-6.108322855359427095e-01
-7.043322810589806859e-02
-6.868445034004122540e-01
2.378208468177818447e-02
1.506259992766900702e-01
-9.677286141509459094e-01
4.394918170255694423e-01
-9.790649083422541255e-01
8.053511897857168478e-02
4.191428140517022838e-01
-7.082708586967347841e-01
-3.895381679480009463e-01
-4.103803419815472697e-01
3.472775750190346677e-01
1.750482299095950656e-01
3.269005396520339168e-01
4.175096950622652070e-01
3.643052284401473440e-01
-4.330418903856245727e-01
6.476899482524546281e-01
-3.517721164611311568e-01
-2.024484053078648149e-01
-2.284587624152732976e-01
-5.539094531156777412e-01
2.512529425778197156e-01
-7.144484191605962042e-01
-3.543458050206313437e-01
-2.241828350077132992e-01
-6.345661067609736916e-01
-1.589572737414069459e-01
-2.216820738616981368e-02
-8.836155849025931208e-03
5.099408305435959576e-02
-8.949096628575237133e-03
2.361609335434608770e-01
5.002933550869346213e-01
5.146646970976609392e-01
4.036589352475760117e-01
8.467224635267529553e-01
4.143101115889648023e-01
-7.309409518438113595e-01
-5.642837052138827136e-01
-7.208217506108526296e-01
2.055049250333682853e-01
-1.000000000000000000e+00
1.809275518515619241e-01
7.922445605452335116e-01
1.698023752650144602e-01
1.115551851755696988e-01
4.764630452276663597e-02
6.542541122917177043e-01
9.589354638295508604e-01
-5.363261292097329935e-01
-6.647483640848110831e-01
-4.183643310918035430e-01
3.193060585957745445e-01
-2.781027560243746199e-01
-4.354628724514120197e-02
8.503200072882184379e-01
-3.238099806769170197e-01
-1.260733991960442668e-01
-8.332897270505820186e-01
-9.863736076013400744e-01
-1.291696694998456518e-01
-6.358323302026489543e-01
-1.159766414190581685e-01
1.097101525763915369e-01
2.062735490996951693e-01
8.190864334091212118e-02
8.044030772014674202e-01
2.975278406495057149e-01
9.246178027153104662e-01
5.984410948535557884e-01
8.223043211664640140e-01
2.220534814694574144e-01
-7.865438914849480767e-01
7.191084880335235630e-01
4.788675691235691478e-01
-5.428400196774091357e-01
-5.030045708398399595e-01
3.575313259313377401e-01
-4.046132575517356611e-01
-1.835717281212545515e-01
3.222192081990989942e-01
-8.256156504012721609e-01
-2.556269253213134252e-01
-2.819626709707981349e-01
1.400655909415815525e-01
-2.147322530043354050e-01
-8.620819653561806462e-01
2.961667783072592375e-01
-2.813973754994533172e-01
1.003333462467924514e-01
-6.678641846569782770e-01
1.000000000000000000e+00
4.872174662188766270e-01
7.643771451298196906e-01
-4.680871266710928680e-02
-1.743423432314846200e-01
7.483535692875213918e-01
-2.784604173081989265e-01
7.869013602308772004e-01
7.672041170981633851e-01
2.206338502898583520e-01
8.476477145441548011e-02
8.522293445253636968e-02
-5.880952285232122767e-01
-7.512460832172401792e-01
5.065728188114150266e-01
-7.109510702059913534e-01
1.000000000000000000e+00
-1.674256168669870648e-01
-3.548477422988324803e-01
3.066951451098423043e-01
9.336726522917347948e-01
9.856336889078652908e-01
1.909764560563026459e-01
-6.423369995314700542e-01
4.640590389564769880e-01
9.891097442271762352e-01
7.826911006881218449e-03
-1.376313400700504008e-01
