2.465254273420040554e-01
7.703496637980384865e-01
6.287770469022682662e-02
5.257489384451019543e-01
6.043456081342095665e-01
1.100412125868222457e+00
5.065232154084531313e-01
6.416726995356758501e-01
-6.339360541789754722e-01
7.949147101962453776e-01
4.011490187486593251e-01
-3.679186442975109772e-01
1.739636773025670657e-01
-6.081075028838489605e-01
1.062870751643680833e-01
5.652506659355394092e-01
5.455489076414048455e-01
-8.854633633563132600e-01
9.122482963745003337e-01
8.988218257261342270e-01
-6.885751568413858159e-01
-9.164991594868932001e-01
3.706305990233220715e-01
7.892253757017966276e-01
-4.293449006210692254e-01
-8.270448574172788447e-01
-9.851947845386566094e-02
2.427784929578964412e-01
1.379642135619040255e-01
-3.009889156205943772e-01
9.152637660700873035e-01
4.506479813663286649e-01
-8.056004277406009217e-01
-5.473404164664237292e-01
1.251494369677599305e-01
6.648412974287236654e-01
-7.696932223483063940e-01
-1.013687134777268684e+00
1.979233673742564203e-01
-5.943418211959932140e-01
9.294491844542802639e-01
-8.300189578461539819e-01
-4.039774324354077351e-01
1.529704795106648363e-01
-6.595721009681563274e-01
-7.422566184248036159e-02
8.676431068389185430e-01
-9.868892829136088896e-01
-7.007452507006071141e-01
-7.046264342031872685e-01
-7.747489421469577753e-02
-9.296799044821735247e-01
-8.857217734789788466e-01
-6.796117702887272127e-01
-1.712393757093066404e-01
-4.268819868602702350e-01
8.215990901699582460e-01
-6.360120566418892007e-01
6.022955084848192753e-01
5.440490137067108822e-01
9.402161080623112621e-01
-3.740712162611806724e-01
-5.955598963111323751e-01
6.498031577159296690e-02
-9.884559606664995446e-01
-8.136344818940228762e-01
5.579430489666741266e-01
-3.426849905476594405e-01
9.661759674551955168e-01
-7.255402442439853328e-01
4.489028319260786604e-01
2.840152098216873755e-01
-2.397121820757750488e-01
-9.931727750741208283e-01
7.406947179077210119e-01
6.038562614990585775e-01
-5.592615545279093769e-01
6.477704075610795087e-01
5.457928303270275228e-01
8.366194470643151249e-01
1.629798415970673542e-01
6.050750080982650880e-01
5.361636137981704575e-01
-1.285946178733795020e-01
4.185336835401005651e-01
-9.056579186133983939e-01
-6.697333644041534306e-01
3.185965061429183454e-01
6.934735565698281201e-01
9.678210192463296835e-01
-5.976660383768517271e-01
9.151942450417178687e-01
2.036239816812128178e-01
-5.000877021303278269e-01
3.377841247660645640e-02
4.376946870076725560e-01
-6.061140429730247359e-01
-4.179462750855285624e-01
2.721294880596827337e-01
1.979819260136559400e-01
5.854247638615163174e-01
-8.154333314278654488e-01
-6.940329430989424786e-01
-5.560287477410882362e-01
2.660795890581113543e-01
-7.951533455624473223e-01
-5.123295297143015681e-01
1.603011859173717468e-01
-8.965770231942340462e-01
1.050009469058480888e-01
3.866104510624204238e-01
4.857113434999554280e-01
-6.108691792039291357e-01
-3.859431329665712340e-01
-4.011528133269704616e-02
1.592997153418871381e-01
-1.210131603869956801e-01
5.339263095938977521e-01
-5.976504505870161577e-01
6.927089795322634025e-01
-8.849206362186913255e-01
4.171970861189758240e-02
-8.231915540138852183e-01
6.014388862945849734e-01
8.435661355002157524e-01
-5.776702198838593594e-01
7.962643461751872653e-01
2.623339269396529616e-01
-1.589219696044335828e-01
7.280035994485453688e-02
2.744254721095866767e-01
-7.234305457266332340e-02
-1.848471418236115049e-01
6.152341298802108671e-01
7.958535206730766864e-01
4.330057507930185068e-01
1.341982327193373958e-01
2.614772216053413700e-01
5.980619199854675383e-01
-6.095217546795272945e-02
-5.224761174155874155e-01
4.396060279316840180e-01
-6.667013967327377610e-01
-3.031002025208448525e-01
-9.298446411759789809e-01
4.314704494305563465e-01
-5.436861860204712515e-01
6.688605773859990222e-02
6.949984136803992740e-01
-8.002603750147812001e-01
-9.878333390797964242e-01
-8.317989984569498230e-01
-1.130372198333707168e+00
-2.440172606214479067e-01
8.728558407225308624e-01
2.337390209602752122e-02
2.219961573582354686e-03
-6.250011850420500448e-01
5.675941948526919134e-02
-3.025231639250143267e-01
1.033956452672911697e+00
9.082722365909356999e-01
-5.323901523328322671e-01
-8.216049013182279426e-01
9.029028494657780346e-01
-7.144176706476896843e-01
-4.181705226391401187e-01
1.073019415929175602e-01
5.783246057354785030e-02
4.703286546766567433e-01
7.135496229072835206e-01
8.553872451743756988e-01
4.012729086083095531e-01
-7.744795068803100868e-04
-1.199545119307399155e-01
3.561846395019125922e-01
-1.895135932618576824e-01
-8.652764432541253381e-01
8.567216589998272180e-01
2.021895426244042504e-01
-2.792139689024408788e-02
5.874071621539274091e-01
1.035603934362188117e+00
-7.195964149540332588e-01
-7.188553489458522350e-01
-4.809861594352323189e-01
-5.235891751178289866e-02
6.544488457891151079e-02
-8.306953286408831350e-01
4.104375220050137107e-01
4.373127664087156363e-01
-3.994008490810292411e-01
6.719535952018036440e-01
-2.439682371233158342e-01
-6.948831867260806261e-01
5.266158361374868591e-01
5.919516253579029108e-01
5.018380285448024170e-01
-3.062073484039760651e-01
-3.869182851809476187e-01
-8.854914819447468055e-02
9.774537756887430318e-01
-3.726491503093489754e-01
-1.755496913343954635e-01
-1.038660573152732747e+00
4.016990931357651284e-01
1.078194004604406953e-01
4.748502857695968693e-02
-5.268516552451318891e-01
4.769658541012893049e-02
-1.010178135773639241e+00
1.909138521611815076e-01
4.821884336739260535e-01
6.645211584419481454e-01
-1.015589974139170515e-01
7.999653003913275162e-01
-5.356396707919625078e-01
5.752815200636290927e-01
-6.924113681983368185e-04
3.844084904439348804e-01
1.331830540583143208e-01
-1.569780181863997537e-01
8.045567146991682295e-01
6.968715446193849417e-01
9.422499877466429252e-01
-7.179366751988710549e-01
7.750165974740717001e-01
2.169263125508365531e-01
8.927775005771958483e-01
5.917441026347436406e-01
4.830254438648322601e-01
8.931929109158271984e-01
-1.141776331810429035e-02
7.309120922471485926e-01
9.342438102702987912e-01
-1.343618075030408865e-02
-1.166893683280331606e+00
-1.882826908373993469e-01
-8.492074076870950172e-01
8.589319708418795551e-01
8.589395528371532862e-01
5.723018816123615071e-01
3.444999722107664475e-01
2.575983358197039275e-01
5.336647494417965376e-01
5.711405056657303803e-02
-4.943254254192841479e-01
-8.711334452867749434e-01
-7.450178248082088839e-01
-4.531031380638413375e-01
4.283563308775231171e-01
2.262289545192778528e-01
-1.578946185936502822e-02
1.688827065526811166e-01
-1.453139445704738630e-01
-2.873013511960167410e-01
-7.404145188450630966e-02
-2.180469153952957484e-02
1.340268667814097370e-01
-8.796658956744358993e-02
-6.337902765395992954e-01
-5.143160570668430243e-01
-4.471758890853513302e-01
-8.621697871411426739e-01
-7.209431987324310676e-01
