-2.931877905024242170e-01
-1.000000000000000000e+00
6.346068181699582311e-03
2.847479515225491697e-01
-6.808616729238274878e-01
-2.991405795250449140e-01
-1.000000000000000000e+00
-2.508583947076220566e-01
-3.097960969976762402e-01
-6.443524935691502531e-01
7.954958522275541455e-01
8.957134087024321012e-01
6.018742278304241022e-01
-5.903378861808495914e-01
-7.254396886346824447e-01
-2.050324618007594857e-01
-3.039208960834728912e-01
-8.028505082560998263e-01
-8.396418946954381513e-01
7.589788226977600694e-01
8.437970693851158943e-01
7.318583583725479791e-01
-7.255685536346353492e-01
-3.989302956706031189e-02
-7.106675781858395879e-01
-4.506857126143284376e-01
-7.804563441225436105e-01
-7.833546011694842992e-01
6.691181652606256192e-01
-8.174925553353834529e-01
1.000000000000000000e+00
-2.679901587046725764e-01
9.156334007854138868e-01
-7.533541144232098752e-01
2.560043869935683669e-01
2.787480312691708595e-01
6.796301660090827701e-01
2.993264372157233288e-01
-4.860961639982075422e-02
-6.513866961310836867e-01
-2.626593672554946579e-01
-3.550961603307480896e-01
6.903387734619287341e-01
1.240876757479111026e-01
5.455664851641789381e-01
-2.699518432369384935e-01
-4.433144511049579850e-01
6.015990147846752567e-01
8.525521110408443848e-01
2.119271527331505478e-01
-3.450722253666612671e-01
8.647498582090770158e-01
4.766951050175162186e-01
2.851930539874345527e-01
-1.651272146298436161e-01
-6.304780990248151085e-01
-1.199890828309602281e-01
-4.387332546692910284e-01
6.310975388777795292e-01
1.858917816801204381e-01
5.336859892801328886e-01
-4.062268347040382532e-01
-3.512111145300123027e-02
9.904874380297532532e-01
3.838885373113204436e-02
4.088608623382394835e-01
5.992058707003995455e-01
-9.690907458320163759e-01
-2.521062662337552052e-01
3.200689734141582976e-01
6.317845342375113527e-01
7.574197904200068443e-01
-7.401526060955265773e-01
2.397495011265524112e-02
-2.776865683207379032e-01
-6.072991892313845952e-01
8.815669576458637913e-01
9.127511015175089337e-01
-3.580685959419701581e-01
-1.757445724165176137e-01
8.837971378175687454e-01
-6.322421486436852200e-01
-2.031406756316060380e-01
5.386805907376182034e-01
7.187848631317611536e-02
-1.737753608012593820e-01
-4.861471949092844858e-01
6.851909028171001559e-01
-6.612273604624587797e-01
-2.743948995257300405e-01
-9.156865620726142296e-01
-5.657782427573385675e-01
-7.670247117864552600e-01
5.773143501978998948e-01
1.594571658065815356e-01
-9.576534705719752516e-01
8.269423317644648552e-01
-7.291977081007113837e-01
7.693280945500965418e-01
-1.072592504687828185e-01
-6.633371482155404619e-01
6.143957539125763923e-01
1.484455532505649655e-01
-5.559912912736151291e-01
-1.183106616063883121e-01
-7.552639247647612297e-01
-2.567755305465100890e-01
4.187575042782100132e-01
3.791929236234662937e-01
-7.138009922722634570e-01
-9.730101082645401522e-01
6.186280575909590684e-01
7.454105783808403496e-01
1.149783918270242539e-01
-6.148017556071265766e-01
-4.836695719491696521e-01
-5.561778407333261010e-01
-7.603860367377673901e-02
-5.985271607472353317e-02
-8.172498867900415132e-01
-4.879868197057068979e-01
7.489375324770531916e-01
1.000000000000000000e+00
5.395296725452433106e-01
-8.581287579849757874e-01
-5.774607015201614901e-01
-3.274974049806302911e-01
-4.795558683339073980e-02
-6.558122510147919026e-01
1.224664499137850804e-02
5.059408687016737627e-01
7.056542317634670880e-01
4.408154569026523362e-02
1.268933212130922139e-01
-2.705189839589861589e-01
1.000000000000000000e+00
-7.816502462469374635e-01
9.026513085536460590e-01
9.175855220457479478e-01
-1.733874022425450079e-01
-1.854767545658405903e-01
-4.909838960673265640e-02
-7.175036929087189042e-02
9.866460611773683054e-01
-7.548655814432165823e-01
-8.616768791401063776e-01
6.325455866237519320e-01
1.365859860953522187e-01
-9.380888033173540030e-01
-2.486341123227950312e-01
-4.588439957874033692e-01
-4.722149603701533138e-01
-8.249818655538800893e-01
-1.855952574812133049e-01
4.508992071612345498e-01
7.606529536374326828e-01
-7.134725444475307210e-01
-2.113161862371060185e-02
-3.726262529590462780e-01
5.102428005875417893e-01
-4.944516425058997910e-01
2.191360333448839348e-01
-9.946229059442726061e-01
-4.645946897953479038e-02
6.586896072333690011e-01
-2.124957514271122172e-01
4.336771301072430140e-01
-3.100933320720551389e-01
6.600878003992560750e-03
-8.714455720105145353e-01
1.284167901586837079e-01
1.638819750331862724e-01
3.856854722517469858e-01
9.309939086412452047e-01
-7.062527049423715786e-01
-8.503390127224383921e-01
9.292498176587624670e-01
2.676385787804790861e-01
5.117325817145663702e-01
2.576655576822451943e-01
7.743673310823635525e-01
-2.328068979661291338e-01
-7.784002155666103206e-01
4.669543131857398777e-01
1.901330956005848338e-01
-9.075834315590960433e-01
1.319757304831570277e-02
-5.184272660084111584e-01
6.265117123146409783e-01
-4.691690153172638489e-01
5.283739272650371799e-01
-3.562408453937456199e-01
-2.980009080983549996e-01
-1.740395786950215962e-01
6.879668091689670195e-01
-9.196706155936358318e-01
-7.462233298450604568e-01
-2.706742835083175702e-01
-3.720108210323613829e-01
-8.286530947473802478e-02
1.000000000000000000e+00
-7.538129933383055370e-01
3.154126451199810999e-02
-6.587784731779151581e-01
-9.465294661848108748e-02
-6.738110867835989115e-01
8.123515772548085545e-01
6.991104483347314602e-01
-7.163721658762010058e-01
-1.402989166894959838e-01
-5.595065328446940933e-01
-8.927153170771173762e-02
8.521179081368590591e-01
-3.895928736497564215e-01
5.462098127232081213e-01
-7.648507788797122009e-01
-8.851722337394932749e-01
3.202394214812260831e-01
2.748083933993256123e-01
-7.798291382016704354e-01
6.599472654724721776e-01
-3.676957257289811820e-01
-8.017055450614247736e-01
-4.146100021120279200e-01
-6.875297825335682234e-01
5.419838840014554737e-01
-6.794220111377132776e-01
-6.142414505377556955e-01
2.621017338234742367e-01
-8.595723645355812792e-01
-8.227414603450982078e-01
1.000000000000000000e+00
9.231052859042024883e-01
1.000000000000000000e+00
-3.247377466159958592e-01
-9.897324597554877368e-01
-3.851177828306784345e-02
-1.000000000000000000e+00
6.689330055083989590e-01
9.796469458417661480e-02
-7.987290076516595505e-01
5.255561641699354469e-01
-5.918066136653300502e-01
5.194252201719429252e-01
-7.484779660182985239e-01
-5.129509681473798377e-01
6.869807966990786330e-01
-7.567496037756877847e-01
5.338609801640448183e-01
-6.090979239344886942e-01
5.619088098181079793e-02
-8.326665735531210144e-01
8.323201690907461314e-02
6.410317739245992019e-01
-2.492105128610915266e-01
6.678824552780195933e-01
-5.268286970775747369e-01
-2.034401986091288750e-01
1.398036667190202809e-01
-5.440987714056755298e-01
-6.632854541698743889e-01
3.041486899413375911e-01
5.741549514486126160e-01
5.206077434270995896e-01
-3.910700252348193739e-01
