-6.485795059092165360e-01
2.450733669053534736e-01
-5.775304228783826321e-01
2.610868081346771064e-01
-9.661890007523543655e-01
-9.184645610796078330e-01
5.666218797025637244e-01
1.231666176386678746e-01
1.684968719365709244e-01
-8.527039585643848563e-01
1.561184511481716886e-01
-1.000000000000000000e+00
2.690748931022139967e-01
4.226114686575940249e-01
7.172520359111802524e-01
-1.000000000000000000e+00
-1.216938432612710286e-03
1.000000000000000000e+00
-3.802670215063694292e-01
-3.465290380672803039e-01
1.000000000000000000e+00
-6.755184790830170982e-01
-3.023597615317227261e-01
2.061530817272071991e-01
-3.075871355712352373e-01
4.826831533991268186e-01
5.232842153835368659e-01
-1.835343077454072436e-01
5.914664468254269281e-01
-7.762311788089596432e-01
-6.955105232050944331e-01
-5.711138203573741245e-01
5.984356246500109888e-01
-9.053309210095514259e-02
-7.001620501372958216e-01
-3.976665599673821494e-01
-3.394565777298537146e-01
-9.017566298380292888e-01
8.426285418730763421e-01
2.881865999704489312e-01
2.961527615254331280e-01
2.349093317100033884e-01
-1.000000000000000000e+00
-7.735376835987296529e-01
9.221477259059320808e-01
2.088616044109958270e-01
7.180057256060119464e-01
-6.341415819954242528e-01
4.330152699211127221e-01
7.242615940289741649e-01
1.632662112956022038e-01
-4.049970024823208448e-01
-1.406394802743861083e-01
1.218681117370312705e-01
9.077327078331596244e-01
-7.448184490751559306e-01
-4.153360797795485615e-01
4.232821404879441030e-01
6.910526342484850648e-01
4.656785764145378592e-01
6.649096872578803552e-01
1.000000000000000000e+00
-3.764943798276396691e-01
-4.844970632090254137e-01
6.321069045157519106e-01
-7.086073385573883332e-01
-7.182602124730379511e-01
-2.835517859018540365e-01
4.660428107317482471e-03
-1.747866832947082560e-01
-3.169976811049626253e-01
-7.873733163822808079e-01
-5.611929257601512289e-01
5.226279272118482533e-01
8.519398859885413122e-01
7.540008788416366903e-01
8.872573894721098586e-01
8.615573547824476042e-02
2.965697206660831975e-02
2.357954008481473185e-01
1.000000000000000000e+00
6.918004910284553111e-01
1.495606330669780881e-01
4.812450003317340630e-01
-2.553889455451214263e-01
1.000000000000000000e+00
-4.195745285365335420e-01
-9.306709755184178201e-02
-5.548029199183376892e-02
-3.683964746576166016e-01
-5.068791932792817700e-01
2.731956169477004620e-02
-7.314971173159678930e-01
-5.784468691922933781e-01
-1.000000000000000000e+00
5.368201488920196773e-01
9.478735878639765744e-01
6.828275840140757280e-01
-5.629283529544301112e-01
5.748227952092466175e-01
4.243681040289353223e-01
2.673053205460007020e-01
-6.045524798625078189e-01
3.366065888172888876e-01
-1.000000000000000000e+00
-6.742970024604565404e-01
-5.235628597583756871e-01
-7.454908201148646718e-01
-2.254670225066269795e-01
-4.219420723575245669e-02
1.000000000000000000e+00
8.941130979596578765e-01
-2.972036232865065686e-01
-9.382937983373502711e-01
1.000000000000000000e+00
-8.928926874399998326e-01
1.282377599657478218e-01
-3.852563172840559602e-01
8.263187014873702996e-01
8.219211456666996041e-01
-6.117663520950152867e-01
2.673606154712304672e-02
-9.613584423830732195e-01
9.190794687032597388e-01
1.000000000000000000e+00
-8.663897104526152582e-02
4.566402081879508135e-01
8.746336889834226413e-01
-2.837240595876511229e-02
-1.716229453076115186e-01
-3.739794775735605370e-01
-1.410801237854977797e-02
-1.000000000000000000e+00
-7.166810882949796735e-01
-1.000000000000000000e+00
-1.950581730939491276e-01
-1.412747310413453583e-02
8.923728458859294665e-01
-4.933333887699080100e-01
-3.718450143866287583e-01
-7.368901822216691322e-01
2.623060028544841327e-01
3.916926942174553949e-01
-1.000000000000000000e+00
1.232765252633524489e-01
3.306190424290564867e-01
-1.000000000000000000e+00
9.240566839036898905e-01
7.476160251099057685e-01
1.000000000000000000e+00
-3.754189129563969551e-01
-7.427872076558055259e-01
3.317773769016298946e-01
4.022552524415942132e-01
-2.235243563759510832e-01
3.961369563158566032e-01
-3.191544120776694249e-01
-5.509093497437349551e-01
-6.753179358059138160e-01
8.997899134202762550e-01
1.362687828324458117e-01
9.754574387252310519e-01
-3.000198129289887716e-01
-7.559050725227114409e-01
-8.644603336312128850e-01
-4.295242707327857901e-02
-9.157991056466561197e-01
4.636398489134130885e-01
-1.570519067816533720e-01
1.632969346357470708e-01
-9.410470271964670452e-01
6.136399605007780700e-02
5.650942469863996509e-01
-9.279920065500580906e-01
-9.355147198294664346e-01
-8.012217723048159490e-01
9.818788031041928432e-01
-9.657046125551119742e-01
-4.236494042491820711e-01
8.414674621290987311e-01
1.588318025935669953e-01
-3.232258600919485358e-01
3.942163519289227924e-01
4.377440570561047517e-01
-5.000096856649571819e-01
1.000000000000000000e+00
-1.000000000000000000e+00
-4.449735142217929873e-01
-9.027526375101710965e-01
9.837297349628815191e-01
-1.000000000000000000e+00
-1.811310576748031975e-01
-1.672918998539090207e-01
-1.000000000000000000e+00
-1.723885269404674403e-01
-9.378428123031221642e-01
6.765955581955074294e-01
-5.308682717215513769e-01
1.734718725723096711e-01
4.452036279043301570e-01
3.981620668302513488e-01
1.861894138303730184e-01
-1.535652752483439853e-01
-5.632346241075132376e-01
-7.910920418673914600e-01
9.771116400689425774e-01
3.768183346645849197e-01
1.000000000000000000e+00
-3.585666259047415316e-02
2.421985510908360451e-01
1.000000000000000000e+00
-1.902369593236012957e-01
2.797848340934572242e-01
9.468415596954253832e-01
7.935766680662271755e-01
9.123237511664805677e-01
-1.000000000000000000e+00
1.494892962106253442e-01
1.000000000000000000e+00
-4.352975774077426085e-01
3.115045515249540986e-01
-1.000000000000000000e+00
-4.184582305942770031e-01
6.522689235552386888e-02
1.000000000000000000e+00
1.126194511138178811e-01
6.174714149897493343e-01
7.056924604459057226e-01
-5.554374544136125857e-01
2.258776301781693641e-01
7.350335954537929872e-01
7.920478093652150164e-01
-9.231639545869154695e-01
-5.961134283227506048e-01
-8.070015121727619478e-01
-9.648249489312539229e-01
-2.936101626386675711e-01
-6.320737356720225186e-01
6.320896222622014449e-01
-7.915206809090510331e-01
-5.266287100523472375e-01
3.893413987356821870e-01
-2.370393425982590396e-01
1.000000000000000000e+00
-5.740433475252799678e-01
4.991067626578664651e-01
7.046643615407891525e-01
4.110739400548892863e-01
5.484301770674131493e-01
-4.904993353403264145e-02
-8.532297943246758276e-01
-1.000000000000000000e+00
3.655644573452343504e-01
7.859870047817393290e-01
-6.775301701880749317e-01
-9.815421725243564932e-01
2.968560020926654941e-01
7.473118825529867504e-01
-1.040441560797616960e-02
-1.266184192096755368e-01
-8.205284974835856948e-01
-8.966738063865289377e-01
9.878549640585094771e-01
-3.260137615980226999e-01
-7.802860423623247943e-01
