5.095029546229840056e-01
3.207971264320156335e-01
5.401918308075828179e-01
-6.630919409951354648e-01
-4.560674373992276709e-01
7.706518159722450800e-01
7.265342018026712534e-01
9.287391308092198816e-01
2.845138770863441247e-01
-5.901199202147526524e-02
1.693287080742214290e-01
7.659505482741064686e-01
5.287681172354810055e-01
7.178689638496689174e-01
8.809749235880336427e-01
8.851614636545110937e-01
1.053342266269016170e-01
3.075761983457159787e-01
4.151269646735578772e-02
-9.467182391353025361e-02
-5.769546067433541925e-01
5.606629335218231702e-01
8.404582182887272435e-01
2.436780125808511999e-01
7.462137101181582910e-01
2.858912431681758237e-01
-3.608642654812355133e-01
-3.360835690845038748e-01
5.369600957644318218e-01
7.515971985100833308e-01
-2.829237114639048811e-01
3.989618697680202275e-01
1.734125367619493430e-02
-8.746901109035727373e-01
3.274098259206701389e-01
-3.791005366925100928e-01
-4.480854815626870713e-01
-5.837806401826489688e-01
-6.494388176033112359e-01
7.458860629995138769e-01
-6.182062596979674973e-01
1.000000000000000000e+00
9.140364302519504713e-01
9.714511442312476763e-01
-3.554230694282032310e-01
9.935006079019583769e-01
2.885806068044554640e-01
-1.121415858816654648e-01
5.670340456915012872e-01
3.554048452960942850e-01
9.556465585582440969e-02
-5.085285180314342846e-01
6.779034347525803028e-01
-3.913819088575319904e-01
-5.371636679282421056e-01
-6.279627026106601173e-01
1.000000000000000000e+00
4.637057708425462721e-01
9.365705810374459483e-01
6.818604632285089062e-01
7.334676256370068481e-01
5.798623853671754924e-01
-1.000000000000000000e+00
6.496650368288018340e-01
-4.858340018518209624e-01
-2.453040101178211030e-02
-1.891694342044543120e-01
5.343510157714004283e-01
6.794838510290339695e-01
3.568330954733755500e-01
4.602700152225414065e-02
5.417916044953861032e-01
-1.235941942485914991e-01
6.336692416424182239e-01
7.731667157414616742e-01
-5.900136898308263600e-01
6.885477746852044501e-01
-1.251805938881889180e-01
-1.122569554876583775e-01
-9.906357923242827823e-01
1.000000000000000000e+00
-4.171509923693476063e-01
8.992157846632944374e-01
-2.004030025316084485e-01
-7.549365762087267839e-02
-9.703353336891913372e-01
7.113491926142020416e-01
-4.627635595046537542e-01
-5.292788736531606197e-02
2.101939747212753784e-01
3.796941435355652428e-01
-8.026588935519481938e-01
7.721483501516596126e-01
-6.788820359826074347e-01
1.781266070453052797e-01
-1.116575450041352585e-01
-1.582266586517953044e-01
-4.008276693006969094e-01
-8.065285227227469989e-01
6.715113499571430111e-01
-1.113871491032910610e-01
-6.745697479569334742e-01
6.087856977612271514e-01
7.104863691750278321e-01
-2.336671543628126013e-01
-6.048653270714133834e-01
-2.739808624290884231e-01
-9.244598387846125753e-02
-2.859593677049057092e-01
-9.908172777831225631e-01
9.387243183794597989e-01
4.921782940515324056e-01
8.088684538201239560e-01
-6.488788176699922250e-01
-9.803792872418912174e-02
-6.455008074957450104e-01
-8.791711312106802456e-01
-5.404333043816650362e-01
-3.874834559490190067e-01
-1.172047215169006174e-01
2.668622737364291231e-01
-6.846198255169114733e-01
-8.448104754939260719e-01
-1.000000000000000000e+00
6.313493022537893795e-01
3.599889321617190108e-01
-5.296856090257807681e-01
-6.836504813077460829e-01
8.051173496695462894e-01
-6.936411368199653094e-01
-7.352094030513569578e-01
9.608623301958190144e-01
-3.569764145587747128e-01
8.593472292391084455e-01
-1.179801735598264845e-01
7.277794900559291236e-01
1.000000000000000000e+00
-1.861872346121080934e-01
4.263888941743387839e-01
2.044479489101368730e-01
-3.253559636899637231e-01
-4.355930799220495975e-01
-9.516478078293532095e-01
7.589111525512738377e-01
5.949866611821195139e-01
8.822443442305547556e-01
-2.206453663030436552e-01
-7.775864381289430971e-02
-5.926694473725621082e-01
5.061282053635440814e-01
4.814763493221743129e-01
-4.382639802084176694e-01
7.747511037737745410e-01
-4.424222149010727245e-02
-2.991343824839248766e-01
6.952455650489616223e-01
6.783861524083276695e-01
-1.000000000000000000e+00
-6.146191275271274401e-01
8.128075895762925107e-01
-6.210939731762028515e-01
4.382943921494931172e-01
-8.467945075216118944e-01
3.191596080074850239e-02
-8.506953669209567359e-02
-1.632275303581017800e-01
6.428400085133011421e-01
8.000376358375231867e-01
-7.132581385960917730e-02
3.669788763022918121e-01
8.593169683159564975e-01
1.837364230719722991e-01
-1.000000000000000000e+00
1.169975185573319809e-01
-2.831857347883542930e-01
5.074751481863073455e-01
6.673749086312988910e-01
1.514133404854929310e-01
3.557718578235940510e-01
4.317103163445949465e-01
-3.311309368249875096e-01
6.513871952874935589e-01
-1.793258841455880603e-01
-2.591858500685909061e-01
-1.000000000000000000e+00
2.723430312008343068e-01
-5.248107352302792128e-01
2.493238311555131814e-01
5.549075345554539407e-01
-3.604041631043093386e-01
-8.158947470047858697e-02
-8.230770683502356411e-01
-2.050370312469867451e-01
-6.904246254318715525e-01
-1.535307424947140453e-01
-5.233679375944381984e-02
-9.874961529525203008e-02
4.274031021596678692e-01
2.728327099977735926e-01
6.495616699335211575e-01
7.789403922515355516e-01
7.007149420763626735e-02
-4.050277146494505320e-01
-3.499999933262817886e-01
-3.479691649244419649e-01
6.828983479774308751e-01
4.603187285451917909e-01
7.748074212419777673e-01
4.539830219761187280e-01
5.318941479336957157e-01
-2.619864149353747784e-01
-2.660197595172134055e-01
4.512083774874524611e-01
2.511559905741314602e-01
4.965098708572999731e-01
-9.339146462741755306e-01
-2.377470347923005545e-01
4.650928488532450333e-01
4.675595864403800928e-01
5.892439277566976497e-01
-8.526072298637030894e-03
-1.658123423530198370e-01
8.749413377012381365e-02
5.247368484503734942e-01
-8.373592831132701253e-01
1.332178231442902039e-01
-1.927105507846686994e-01
7.416436798987029455e-01
-2.379765078665537770e-01
-5.538519819526908083e-01
3.992803847339663204e-01
8.551125419532674687e-01
9.826923953080015650e-01
-7.028162384361477666e-02
-6.127264454200518351e-01
8.418748151894731580e-01
-1.126537174552904724e-01
5.399245526537281847e-01
-1.154525522033787166e-01
-6.063445646861551630e-01
4.856081869810604523e-01
-4.343196222150756403e-01
-7.417178902789884898e-01
8.105974766302302958e-01
5.952742260147475539e-01
-1.000000000000000000e+00
-5.313331117522156477e-01
-2.733280531015655490e-02
8.338941686945192666e-01
-6.753458436048142000e-01
-8.190702268235281469e-01
-1.926337655243889613e-01
-6.992437511492342050e-01
-3.471828039643327091e-01
7.172598296985450705e-01
2.041637749111227251e-01
6.443139329746738753e-01
7.349448200333267289e-01
-9.901194583480223965e-01
-5.452127783988833798e-01
4.592113844410352086e-01
-3.938816389552179942e-01
6.824613828833587803e-01
4.280378663861550970e-01
-1.990173049007794848e-01
