6.184967207110567688e-01
5.696330311202398855e-01
2.295020414076193171e-01
-6.691814438417941213e-01
2.429105369635387035e-01
1.488070723697670072e-01
-7.368619928080069048e-01
1.485529151079436616e-01
5.253251405390368944e-01
3.071587235139342509e-01
-8.652685153762290637e-01
1.002331375729768603e-01
4.175794775566076256e-01
6.529879950475627748e-01
-1.361581420427037670e-01
-2.959847036540353971e-01
3.350410033941294552e-01
-5.996585861932637318e-01
-1.641204055681789731e-01
-5.639552799289180296e-01
3.930454420754655454e-01
6.767423213712459029e-01
1.359044330811242651e-01
-2.210319154403966313e-01
-2.182219556161095197e-01
2.030819922876865302e-01
1.667339779721540016e-01
-3.641900855276842264e-01
5.279465012522075451e-01
1.065147729730343273e-01
4.193267982775763514e-01
9.321257096653979834e-01
-7.764153963799180769e-01
4.528570854272812030e-01
1.613764834417174554e-01
-3.901757262222620981e-01
4.655554637771538440e-01
2.394302892328472321e-01
-7.368045664906437420e-01
1.718089074285695239e-01
-4.754718337919972559e-01
-3.613816160432027358e-01
1.408734073303371526e-01
4.266540901868876023e-02
2.773518570830756091e-02
-2.395195512453096587e-02
-1.120559799040245497e-01
2.074456156431972731e-01
7.119448184531480539e-01
-1.832456400006694519e-01
4.301078799894982319e-01
-5.707226549164667873e-01
4.001501813537234886e-01
7.465214898531158383e-02
-2.597240455855255314e-01
-8.050687965737759466e-01
-7.700498437970498822e-02
-1.535745380129589499e-01
-3.733847212276675265e-02
-1.092400407864604350e-01
-1.518239012174703861e-01
-1.649446374987203201e-01
1.958994992022045079e-02
-3.209840110986775241e-02
8.253208025644934720e-01
-1.357763748997932174e-01
-8.104670260445528962e-02
4.491577607408003825e-01
-2.313992600967621494e-01
-9.689988168486038944e-01
-7.461894029281384011e-01
9.186860340222169352e-02
-3.774674112064242970e-01
-4.524359157803581333e-03
-6.113822013819303347e-01
-5.042260669251155125e-01
1.631889365282455651e-01
6.823759850413166350e-02
7.304000697633590278e-01
7.253639586335891565e-01
-2.648865988051415377e-01
-6.399990842393148416e-01
-8.154520096256567818e-02
-2.038340148736924595e-01
1.559050660192204951e-01
-2.205527449498702330e-02
-8.531383891844926404e-02
6.683667306986877943e-01
-6.911499031647182489e-01
-3.156493416241523686e-01
1.332933782547841006e-01
-1.177272899288759056e-01
-4.849404757089071927e-01
7.391142249432577360e-01
7.608291312640143023e-01
4.677592105006940226e-01
2.497403352895923301e-01
1.416994998761276769e-01
4.276151848107323517e-02
-2.128960499258089056e-01
8.581789571548059659e-01
2.244191841799633436e-01
-1.978822565063471650e-01
6.564738274310999433e-01
5.342200557743502776e-01
-3.947475210361424125e-01
-2.843509373541630580e-02
-4.419405825079819605e-02
3.034085491621389963e-01
-3.111375259914811453e-01
2.096338558484586168e-01
2.292947929051874778e-01
2.094129102073219451e-01
-2.165118542623664100e-01
5.913082429523078831e-01
1.790946749526301507e-01
-5.343452954460876647e-01
8.143662763072294641e-01
2.483877726253858886e-01
-7.529055850598752597e-01
3.347308616154860417e-01
6.305643991971091600e-01
6.518054550728807905e-02
-2.100258517031947658e-01
6.498754477145107789e-02
4.596647757677144730e-01
7.244613714661159998e-01
4.705221242933276260e-01
-5.979134453542123140e-01
-3.553166934183193404e-01
4.797499469972577035e-02
-1.717385121609774357e-01
7.145754865882577578e-01
5.261486069245419062e-01
-1.101901472336203058e-01
2.643405814908513229e-01
4.255852657784200410e-01
2.276254903657891626e-01
-1.788421515100054315e-01
-3.802356976096268326e-01
5.343959870412257063e-01
2.209884837859241447e-01
6.364921780077943403e-01
-6.720076910952173244e-02
-3.549185004394751486e-01
6.952555590648163975e-01
-2.510884345614523561e-01
5.668397479632858449e-01
-2.673932109610872021e-01
2.041070997243303875e-01
4.676973115483480936e-01
-2.319675584151414394e-01
3.571917802833564637e-01
-2.061034452154981156e-01
-8.243788041905327768e-01
-9.697983398664070664e-01
4.843919726483717492e-01
-3.489819855047954222e-01
7.433243955439081119e-03
-6.755097868521466875e-01
6.307795282670737302e-01
-1.566933538254338121e-01
-5.025292477621585707e-01
5.912797890792454991e-01
-2.046774991080596018e-01
1.236857664679255481e-01
-3.464837564724603247e-01
1.087137600481496436e-01
-2.344899840479904851e-01
-1.875850859884464761e-01
5.889233370109879795e-01
-9.193136477664787254e-02
2.497622473427668910e-01
-5.532582773632332973e-01
8.189849178701891219e-02
-6.252240738652727892e-01
8.312138427398296781e-02
9.052421298070600919e-03
4.617715581823556015e-01
-2.401794886747005975e-01
5.792463022540061957e-02
6.853128172782119165e-01
-4.469835300992650584e-01
-1.352619144898853376e-02
1.285291802981027853e-01
1.784274637429249244e-01
-4.737464901223015223e-01
-3.765960232076275838e-01
5.063102332901907587e-01
-2.904281373020531354e-02
1.255725324652233466e-01
1.937499660274499824e-01
2.704140781779146296e-01
-2.594149166253557071e-01
3.160350633392340347e-01
-2.762244363775414047e-01
1.055571492163071973e-01
7.572432620842572959e-02
-4.304379846731506420e-01
9.006008184017329221e-02
1.886134809473606344e-01
2.218469184639199066e-01
2.051319952819038450e-01
5.522905929766119826e-03
-4.592142131674079586e-01
6.358473158782449453e-01
8.635639988867283012e-01
-4.773478360974574009e-01
3.326876166303349702e-01
-4.907088493256347439e-01
-6.189748440308344701e-01
2.113728430844828421e-01
-2.217685319837811309e-01
6.650969176310433939e-01
-1.183250546215766918e-01
5.768299291139737661e-02
5.768532887110827678e-01
-4.417544137117793146e-02
-1.774618383692411760e-01
4.522935757256886791e-01
-3.466789803709121043e-01
-2.598332157382288177e-01
-5.698084183527771795e-01
-1.571436344083812497e-01
-7.500634586457780584e-01
2.291471655777186367e-01
-5.501164111337517593e-01
3.951333953749469607e-01
6.212181868486910119e-01
6.831903396673613127e-01
-3.285279454865632220e-01
2.609668566801259804e-01
-3.580100061545348766e-01
-5.442510246964917808e-01
-8.709523939897721723e-02
9.383196060341542077e-02
-2.835405615375038435e-01
-2.638530714998388316e-02
8.577622513640674740e-01
-1.393028934052115142e-02
-2.701081113938795797e-01
-1.212507447503014257e-01
8.679706887144716942e-02
-2.587063088576027070e-01
-2.251198178866316568e-01
-5.755416259440941928e-01
9.020623757022399047e-01
-3.643029691585215613e-01
-3.195037244067748805e-01
4.701566089265341031e-02
-5.416985720223529421e-01
-1.661015439683605210e-01
-2.790719226523876162e-01
4.980476056368188936e-02
2.138381457064922886e-01
-8.842165323538770938e-01
-3.558683318200362988e-01
-6.268347943598957528e-01
-5.837556734931925728e-01
2.474628389123623429e-01
7.481771775151271897e-02
-6.691445348321481967e-01
-6.438451981035472893e-03
2.284579732706301658e-01
5.302850665108687078e-01
