8.334907453467276239e-01
-7.224490222435719922e-01
6.323199338667864211e-01
5.809537652645249128e-01
8.168795778659392048e-02
-6.055191259837057194e-01
8.435067187159495106e-02
-7.124679024823273865e-01
-4.672121745125542014e-01
-2.452647942274229498e-01
7.347854473513445450e-01
9.851370046108741674e-01
5.293873409032519295e-02
-6.722320913954120680e-01
-8.399025568933498054e-01
2.621836270140038838e-01
1.656790137476075175e-01
-5.953858063964431041e-02
-2.194340184799544458e-01
-4.324654740703353095e-01
-4.074008931470534112e-01
-4.009005176115634228e-01
4.172962808429848680e-01
3.537002828011455713e-01
-2.631345365071914855e-01
8.395811038416299832e-01
4.015346504874069966e-01
2.449777978188761446e-02
-6.534307177686221602e-01
-1.000000000000000000e+00
8.780565338085011273e-01
-5.556278421270284262e-01
6.078936897147918517e-01
-2.179591049023812954e-02
-8.341065840491511674e-01
1.000000000000000000e+00
-7.938600706286617070e-01
-2.017618469942850934e-01
4.906398960958993638e-01
-1.837556409336282559e-01
7.789448613977628666e-01
4.142966353833711923e-01
-6.865231726407513557e-01
-7.685717577390487332e-01
-1.000000000000000000e+00
-4.742080245779090042e-01
-7.429963056041104519e-01
-2.772317217783571430e-01
2.084550161755636399e-01
-9.860180096615314138e-01
3.917181048946143385e-01
-6.364038356338974634e-01
3.608555891519862890e-01
6.263599079583274110e-01
-1.000000000000000000e+00
-1.390976374148437111e-01
-2.648831894377059459e-01
-2.923528357197702765e-01
-4.332578966592975367e-01
-5.109108896315994741e-02
-9.338931210262644278e-01
4.405421455664511043e-01
6.606391466592224093e-01
2.023702953486604394e-01
-3.166644832992740466e-01
-8.699669452566938244e-01
4.589638022626723046e-01
-8.449286236562076891e-01
7.733838878571228648e-01
-3.995060568475868878e-01
-7.757595076286146751e-01
1.513008789641699658e-01
-9.735768537999194283e-01
8.653677759641481559e-01
-6.494590887626343623e-01
-3.533315752916221797e-01
-4.121133041516742423e-01
2.782765402754696499e-02
-5.701937377987086331e-01
4.214447848616220682e-01
-9.828591525524862371e-01
-9.025435247916071546e-01
-4.637137089226805453e-01
-5.240779218998105060e-01
-9.870373622096504374e-01
-9.941035729105515140e-01
-4.329647562782752424e-01
-2.261573886499080588e-01
5.688071394351470467e-01
1.000000000000000000e+00
-2.028689186385589649e-01
4.760432101748399703e-01
6.692464081913114260e-01
9.287913489610964968e-01
5.838244006060313573e-01
-1.134472542768853731e-01
-9.615376575223287814e-01
4.311712262013625008e-01
4.522538420557481453e-01
-2.451694913863403102e-02
-2.239148979399445683e-01
4.454195993553415889e-01
3.886883408043271815e-01
-2.456447313500259855e-01
1.081790318217285829e-01
6.356331713570135822e-01
5.220878631370593492e-01
7.104628915342835471e-01
-7.830130835711887061e-01
5.558350028247636132e-01
-5.008761822300211719e-01
-2.468996827249405612e-01
-1.000000000000000000e+00
9.915524810746929596e-01
9.581198019124270715e-03
-5.361840926259788809e-01
-4.194257336061609220e-01
8.345199774098283063e-01
-1.704679024214915406e-01
-2.855376286368611072e-01
-2.425618751282850594e-01
5.411706141562193650e-01
2.278212797662704237e-02
-9.821292084193752880e-02
-9.282298047302907362e-02
8.535489788875514350e-01
-2.422351470502123461e-01
1.000000000000000000e+00
9.243797679508171106e-01
-8.941600578485153772e-01
2.797523174325272088e-01
-2.491426617890234521e-02
-2.914894479937004679e-01
4.765847557591951777e-01
-4.990460534854984087e-01
4.727047526975041158e-01
7.161735253925963773e-01
-7.438628318583936361e-01
-9.380987581976701906e-01
2.352652425954457061e-01
-3.849259230478094818e-01
-5.009861793202761149e-01
3.832718420165113216e-01
1.786899042190532860e-01
1.534058787228795850e-01
7.587577670400006413e-01
-1.000000000000000000e+00
7.287602746430930090e-01
9.982473390711419370e-01
1.048209160833041553e-01
1.078726883041543697e-02
1.300200215661272418e-01
3.994517304948710379e-01
4.870840368456791358e-01
-5.440653220960144365e-01
4.333372128537301693e-01
-8.360127038378004638e-01
5.772345846469376651e-01
4.174484185362680733e-01
4.824644125179099463e-01
9.650731239981931164e-01
-8.891123035616596004e-01
-3.536852538178940075e-01
-9.831220261489950762e-02
-3.785360232649650492e-01
2.629782786570311615e-01
1.759229306151510186e-01
1.000000000000000000e+00
-9.483220192429565598e-01
-3.898769223566087572e-01
4.635622872465153810e-01
-8.979143974329736322e-01
-1.482621879102802021e-01
5.853703719783814874e-01
8.198543498528195750e-01
-1.130905224353627170e-01
1.000000000000000000e+00
-1.499189838641109551e-01
1.393805670694444609e-01
9.770830942214767667e-01
4.008417681916720543e-02
8.282524762379273042e-01
6.792649850839180270e-02
4.017671157396305315e-01
3.185258170070135453e-01
-1.611891602571738080e-01
-8.625771685990870630e-01
9.295679700577441640e-01
-1.000000000000000000e+00
-1.000000000000000000e+00
-5.584707946889120311e-01
-1.000000000000000000e+00
8.892526276682417574e-01
-1.000000000000000000e+00
4.698792697078847946e-01
-7.947891474459453098e-01
-7.847126394015927486e-01
-2.605183568104911807e-01
3.674932906778037300e-01
3.048873449078595144e-01
1.564158850314529559e-01
-1.582397890196169388e-01
-7.906941349602664149e-01
7.388365607314331118e-01
-8.335449525378663127e-01
-5.930048560903242727e-01
-9.035079997604525959e-01
6.991736712847845814e-02
6.109012192392484497e-01
4.798246122952405379e-01
-8.714138446116378445e-01
-5.568754994822940896e-01
9.669093841952417501e-01
1.000000000000000000e+00
3.934833520972594312e-01
-1.635077593066243673e-01
-7.836127304693148166e-02
-5.523335570386531668e-01
6.796133403951487573e-01
-8.494646237968200841e-01
5.216462872406776308e-01
1.000000000000000000e+00
-2.375556888873576328e-02
-2.758619108518719498e-01
-6.917351552258048653e-01
-9.854862365225047771e-01
-4.905065713009754136e-01
5.329194661578349201e-01
-2.518703560348716786e-01
-3.621863950198760396e-01
-8.395945565029916402e-01
1.000000000000000000e+00
3.495493571535909783e-02
7.182720918775928887e-01
7.878548226705840429e-01
2.978094441910678625e-01
2.115437691863217284e-01
7.393398391691136107e-02
2.701214651001013767e-01
-8.444712253765260801e-01
-1.915248090415660465e-01
1.214951522442126036e-01
6.963573796666981952e-01
6.670680334011367396e-01
5.187719672409333294e-01
-3.172724438997501784e-01
-7.972007041913286018e-01
9.277486375140179264e-01
1.753367395951044572e-01
6.309322165629875911e-01
8.787735031607850633e-01
-1.113013330037914278e-01
-5.624284438346028869e-01
-6.501920466755254369e-01
3.151983490073000382e-01
2.740022456246585247e-01
6.858144785112063602e-02
-9.071934542932432732e-01
3.358171311205793708e-01
-4.727993300324632164e-01
-3.777731555298234900e-01
-9.644144382241160995e-01
9.739939849199812094e-02
7.772975424481212148e-01
-6.591911865694563000e-01
