6.783932089699433732e-01
-7.255184687397184806e-01
6.557422420618791437e-01
6.063287577822675800e-01
8.168795778659392048e-02
-5.908520232968035302e-01
-1.720924745579166526e-01
-1.364997524082689484e-01
-4.525620896283064631e-01
-1.305932398948056739e-01
9.649675844111620382e-01
1.000000000000000000e+00
9.287313006734697340e-02
-6.768067038471617947e-01
-8.399025568933498054e-01
2.429165382063865064e-01
1.399576377186430576e-01
4.282813927565544410e-02
-3.386895767029704518e-01
-3.806264695540488852e-01
-4.204495111727505896e-01
-4.096722926493941985e-01
5.673169888475614320e-01
3.537002828011455713e-01
-1.492399016631433817e-01
1.000000000000000000e+00
5.259442891683626664e-01
-5.475203979556196240e-03
-6.349131699884961177e-01
-1.000000000000000000e+00
9.573838997985034682e-01
-6.741063630207401181e-01
4.788188275480151912e-01
-2.179591049023812954e-02
-8.965218740162123057e-01
1.000000000000000000e+00
-9.664213217098129860e-01
-3.677992616279460725e-01
4.906398960958993638e-01
-2.861161524318669991e-02
6.438003604503802491e-01
4.374254530673944985e-01
-8.282814739219478417e-01
-7.737896476048026217e-01
-9.534899617352144974e-01
-7.194388340165694951e-01
-1.000000000000000000e+00
-4.160499317100330163e-01
2.084550161755636399e-01
-9.833153991650037673e-01
5.290302898388193897e-01
-6.364038356338974634e-01
1.330621580005218185e-01
3.591368390874067895e-01
-9.850807955625122680e-01
-1.832469344277030121e-01
-8.626721513647994666e-02
-2.617206273967563890e-01
-5.800673210840465721e-01
-1.475580983388122269e-01
-1.000000000000000000e+00
5.266091088829931710e-01
6.606391466592224093e-01
2.309986786391475255e-01
-3.166644832992740466e-01
-8.854117712898790238e-01
1.102768562437922428e-01
-8.449286236562076891e-01
7.027412730716554590e-01
-3.921442224150670230e-01
-6.712984107845890724e-01
1.179846961597266486e-01
-9.025232420021551683e-01
8.117007296774224612e-01
-6.494590887626343623e-01
-2.937450829247999495e-01
-4.452186479502355798e-01
6.867468187281920711e-02
-4.835826225370242759e-01
4.860033710000962737e-01
-8.914722205447385139e-01
-7.424806007398849772e-01
-4.637137089226805453e-01
-5.668263466263688821e-01
-8.559509560556890495e-01
-1.000000000000000000e+00
-2.870440240395577547e-01
-2.801243763305328871e-01
4.066554784653602650e-01
1.000000000000000000e+00
-2.764216008852207751e-01
4.760432101748399703e-01
6.692464081913114260e-01
8.572903975860356462e-01
5.124093733978879461e-01
-4.297067032071537340e-02
-8.909766229947071459e-01
3.039317124577904927e-01
7.712324738380273992e-01
4.763550610424463483e-02
-3.522228410799310705e-01
4.051793005290001415e-01
2.492515314437273033e-01
-1.310447252004069141e-01
1.081790318217285829e-01
6.381974843522459917e-01
6.971055432670059115e-01
4.633770589240844284e-01
-8.567449099486664776e-01
5.874649953059487562e-01
-7.664933893155978506e-01
-9.874364511708283443e-02
-1.000000000000000000e+00
1.000000000000000000e+00
-9.570272304536386887e-02
-5.868931664197825082e-01
-8.094271388149817392e-01
8.345199774098283063e-01
-2.470116010095162740e-01
-2.919874391859574869e-01
1.028759288683840506e-01
5.395979587857212545e-01
-2.626620265325857462e-02
-9.442640264352777923e-02
-6.743125956369597218e-02
8.841603903458929992e-01
-2.885887915170608498e-01
9.710332211983233597e-01
1.000000000000000000e+00
-8.941600578485153772e-01
2.797523174325272088e-01
5.454203296911758203e-02
-2.914894479937004679e-01
3.551830346537942495e-01
-7.021709463157859155e-01
7.842965672181224646e-01
6.171608607890133325e-01
-7.438628318583936361e-01
-9.323993986756100583e-01
2.352652425954457061e-01
-3.808171200487913133e-01
-5.141535556092151626e-01
3.832718420165113216e-01
1.786899042190532860e-01
1.977671533026187367e-01
8.579960802642715434e-01
-9.667670983358909176e-01
7.287602746430930090e-01
1.000000000000000000e+00
6.852569738772913699e-02
-3.560554549530256518e-02
1.333255706913157035e-01
3.994517304948710379e-01
5.691819482768778471e-01
-5.440653220960144365e-01
3.640365072668487190e-01
-9.231991637857681621e-01
5.772345846469376651e-01
4.578110683696482996e-01
4.555096419388068862e-01
1.000000000000000000e+00
-7.319668275242051658e-01
-2.499832839810962049e-01
-9.831220261489950762e-02
-3.435686822897125459e-01
2.276414114206190831e-01
1.759229306151510186e-01
8.977309476473160910e-01
-9.483220192429565598e-01
-2.567475633011758740e-01
3.606864112414699397e-01
-8.458901605145737745e-01
-7.972744180527840951e-02
3.360019681590054041e-01
8.198543498528195750e-01
-2.523023564255938433e-02
8.514604951383715203e-01
-2.259790688323522756e-01
1.299781659517055543e-01
9.747925676997708511e-01
-8.345649675302982406e-02
8.338308935582591230e-01
-1.074094557444157660e-01
2.956111849870379782e-01
3.848955691191310313e-01
-1.428577267349633029e-01
-8.882128690053842091e-01
9.783532322530665848e-01
-8.990070137723473742e-01
-1.000000000000000000e+00
-5.467763119809114780e-01
-1.000000000000000000e+00
8.892526276682417574e-01
-9.356974133401354532e-01
5.234484865647774932e-01
-7.947891474459453098e-01
-8.558470608706753024e-01
-3.447468004480806480e-01
3.269622437565603557e-01
3.126708740868597847e-01
4.825466527390652460e-02
-1.264361084766223997e-01
-7.936804698683078696e-01
7.572526298169236503e-01
-8.193997132134772654e-01
-4.508722451755327598e-01
-9.035079997604525959e-01
2.275397829827057739e-01
6.109012192392484497e-01
5.895387828671326824e-01
-7.827907811501345625e-01
-5.625072189837164727e-01
8.967528678568048583e-01
1.000000000000000000e+00
4.747526624675135198e-01
5.293781514114268005e-02
-7.836127304693148166e-02
-7.037905786868267066e-01
6.476443919434544672e-01
-8.494646237968200841e-01
4.538533403577728054e-01
9.680098290164708130e-01
5.843056580939701844e-02
-1.989867643060957703e-01
-6.206114152245293392e-01
-9.634258895951415269e-01
-5.043131947035092155e-01
4.115628537827411004e-01
-2.900413787236124086e-01
-5.615888696139519354e-01
-9.618946731145284756e-01
9.886996098802812716e-01
5.092336331040772102e-01
7.520751381489555465e-01
7.575656546215149278e-01
3.238675733246054178e-01
1.083973696366946765e-01
-6.933130787618045632e-02
2.489151609578729718e-01
-9.445365251163501119e-01
-1.934363056177355600e-01
1.455486988875392684e-01
6.716692265525852079e-01
5.487740523247216506e-01
5.422162092524520638e-01
-3.172724438997501784e-01
-7.972007041913286018e-01
9.277486375140179264e-01
2.027728356044120606e-01
5.154701805261141523e-01
7.230743186763907149e-01
-3.677328127941444091e-02
-7.482369481388047028e-01
-6.428244510625682473e-01
3.855417755412197112e-01
2.610265416704803387e-01
6.519971360531059273e-04
-1.000000000000000000e+00
3.238406477815696793e-01
-4.216171267607420337e-01
-3.801191941688866205e-01
-9.998205163263453876e-01
9.739939849199812094e-02
6.492341959082286174e-01
-5.819273942707408054e-01
