7.663196924442262636e-01
-7.224490222435719922e-01
6.323199338667864211e-01
5.809537652645249128e-01
8.168795778659392048e-02
-6.055191259837057194e-01
-2.956146012612959062e-03
-7.327553465752404405e-01
-4.672121745125542014e-01
-2.452647942274229498e-01
7.347854473513445450e-01
1.000000000000000000e+00
-1.009078520383672045e-01
-6.627761141161133684e-01
-7.908410536404266722e-01
2.621836270140038838e-01
3.254723889586922936e-01
-5.953858063964431041e-02
-2.194340184799544458e-01
-4.324654740703353095e-01
-5.454963367742177160e-01
-4.009005176115634228e-01
4.172962808429848680e-01
3.671625518896594054e-01
-2.631345365071914855e-01
7.483202880191756057e-01
4.015346504874069966e-01
2.830011549184036079e-02
-6.534307177686221602e-01
-1.000000000000000000e+00
8.780565338085011273e-01
-6.204180999954803655e-01
6.214566669305192637e-01
-2.179591049023812954e-02
-8.341065840491511674e-01
1.000000000000000000e+00
-7.938600706286617070e-01
-2.017618469942850934e-01
3.874033660634063625e-01
-1.837556409336282559e-01
6.264597267228968480e-01
4.142966353833711923e-01
-6.865231726407513557e-01
-6.631661872944952796e-01
-8.813940294307561762e-01
-4.512035986166259560e-01
-7.429963056041104519e-01
-3.604394261381160813e-01
1.227555767216169103e-01
-1.000000000000000000e+00
3.914852568580551306e-01
-6.364038356338974634e-01
3.608555891519862890e-01
6.263599079583274110e-01
-1.000000000000000000e+00
-1.390976374148437111e-01
-2.648831894377059459e-01
-2.345948107602989774e-01
-4.332578966592975367e-01
-7.053070901510222201e-02
-9.569299113001016321e-01
5.344966317870017969e-01
6.152696209375296821e-01
2.023702953486604394e-01
-3.166644832992740466e-01
-8.699669452566938244e-01
4.589638022626723046e-01
-8.449286236562076891e-01
7.733838878571228648e-01
-3.995060568475868878e-01
-7.757595076286146751e-01
4.494696744017451229e-02
-8.937405717671239591e-01
8.653677759641481559e-01
-6.578816518255652390e-01
-3.533315752916221797e-01
-4.121133041516742423e-01
2.782765402754696499e-02
-5.701937377987086331e-01
4.214447848616220682e-01
-9.828591525524862371e-01
-9.025435247916071546e-01
-4.637137089226805453e-01
-4.114930049028107661e-01
-9.580139022975876495e-01
-9.941035729105515140e-01
-4.329647562782752424e-01
-2.367033676289378996e-01
5.688071394351470467e-01
1.000000000000000000e+00
-2.028689186385589649e-01
3.890553359525182886e-01
6.692464081913114260e-01
9.287913489610964968e-01
4.609594843442952339e-01
-2.080516246674865011e-01
-9.615376575223287814e-01
3.044448640808479212e-01
4.951622537502412547e-01
-2.451694913863403102e-02
-3.315643756488553806e-01
4.454195993553415889e-01
3.495810836263283372e-01
-3.191234662972689540e-01
1.081790318217285829e-01
6.356331713570135822e-01
6.379557718356891893e-01
7.104628915342835471e-01
-5.610899154346277173e-01
6.517313752346965972e-01
-5.008761822300211719e-01
-2.284507145444076293e-01
-1.000000000000000000e+00
8.234478731658344541e-01
-1.207916569985395538e-01
-5.361840926259788809e-01
-4.194257336061609220e-01
8.345199774098283063e-01
-1.102483007189928865e-01
-2.345299411601285411e-01
-2.846425475150425322e-01
5.411706141562193650e-01
2.278212797662704237e-02
-9.821292084193752880e-02
-9.282298047302907362e-02
5.445366004997785891e-01
-2.422351470502123461e-01
1.000000000000000000e+00
8.157912157794752206e-01
-8.941600578485153772e-01
3.275674549074006348e-01
-2.491426617890234521e-02
-3.080176547416627053e-02
5.312327794836382289e-01
-4.990460534854984087e-01
4.727047526975041158e-01
6.612084397706740058e-01
-7.062053934830858637e-01
-9.380987581976701906e-01
2.600511521863123621e-01
-3.849259230478094818e-01
-3.819490067855166870e-01
4.469879296668810564e-01
1.786899042190532860e-01
1.534058787228795850e-01
6.719537572477380927e-01
-1.000000000000000000e+00
7.287602746430930090e-01
9.982473390711419370e-01
1.048209160833041553e-01
1.078726883041543697e-02
1.300200215661272418e-01
3.994517304948710379e-01
5.257249012560383239e-01
-5.586861299404788372e-01
3.516631078959882029e-01
-8.360127038378004638e-01
4.508165224555721884e-01
4.174484185362680733e-01
5.174457719340620487e-01
9.650731239981931164e-01
-9.099970760201647746e-01
-2.994253384828735043e-01
-9.831220261489950762e-02
-3.785360232649650492e-01
2.629782786570311615e-01
1.759229306151510186e-01
1.000000000000000000e+00
-9.483220192429565598e-01
-2.857351181217790970e-01
4.635622872465153810e-01
-8.979143974329736322e-01
-2.770270848148894682e-01
5.853703719783814874e-01
8.198543498528195750e-01
-1.130905224353627170e-01
1.000000000000000000e+00
5.005733285290625556e-02
1.393805670694444609e-01
9.770830942214767667e-01
4.008417681916720543e-02
8.282524762379273042e-01
6.792649850839180270e-02
3.565933243920647033e-01
3.185258170070135453e-01
-4.066178838024632203e-01
-9.252090648701315478e-01
8.959220185929664959e-01
-1.000000000000000000e+00
-1.000000000000000000e+00
-3.794846219632183049e-01
-1.000000000000000000e+00
8.188993710169517604e-01
-1.000000000000000000e+00
4.698792697078847946e-01
-8.188840123768624801e-01
-7.847126394015927486e-01
-2.605183568104911807e-01
3.179804121166027175e-01
4.150187094499915852e-02
1.564158850314529559e-01
-1.582397890196169388e-01
-8.797077161110382626e-01
7.388365607314331118e-01
-8.335449525378663127e-01
-5.930048560903242727e-01
-8.553679112864318590e-01
-6.699457442298030474e-03
6.109012192392484497e-01
2.784288666798049316e-01
-8.714138446116378445e-01
-5.568754994822940896e-01
1.000000000000000000e+00
1.000000000000000000e+00
3.934833520972594312e-01
2.698459533579920799e-02
-7.836127304693148166e-02
-6.120476533728377300e-01
6.796133403951487573e-01
-9.560773237500778121e-01
5.216462872406776308e-01
1.000000000000000000e+00
-2.375556888873576328e-02
-2.758619108518719498e-01
-6.917351552258048653e-01
-9.854862365225047771e-01
-4.905065713009754136e-01
5.757960394499238577e-01
-2.579037281854198449e-01
-3.621863950198760396e-01
-8.393287028827447482e-01
1.000000000000000000e+00
2.700279036626621609e-01
7.182720918775928887e-01
7.364445810569187900e-01
2.978094441910678625e-01
2.115437691863217284e-01
7.393398391691136107e-02
2.421439654044966749e-01
-7.736127550983539214e-01
-8.773425685614480440e-02
1.214951522442126036e-01
6.963573796666981952e-01
6.670680334011367396e-01
5.187719672409333294e-01
-4.701248784629690203e-01
-6.367909554166386599e-01
9.277486375140179264e-01
1.753367395951044572e-01
5.093885545981731156e-01
9.268844929735481353e-01
-1.113013330037914278e-01
-4.631343561865787217e-01
-7.501194006025930783e-01
4.403400564877668621e-01
2.740022456246585247e-01
6.858144785112063602e-02
-9.071934542932432732e-01
2.490339689048316485e-01
-4.727993300324632164e-01
-3.777731555298234900e-01
-9.644144382241160995e-01
1.439862931893288178e-01
7.772975424481212148e-01
-6.358173924384333819e-01
