7.282320362232083122e-01
-7.379219678851836051e-01
9.125071653702404584e-01
3.903656302124592914e-01
1.105182817183516797e-01
-7.901813533630814845e-01
6.967636588870944614e-01
-6.653804008225396860e-01
4.048776666348428144e-01
-2.923146520971694473e-01
8.941123889139326320e-01
8.522648891310228292e-01
-3.520286384165549620e-02
-7.793306875094965225e-01
-4.252375367570607190e-01
5.053062155790963850e-01
2.807249745281269471e-01
-4.551507507578301248e-01
-6.599830389478160697e-01
-6.841559832850303557e-01
-5.903815086414574420e-01
-4.701387434942407295e-01
3.390802622744271688e-01
5.534989728610342219e-01
2.706770373654881490e-01
8.013391263357731997e-01
-1.305872043356223200e-01
9.711737793550374587e-01
-4.321212096853955797e-01
-9.479525953276967121e-01
8.403298902750041544e-01
2.810978095470932914e-01
6.700445121846371199e-01
2.581100020088328284e-01
-9.021830052077448592e-01
2.420837593811260569e-01
-6.911325562568636505e-01
-9.409608477253459391e-01
2.422037576244702173e-01
-1.799225640672491577e-01
3.820868985643668392e-01
4.911392382021366187e-01
-8.620546408925726656e-01
-9.108981028880267505e-01
-8.685419486911041265e-01
-6.607716228339710618e-01
-4.851705731485111417e-01
-5.112644240778899674e-01
1.924162895929076023e-01
-2.786790053825425328e-01
2.407710038124051266e-01
-1.000000000000000000e+00
7.125918781508091548e-01
1.000000000000000000e+00
-8.422174452664112909e-01
-4.539509542545388521e-01
2.850975924956437868e-02
2.183291673064213789e-01
-6.537158920979014853e-01
-6.280414181944287133e-01
-1.000000000000000000e+00
6.221186517363314072e-01
4.708982083251023187e-01
-8.504508185427361866e-03
-7.663660336070862167e-01
-8.381360290086526943e-01
5.733378873514447527e-01
-7.191500593361117577e-01
4.267181429787838542e-01
-7.428527328853692935e-02
-1.000000000000000000e+00
1.366762341760834887e-01
-9.878227058296081831e-01
5.503838980072947029e-01
-2.551659602301823426e-01
-1.630388153728296596e-01
-2.743620369152897087e-01
-5.939739140885963442e-01
-5.503624333508347899e-01
3.021495204947716173e-01
-8.095944029546916498e-01
-7.180218515770073751e-01
-6.905250249978702737e-01
-1.000000000000000000e+00
-9.796278512858243026e-01
-7.580142807003227290e-01
-4.396698249779475431e-01
-2.208808922284841159e-01
5.674749981040946301e-01
9.343519347681369935e-02
1.046643164154075351e-01
7.231982304750318447e-01
1.301468470067908834e-01
5.930379892161782296e-01
-4.904446067535297993e-02
-7.244103794388593309e-01
-9.108324263890433814e-01
1.040877370608773306e-01
8.324622625567092982e-01
-4.593021656788880969e-01
9.601645666844582649e-01
5.328101755549117247e-01
2.959450924137568828e-01
-2.277595820222867717e-01
-5.847312768382392223e-01
7.163055380606150324e-01
4.284153881844416922e-01
6.761314678287350111e-01
-1.345253106034310087e-01
6.506373145831680915e-01
-8.270522845178287508e-01
-6.221264240964528014e-01
-8.881898744765736042e-01
-3.449387652112409497e-01
-1.368755028869239609e-03
-9.221607655574163287e-01
-2.091412092406208789e-01
6.392617643123559290e-01
-2.450749289014846899e-01
-5.403833654522339769e-01
-9.062949462706029746e-02
4.239117782710596360e-01
6.084410980828216520e-01
4.091699096945896064e-01
-3.882151994440957710e-01
3.561756793026470969e-01
-2.469072631569826648e-01
8.808959415027035611e-01
-1.073202308593501630e-01
-8.366406585933570117e-01
-3.665876679112831660e-01
5.124137443918136414e-02
-3.287378149848437792e-01
-4.156366949107590525e-01
-7.792511732091030874e-01
-6.845582713880715708e-02
3.876832511809985560e-01
-6.181575799910405955e-01
-7.987571619582873872e-01
1.000000000000000000e+00
-6.582929274500133321e-01
7.501428136904946253e-01
9.180737739873606751e-01
-3.864130115974815372e-01
-3.073022808496972957e-01
-2.482671177273653995e-01
-8.574937920785821177e-01
1.000000000000000000e+00
1.000000000000000000e+00
-7.294704695157808172e-02
2.175679795696575936e-01
-3.469034824365640479e-01
5.203838231982545193e-02
-9.397178605513737404e-01
-9.667218651348093994e-01
6.970884956875227356e-01
-4.880413052707294197e-01
3.201049949582903675e-01
1.000000000000000000e+00
5.583647812458185644e-01
-2.316158213783296727e-02
-4.513175877023527516e-01
-4.824317598470368451e-01
4.097431125869043234e-01
-2.817330306513403659e-01
7.544887899730809977e-01
6.619269383781350991e-03
1.000000000000000000e+00
8.038446954836550029e-01
5.317835922749832855e-01
5.461962169196523664e-01
-7.814939656619416253e-01
-7.485686052808502300e-01
9.582253838499625864e-01
7.905907918497658837e-01
-8.282626647232271822e-02
7.671818031891587397e-01
8.966601915445919779e-01
-9.303242139471639138e-01
9.703322240051048819e-01
2.368994704484964908e-01
9.936440764659892899e-01
-3.041739815080256315e-02
4.870972555892916778e-01
7.073107004362741979e-01
8.350841783425870524e-04
-5.181663990921403506e-01
4.121232878361975605e-01
-7.028155543962664176e-01
-8.837135040626508120e-01
-9.829565161740332346e-01
-4.481149795690205773e-01
9.105795877257829574e-01
-1.000000000000000000e+00
6.902383384679402489e-01
-5.438095094742734226e-01
-9.079539116158856782e-01
-6.063465809210392132e-01
7.717918417163303069e-01
-1.802032205059030390e-01
5.671061487354410457e-02
1.558853452482992508e-01
-9.405958500264367528e-01
3.898032309694039466e-01
-7.578061074254144325e-01
-6.535305735978933495e-01
-4.865480208598373379e-01
-3.059042415316508556e-01
6.997185474286676810e-01
2.249882295419573797e-01
-8.997657997955342823e-01
-3.423472098926214624e-01
2.307494612903681630e-01
8.837930709719502564e-01
3.496416081675734477e-01
-2.776278033359267372e-01
-6.795132232030820507e-02
-8.758635179827892747e-01
8.927125313925745598e-01
-8.875912678271926648e-01
7.172692190675622470e-01
7.835355204947372920e-01
-7.720700317790203659e-02
-6.759589103200692728e-01
-6.788034196133377884e-01
-7.566663944497523664e-01
-1.000000000000000000e+00
3.803680325776975790e-01
-9.586829216099773676e-02
-2.343139482333525536e-01
-9.895241836467429941e-01
1.000000000000000000e+00
1.141116723822621637e-01
6.408160682615128279e-01
1.000000000000000000e+00
9.187340268732954174e-01
2.795557714238459113e-01
-2.440758683794543860e-01
-1.731462840313809926e-01
-7.904933082615528406e-01
-5.005249768712776159e-01
7.096194735856464764e-02
8.270133764529947751e-01
4.575890899942096635e-01
7.820570512407956087e-01
6.381651063481861286e-01
-8.644278345390675744e-01
6.571276305465602041e-01
3.058296291179982695e-01
6.730014016518304221e-01
6.808313126877671984e-01
-1.000000000000000000e+00
6.436036405214782263e-01
-4.816795558421332890e-01
6.812973870453132852e-01
2.443557410348858039e-02
8.718118426201022508e-01
-3.098512213861520648e-01
6.291117553832845655e-01
-1.286768364550820998e-01
-2.172120670068219128e-01
-5.954444810251023901e-01
-1.000000000000000000e+00
7.479319802790125316e-01
-4.957174875830127059e-01
