7.848793410534924408e-01
-3.336076305236158612e-01
-1.041420039057319169e-01
-1.094050995067316068e+00
1.994767306766818127e-01
-3.635052806198426634e-01
-7.420584907481861392e-02
-6.188836908135771919e-01
-5.470289093570784855e-01
-4.837025754635124741e-01
3.298924101313676638e-01
-3.383229962708006466e-01
3.822888608458607784e-01
8.002420085491017687e-01
-5.444027065604404303e-01
-1.030041839139216986e+00
2.594356300548256167e-01
3.331269354951067463e-01
-7.125186938321343977e-01
9.318465779931512927e-01
-5.308166593255370103e-01
3.291993896985643264e-01
9.817564306763746362e-01
5.225241050804105836e-01
-9.355414962241006549e-01
-7.628757510136977560e-01
6.190534714580520070e-01
-5.370264256360949284e-01
6.176406746191065444e-01
-2.094384869044216835e-01
-4.709753390869462208e-01
4.949719706834256883e-01
8.534549431604644687e-02
8.770028718951681235e-01
8.575552457161346176e-01
2.557000107458216043e-01
-9.690925028746468772e-01
-9.848939010069546196e-01
9.538041997238715375e-01
-3.016931605005039874e-01
9.108695124609733629e-01
-4.433863539305527013e-02
-4.833949090483807831e-01
2.903877981465563529e-01
1.749164130521120575e-02
-6.617111326686535566e-01
-2.745850276002526069e-01
-1.003809355451510621e+00
4.537283606510271738e-01
-1.377601336674623145e-01
-6.934586116966576785e-01
9.591670137165387855e-01
7.785890215141397785e-01
-5.431256501887875565e-01
2.413482831780490168e-01
2.936505393536842368e-01
1.410515954714891551e-01
2.278244650633538815e-01
8.760075513428642324e-01
-2.634051020273615595e-01
-2.414042484315575832e-01
3.700522928274849743e-01
7.543497266900528464e-01
7.754309868866353650e-01
1.074842637046102611e+00
-2.259704614497029529e-01
2.302169345890974217e-01
-5.173371033083414838e-01
-6.189020000043968794e-01
-1.292659580879655656e-01
-1.104886056275367734e+00
-5.473918092312405337e-01
9.705999980786288450e-01
-9.320972439602330795e-01
8.320827619695421173e-01
7.278445835254144791e-01
8.754887302555564021e-01
-3.494449941360310286e-01
2.247052485024320090e-02
-3.651112470238080387e-01
-4.431809286463144204e-01
-2.896000309300301168e-01
-5.086895257766987921e-01
7.659047505031626457e-01
-4.405435638758524730e-01
6.961637554943401751e-01
7.990045629307439556e-01
6.106851532125044946e-01
-1.302796254703539880e-01
-9.510014525465058099e-01
7.273299788068467997e-01
7.294508510909736287e-01
3.898244551865581720e-01
-3.299309327720132967e-01
8.228416538871385910e-02
-6.023378900086855392e-01
9.597899295837104550e-01
-6.641067965293609987e-01
4.437079937322818690e-01
3.100017595606430199e-01
-7.362765246871345592e-01
-8.149194589169255210e-01
7.794837295176101355e-01
-5.169842025512103589e-01
3.151276025718180440e-02
-3.691292023664187738e-01
-3.324724169831332343e-01
-8.312039662760160041e-01
-7.516340805051499041e-01
-7.747641122509774103e-01
-1.804097462170901334e-01
3.079433402819160559e-01
9.249959489053370953e-01
5.505687348126194758e-01
8.060457725212338831e-02
3.019010302319480310e-02
4.676490572140069579e-01
-6.823854829266341460e-01
5.116589423491392230e-01
-1.425609451844018494e-01
2.844658215446996818e-01
-1.073134521497302929e+00
-5.250970921000530645e-01
2.026865447770942463e-01
-4.946553474633048064e-01
3.816056588572040997e-01
-8.758622977892400741e-01
-2.606243350271040260e-01
7.334838235812694007e-01
-1.692114903379438040e-02
3.750917808558634770e-01
6.075735131226525088e-01
1.197333684944221321e+00
-3.880312994607613697e-01
-7.627715276640976150e-01
-5.564793182077321099e-02
3.203981744816254418e-01
-5.711376061553483652e-01
5.082701557271331883e-01
-1.238057033219910757e-01
-2.793376820547863737e-01
2.821556489851741456e-01
5.452747309425767241e-01
2.066194715259892511e-01
4.687403699011603586e-01
2.998046722931344554e-01
-6.633750381712131272e-01
1.020675287356528127e+00
6.346573742709530341e-01
-7.616729744591055340e-01
7.897052165087214970e-02
1.535384563963088089e-01
-6.716241548315532439e-01
-5.119300982962957658e-01
4.208333087252453808e-01
-9.516253013718773968e-01
-1.139958821695468139e+00
6.372535024282206528e-01
-1.277371826336270999e-02
-9.234445192518840884e-01
7.463601987006400762e-01
-7.916082826516834814e-01
-3.514039079878361616e-01
2.232825490127314516e-01
-4.900741029423434925e-01
5.079304961798756235e-01
5.937970861143850865e-01
-7.089487941960992412e-01
-6.150793384491934912e-01
4.347676310370894859e-01
8.506056955081001680e-01
-2.917937073889611543e-01
-1.026059322327659507e+00
5.310778571747543086e-01
-1.856481899658496415e-01
-4.950602192462116857e-01
2.025731392575910172e-01
5.737554676123453046e-01
-2.365239144071217270e-01
6.875180301958823126e-01
-5.001283975596312326e-01
-4.908584606275554485e-01
-1.749801842977994903e-01
8.919532350882752869e-01
1.398135562768598739e-01
-2.811118512763466915e-01
-7.552945907338342035e-01
1.203938855065210145e+00
-7.170482017524424379e-01
-8.020678204317299720e-01
-8.126850299731764871e-01
7.869447451182816078e-01
9.328517681953518714e-01
-4.609645852047823400e-01
4.213653528873595455e-02
8.079183016745146162e-01
7.041445887578522411e-01
6.847315512402864235e-02
5.488023189311868055e-01
-1.834555035342270712e-01
1.918974814994913458e-01
1.545835309777321420e-01
6.700924341762377612e-01
9.439759490901029615e-01
-3.585634733471947944e-01
6.018447351101421372e-01
-4.438876357081033563e-01
6.926687193196198189e-01
2.797235723271935814e-01
6.825159832376954672e-01
4.106777516756254798e-02
-8.494678307731358124e-01
6.261350320960621385e-01
-7.079179235513926027e-01
4.223506093748905510e-01
9.436972551032365431e-01
1.581090874601527585e-02
-9.092215588519190206e-01
5.743953307415696763e-01
-2.333048021789689008e-01
5.215603981670755562e-01
1.646575856179252062e-01
-5.579834405104563411e-01
8.387975073080458088e-01
3.856202327068287694e-01
-1.972762352214787740e-01
3.891400925609977968e-01
4.168539461455231798e-01
7.356313080833014606e-01
8.487912917883306818e-01
-5.143835477640070764e-01
5.766770398725381552e-01
2.130892140042490723e-01
-3.364566029092515287e-02
2.652608031688017953e-01
7.825115193447558237e-01
3.932034170845633697e-03
6.613015922337377450e-01
8.067078387820058039e-01
-3.876932600762223458e-01
3.376547717985353692e-01
1.644571343693786991e-01
-6.657540153282339723e-01
-3.600524890435938818e-01
9.391382394597299621e-01
-7.055411528294395218e-01
-6.166522389982180830e-01
-8.304417846405353076e-01
9.902708797431514220e-01
-7.942161482176708365e-01
-8.089725645064012038e-01
6.916191293736965173e-01
-5.683037430521904465e-01
-9.856732587801353418e-01
9.933965201788022004e-01
-5.439332063303873310e-01
1.906490465840136039e-01
-8.583169136177737357e-03
1.386296092353521969e-01
5.299069249856255270e-01
7.253981391015806857e-01
6.638448773495211341e-01
8.998617849498600219e-01
4.896247176294239445e-01
4.555991770851602896e-02
