3.124552476170405768e-01
5.209433086444141825e-01
1.000000000000000000e+00
3.128826807953357658e-01
5.006137049571708353e-01
9.634548668583229336e-01
5.178127572387629662e-01
9.202468628398086103e-01
2.998941224693790764e-01
4.587563872114109875e-01
7.323038746387352527e-01
-3.220294917080898101e-01
1.247465584025848617e-01
-8.201715623263280408e-01
4.056175452388847136e-01
-3.325066883833064368e-01
6.217663656714701448e-01
-4.476738581245081061e-01
-6.296973704410268047e-01
1.161849426503819976e-01
6.467587593467941653e-01
-3.598948675176196210e-01
-7.338676024775867557e-01
-1.204782256079346414e-01
-5.052144720057119009e-01
-6.561485247341271032e-01
4.795512272454559022e-01
-5.370615011375091674e-01
-1.334275989541861551e-01
-9.493911451577891070e-01
8.557712276502906779e-01
7.340997092276260183e-01
-4.887408849351003726e-01
4.910721765962569041e-01
6.969813569248092255e-01
-4.101364859567687149e-01
-2.673431740911673127e-01
2.111651514086873571e-01
-9.670571032245847132e-01
-1.002890919770804690e-01
-1.839080937626731416e-01
-5.801703745975836934e-01
3.051148500881148973e-01
5.522141372122062464e-01
-9.205199170648612483e-01
8.554736070498569767e-02
9.282171144841200316e-01
-8.298950441104469000e-02
3.162029332490042255e-01
4.932812045448026206e-01
-6.594164705814774541e-01
5.525315479422129306e-01
4.752052326975872987e-01
9.032242512185134631e-01
8.401168674134447123e-01
-2.769153076172660710e-01
-1.378492809447888767e-01
6.823105064952987853e-01
-4.938330680349508617e-01
-4.529627803181233148e-01
6.294158244330390062e-01
1.000000000000000000e+00
1.000000000000000000e+00
-6.675457104980139222e-01
-2.572507147782738812e-01
6.182750713797209308e-01
-3.082247942963101117e-01
8.108784992450591284e-03
1.684385748174451747e-01
-1.000000000000000000e+00
5.176246053567590266e-02
9.730123453699091041e-02
1.000000000000000000e+00
7.066489171050054363e-01
1.139606964051217974e-02
-2.581169276770670096e-01
1.000000000000000000e+00
-1.000000000000000000e+00
-8.440946464563715557e-01
-1.000000000000000000e+00
-7.476662540234723098e-01
5.780336740708875709e-01
7.259291495201881661e-01
9.598424088361837692e-01
-5.514598144365776555e-01
-5.754400836015963194e-02
-2.686375580087756454e-01
-8.358985597950124857e-01
3.716640413596621340e-01
9.693756530065094079e-01
-8.469121643800725519e-01
7.272973586858164641e-01
-2.816384298655636442e-01
-1.394554365601507195e-01
5.901671406632084116e-01
5.874314188039356788e-01
7.785524648131301184e-01
4.916567699578975326e-01
1.000000000000000000e+00
3.111558380623653530e-01
7.661183658101808902e-01
5.712857317991731909e-03
-9.305168683154666498e-01
1.610243153002949568e-01
-3.274843911479963232e-02
-7.217989877645163421e-01
-1.439296168051652502e-01
-2.439311173062805316e-02
-8.552217365025056584e-01
7.732782268551479099e-01
7.361043737384744823e-01
5.882441128329127800e-01
-5.518600374695175059e-01
2.154315592418281633e-01
3.862705833815152090e-01
2.808789088688890545e-01
-5.754107311282178339e-01
-5.286975237210188583e-01
1.000000000000000000e+00
6.618274525268006414e-01
2.421019861565896214e-01
6.031883210413475638e-01
7.597984031689495321e-01
-9.752822437196929650e-01
2.410374685131177475e-01
-9.943257975659389736e-01
5.031442316561558492e-01
-1.000000000000000000e+00
3.685844325734470850e-01
-1.000000000000000000e+00
-5.065245691501095715e-01
-1.367660255321588580e-01
3.032549318361378310e-01
1.491432698234465004e-01
6.358035187554086365e-01
-8.961297671506165408e-01
-8.632102249608626376e-01
3.207197672279564205e-01
1.000000000000000000e+00
-6.581848212321375624e-02
9.616263391638639746e-01
2.746887786045183466e-01
-4.945737574935302194e-02
-9.239732189499323400e-01
3.323419782941433032e-01
-3.004610364388582422e-01
3.836810056845263439e-01
-6.151885730190198576e-01
-8.642154480436248232e-01
7.908997791760996598e-01
8.874357142743505289e-01
-3.599851156708565592e-01
-2.901736024324126362e-01
6.421551090384314264e-01
2.929430106444705917e-01
-1.205885851315321305e-01
-1.983981337660198352e-01
-3.387789979143176478e-01
-4.886370224705312570e-01
-7.346852720837677708e-01
5.984944238213395495e-01
-5.694903234156507565e-01
-5.034828554314496607e-01
5.554742308443960663e-01
1.000000000000000000e+00
4.320855360461128836e-01
1.754402094852856586e-01
5.097522228220898732e-01
8.534814008943492070e-01
-6.209172712119909177e-01
6.687334861039793132e-01
1.585970275296105514e-01
-4.718596761625009073e-01
-2.651905178048872269e-01
1.136625076656176958e-01
3.830359888587341333e-01
1.483962098193202239e-01
-6.650563018213356825e-01
-7.960879298054114317e-01
6.485574892005043779e-01
1.000000000000000000e+00
-8.135890290931260260e-01
-4.675372241954285912e-01
-4.592376317794357732e-01
-6.501178013382139520e-01
-1.300065857534488944e-01
-3.045153990280180523e-01
-3.657755475810461343e-01
8.448150944782254479e-01
5.284279113096272962e-01
5.505924411580472022e-02
9.570051568696349431e-01
1.405981558446581237e-03
-6.980622319836586875e-01
-8.748195718310103342e-01
-9.978250187168237473e-02
-7.095949468333435650e-01
-3.086532945498528940e-02
-2.722371627114574810e-01
-7.633985490962705844e-01
5.566240064352996342e-01
-1.940809876606459372e-01
-9.054037990992165608e-02
5.154847515853805406e-01
-1.145965284545120977e-02
1.938460903770035937e-01
-3.498919615306828046e-01
1.819187935171504567e-01
8.090072756537172172e-01
-4.594070173387182487e-01
-3.918953047132645029e-01
4.291429572348723909e-01
3.214144459382924923e-01
-7.708558573772263944e-01
5.361887739865178748e-01
-7.657748499177920998e-01
2.140696969980209197e-01
-8.714197600414683165e-03
1.617859536273444920e-01
-8.826209175221694236e-01
-3.036492565632221696e-01
-4.486711603855075836e-01
7.845814394431682715e-01
1.558485111150687552e-01
5.488211334904877781e-01
-3.245179913089903945e-01
-6.669330635269948848e-01
-5.370663473845604940e-01
-6.124090211751014312e-01
1.293535687075684226e-01
-5.211672936476217100e-01
1.725212265751505658e-01
-5.142859227898671781e-01
-5.330732606528556516e-01
5.043266933585803802e-01
7.252229783008348751e-02
-8.474297159538810575e-01
3.141518491164083660e-01
7.847488540648719368e-01
-9.232849591081113694e-01
4.134500255590476403e-01
8.930744122584790556e-01
9.207276030540719747e-01
-5.853155818555602075e-01
-1.899434686034950914e-02
-7.172289823248670926e-01
-5.307748652958872437e-01
4.358450637170668274e-01
6.892971438330204315e-01
-3.506576855257184100e-01
9.225807186866791243e-01
-3.161669209773295686e-01
-1.882330062546788696e-02
-4.589586102587314143e-01
7.439766663358717003e-02
4.520241902238735232e-01
5.312460265827959605e-01
-4.349865555175003173e-02
4.651033076188895166e-01
-2.250686246214318731e-01
-7.594325069597237521e-01
6.430858250944626597e-01
9.335781617324114823e-01
2.485540941940886650e-01
-2.874103520758268249e-01
