3.160404745027290407e-01
-8.091821094881512799e-01
4.052273772904476101e-01
6.656402649884632372e-02
1.687028549809274081e-01
-2.682105936650179823e-01
-4.632216619015414594e-01
9.311268628540495529e-01
1.093738137212184047e-01
5.359585888148585830e-01
4.863843912330689245e-01
-6.420273037946527817e-01
-6.709678435456606360e-02
-8.240208209462980271e-01
-2.475242130913340999e-02
-9.254412571319330372e-01
-9.236528001291000045e-01
5.479184481588662559e-01
-9.007974958547406708e-01
4.238108031921428154e-01
-6.193871341292448429e-01
-8.692874353731118164e-01
1.555161342142671876e-01
-1.383402231294756368e-01
-6.941903631929268181e-01
5.136483680242349692e-01
8.897272598949008959e-02
-2.450616695048748669e-02
7.093818077253813970e-01
-8.773800320036804212e-01
1.953554322960516232e-01
-1.576142178350844469e-01
5.837377113185765465e-01
3.078463077198264064e-01
4.681921796704796579e-01
-2.301303465175069674e-01
-9.576055458280036126e-01
-9.319932888047316455e-01
-4.650138122255507711e-01
6.364119403952716025e-01
4.367028808264217243e-01
-9.650370890289926284e-02
3.455871767290842889e-01
-6.105810206537726215e-02
-1.131660595811181946e-01
4.300590123809424625e-01
-6.803554438534895610e-01
4.091631094551268499e-01
-3.811466188137050404e-01
1.000000000000000000e+00
3.430826564446338711e-01
-6.210691279169225920e-01
5.729360088428887554e-01
3.314231166375949944e-01
1.433607882684510004e-01
-9.411922230926577093e-01
8.876786794664730529e-01
-3.214318854529169545e-01
-7.140058275606412375e-01
-8.945685344553726548e-01
-8.024284736670751483e-01
-8.157718565963240076e-01
3.435858060251669177e-01
-4.045947742920345536e-01
-2.504780761146365720e-01
-1.989607540713959899e-02
7.403648983771661252e-01
4.806210157191542209e-01
-2.146600079055984434e-01
-2.597783854702626627e-01
-1.692682635448445883e-01
8.245726443618719426e-01
-4.172365316759039100e-01
-9.514404305646601001e-01
5.450958231534013265e-01
-6.214719917915917380e-04
-9.363644585080812544e-01
2.321255714301037609e-01
-6.365928985514022198e-01
6.679432048985723958e-01
1.107761825234370723e-01
8.708550701002394367e-01
-8.433063442090252826e-01
-6.584593008492654054e-01
-9.056284629099771166e-01
7.027241320405788194e-01
5.349723497464068389e-01
1.311159933719125426e-01
6.412739702241648798e-01
6.068906740245927356e-01
-8.602692346396673129e-01
1.436564810397615854e-01
2.735247565168933970e-01
-7.942616676045318735e-01
-6.614084417646032277e-01
-2.375524119593248329e-01
1.809327631989189888e-01
-8.667740226316436036e-01
3.711465777667499744e-01
2.020506693422044475e-02
4.759780110560784538e-01
6.611064673703638261e-01
-4.434549480978703384e-01
1.000000000000000000e+00
-1.118847429628274381e-01
3.751903736120758559e-01
3.284082158859592537e-01
9.277913118117131486e-01
5.716780397467799979e-01
4.197908797947451087e-01
4.563300111271497705e-01
8.221464439690618908e-01
1.513992081552586744e-01
-3.068545823858246369e-01
8.120733318936845802e-01
-8.025381340799897512e-01
-5.440597227310643991e-01
4.577521921690328455e-01
3.346325213483022365e-01
-5.028251921042614647e-01
2.741330071037433314e-01
5.459392912747891291e-01
-3.238920044010913379e-01
1.182294041054742229e-01
-4.565964522409343695e-02
5.987302727200987107e-01
6.300946288148827623e-01
-3.833285626934072599e-01
-5.406911883608823688e-01
-5.302181402535586230e-01
2.065016801083523756e-01
8.690572055651307748e-01
3.010269622860682615e-03
-1.000000000000000000e+00
-1.445993332468739900e-01
9.299741532364259600e-01
9.160552925931674251e-01
-1.000000000000000000e+00
4.429238981668890407e-01
-1.759504866436765735e-01
1.000000000000000000e+00
1.000000000000000000e+00
-3.676046207331540860e-01
-3.880284155816252634e-01
3.422728290743682900e-01
-9.936378436492432353e-01
3.281636210837964862e-01
8.721515502484268323e-01
5.504873068738311837e-01
6.054219067751084871e-02
-7.430815787523653571e-01
1.000000000000000000e+00
-3.535085891915412115e-01
-1.763545647217754087e-01
-8.387327496604952692e-01
9.439324978468892624e-01
-6.666452885299155584e-01
7.940672054152680959e-01
-6.421065812553057306e-01
-8.881262772286570017e-01
-3.033182893897472532e-01
-5.723270584665468563e-02
-1.309555447349318724e-01
-5.635176445499809894e-01
7.149957241352619119e-01
-2.003181918830150288e-01
-3.768801799755148729e-01
-8.762704869199601232e-01
-1.000000000000000000e+00
-7.208327652632372518e-01
9.354897296134012663e-01
-3.899300253354837098e-02
-2.547252200295048730e-01
-1.929429387712771338e-01
1.024767911844151891e-01
6.391242540988556486e-01
-8.602001558641658718e-02
-1.469228245255250198e-01
-3.416153755998412866e-01
-2.151258278074459351e-01
-9.304142774419815742e-01
-8.393952856936268137e-03
4.957586582114613671e-01
1.374383384042852374e-01
9.192408865909565963e-01
2.420250402968535108e-01
6.283756410369125689e-01
-4.313197020206204768e-01
7.785412526615633766e-01
-2.121713223727663411e-01
9.154403851486595523e-01
3.567115153166104669e-02
1.000000000000000000e+00
-5.107500035137728656e-01
6.029164064892196251e-01
5.193001133243321243e-01
2.325247961729980939e-01
-4.663702937127092718e-01
6.515526476198056915e-01
3.551901859163111297e-01
2.978379434622577260e-02
1.604069147227590308e-01
-2.844571585986215290e-01
7.007982569943274065e-01
4.602237171475342947e-01
7.161687344350606832e-01
-4.489126254099241042e-01
-7.052173317355533988e-02
-7.981043394961016002e-01
1.451025152077595193e-02
-5.541924879077161359e-01
3.027282583935405613e-01
-3.481144096983549985e-01
1.264226385917411599e-01
-9.088539047470086674e-01
5.169859595453184242e-02
3.202722401385389994e-01
4.372319625214559080e-01
1.000000000000000000e+00
-9.680737306711439949e-02
-9.522553464589437189e-01
-4.010981163481896344e-02
5.212939515904905230e-01
-5.431427165545278379e-01
1.000000000000000000e+00
7.207519884296499368e-01
-1.930940967889473725e-01
1.848699953048977551e-01
-5.249724176309470414e-01
8.401413501222015912e-01
-5.384544562235792364e-01
-8.954017382552391657e-01
5.544261321938637188e-01
-3.591804095234139571e-01
-5.851787049728345291e-01
1.990991032749957201e-01
5.593111808463747947e-02
4.704727943942714485e-02
4.884524820226900932e-01
3.961060928564538175e-01
-7.951803392758651778e-01
4.067822595324355750e-01
-8.938842393179878831e-01
1.000000000000000000e+00
3.348714274678354919e-02
-3.452567259761116225e-01
8.504394626537719049e-01
-8.062960708626936146e-01
-1.505491935963903238e-01
4.251358602749243376e-01
2.414399026234315127e-01
5.189789969495427202e-02
8.406475302809319761e-01
3.401035278371904447e-01
-8.439438252012720909e-02
2.187253626544840290e-01
-2.016539039916918907e-02
-1.142766042598314380e-01
8.797660943768671471e-01
-7.712692472749339834e-02
8.290075151857456692e-01
5.012964239625672391e-01
-7.628861295739343407e-02
-9.993207528555056451e-02
7.560752883164988392e-01
