-5.441433911077069308e-01
8.441576863557327393e-01
-2.029373439832271586e-01
3.624212809262103430e-02
-1.016968962664239751e-01
-9.066996291074078673e-01
-2.184366370458152296e-01
-3.100065164858901157e-01
8.179433560782558565e-01
9.890476996526511577e-01
-3.185987753002307299e-01
-3.121436922505503309e-01
3.753743966970427559e-01
-3.043444093933238559e-01
2.114895156874494475e-01
-7.278353802625896485e-01
4.329921108800285356e-01
1.078517188236025603e-01
6.097049755724301967e-01
-1.043634662836251836e+00
1.127480593447248491e+00
1.949631766069224170e-01
1.052278489386818228e+00
8.234449523003858351e-01
9.393232595947589858e-02
-9.035360929309955713e-01
1.519546395877262590e-01
1.010122447145401114e+00
9.001907401521913599e-01
9.684591123149395298e-01
9.117996753396198084e-01
6.157199743568920747e-01
-3.968916715335393253e-01
6.866167553193006645e-01
5.698579758215147617e-01
5.158424492325497379e-02
6.807723978454713887e-01
-5.400235921501297387e-01
4.087792844168958162e-02
-2.235386143541540083e-01
-1.383255262573709898e-01
-3.967125158032571708e-01
1.020368518776769151e-01
3.827136422092074497e-01
6.848528641940895834e-03
-2.218689495836971837e-01
1.933887452060148449e-01
5.771118358294593520e-01
4.775179972073280155e-01
3.126087071195098044e-02
1.860480507267658901e-01
-5.404852487430439334e-01
4.195525985579331429e-01
3.525767656240736958e-01
-8.782452596420993185e-01
9.698195340798820840e-01
4.177376664594071309e-01
1.815908983121529430e-01
2.309948661430095140e-01
-5.210380900505611201e-01
3.308417107600629681e-01
6.425977511961827870e-02
7.493568138235406906e-01
8.718984396523232761e-02
-6.350531467877047476e-01
5.673859953266593981e-03
9.404168999465583045e-01
-2.459083003061716399e-01
-5.944633385291970828e-01
2.145368523403270167e-01
-3.247430057558455818e-01
2.835391850366953403e-01
-1.193140727978430071e-01
-4.725157762158163077e-01
7.695698298066124821e-01
7.931882889177165330e-01
-8.264101023269264656e-01
4.649148164131051697e-01
-1.034727332598921024e+00
-7.411804905268767341e-01
1.224269069984451619e-02
4.226589618834843964e-01
-7.990731729608636646e-01
-3.245938365776147028e-01
2.745999377026462351e-01
-5.966426413850377530e-01
9.302506852591490016e-01
7.889408039484360757e-03
6.135373602939981907e-01
3.733524831837597979e-01
-9.556429506298634857e-01
1.049218320759057743e+00
-4.284007340611765136e-01
-7.274946894121272489e-01
-1.213365484831977342e-01
-5.252987190884494950e-02
2.991886189864148005e-01
-5.891939933323409040e-01
-1.035488023235006549e+00
-1.006412974080519718e-01
-1.676073843833703614e-01
5.615942080047271467e-01
2.770729139978327371e-01
-2.838478069972172335e-02
-5.250047686676616587e-01
5.993474547597923419e-01
7.784880561978968494e-01
7.030942794565588905e-01
-1.533983894789283098e-01
7.805047055651770371e-01
-9.198484273847742365e-01
-8.175194034548510791e-01
-9.619658892314129073e-01
-7.248693667703810517e-01
6.603134028011217738e-02
9.824718066853243004e-01
1.884438976793094689e-01
3.721542056558502232e-01
-9.288347179084108785e-01
-2.047280724564694288e-01
-3.649216642370891606e-01
-8.601866357250876893e-01
7.165980631008516122e-01
-7.735273946016116842e-01
-1.071126186914955314e+00
-4.314776088470373971e-01
2.748059544770287133e-01
-3.293506570123310162e-01
8.430227211619971683e-01
-6.150167232575378673e-01
-1.716907395075488729e-01
-7.557624435825535114e-01
6.436000578207534684e-01
3.868479402034168402e-01
8.331193848174576200e-01
-6.339118577311222413e-01
1.747046654236866225e-01
4.365118567904584523e-01
-2.793210298035275763e-02
9.078547925313948941e-01
2.164461208407484905e-01
-3.580329933833985567e-01
4.240918886990152625e-01
3.912034328506648340e-01
8.958425179142350814e-01
-4.987341479655790083e-02
7.270625310879226255e-01
-4.917041139494537916e-02
7.158591091075217072e-01
-1.138381962572469763e-01
-6.482129213366683018e-01
-3.246935387833490561e-01
7.614111586684609856e-01
1.561779281708569611e-02
-6.442258923871053700e-01
-5.573578177895353036e-01
-3.112185956325079772e-01
-2.513105547337221579e-01
3.834475715969589693e-01
-1.656390883752887344e-01
-8.135995475344981465e-02
-6.733634968446848834e-01
-3.076928737373268996e-02
-7.040143985316111852e-01
1.817290494507661780e-02
-6.694952121899799824e-02
-5.671292219745196483e-01
3.645853377556704800e-01
-4.272254791552481112e-01
5.126174178526143876e-02
-3.462592827183286204e-02
7.225125540048285000e-01
-9.858685466793626340e-02
-5.612921241492374591e-02
6.908047480959633724e-01
-8.496278098609686413e-01
6.212387211122856190e-01
9.518699149602839471e-01
-2.778671737500657546e-01
9.965024279400669371e-02
-1.207142669688916037e+00
1.134615117205084234e+00
6.424974219065729963e-01
4.861767701938981556e-01
1.024421973253484830e-01
-3.772489968698100604e-02
-5.311076014296953751e-01
-8.802202396975336018e-01
-1.466016929073947483e-01
7.204360323765003349e-01
-8.863892531623163151e-01
7.422927551171228100e-02
7.442533347441573355e-01
-3.737096989169803596e-01
-3.402014022877594135e-01
-1.869184840017105720e-01
-7.884067942804808826e-01
3.733952454519769981e-01
-3.583128081921844732e-01
4.247243915569269834e-01
9.227686315023175823e-02
-8.051371417471970826e-01
-3.874387210072014476e-01
8.699103369997045476e-01
4.979636365224435757e-01
-4.259236841134896312e-01
2.358474068011120472e-01
-6.883573286305941230e-02
-7.514711970335012925e-01
2.339199662179596850e-01
9.038416751090048162e-01
-9.060788695157830919e-01
7.452864263501074449e-01
4.250740408313852248e-01
9.468393269151825775e-02
-5.445039722383986369e-01
4.450222813125850885e-01
-8.516899299116302835e-01
3.965861223905096239e-02
-9.565712916847508573e-01
-5.703066824608270524e-01
-1.467519393381199189e-01
-2.679421485355904520e-01
7.317340033511385844e-01
5.711945425614206595e-01
7.951892635109476526e-01
-6.061519712191462128e-01
2.523133120626330772e-02
-7.436801739079752505e-01
-7.286433765340796231e-01
-9.529174348749109846e-01
-7.811234839348230041e-02
2.034600715433660667e-01
-7.329656769247766546e-01
1.142769722256997515e-02
-7.826694235560327506e-01
5.323562102373466942e-01
-3.968892806142015894e-02
7.917601260506903493e-01
2.808618303855581200e-01
-1.629366453205572940e-01
-2.838475885901926565e-01
9.416784692830064696e-01
-4.377179447742913787e-01
-9.262393067238009481e-01
-2.747400852465166632e-01
9.517118763089058575e-01
4.090767888020052645e-02
6.021974660851867611e-01
-2.713780196735708916e-01
4.336847908098059867e-01
-6.841716536780657609e-01
-4.699193598475555067e-01
-4.395443348898144809e-01
-5.862350601641976855e-01
-8.298917987047016442e-01
-1.534655413279366609e-01
-8.126955558861170825e-01
4.334405392482154618e-01
-2.420451380597596347e-02
6.205396714266202540e-01
-2.162187855487827104e-01
5.452558392398849652e-01
-5.026901903806025862e-01
8.766803413719275184e-01
