-5.106942970630785616e-01
-5.803996336966943392e-01
9.041072813228773208e-01
6.885574952137509808e-01
2.473553217968960105e-02
2.337752951406211754e-01
-2.751022406617021354e-01
9.323337158494631183e-01
2.005920083921125530e-01
-1.000000000000000000e+00
-3.120981165035453808e-02
-7.144766116867600214e-01
-1.788814485769663065e-01
1.762349049702040260e-02
1.097448622347720892e-01
-2.582482112741052438e-01
2.114311521100826763e-01
1.143784773335469740e-01
8.074168222202919853e-01
9.999347256829410613e-03
-6.131100304182524052e-01
6.120045207485613759e-01
5.406814038405809431e-01
2.098609450827831346e-01
6.022145523385862287e-01
4.300269374663160393e-01
-9.585294417985075199e-01
-7.789424868346596087e-01
-4.073944225105730621e-01
-4.631440980973944299e-01
4.462904864583918108e-01
-4.468746711442632136e-01
8.082357621105349388e-01
-8.640806944985219840e-01
-1.236127080795567101e-01
2.232908534463458883e-01
5.234402364546496544e-01
-5.024115297468481067e-01
1.984899249109883523e-01
5.154731689791629545e-01
5.396293290437135237e-01
3.286688093064225047e-01
-3.428532786538082133e-01
-1.000000000000000000e+00
-2.871700976087216417e-01
-5.465974407216487307e-01
-2.083300522225068063e-01
3.747941340116338060e-01
-2.256695856092194308e-01
-1.786182077336899432e-01
-2.996393651779484246e-01
2.264019476105404438e-01
-7.780318188802293200e-02
5.996368709663741914e-01
6.220571949198727690e-02
-9.510016293996834680e-01
1.954133498946167280e-02
3.735582216728027261e-01
-1.069736405735882689e-01
3.133303137059481047e-01
3.861270434508101701e-02
-8.238318891433188407e-01
9.811432497647851192e-02
3.599011375734447599e-02
-4.820909849037919304e-01
4.474736476718618183e-01
3.279176366559960476e-01
-8.279057550570100010e-02
3.736927533081597641e-01
8.351198535698907133e-01
-6.163239343426164529e-01
-5.775640779657770230e-02
9.336008170451123300e-01
1.774793246917844292e-01
2.316025312890522825e-01
-3.962129763914341574e-01
-1.514872305607831982e-01
-2.251763529459505087e-02
-4.194823052556300169e-01
-9.027274419900638280e-02
9.429389068148090747e-01
-3.089660632876430890e-01
-1.693242973366579363e-01
-2.381606045304030250e-01
3.676073467067896838e-01
6.225548812457368797e-01
-2.442865597422402835e-02
-3.587631279394218331e-02
-5.492831532738907674e-01
8.241009969609698338e-01
6.677550256818938490e-02
-1.805702645651347527e-01
-3.065429178333647919e-03
-4.010874694051504985e-01
-1.182611298934672095e-01
-3.525993556112079208e-01
-5.110508724259752444e-01
-7.819983822687117669e-01
-3.563365888741756304e-01
-8.330538807440107663e-01
-9.714149602414662299e-01
6.195045536741089487e-01
-1.930582750546661619e-01
-4.706324231555480408e-01
-3.659315344680286186e-01
-2.320328049332724685e-01
9.833032802889614121e-01
5.689840720134948793e-01
-7.399812743097655687e-01
1.139857333050323385e-01
-8.637175427367395075e-01
-4.741912167831985325e-01
1.000000000000000000e+00
-3.853851959747625067e-01
3.926287071634789738e-01
-9.035429565223540571e-01
-1.000000000000000000e+00
4.371450740241343835e-01
-2.674075548613552566e-01
-1.295227942935681942e-01
-8.722662234452700503e-01
1.000000000000000000e+00
-4.871914197845444439e-01
8.865617264730552005e-01
6.618344964063556379e-03
-4.588171978568976739e-01
-1.000000000000000000e+00
-3.146953964592849595e-02
-8.128579312215612473e-01
7.352461968542106652e-01
-7.775387490423640857e-02
-5.416549451768136458e-02
-1.000000000000000000e+00
3.798302275327418709e-01
-8.120228918240356419e-01
7.230376764028215164e-02
-5.340464780417404356e-01
-1.914227541741169158e-01
-3.926667032765133181e-01
-3.978608545414794584e-01
-3.915128477308070232e-01
-4.240920776586581398e-01
-4.680280002710509590e-01
-8.463632548401716083e-01
-2.017626544448106740e-01
-1.000000000000000000e+00
-4.127560237145907474e-01
5.949942178234532975e-01
-2.067467821363259128e-01
8.862522363901499389e-01
2.179456622633990648e-01
3.498490045150645100e-01
-1.000000000000000000e+00
3.531784376083061394e-01
2.364923003229056631e-01
2.391397254538135675e-02
-6.882844537291379350e-01
-7.249171223025757671e-01
3.626914218060620643e-01
-4.966819023027891911e-01
2.705814230667633047e-02
-6.833307825439085548e-01
4.084405833091158677e-01
-2.468283125310166692e-02
5.532081333965857550e-02
-4.384393324862910779e-01
4.372021909733956324e-01
-7.017402964834995593e-01
-7.194677531374946700e-01
1.000000000000000000e+00
1.728692653598000173e-01
9.381687845469317555e-01
1.358100223421433717e-01
-1.245120756423909458e-01
-2.817146725456483036e-01
-1.841033240545692506e-01
-7.518465941630312344e-01
6.492259641633444378e-01
2.382640785114886750e-01
3.879203324927481544e-01
4.540325665580896564e-01
-3.965191413759115435e-01
-7.559395726882517375e-01
-9.809648713268721565e-01
-7.690480332855790246e-01
8.255177458270857721e-03
5.312486444606379088e-01
-6.116934847066963776e-01
-7.130177886975365142e-01
-9.216014517804664852e-01
-9.932878758982650602e-01
8.797750513296525021e-01
3.681887454473149468e-01
-4.623310275343421316e-01
1.764165167672304690e-01
9.949212743531816727e-01
5.822183936122963255e-01
2.721021160312458997e-01
-2.613587386383925404e-01
7.965432637062460630e-01
-7.823694347743934685e-01
-5.185542825498217212e-01
-1.372200864456452896e-01
4.340685754807397934e-01
6.606914079292657005e-02
-1.433391700738542718e-02
-8.608142343866025392e-01
7.631061483110094246e-01
4.698655082112638826e-01
2.597624343737730546e-01
3.124857523350357269e-01
8.255228092822184394e-01
6.964492364276071434e-01
1.000000000000000000e+00
-1.000000000000000000e+00
-1.438888552625087192e-01
6.264191505033837037e-01
-8.096877479220594420e-01
-6.550055003041255208e-01
-5.355845809176270622e-01
-2.208775336322206517e-01
7.903308491846516848e-02
1.000000000000000000e+00
-8.648705126578619673e-01
-4.440909680502331258e-01
-8.930137685306840933e-02
2.119675419464801536e-01
6.815544617949669259e-01
-4.035764973178274651e-01
1.952042313804600859e-01
-4.677705562872040979e-01
3.891640211466674826e-01
1.059604391088109360e-01
4.399326211062066783e-01
8.659994476328390922e-01
9.983366055267312023e-01
3.099125716555064525e-01
5.458746116777221657e-02
-4.333369446829416494e-01
5.413943198378285970e-01
3.524742941716723088e-01
-8.893227048521736844e-01
4.130230303705058059e-01
6.245852576733322836e-01
-3.401843555605610359e-01
9.824311362762796485e-01
5.433326262931456041e-01
2.227658178714656545e-01
2.781824523487429202e-02
1.777675955774021543e-01
-2.673672665145167548e-01
-2.340826984128974442e-01
7.097769243816649531e-01
-4.229342495315992212e-02
9.581506238606586345e-01
5.694633326991229705e-01
-9.453068109011010245e-01
-8.309010764783237857e-01
3.005814991647501877e-01
2.716720888763290986e-03
-8.015811092297713270e-01
1.000000000000000000e+00
9.592946448779792190e-01
6.557105792756412477e-01
5.796011537629065513e-01
