7.812317276908526953e-01
-1.274999364611819619e-01
6.507378960636025500e-01
7.701940979742043503e-01
-7.490197322407674552e-01
2.218311315621663837e-01
-4.130355952526316710e-01
8.887000018041496530e-02
-4.582915285756533619e-01
-9.914447694740919914e-01
7.403358703789697515e-02
-4.980549871683630503e-01
-2.566504031332659252e-01
-9.613982328070418415e-01
-4.193323917771555331e-01
-6.881579010846182731e-01
-1.243654714194974975e-01
4.072684179071477395e-01
-7.748319741683935558e-01
9.919329902206139860e-01
4.734746194190773139e-01
-7.974209644712385581e-01
3.595152952436144744e-01
-9.761583261283197643e-01
-4.644440328296608467e-01
-6.654123464118678610e-01
2.816436035749234623e-01
8.725987406496591436e-01
-3.311160451339438815e-01
4.097945389598487420e-01
2.356950498760486123e-01
-8.441574818913868405e-01
-6.502550806957964058e-01
5.119470197020714597e-01
4.603202047581722578e-01
-9.863670377094297947e-01
1.941662108273285448e-01
-5.796902518182815989e-01
-8.702722372673665774e-02
4.505589190897087981e-01
-8.415564823009089035e-02
-9.280889075166195434e-01
6.918403710273219875e-01
9.583973661065359195e-02
-9.228973337978285674e-01
-1.339307658822128433e+00
-9.962296188429573540e-01
-1.431511720127001119e-01
-3.122214846201121219e-03
-4.344438900903282441e-01
1.685180105098593728e-02
5.586118430118360845e-01
9.782865341720567987e-01
4.997965965958097723e-01
-2.052726740599575272e-01
5.324800828060998192e-01
2.340834696400377890e-01
6.324920437426502229e-01
1.277076788952618003e-01
1.958236431717648163e-01
5.741863297046658765e-01
7.531167206684328264e-01
-8.406159737898355466e-02
-2.765299588483589588e-01
-7.033189637748662459e-01
3.248940149156169799e-01
-9.698534933599849417e-01
-8.177631618533132141e-01
-1.687208256013890129e-01
6.273648526381858659e-01
9.272322140113118394e-01
-2.111307972538279121e-01
-8.385975218020053079e-01
6.239247043951556826e-02
-3.269704177782415955e-01
2.444490383517461396e-02
7.370268453911281714e-01
-1.335946473880551544e-01
6.719931000040384461e-01
4.835387832398019281e-01
5.632458605221850600e-01
-8.735677040657920944e-01
-8.697026337470512569e-01
-1.165215476116130411e-01
8.125576142301433880e-01
-1.055998646093243565e-01
-2.195793591114023613e-01
2.163058626370997772e-01
-4.098815190420621590e-01
3.599563775598176862e-01
6.071862030280800182e-02
3.433213363827651854e-01
7.725989327764135606e-01
-3.034182958530471375e-01
-8.663527791476868245e-01
-5.125746468005736300e-01
-5.538459104378604669e-01
7.343114061581605956e-01
-1.004940373141337107e+00
1.997944270162190783e-01
-9.249131161608206142e-01
8.305106584701713590e-01
-1.997478858800496304e-01
5.810433130112763189e-01
1.840633269174762887e-01
-5.370240154378942421e-01
-3.944719550729052782e-01
6.879351829609903213e-01
1.964717697143323338e-01
-1.887194668272829112e-01
-3.605560567529781935e-01
5.667296917842163939e-01
9.248217687867568149e-01
-2.795195019489388755e-01
-3.370631487749891075e-01
-6.506028460805923785e-01
-9.664750140876743334e-01
-6.066428933766689902e-01
-1.161969402591090716e+00
-4.362069913489048378e-01
3.155178099771180911e-01
1.007382942443113993e+00
-7.189345766197251519e-01
-5.009302623464404469e-01
7.205063291507763923e-01
-9.375611725858625789e-01
-1.654405017790616661e-02
-6.205985590687332909e-01
6.334659266458203541e-01
9.553992831549522613e-01
7.293472040987523108e-01
6.919486238654044552e-01
3.779843001375535749e-01
-8.992870661189138470e-01
4.093388674907953995e-01
-8.206185291871175291e-01
7.351015122784982925e-01
-4.963979425757964470e-01
-9.205180583034866526e-01
-1.649376821780037528e-01
9.156409624642414258e-01
5.878899854988569595e-01
-9.594407363851720216e-01
-6.937569740497052662e-01
-6.098233874994964943e-01
6.149341615537309291e-01
8.569944739543908785e-01
3.589944822490502840e-01
-2.205955288677816650e-01
-2.725191942522398048e-01
-2.631782983427402578e-01
1.016597504281520070e+00
-4.892228318294916112e-01
6.512537314726094539e-01
2.660959047752635143e-01
8.769742044506567691e-01
-7.977031230580772236e-01
2.109736664094015168e-01
-8.513329934401336896e-01
-8.176460835705473551e-01
6.337066422836312718e-02
-8.784680827893189825e-01
9.885257429950334851e-01
3.218254296632925282e-01
3.348649112079692403e-01
4.010740710464861802e-01
2.362308843916867129e-01
3.888477799740578944e-01
-7.166408147428899866e-01
-7.480584666883209888e-01
7.696529266754494891e-01
-2.757052855128010460e-01
8.842290146013089824e-01
5.637767286768118336e-01
2.272356672066218053e-01
8.476880930673482695e-01
4.173224244011886075e-01
-9.392173697275685296e-01
-2.393846131724850501e-01
-4.516900354279516083e-01
-4.558153597245147015e-01
3.287758265055897855e-01
7.886309134618032513e-01
-1.303335822093970864e-01
9.440032911921967251e-01
6.267369450990271096e-01
1.257167004552763034e-01
-7.768149912908866028e-01
-3.051728882764856987e-01
-7.238290210338020891e-01
-2.206527604634180295e-01
-2.619679772198073575e-01
8.577693670946209270e-01
-6.750794506413666518e-01
-6.290622350354029280e-01
8.141085391574771624e-01
-3.516761848593909501e-01
1.526171638048088308e-01
-2.370633177269974023e-01
-6.358041396415728963e-01
1.305995287784793013e-01
4.043085553003454291e-01
8.497967238918628929e-01
-3.159814145671648866e-01
2.298949311674916007e-01
-5.510273456125049929e-01
1.220295401000430768e-01
-7.001035584442123483e-01
-1.925912237741360389e-02
8.623320268324514704e-01
-6.401942967152268738e-03
-4.738199948580067433e-01
7.749921605781218137e-01
9.303475014298014933e-01
-5.939792303988016275e-01
-8.906839131790237341e-01
6.006434093545303110e-01
-1.442053022250706085e-01
-3.208475045516721025e-01
7.309384958505089624e-01
3.983615577936694407e-03
-7.820456733662028981e-01
-4.536498726005107063e-01
-5.560699469867171896e-01
-5.166049247480293261e-01
-7.567912177255453621e-02
-6.543572688524424974e-01
-3.431851181909320037e-01
7.597448903434056433e-01
1.163204414907339501e-01
4.932949183208930055e-01
-7.140966766402883081e-01
-8.509909862753683996e-03
1.044217292379644890e+00
-5.911311940082021321e-01
8.825009014520550643e-01
-8.939057908854337597e-01
-6.381248602147422400e-01
4.127746530174669637e-02
5.165885011851800712e-01
-4.730374171857754106e-02
7.675467259489301419e-01
3.915469221498806274e-01
9.468976119112935130e-01
1.720788990124699769e-01
6.165205167194098834e-03
-3.695455556474361858e-01
8.564636114731913885e-01
-8.093160775737184842e-01
3.319108421093255323e-01
-8.480754203325457929e-02
4.374019269231137486e-01
8.456015339699872735e-01
8.135375742230690488e-01
6.228781938252585526e-01
-6.502465982796918897e-01
5.292951291427896443e-01
-2.168301797890543892e-01
5.620319634486836691e-01
-5.341823963376410855e-01
8.681831375434563292e-01
3.803623078589817297e-01
-4.498509191944168317e-01
7.790645938688047778e-01
9.684566784807315809e-01
