3.054213635056707843e-01
-1.048506682381061400e-01
9.077865780746028346e-01
-6.212639408754160320e-01
-4.325654400938402366e-01
-3.747659038174205870e-02
2.003060255632204689e-01
-5.611545833724663757e-01
-1.000000000000000000e+00
-7.984003372593464487e-01
5.820645836872782031e-01
-8.268737946604192146e-01
3.835792111887494360e-01
7.954518035839827084e-01
-6.962443907437796398e-01
-4.679275017661727598e-01
-1.289888873982399931e-01
2.518594560588227615e-01
7.884517303715002923e-01
-6.676159214354053795e-01
-1.138937893835697546e-01
5.899205022222209216e-01
-4.090152631860651256e-01
-6.772657387162002163e-01
-4.551115609586673383e-01
5.209528591959229349e-01
-3.017005741769748228e-01
2.499602914397346942e-01
-9.246377376053929176e-01
9.252648319932645915e-01
-1.810848517894700915e-01
-4.341621140555198544e-01
-6.125898529008735188e-02
-1.783293670867536207e-02
-7.149159572236124527e-01
-9.905055197414535106e-01
7.233969160414659427e-01
5.144520866108843737e-01
6.264163963803336399e-01
-4.961339946184439853e-02
6.860213000585414778e-02
2.910886820448684298e-01
-2.824580928077968789e-01
-7.112193474554303618e-01
-8.315884819512128212e-01
3.550051246343757239e-01
-3.076125431981413527e-01
3.694189711637996254e-02
3.658814243887439921e-01
6.502650469011184153e-01
-9.847421109750802426e-01
-1.000000000000000000e+00
-4.787384501205352860e-01
-5.486785350574385593e-03
-1.473453297242046933e-01
9.896203785429741329e-01
-4.609056820111917530e-01
9.831678155884260306e-01
-5.306429633735290086e-01
4.925897489772551041e-01
2.408154474642465459e-01
3.656359329720731965e-02
-7.821236523402510521e-01
9.458516076028623543e-01
1.561474180573205195e-02
6.532677959181151239e-01
-6.635618897072150801e-01
1.380377195138553503e-01
8.071755106301949922e-01
1.558779697553752674e-01
-8.612497648382476667e-01
-5.604827679363971749e-01
-5.831383079302412398e-01
-4.112562209181460648e-01
-8.077830397866174461e-02
-7.467825046208224071e-01
1.584529384235573435e-01
-5.826219191999134628e-01
-9.050908430615469680e-01
3.473526364380570830e-01
2.548982647594239537e-01
-9.883195718882773484e-01
-8.024936387300087848e-01
6.128049416068964694e-01
-8.721392841502322302e-01
-6.840084880843947390e-01
5.797214830304968647e-01
-9.252413212616806826e-01
-8.216638194226874026e-01
-4.996498055416555006e-01
2.225010304093486269e-01
-4.038839208362968169e-01
5.944261296659449079e-02
6.492909577359560203e-01
6.615397025513218843e-01
3.553451199884219425e-01
6.708576190316650756e-02
-9.891801271597563394e-01
3.118769436853055521e-02
-9.060497642419608200e-01
9.304981114391358554e-01
8.248594339802933773e-03
2.204540704715893529e-01
-7.846577617882432021e-01
8.457468013467939194e-01
-2.033691473296943275e-01
-4.758670470222229332e-01
2.285766152369301252e-01
6.293688468251641410e-01
8.438654656746804594e-01
-7.160286601523317973e-01
1.000000000000000000e+00
-1.908956255137945757e-01
-8.665622382970770143e-01
-8.787114954441546111e-01
-2.591548512233422530e-01
9.328633594027428977e-01
1.000000000000000000e+00
2.032645781301666288e-01
-8.674825576400020388e-01
-8.860662249274604552e-01
-2.881286571162268717e-01
9.414011992151920527e-01
6.636989196462714791e-01
7.317118452747763957e-01
-4.023509734011253003e-01
5.146788586018692380e-01
-8.326866294689578840e-01
-3.039387336813509366e-01
-7.490037892444505463e-01
-4.528679574564110633e-01
-3.600373074731786360e-01
-1.414346502750041257e-01
-1.959574563822089333e-01
-3.067648405725650895e-01
-5.666885799456518047e-01
6.211865600673101007e-01
6.986587948615045063e-01
6.290958934638845035e-01
-9.886597353486440420e-01
1.680646444921624350e-01
8.821406331066489193e-01
-4.384717593346540432e-01
3.544483036399474485e-01
-3.417591799023324550e-01
-1.143963649965976520e-01
-2.639558135807704708e-01
-4.776811182024598423e-01
-7.281066581777876356e-01
-8.383934949649376467e-01
-5.582449430834407478e-01
-1.970150818517979463e-03
-8.712376808819031204e-01
9.194377430826864428e-01
-1.974512295418878183e-01
1.000000000000000000e+00
4.917691728683838415e-01
-3.163179673907626221e-01
-3.741656822310188701e-01
-6.308337455248332892e-01
4.344539678048027209e-01
-2.199703602908285316e-01
-6.971309678078732031e-01
2.259837393020188157e-01
9.122889578563391222e-01
-7.302780617982995714e-01
7.717866237481968428e-01
-2.221849566550724575e-01
9.149879414510980746e-01
-1.000000000000000000e+00
7.982484134351534033e-01
7.858473448252855098e-01
6.254136974945148086e-01
2.448612253152269713e-01
5.365386514898631276e-01
-3.513244034028333296e-01
-5.909484886693950889e-01
-6.204610139653672363e-01
-2.014551663562596517e-01
-3.661558318652171629e-01
-1.118551313411411396e-01
4.815757766293300435e-01
2.519520037194987738e-01
5.020718321498158776e-01
-5.826768300653727140e-02
3.376548752289627864e-02
-4.936962457112898939e-01
-6.958884911336935541e-01
5.713898459280924991e-01
2.878687397647832213e-01
-9.547477019811398957e-01
-6.184122755258822934e-01
5.222981970624874792e-01
6.788663760558139026e-01
-8.935968187002246710e-01
6.427554096124715732e-01
3.841117218477428930e-01
4.010395142551774761e-01
-3.436937762396277130e-01
4.597022704321496733e-01
-3.042322924099430947e-01
-8.415852193293746897e-01
-7.733793805386014464e-01
-1.722721513733734555e-01
-4.640877429459500103e-01
-4.313245535575813139e-01
-8.441135115828746205e-02
-4.152804133968776013e-01
7.072268084746515804e-01
-5.614006978724969121e-01
3.364998081110457395e-01
-1.074865960301781831e-01
-2.150947913912902298e-01
8.166757800906082609e-01
-3.072062980689763689e-01
-8.619253755465541289e-01
5.086637708117799916e-02
-3.064825744614887298e-02
-9.634510486103404769e-01
8.244559454013978828e-01
3.162866188475025320e-01
7.323011669949373026e-01
3.661062147676001910e-01
1.205590971232905623e-01
-4.588310197750614661e-01
2.558125566737504131e-02
5.408243076171591612e-01
9.641661625573206829e-01
5.074169447417993251e-01
-4.455523983667761256e-01
-4.174802335198650183e-01
4.370082011877813311e-01
9.663725811276744349e-01
-6.535047283381291150e-01
-9.331080158636949617e-01
8.140459057498659057e-01
-6.552794007623280459e-01
5.147781316874388002e-01
-4.521690256025691634e-01
7.283592005558198190e-01
3.639112201679520209e-01
8.344442890657681744e-01
6.639598171654370606e-02
7.217376367150321048e-01
1.846429604268163827e-01
-3.267615481408074340e-01
-5.741839301664245498e-01
-1.111054704718399400e-01
-2.242071416888922197e-01
-1.340746133730081058e-01
5.510368750183740616e-01
-1.920499252623361353e-01
2.565177244141375046e-01
-1.000000000000000000e+00
3.771014595637917077e-01
-4.631679365266449522e-01
1.351687839724924345e-01
-6.886467152183411988e-01
-5.001631792207138494e-01
-2.691068060263670514e-01
8.770007036077300810e-01
4.677847704027224829e-01
-9.987072423473456473e-01
1.984540574308152339e-01
-2.741711017832859643e-01
