-2.756991149245048844e-01
-6.588835068949843166e-01
-4.197681604216874640e-01
1.000000000000000000e+00
3.672841091350265152e-01
-1.968198852340468652e-01
-7.560400212416285015e-01
-4.381871158671832855e-01
-3.031569872541450827e-01
8.115075579065672562e-02
1.000000000000000000e+00
-2.629032459506103758e-01
8.757373940928099287e-01
-3.292527476772852957e-01
-1.298832773198691504e-01
-9.601599827463831449e-01
-6.354457267619658678e-01
2.185620263356400916e-01
3.765097847738987369e-01
5.841143646423707647e-01
-1.342233177147676426e-01
-1.503511176806237581e-01
9.771687868154079748e-01
2.216473589598488836e-01
-5.880023582216369338e-01
-1.636620944715841408e-01
1.589327110615618155e-02
6.614351255572538113e-01
-1.966460213822617265e-01
1.000000000000000000e+00
-7.561688094370299096e-01
6.059513851490216929e-01
1.400086367574231438e-01
-1.000000000000000000e+00
-1.589873210061272246e-01
1.899512924074027165e-01
-2.327501253944978532e-01
-7.704341477910879865e-01
-2.686915472003300054e-01
5.856932877652955005e-01
-6.001057858949337964e-01
-2.488355629644800615e-02
-6.134682388796647290e-01
-4.169930628511082649e-01
-2.768029380473022716e-01
-1.730893219169552522e-01
3.812156276384368603e-01
-4.762212241928948098e-01
2.457948688033044782e-01
1.723170540010523777e-01
1.771860788297514519e-02
-5.633521409520982903e-01
-4.733585475296528955e-01
-3.049658374202771083e-01
8.826928539581481159e-01
3.091059666575474152e-01
-9.530084958606195311e-01
-6.287727402841986057e-01
-4.999692705646516799e-01
7.773120077565502939e-01
3.592871618515711685e-01
-3.385049036607590267e-01
-1.484010570806350571e-01
-1.623441675548535079e-01
5.392366610415813000e-01
-7.350170182122608420e-01
-1.867295456655269081e-01
-5.660362408896393305e-01
-1.481374242986202849e-01
-1.123282365724220799e-02
9.318917479488266764e-01
-7.449108880913584141e-01
4.781928701342488264e-01
2.996828653203405524e-01
-3.144567512669776410e-01
-9.175949965769295558e-01
2.786823462635176774e-01
-4.794684830149709698e-01
-3.456991369170214767e-01
-5.193810118792424602e-01
8.423210187132776916e-01
2.103156143214442442e-01
-4.796931348205302204e-01
7.671193663639886973e-01
-1.645079029822503758e-01
-9.050603215394721346e-01
3.994203811934874948e-01
-1.511888990068361860e-01
-6.283955646996841615e-01
5.353815856290342623e-01
-4.439285437412965329e-01
2.279205959493446620e-01
8.811042912987763209e-01
8.345345014337832712e-01
5.825022058084640131e-01
-5.272044877022294962e-01
-2.342385929779458031e-01
-8.452393706546939001e-01
-5.199892656018190173e-02
-5.127713849977323379e-01
-1.799448200245009066e-01
3.243391152389248910e-01
1.529245853332441563e-01
-1.956212452069228669e-01
6.161187275999016055e-01
6.629024582185696901e-02
4.619544122657140983e-01
3.387481297386814028e-01
-5.587956998362153538e-01
-5.146316762606353290e-01
6.831301409365864163e-01
-3.476381099372161665e-01
7.844669244134259145e-01
7.265608662419094088e-01
3.612875946767972746e-01
-1.317085622825082680e-01
-9.257645277734072309e-02
-1.000000000000000000e+00
6.300102371127431766e-01
5.412567884109761307e-01
-1.898474151984483049e-01
3.688338038494859417e-01
1.894814679856202111e-01
1.000000000000000000e+00
-2.518723362693553458e-01
-4.853744405636841730e-01
-9.224104601292606453e-01
1.000000000000000000e+00
7.016507879123391467e-01
7.822352761092200568e-01
8.680724519295500707e-01
6.894718269859902993e-01
-1.585011110303979898e-01
-9.879967312274043900e-01
7.394742378319167919e-01
-3.003299225261095162e-01
-3.053620791159370462e-01
7.813127859790011120e-01
-5.882799027616845144e-01
-6.895683364208902155e-01
-1.964808054527708014e-01
-7.343867799553170927e-01
-7.327522581391447687e-02
-8.039389840129510523e-01
9.200004708081244154e-02
9.622264062438653509e-01
-3.227295685081594812e-01
2.668753596204662126e-02
5.232056987547619720e-01
-7.911530317361099574e-01
3.158185123704482788e-01
-7.059509974516612330e-01
-9.110549071285031220e-01
-7.187106952060027254e-01
-5.745933523590366354e-01
3.602686668955858984e-01
-5.745792554928481621e-01
9.784274378707571440e-01
2.221503960595415106e-01
-4.060143856521709060e-01
4.511439446316949375e-01
5.105328366982857524e-01
1.456566882042524547e-01
9.453561302135093936e-01
-2.872954282982728147e-01
-8.112504032614933358e-01
-2.076817354431090834e-01
1.593874227084524087e-01
1.243020993415179798e-01
-6.817390678420538475e-01
5.391815628859952803e-02
-6.438490529902360926e-01
4.540146040817786277e-01
4.992196871518826407e-01
9.872858784257210196e-02
6.995764185702038063e-01
1.975781214387478946e-01
3.671743148171668913e-01
3.603565137572362076e-01
-2.765056350284615938e-01
-2.164705899785390741e-02
3.236077747631215251e-01
-5.363405485581961007e-02
-3.671846974111455664e-01
-2.416660662534071413e-01
3.146389024279075408e-02
1.842952527843555455e-01
4.524361467259158109e-01
-8.293123972770454211e-01
7.232964989984936865e-01
6.693712818632827632e-01
9.357166937450155375e-01
5.263380756246679448e-01
7.021830357627408814e-01
-7.561334915201982643e-01
-4.730206246109605051e-01
-1.920942982623940198e-01
6.860283757201868227e-02
-7.248670384421990187e-01
7.489294797218546407e-01
3.078737403586583321e-01
-1.605304799730346010e-01
5.392194014289879156e-02
-4.450082669252415357e-01
1.036137375620204415e-01
-9.826040649149978545e-01
6.543060756388374699e-01
6.395882157602885698e-01
1.787258405044183096e-01
-2.731937409728686372e-01
-2.966924786571060735e-01
-8.335011107230770877e-01
8.887611007356350790e-01
4.106915535597706057e-01
1.177453573074741661e-01
-8.070037177416049534e-01
4.460846605030382994e-01
9.993340870673798060e-01
9.986441712705833584e-01
-3.578634319247843143e-01
7.406413451377940049e-01
-3.248659188981593005e-01
1.656406988391729562e-01
-5.968705592806635707e-01
-2.463699287992094367e-01
-5.017277375879044543e-01
-1.470094559058022776e-01
-6.198825882606581184e-01
-9.564423866904372407e-01
7.477527814718618604e-01
-5.906376539835300754e-01
-2.841990308296492018e-01
-4.166860882991074710e-02
6.413611091554030086e-01
-4.937660466080686650e-01
4.435069944673306619e-01
-6.529670397605238374e-01
-6.033844044381440064e-01
-1.000000000000000000e+00
-7.568881655807376818e-01
6.729537070541569133e-01
3.644856212106295512e-02
-7.570639133164580592e-01
2.639605873866270880e-01
-3.138059940408191029e-01
-6.131503960278652521e-01
3.179664250687715965e-01
-9.816814563359601564e-01
-1.095196031256204239e-01
-1.579620245425308878e-02
4.654806262814348838e-01
-4.488401663186023516e-01
8.914606986984850989e-01
-5.731723972956892510e-01
-4.662310892334628476e-01
-3.570260596192897928e-02
9.471030395611821362e-01
-5.123904739350033655e-01
6.641936984105716313e-01
-2.364365923312657103e-01
3.712497872250692943e-01
-6.363412673580074452e-01
5.828265150742445444e-01
-3.692414069023763901e-01
4.370254050393350687e-01
