-8.258385731381625572e-01
-8.321511413718567507e-01
-8.181957885148637422e-01
8.071141711912100947e-01
-3.072221837118592203e-01
-6.742967825663852555e-01
7.093721619406087586e-02
-9.051044500211653521e-01
-9.666903859437099567e-02
-6.949390397395244223e-01
6.402450617801382915e-01
9.537991903937710347e-01
-9.561176770046316831e-01
9.022848269962485679e-01
7.070998040325362499e-01
-9.746821764031056157e-01
-8.317937906512550272e-01
-1.000000000000000000e+00
-9.710638226516596361e-02
-3.689225764171946698e-01
-3.981433535216666320e-01
-6.557073699936023514e-01
3.756855490498747230e-01
-9.495666379055055228e-02
6.671103446075329346e-01
7.080492743829229774e-01
9.826913000269625886e-01
4.756226182534124547e-01
-6.132290743391914933e-01
8.681229805240955333e-01
-4.471662124453713028e-01
1.663888939387064281e-01
-6.528784470242703364e-01
-8.649898501525191685e-01
-2.071246890255929451e-01
1.481152286545444341e-01
4.531386230116927760e-01
8.727741397187580574e-01
-7.486651280870735281e-01
-3.429568221368865799e-02
-1.132290559032766153e-01
1.430648341204122653e-01
9.899012082489315745e-01
-7.413065173818457199e-01
-4.297894012750764214e-01
-2.925130202841787486e-01
-3.820696156174828162e-01
6.049066404868674862e-01
-6.856131469140261947e-01
5.634830406978855732e-01
-9.249967612068184242e-02
1.028949091972706509e-01
-1.000000000000000000e+00
-5.882549350061767601e-01
4.353704471668149445e-01
5.428961913583590926e-01
8.052176578477726610e-02
1.000000000000000000e+00
9.605183986331651269e-01
6.918069444733289108e-01
2.275238085134339006e-01
-3.362144082492130592e-01
-6.231027235964283761e-01
1.000000000000000000e+00
-6.229048686588688488e-01
7.698345522308884803e-01
-7.953790043810072818e-01
-7.316525509923637038e-01
-1.000000000000000000e+00
-3.284452841092215802e-01
9.766559155678192772e-01
5.693399562689140936e-01
8.003409636814726724e-01
-2.780937787337072198e-01
7.433983557906522766e-01
7.403454108457299121e-01
8.510946494017400665e-01
-8.133619277371259004e-01
7.493067909001901450e-01
-6.340967612522432351e-01
-9.684621048616444128e-01
3.282721922492458644e-01
-2.313799537054386790e-02
3.604410374426231800e-01
-1.998579485124473420e-01
8.229679421451715493e-01
-3.841748023872279538e-01
-9.313539474770090587e-01
7.722065682699491562e-01
9.522954286136442459e-01
-8.522002690617089815e-01
-6.720619849323513639e-01
-3.569967085292542475e-01
6.117016703576066972e-01
3.210534663577059578e-02
-1.000000000000000000e+00
-7.066857951870576526e-01
-1.584586394276542298e-01
-3.904230159849780835e-02
4.023934892987029444e-01
-3.083361852555743451e-02
2.309214850681579334e-01
-9.172310229616507105e-01
-8.828110314262319624e-01
-7.331285700017958762e-01
3.307263776672705324e-01
-7.272122500851767590e-01
-2.453611153703699199e-01
-5.583784810325750358e-01
-9.236901424965167084e-01
7.514285439986478909e-01
-1.044406602617782981e-01
5.654878657727305802e-01
1.035824832818610652e-01
2.284578031598761272e-01
7.445675887285313488e-01
-9.429230500976334972e-02
-1.000000000000000000e+00
-4.607133117927784127e-01
7.206015938720097269e-01
-2.223309757190916613e-02
-1.595852997021418584e-01
2.337983536836767962e-01
4.580008314384256263e-01
1.000000000000000000e+00
-3.886014425253963012e-01
-7.389008723620378305e-01
2.439833785385386866e-01
8.937518358732151613e-01
9.182299352530902681e-01
-4.123973306454933874e-01
-6.171001480451187016e-01
2.237519182866715417e-01
-8.382794000584412597e-01
9.186556786171806710e-01
1.037994764944543125e-01
-7.561058123810397991e-01
-3.065117488156236525e-01
-1.000000000000000000e+00
-8.389370943193068531e-01
3.494878145877340359e-01
-3.001136026378155575e-01
-4.785311998836222491e-02
-3.381348045647681322e-01
6.575359891346284069e-01
6.301616159429934694e-01
8.041381396639630807e-01
-2.373610625618663428e-02
-1.116195899417292692e-01
-9.903270144141489428e-01
-7.637505000837674363e-02
-3.655631714717325620e-01
-1.385748331064029504e-01
-1.000000000000000000e+00
-4.678094712363065066e-03
-6.362687191386595664e-01
-7.054912602975027536e-01
-5.287638656531296055e-01
3.571707414441071538e-01
-3.160693801050741825e-01
3.735363203307984215e-01
7.388883222601996814e-02
1.511035635221760071e-02
2.366425683768897115e-01
5.951000954010279842e-02
4.377968665525121539e-01
-9.747205671419360007e-01
-7.093740697549213436e-01
1.000000000000000000e+00
-7.063459761668564596e-01
-8.829147797948466714e-03
-4.161391442230236160e-01
8.600514032482294846e-01
-1.000000000000000000e+00
3.037182227946119695e-01
8.120581443167601554e-01
-1.400142615413924874e-01
-2.185800787199722872e-01
-6.704261130261641721e-01
-1.000000000000000000e+00
-3.003419343737491753e-01
-3.626743205454213137e-01
7.485032953623322882e-01
-9.163654283341252649e-01
-2.948752068140600979e-01
-1.000000000000000000e+00
6.944829038755742090e-01
-5.108288678279730988e-01
5.111976807971392311e-01
-9.994637248782369809e-01
2.741781642104761385e-01
-9.959020500324641256e-01
-4.922797020689720915e-01
-3.025220469231748588e-02
-7.776956599312911944e-01
7.019129662632408451e-01
7.361418685091981606e-01
9.986849100352884756e-01
-3.643010903676152656e-01
5.595747469196101775e-01
7.780212141282731864e-01
1.973815707318261337e-01
-1.000000000000000000e+00
8.584684229715686676e-01
-5.896094330611432177e-01
-8.547448244205861911e-01
-4.745625512770068610e-01
3.463692517172854979e-01
4.103780238253711410e-01
8.834092058344941156e-01
1.903108288062521636e-01
2.416651354040743049e-01
-7.179131581442099730e-01
-8.328879606255404355e-02
1.588775209134790922e-01
8.915866186730337928e-01
-9.713551536548625798e-01
-7.354123885710317499e-02
7.488248114013128509e-01
7.117493010555147048e-01
-9.073082156190328540e-01
-8.547988163394515393e-01
7.028529966570746801e-01
-5.710130269543058912e-01
5.103789405194810724e-01
-1.000000000000000000e+00
-5.905004857109088512e-01
3.669366072658508116e-01
-1.870654585841142747e-01
4.670948182335819543e-01
5.080299229826060747e-01
-5.854826420370320417e-01
-1.000000000000000000e+00
1.000000000000000000e+00
3.434386410983760740e-01
-7.034678136962978501e-01
1.000000000000000000e+00
-7.558042260488799791e-01
4.856238411569724356e-01
-1.078828533673812512e-01
-8.247450730903014282e-01
9.783499853312912498e-01
1.703078320765618048e-01
-1.000000000000000000e+00
2.536155913512418980e-01
1.000000000000000000e+00
-1.000000000000000000e+00
3.233653391405539312e-01
6.238477265322018850e-01
6.614390129743535907e-01
5.786203279088650842e-01
1.000000000000000000e+00
5.513159308285918714e-01
7.894510846296167728e-01
-1.414676800367435650e-01
8.109791593182404945e-01
4.617309816422150437e-01
8.670075692646009857e-01
4.838136451194475773e-01
-6.884751598961119656e-01
-1.000000000000000000e+00
8.437948146066662769e-01
-1.565713233402923343e-01
2.734287450954567267e-01
8.141844609318298343e-01
