1.612913727304765565e-01
-2.680531653985191998e-01
4.555958041759158306e-01
-2.454575948945340036e-01
2.355160167877874133e-01
2.996211311189798110e-01
-3.452747792696949092e-01
-6.867119459986639196e-01
9.330044952623524346e-02
1.000000000000000000e+00
4.230712597635578609e-01
-8.651937791106951714e-01
-2.067649530743409514e-02
-3.693777452818003404e-01
1.000000000000000000e+00
-6.553072440277341038e-01
-4.574078605563802746e-01
1.686846296092998632e-01
-9.562828579727622458e-01
-2.646410649996663866e-01
3.632531603018423483e-01
-3.984701398613348378e-01
8.994600928992070588e-02
3.349615813595813174e-01
5.796408751807450299e-01
-2.741514014944728128e-01
-7.594817142972232205e-01
-7.137838344150992942e-01
-4.059558380519320830e-02
1.845375678451112722e-01
-2.038385106912969369e-01
7.313201657709726966e-01
7.141126428052976260e-01
-1.000000000000000000e+00
1.222484163390012424e-01
4.776585323004678418e-01
1.000000000000000000e+00
-6.528792253435476978e-01
2.628304848666752624e-01
7.508911830887887717e-01
-7.050959947278245821e-01
3.588623226515015308e-01
-2.804659530147834978e-01
-1.608739825745100771e-01
-1.934445422065278475e-01
-1.971932680029419085e-02
-8.636859729424719578e-01
-1.000000000000000000e+00
-6.305756436889359273e-01
2.819985199091733508e-01
1.642800732911349759e-01
-1.284624653900705293e-01
4.509249789543367526e-01
2.911416980603698246e-01
-1.887572597107056716e-02
-3.194491128656865575e-01
-2.141489518565090622e-01
6.815594477841627197e-02
-3.581662442264704760e-01
-2.990145389110174801e-01
4.471448722224762307e-01
2.313546362594325334e-01
2.704086046672964372e-01
-4.139549880463272435e-02
-2.701041253851013124e-01
-7.341267719393189672e-01
-3.244715022601523113e-01
-9.995328198214556981e-01
-1.985866602811694470e-01
-9.710448880977223807e-01
-4.730268588443820033e-01
9.821622758259058728e-01
4.219139179995581301e-01
-3.297956011396563358e-01
-4.079687213369771470e-01
-3.167833027838811155e-01
-4.201406908332356860e-01
8.700804935930972484e-02
-2.277464267754733540e-01
-1.712066233928766223e-02
-5.950575349863387320e-01
-5.136140114940600521e-01
5.566209636173733433e-01
6.806317908558742191e-01
-9.275840853558192656e-01
2.636772954955851067e-01
1.273349632230011408e-01
8.087163050332534242e-01
6.867409384639742154e-01
2.104422662288473744e-01
-1.481278379336254392e-01
5.767920340009042857e-01
2.795321719164287622e-01
1.890648158402893630e-01
5.756904892047587374e-01
-6.512628080331328562e-02
-7.480084062126041156e-02
2.594559317848337265e-01
1.880087542819988133e-01
4.891224840254941864e-01
1.644210023847467728e-01
1.057136770498152550e-01
7.061866984193683194e-01
-2.669976183022321203e-01
-2.235120431787847028e-01
-6.256111075496868512e-01
-4.321846601399073617e-01
-1.000000000000000000e+00
-2.407757740752745623e-01
-4.744196051855651408e-01
5.904151514677757895e-01
-8.818180194574476438e-02
7.847085057043012846e-02
5.029861536891380158e-01
4.836180746033179600e-01
5.466954889727393407e-01
-1.114583588462948471e-01
-4.763738711283762028e-01
-1.404876210865698138e-01
-9.751584738531555718e-01
2.086192236450644388e-02
-7.913398890987864975e-01
3.424354042254135200e-01
-1.000000000000000000e+00
-6.573718210711559928e-02
8.802534613728947299e-01
-7.284257448345516917e-01
4.926776899216429584e-01
-6.519444976161892225e-01
-1.000000000000000000e+00
9.498768198312870226e-01
-4.479280357499060283e-01
-5.455956136883046703e-01
-7.318491436562688524e-01
4.478543161350407309e-01
7.861409134180050717e-01
9.721622220478454146e-01
3.675637273748160183e-01
-2.708576115658383188e-01
-1.554436420168647803e-01
3.526387332423073229e-01
-3.622660618042909952e-01
4.026954084678324164e-01
-1.000000000000000000e+00
9.593125377524573949e-01
3.273084003170144696e-01
-9.872218171971758327e-02
7.954776819726794290e-01
2.651530668129570834e-01
5.559796879113210188e-02
1.713311447612488880e-01
7.447465281860814468e-01
7.720440899430826009e-01
-2.885743753666302758e-01
-9.768571605786133816e-01
6.701914278198707331e-01
-5.812348600742087701e-01
-1.455090186135188091e-01
3.849142724052907749e-02
2.735708679787228204e-01
-6.377340283145676025e-01
-8.434086912884639631e-01
7.706086726039307333e-01
-7.333551660078423406e-01
2.848715929392595658e-01
2.817617341597253855e-01
9.244921615902829126e-01
-9.198166702589947175e-01
8.699645117706963360e-01
3.861796852027241655e-01
-4.972268261550499835e-01
-7.139019505560875167e-01
-5.752118227955183016e-01
-5.763430510724636413e-01
7.952242260139016361e-01
-9.664985417408549218e-01
8.574541895702869621e-01
-8.610843203944106294e-01
7.286250873860369293e-01
-7.000845803787680843e-02
2.121228872103750329e-01
8.780142863308700862e-01
6.209072065157485998e-01
-3.807128705038154148e-01
-1.704817277983309565e-01
-9.144390071064341097e-01
-2.189245080041252733e-01
4.857073773531652705e-01
2.527831830766684718e-01
7.303905995920045857e-01
-6.386307912015377619e-01
5.173601736834909648e-01
3.938605728559745334e-01
3.321904021596815415e-01
-5.705454907873326320e-01
5.628128268859902139e-01
3.230229055623057288e-01
-1.370180382245779760e-01
4.106882758601972938e-01
-4.234803759978849058e-01
9.863443423889144412e-01
6.382417432429610127e-01
-9.363553671427188307e-04
6.184443513621110666e-01
-5.818356664422816849e-01
-5.686129369178527515e-01
7.072361000186161428e-01
2.927338976427252271e-01
-3.472949867497661103e-01
2.351753666909534579e-01
-2.911882641946252903e-01
-6.448110021983010087e-01
6.916991989193199686e-01
6.056797106567144429e-01
-6.478751896936509880e-01
-4.013843212866483601e-01
8.587027859333562496e-02
3.750235208203673287e-01
-7.249205414452655205e-01
-3.466505003720483646e-01
-1.987852793722375555e-01
4.494041576893178513e-01
2.609881206051665181e-01
2.212165356071942035e-01
6.490478000619763765e-01
-9.218137485341417747e-01
1.374081480629072705e-01
2.944174616440965453e-01
8.338016411897941627e-01
-4.154302144610372283e-01
-2.987414398589036679e-01
6.647212195212193198e-03
-6.950467974033441854e-01
5.797913810059026618e-01
1.302516288843658110e-01
-3.569287738852897074e-01
-1.000000000000000000e+00
-1.621111733930387655e-01
1.236150939742304555e-01
-9.751619983642385581e-01
-2.325333796498732508e-01
-1.000000000000000000e+00
-8.388781954059610912e-01
3.065340967749943801e-01
9.584515626933587384e-02
5.685201469916082440e-01
2.764187049039732447e-01
-2.387863949980122413e-01
-8.489715905686834319e-02
5.573960757873628324e-01
7.329779108832846779e-01
-9.430370084314259049e-01
1.084559652228624937e-01
-4.347508034202891003e-01
2.576702805324466716e-01
8.842550016982004824e-01
-7.042953043765733945e-01
-1.000000000000000000e+00
5.814644345007038417e-01
-5.363005213668481375e-02
4.634361123555590378e-01
5.531225950715459305e-01
7.987452851120964148e-01
-4.215405362027099256e-01
7.917495931380370555e-01
