-8.674513740234781611e-01
7.056543525090076818e-02
-6.858837461729636598e-01
1.259449967136527793e-01
9.523008403486652451e-01
-3.202419279894292981e-01
-4.636798007882748096e-01
-9.480798208173826236e-01
-2.691601402714738356e-02
9.070834026410832251e-01
-5.838759878441295292e-01
-6.811676551563348170e-01
-8.664980145385532406e-01
7.634919787038849659e-01
-8.782962270254752735e-01
6.876581865019959494e-01
-6.681887239520620803e-01
7.649867207670058011e-01
-6.329061699601596924e-01
-1.171929717289248857e-01
-8.248782585687988167e-01
9.295257587411321909e-01
3.035376028681875393e-01
6.912473649652600693e-02
-1.653916541723109424e-01
-3.378947209366998661e-01
-8.665277367923569507e-01
-4.106910288260243180e-01
-5.980096963143086697e-01
-4.584373882033968006e-02
4.030208583754442131e-01
9.342860661296190639e-01
-9.063389948626321413e-01
-1.018930129533179407e+00
-8.001117749635813237e-01
-5.725576809646335530e-01
6.838224990094775579e-01
-8.804510929259219687e-02
-2.622064348750144935e-01
-5.586525864915212747e-01
1.117706762149348609e-01
5.991672310063222984e-01
-9.928964763562386775e-01
2.352642861245306527e-01
6.806340330479571099e-01
-7.330579889963603213e-01
6.826199025052523961e-01
-6.758138542331688647e-01
-3.429217774874917524e-01
4.472004904833194044e-02
-3.725166957052963301e-01
1.637071971523251790e-02
-5.228731818984246882e-01
-8.724084731779897517e-01
-7.913586278251203421e-01
-6.944229390126743784e-02
-1.586000658144481879e-02
-4.637950484949791008e-01
1.917726537469484072e-01
-4.272281111561765932e-01
7.442518554450290313e-01
8.069625521796703893e-01
-6.319518211406682795e-01
-1.499958208461525944e-01
1.450688634110721686e-01
6.207094972526476795e-01
1.811377205627873188e-02
1.916040979863184168e-01
-6.355804974694011511e-01
4.830330568879289688e-01
8.903434710035451616e-02
-9.656987204355862442e-01
-5.588646301366806401e-01
9.428775838381142638e-01
7.508880600954440654e-01
5.833814553287938187e-01
2.626547225941491814e-02
5.036149172657691242e-01
6.913573680975990676e-01
-7.778499940107815869e-01
-1.253034689239937993e-01
-1.187342864114742103e-01
-6.526191161635017668e-01
-7.666914115208466329e-01
5.672522932385770655e-01
7.034871268883480244e-02
2.010314050742544323e-01
-5.015992096677788226e-01
3.995987619072960406e-01
-1.874292825303742194e-01
1.851959534265486818e-01
-6.598149125652950087e-01
-2.496217923544330475e-02
1.056995093904815608e-01
5.479803150241147058e-02
-7.532163768656972014e-01
-4.554893975621796542e-01
8.637902693930850084e-01
-2.728726392145615076e-01
-1.074558317418176090e-01
-9.213762137112331274e-01
-7.306826337463421250e-01
-3.152529958044483216e-01
3.267376287470662166e-02
-9.754149446747142349e-01
-5.171439717502921418e-01
-8.903254762316803461e-01
4.394713210962845618e-01
-8.242123228444251382e-01
5.851129637614105317e-01
7.331175505744014220e-01
-1.323886193592935523e-01
5.865955763569665748e-01
9.831906193175452557e-01
-8.301219334354059676e-01
6.039551687407205272e-01
1.540727797724410486e-01
-7.625021292263874928e-01
-9.708995051118418651e-02
-2.336019140662567994e-01
4.760581181734667156e-01
-2.632734161393886496e-01
2.481421913788816602e-01
-3.595555968978312866e-01
6.100443750314749058e-02
-7.682545058000731508e-01
6.341805214275084701e-01
-3.824670641769233326e-01
-3.223874439301075423e-01
1.196119445967194439e+00
4.139771592127416966e-02
-6.912669127812125225e-02
-8.901646228570072594e-01
1.535329594791314256e-01
-5.705625149004849295e-01
5.079958405231497220e-01
3.700774900709133952e-01
-7.075737780769836283e-01
-2.684977599301782702e-02
2.389984325475413840e-01
-4.680037481806390010e-01
1.000751749158459436e-01
-8.556578587080817533e-01
-3.007468222420262016e-02
8.956001410852396649e-01
-5.691118607554601638e-01
-9.181331604727811513e-01
4.800815039683939967e-01
-1.398200731582353029e-01
-6.058427770450493244e-03
3.451809272379366966e-01
-7.656957119030582959e-01
9.891090803704378764e-01
-2.032555645465550231e-01
4.317869018665799752e-01
5.439759199322797834e-01
-6.585465214391587052e-01
1.193776753496422482e-01
1.334726116703108811e-01
6.482368771885030911e-01
1.182095621894002496e-01
8.335018875166572139e-01
-6.453649222564314947e-01
9.697284642326664539e-02
7.799318880481285188e-01
9.416929075299215190e-01
-7.595727150303988040e-03
-4.821830109691659372e-01
-8.091388774183001509e-01
4.765527026732727656e-01
7.305631560236198752e-01
2.362448356182278164e-01
-3.796988359090358589e-01
2.671924864687660328e-01
-6.095748569979559939e-01
9.081155034559573735e-01
-2.001985869636528914e-01
-2.869214885968016659e-01
7.213179033977069610e-01
7.677188398101775224e-01
-7.467169406354644268e-02
9.144260671612287616e-01
-6.450934772103722459e-02
1.412205769058449967e-01
-8.707205950280594298e-01
-6.177614767280209529e-03
3.836258834014483199e-01
4.590155127742064911e-01
2.333526844048237903e-02
-3.802579269485633628e-01
2.328278235031007171e-01
-4.767902048774583790e-01
-8.799434587014631770e-01
-3.511026410862743141e-01
5.725086956655853765e-01
-1.028866267848012273e+00
4.680181054530587192e-01
9.571631490746815851e-01
-8.299346756211424259e-01
-4.380588548781624292e-01
-1.705069110348662043e-01
-8.174791361234470255e-01
2.528543740098878612e-01
1.781434735841096462e-01
-4.541347853720434369e-01
4.163756132141376298e-01
-1.713053182194457236e-01
3.566634455491770606e-01
8.893220445071923219e-01
8.439550597336288318e-01
-6.001915297339521782e-01
6.402168334258071525e-01
-6.316629445319560388e-02
3.142411553632223353e-01
6.837236823343497694e-01
1.874628739103921804e-01
-5.853437377356837112e-01
2.891087341183685711e-01
-8.044304276843259327e-01
2.735878521567629562e-01
-5.610133525121929754e-01
6.016711490579894628e-01
2.160839185544944918e-01
5.004096541112134089e-01
-2.497173322494750103e-01
7.133483669526172744e-01
-3.166525300223970163e-01
6.081494539531624444e-01
-4.311701475353806323e-01
1.253777592595996804e-01
-8.692078551608040105e-01
-9.095967286544262009e-01
6.888056611746104507e-02
3.027084867784570754e-01
-1.747054423223693143e-01
-3.627340177135720406e-02
-9.254936934487116851e-01
9.191432235888816749e-01
9.120135560525679530e-01
-7.635397493800787361e-01
2.125834484535797098e-01
4.746100343352377404e-01
8.083903099350212007e-02
-3.050175379733012782e-01
-2.610210114315754115e-01
-2.958196849844878518e-01
-1.068457193895194779e+00
-3.974885974151005086e-01
-5.119979874370375050e-01
7.924093028244023618e-01
-5.072049250830978906e-01
-2.419778079092827217e-01
-5.302003903639926907e-01
-1.887894865603062522e-02
6.950257268573407643e-01
-6.882190403130021839e-01
-3.910748882836594387e-01
7.891745815127830799e-01
7.303448604873468142e-01
1.963680846770066157e-01
-2.796302347134397293e-01
-6.640662549778784118e-01
-7.129981030735367264e-01
-1.845318654932723290e-02
9.989044780449304883e-02
