2.169636061825641615e-01
2.966442224460319466e-02
3.294936086678399434e-01
8.669034948037219745e-01
9.170433036252887415e-01
-3.502134976562566449e-01
2.096643301870682041e-01
2.630986191038461874e-01
-3.951993121135042308e-01
-1.000000000000000000e+00
5.817923163666700592e-01
8.018229607310728424e-01
4.711380403386611349e-02
-7.880539842294242980e-01
-7.654830288403151606e-01
7.632140957848716489e-01
2.849804016421575437e-01
-1.761200993579163931e-01
-7.702345410021644856e-01
1.803542015216683669e-01
-1.868014484509072926e-01
-3.952064671531119178e-01
-8.323152313994335305e-01
1.438160790831131131e-01
-1.212758129925641803e-01
-6.494459485640973195e-01
-6.193529200113516708e-01
5.121333549372379945e-01
7.450405662766390602e-01
-5.517855872164356690e-02
-3.276431672221526981e-01
4.683419962181104013e-02
9.870834500640743858e-01
4.699367452519863653e-01
-6.033443785380636637e-01
1.779579659956556092e-01
5.564247238581148114e-01
9.941499199039607326e-01
-8.509077955624131384e-01
-7.283532187217682807e-01
-1.117189208678115442e-02
6.501602772089549731e-01
3.514791743169463079e-01
4.890895396897001479e-01
-7.915642222280113716e-01
-5.770717088568806385e-01
-3.895356321263518939e-01
7.955598173530697981e-01
8.455855101093580073e-01
6.128579751381528773e-01
4.919669335449916581e-01
6.768750754207397691e-01
-2.187021881852586613e-01
-1.109579376844327392e-02
5.060013179662012917e-01
2.799495927167177101e-01
2.086268452593151856e-01
4.236027160563456961e-01
1.468643381333880615e-01
-5.967386146181090645e-01
-4.661720655486616405e-01
-9.106107966667855713e-01
2.516692943311005237e-01
-9.371871615972393599e-02
4.752348737848681726e-01
-3.192294719133367265e-01
8.348932466350500459e-01
-8.907948358518935628e-01
8.918854423132772657e-01
5.555813392722933619e-01
8.322838538857890711e-02
-1.802225695026455909e-01
9.490764585284707788e-01
9.013601581367238769e-01
3.176466954899748174e-01
4.564067148706583144e-01
5.801079740853418709e-01
7.977223134393176540e-01
-7.902535748567337537e-01
-5.882722829500959261e-01
2.032869933053598199e-01
-6.629296962681485716e-01
-2.050074756237127982e-01
-2.624585167037541966e-01
7.001203920224148280e-01
-8.031465962371575618e-01
-1.000000000000000000e+00
-4.330133604186168217e-01
9.129915491547149209e-01
2.847342579895886239e-01
1.766409287688341934e-01
-9.370588030985802508e-01
-8.115177941434377207e-01
-3.116142487214488832e-01
1.062413433025055642e-01
-7.110727082916179498e-02
-4.302296119753261650e-01
-2.400498667051488288e-01
9.704636188821831322e-01
2.360097504483309738e-01
1.611524671541643416e-01
8.600137897301183276e-01
-4.978055304609301235e-01
-5.744083979840231002e-01
4.989705492833699241e-01
3.963735506313963985e-01
6.161929776403785031e-01
9.663352651637073798e-01
4.213640700906690628e-01
1.597289978255731213e-01
3.399841578403357545e-01
-8.624863773942563760e-01
-9.664311921247299431e-01
4.825369107376471511e-01
1.823753087724156730e-01
8.892665180801890834e-01
-5.796215016906960393e-01
3.440670596283462168e-01
-8.057552627655539812e-01
-9.229443725459403058e-01
-2.763967890650154136e-01
-5.707916548355780328e-01
-5.411016491821551977e-01
-7.855348448686778617e-01
4.627982934271225313e-01
-7.813284607370366563e-01
9.028905874639900908e-01
-6.859331674132017609e-01
-4.673302254121081134e-01
-6.586834953688490701e-01
3.923923897517339610e-01
-4.841204239282513866e-01
8.978443214926465910e-01
2.056723477888557639e-01
9.496959908469031486e-01
4.592443555510206110e-01
6.490622084362227540e-01
6.276070301421478037e-01
-3.222645579556646656e-01
-9.787116454349886752e-02
-9.804598910879478435e-01
-7.352227921975029723e-02
1.088395357453792733e-01
6.255788414436278533e-01
-5.039058446631206056e-02
3.795574497338212172e-01
-7.080386548805359670e-01
5.707055949347349388e-01
4.613232525691193242e-01
-8.130548277731242113e-01
-3.565792164591857771e-02
-9.943214922049479210e-01
-1.385448481367190787e-01
-4.494343963461167046e-01
-4.675056018009129399e-01
5.401012480272027183e-01
-1.763195593940427575e-01
-7.620142932768925181e-01
-9.002691458015472659e-01
-7.947406976535877909e-01
1.231680686428044957e-01
3.938623274358237225e-01
9.948599529204038561e-01
-4.865477735931653669e-01
-7.376266959083934704e-01
-2.805954505490266815e-01
-8.539005114890692028e-01
7.710139794434163196e-01
8.202620386917596207e-01
-2.438637081909500459e-02
3.456634701431117174e-01
4.559335998418880820e-01
-2.399193756953328371e-01
-1.576823887496767718e-01
-3.095713281842546460e-02
8.934440850657840993e-01
9.443332426213650876e-01
-6.803625309747922678e-01
1.765637949473353174e-01
-2.760960193850591216e-01
1.222716285672731384e-01
-3.882525119872994868e-01
-6.129724962089155849e-01
9.111489315909062636e-01
-6.047574645341349114e-02
-5.699134866215727069e-01
-8.503097692790140272e-02
3.980073094931022570e-01
-9.717172696565232748e-01
-4.819239858752675243e-01
-3.428629059110435140e-01
-6.380886097618221342e-01
-7.224554351800116514e-01
-3.839516169798187217e-01
-2.832499409915931743e-01
-2.876702753468666773e-01
7.116892451350482762e-01
-6.029738581061150349e-02
2.337286777271807559e-01
7.794661771014466112e-02
-1.921349890021497586e-01
6.535542072706950201e-01
9.083453063416051521e-01
-7.574866956541362883e-01
-9.095054828192534746e-01
2.942589806246236339e-01
2.409532520650235765e-01
-8.050646758590314089e-01
5.287553023603557278e-01
-1.718599995691894033e-01
-1.000000000000000000e+00
3.975923769007760900e-01
-7.660697741137192374e-01
-9.012598037910738435e-01
4.590786867785268122e-01
5.908841645315603408e-01
-4.737558196897961871e-01
-9.272488960606859454e-01
8.372043559530741863e-01
-4.139015474639020642e-01
-4.773437632491561722e-02
5.502040950416324794e-01
-2.217509700324224176e-01
-8.778695086003450443e-02
1.518889110487329219e-01
-1.266495528011648553e-01
7.463071861997419010e-01
-4.917992062356209004e-01
-9.421100418649230868e-02
-7.901219891705246745e-02
3.599480319360082170e-02
-7.952062947809038218e-02
6.277051146408902937e-01
8.998481499478527823e-01
-4.291698829053280928e-01
3.626402380558630401e-01
8.260942552568255604e-01
9.392497611839127902e-01
4.029600875725072306e-01
2.197470759835491172e-01
-5.766814843406771196e-01
-8.490443880572279278e-01
-7.712449815550055376e-01
7.810345966739724588e-01
-6.134142276313463427e-01
-6.890094015747451062e-01
4.424340962249562192e-01
2.272241390415870033e-01
2.405559337569422862e-01
-7.520680471598373273e-01
-8.068915534075928875e-01
-1.000000000000000000e+00
-3.228665149815207469e-01
9.551952188621701811e-01
8.458414873256829836e-01
-9.985726024288552605e-01
1.427518344785161652e-01
-7.730949076893232075e-01
8.404448951543088686e-01
2.241173555375630122e-01
-6.924858268028384334e-01
-2.009946922694663130e-01
-9.460299680825046131e-02
-4.259397752050966268e-01
1.174831550386818135e-01
