-6.237656123562912436e-01
-5.826364230527831811e-01
6.966514090110232926e-01
7.018072687245430208e-01
-4.319384976393587650e-01
-2.234305235573607051e-01
-6.309986851508014860e-01
3.455095992417362982e-01
-4.584695123829642949e-01
-1.959251864939880183e-02
-7.546035240560550195e-01
9.439600440409072757e-01
5.942054679537700501e-01
6.216518117963900636e-01
4.137955478146884136e-01
2.941553045643632291e-01
-4.637295493649833400e-01
8.345019680454269784e-01
7.663809596349362430e-01
-8.756275384327294464e-01
-3.245515910290803774e-01
-2.411830352688459633e-01
1.039824789280773543e-01
-4.998895833996749860e-01
-3.291211920578528960e-01
-5.981672399042153865e-01
-7.526136250418252738e-01
-6.512357638324671738e-01
-1.401423867095502596e-01
6.247457523025982118e-01
-3.551387914917628619e-01
-3.658411610182165652e-01
9.311892509295487397e-01
7.362864368709604035e-02
7.069206739013246255e-01
6.061194394617596126e-01
7.042643362111324912e-01
5.849314789835772244e-01
-7.426703483663635308e-02
5.666936286345714002e-02
-6.307961360900530279e-01
2.273886973229625741e-01
-2.790373132213178065e-02
4.737095789745884300e-01
-8.273910623175375623e-01
-1.141129676856992958e+00
-2.593001314368191257e-01
4.060683358005850452e-01
-2.125732954415303078e-01
-9.177090787730544097e-01
-9.441282716439238776e-01
-2.273370715436873191e-01
5.539520396407602298e-01
2.490782511660706300e-01
-3.945330217536882622e-01
-1.049149598624800284e+00
-1.763887842027522246e-01
9.065422972940408997e-01
1.976119081696503521e-01
3.254463480873895365e-01
-4.556512839985394914e-01
-3.529265359690196835e-01
-3.441395888140313386e-01
8.167597511215346495e-01
6.049386157288714205e-01
5.521818240602587302e-01
-8.153488417744430006e-01
4.381309322691502306e-01
-4.335528609539798239e-01
-2.179044924165461083e-01
2.233722068271624672e-01
-7.191238793890910586e-01
8.901204826736931475e-01
4.053752937044916571e-01
6.066029109563421118e-01
9.397293367743717596e-01
3.838252336633047879e-01
-6.686645499486453259e-01
-1.852256614405109747e-01
8.328840252566371838e-01
-1.396150240469662962e-01
5.810138296573508221e-02
6.780313370885910906e-01
5.420076908453885789e-01
-7.362713922720340864e-01
-1.542924747226130378e-01
3.494918976670767785e-01
-9.840170814622482831e-03
-5.101863157250992042e-01
2.605684409164246151e-01
3.121537997620341121e-01
-7.998588941125905905e-01
3.229667535108178278e-01
-9.682273003969128489e-01
-4.653723407460499395e-01
-1.292428832126985006e-02
3.648488832115586722e-01
1.004498755408108845e+00
-1.338547068192446343e-01
5.917120241562191518e-01
-7.324799473874139544e-01
2.817618420748884134e-01
-3.830307172504561208e-01
1.509360298279227575e-01
7.939152445189499030e-01
-1.832338593064563037e-01
6.670452736466745414e-01
-3.839914985371395417e-03
-4.260999361283148157e-01
2.752085524599159339e-01
4.344567377922644580e-01
7.137766872459219147e-01
9.356471294875632339e-01
7.180118123981448219e-01
-6.585533153453666522e-01
-5.626722281733019804e-01
5.886450426168760020e-01
-3.017818535566890725e-01
7.346027517170925503e-01
8.552935883371263204e-01
1.224989830303940125e-01
1.727828432017082527e-01
-4.589571215762843215e-01
-1.753064853571266180e-01
1.073474009177475041e+00
3.028646761122988362e-01
1.624547114073991994e-01
1.101570478192432700e+00
3.044942338322926823e-01
-4.094363004597864619e-01
-1.168891681176765340e+00
2.101256375398274923e-01
-3.418203921845213156e-01
-2.627727951936595363e-01
-8.314684551233170184e-02
8.937127441169021580e-01
3.260150722931567935e-02
6.966090612054446352e-01
4.134884381546098386e-01
2.474122930703912537e-01
4.346717573775635834e-01
2.778404535027305666e-01
2.015258233787944608e-01
5.251893730808463445e-01
-1.153303053289889413e-01
9.174732092654898086e-01
9.757530253593109659e-01
-8.138332864656427912e-01
5.379312809502869719e-01
-2.666666868573559501e-01
-1.722974776057853430e-01
-4.457546904284240830e-01
4.741640830409778462e-01
5.417315133663778148e-01
2.425454010909813551e-01
-6.134426947182597400e-01
-1.005115309763999765e+00
7.254343938581775397e-01
-5.707359096284417843e-01
9.005611587107902327e-01
-4.212940162449967385e-01
-6.302220081653684414e-01
4.436050253435531165e-01
5.148847707248396244e-01
5.872555151462851564e-01
6.867567743633823385e-01
-8.936561804312402879e-01
8.955089169753991385e-01
7.075598330153989313e-01
-1.458824889049482321e-01
-8.374358550441294291e-01
-7.608036416127751389e-01
-4.940979585948914732e-01
9.236650254049108000e-01
-3.334896146418159790e-01
4.785895951073297350e-01
-4.554647423799287331e-01
8.413202402480974840e-01
-5.292582701817956092e-01
7.849855518994879322e-01
-8.559586563466948794e-01
-7.330639722216438781e-01
-5.057519105458367914e-01
-1.325716951583517100e-01
2.220545059517803343e-01
-6.727525283198045880e-01
7.036231410278062648e-02
-2.913315467948927040e-01
-3.158166898151858470e-01
-5.180814827380605947e-02
8.485461512213055002e-01
-1.529786895657154477e-01
6.316443627330029509e-01
8.558652271936968425e-01
-1.412890243594941975e-01
-2.559351230474953276e-01
-3.933410583898976354e-01
-8.433406326132092401e-01
-2.083430520264160646e-01
-9.289750444985942490e-01
2.363743054301137847e-01
-3.742398375069915240e-01
-8.730425009332783981e-01
7.103079099486402370e-01
-8.542331053646792238e-01
-2.123055021392439845e-01
-8.357705787219952276e-01
-1.160441744731691149e-01
1.308380839492434555e-01
6.116124493444481391e-01
6.997787122833415419e-01
9.492051067430856692e-01
-3.888539682249856355e-01
4.642246907595481420e-01
4.341747995795087744e-01
-3.144840340055770067e-01
6.173120702785328540e-01
9.540703222750102075e-01
-6.950167360339213340e-01
-4.818297445142891156e-01
-8.718112020343471436e-01
-9.533899201961641978e-01
3.774639673028079567e-01
-5.895260454331063826e-01
5.870535708085168336e-01
3.237394424120596526e-01
-1.337241906142510595e-01
1.018082061163411822e+00
2.931558065850397021e-01
-3.536653283291202321e-01
-2.711287522955278528e-01
-7.636722985950936682e-01
-5.441015124939888592e-01
-4.308450279316713427e-01
4.146242912471800324e-01
-7.405651610015944186e-01
1.191077661799066628e-01
6.031542528757621868e-03
3.517200374752966763e-01
8.927846856232186656e-01
2.937162107953980583e-01
8.505702391842686616e-01
4.310715358962846078e-01
6.971239037540637451e-01
-1.012971486891142803e+00
-8.314065690742781234e-01
-2.542072708254309865e-01
1.910236747500569654e-01
3.017241343881887916e-01
-2.290315500634665935e-01
-7.981181180020271437e-01
-5.242391902924495861e-01
-3.054044681092600855e-01
-3.821962323820339291e-01
-7.366304551368335618e-01
3.099529219124675938e-01
-6.932750908501591480e-01
1.638658759341263815e-01
2.055825876618565529e-01
1.155169804392276900e+00
-2.550269812234213784e-01
-3.410021567648030549e-02
8.875690998570781032e-01
1.113284913038614210e+00
1.148344053668273190e-01
