6.276101716487035853e-01
-5.917361544927782768e-01
3.484915854641310734e-02
-2.830601755810111669e-02
-2.345609463743439371e-01
5.838157811762503258e-01
1.000000000000000000e+00
-3.989690954032185655e-01
6.463622899105734287e-01
3.282226108754848770e-01
-6.320015081303799187e-01
2.093360114501888469e-01
-1.000000000000000000e+00
1.883875138539090055e-01
-7.065370874151387648e-01
-1.649014673211774418e-01
-3.912172635257802344e-01
8.957275693754551682e-01
-5.632375500145324621e-01
3.149123860214716464e-01
-4.274225076946314705e-01
2.222532772875050744e-02
-9.804485016969520794e-01
3.048401281352885461e-01
7.022263979977683146e-01
2.572933118169464239e-01
5.338968025257245786e-02
-5.388282037292199678e-02
-2.852700890326773653e-01
-8.334381043464198502e-01
4.368591859594143055e-03
-6.273707501478474891e-01
-3.706863196062743504e-01
-1.532447199121178549e-01
-2.039349469805766812e-01
-2.711064340988973975e-01
6.016232338280580461e-01
-7.289899513738007375e-01
-1.483893264122306266e-01
7.964274715278562011e-01
2.133230140171182565e-01
-5.632769998823708990e-01
3.629254543563787405e-01
-5.423997503322922631e-01
8.057914630770157682e-01
-1.000000000000000000e+00
-4.412995929691239105e-01
4.261050371931536240e-01
7.701246634359476539e-01
-9.461295521568382494e-01
1.000000000000000000e+00
-1.863090081387897001e-02
1.872738958637850670e-01
9.175142481331178823e-01
-7.246493035669521188e-01
6.908961554953585438e-01
7.553403702315532042e-01
-6.953603823649288085e-01
4.396619470139519481e-01
5.954584947783346793e-01
-1.970722404662897664e-01
1.000000000000000000e+00
2.848771850467789468e-01
-3.221719027898335419e-01
-6.769573831167980948e-01
-3.118968131967762014e-01
1.000000000000000000e+00
6.319054210846576369e-01
3.587543345959023355e-01
-1.938911300411039762e-01
-8.117107299382784191e-01
-4.212614506235243805e-01
4.836281340638712845e-01
-2.318419864826547494e-01
4.760713548933002137e-01
-4.849228608761470549e-01
-8.713726996600679175e-01
-1.613249612717581050e-01
-8.731773750690796643e-01
-4.899991981298511545e-01
-9.228918337089350721e-02
-5.450080832407356857e-01
2.997217370190841668e-01
-8.862647256076674473e-01
3.405647331652486010e-01
2.141270172232467295e-01
6.060352408055829088e-01
5.791131586678122112e-02
-6.558782415297983448e-01
7.969906708125291672e-01
7.077878372958843478e-01
-2.772864388680784664e-01
-8.454612666015220990e-01
-1.574483958914305592e-01
-7.781276031182349229e-01
-9.406873407781068952e-01
-6.657962880029280051e-01
1.358207384252513583e-01
-1.797570413856529603e-01
9.777485793971260053e-01
-4.080297466824949204e-01
-8.145616231390470086e-01
5.566367488084730253e-01
1.004787778540154886e-01
-3.886744326552642459e-01
7.574257010139797686e-01
9.759025140565250056e-02
-6.731863298005510421e-01
6.879875892706113216e-01
-4.225020687148293153e-01
5.069522384400457216e-02
6.752616739354883046e-02
1.151581517933910059e-01
-2.142377598975266084e-02
-9.111922780658469057e-01
-3.434597428040424005e-01
-7.033264130631534661e-01
-2.393557873971421945e-01
-7.975730255564359439e-01
-5.828939400581334418e-01
-6.819870997515290467e-01
-4.762421742741396180e-01
9.446858922107876921e-01
4.329500270144035490e-01
-7.701678497703672299e-01
1.444146788020152505e-01
4.347350561956749848e-01
-9.697840764799184887e-01
-5.934138139755386065e-01
-1.000000000000000000e+00
5.896419759527096183e-01
1.000000000000000000e+00
2.903768770166047508e-01
1.175358837884954988e-01
8.651221632210522872e-01
4.696803739744441764e-01
7.645320443041291325e-01
5.011490061504311200e-01
-7.875453570130828140e-01
-1.000000000000000000e+00
5.108037011876997990e-01
5.401310012361797419e-01
-6.954622673469501581e-01
-6.092216157200638360e-01
-2.043254163636932796e-01
7.001623200328983554e-01
3.104161293902198970e-01
-3.986428763689014443e-01
4.459280525310159726e-01
8.434891632416534613e-01
7.732130394077755264e-01
7.471544271343550925e-01
5.990530592904990126e-01
6.177669146375024400e-01
-3.010421072843493251e-01
7.906933814981632197e-03
1.775640207783205360e-01
-8.408639420237693507e-01
3.040974749534065547e-01
6.974374126246061234e-01
-6.372130784054568231e-01
-3.181096142370513635e-01
4.061879543675854243e-01
-6.437671759306644592e-01
4.042942159318643203e-01
-2.470484587542734201e-01
6.427605771619289143e-01
6.155648073194592840e-01
1.369590045883557067e-02
-3.889836470757779829e-01
3.762551509459122201e-01
-4.569775641938227106e-02
-1.825019824274495273e-01
-2.138554516332188613e-02
2.184932723258088960e-01
4.768866757895323660e-01
-6.810473484552331813e-01
5.247334652669559674e-01
-5.346558868605633119e-01
6.044827261519621908e-01
2.581400232887340884e-01
-7.244793970031050412e-01
3.839029575437031827e-01
-4.908161297019911218e-01
-8.485195855836384915e-01
-2.177175699185673885e-02
3.503390278113034384e-01
-9.335249188255055619e-02
-5.489028422201822632e-01
-5.712415457442739930e-01
7.467576299067590906e-01
-1.000000000000000000e+00
9.081796070579370994e-01
2.647818105223165297e-01
-6.516695315784597209e-02
6.090868202815789001e-01
1.000000000000000000e+00
-1.000000000000000000e+00
2.453726768826193227e-01
6.113003346122167780e-01
-2.851656564257827875e-01
-7.907333682559033461e-01
-9.767208260768527328e-01
3.066757052896486591e-01
-6.999753937248939240e-01
1.746208700743425990e-01
-9.148858733436349144e-01
6.344692229759489877e-01
7.615267645229004678e-01
-6.888773299261208294e-01
1.808250657296699149e-01
-4.870479762730524076e-01
-1.000000000000000000e+00
4.487090480789155400e-01
-8.143060638776853377e-01
-7.128555096075088748e-01
-6.895820698552859729e-02
-4.505119345262610653e-02
7.185945966882693048e-01
8.356070671475703815e-01
-3.456274217664320192e-01
2.706454409369349889e-01
4.845419908566122036e-01
6.947936415072037963e-01
9.445959934592079721e-01
8.162635533232074359e-01
-6.595601274219595189e-02
5.822404296563461479e-01
-4.317560545791570004e-01
-6.527794381716505168e-01
5.817020949072495561e-01
1.539787364393661040e-01
3.801947099445967537e-01
-5.572386780532894157e-01
4.791672517060074910e-01
-8.697780029072922359e-01
4.191781822973792426e-01
3.618712260720015061e-01
-2.200601623147412367e-01
2.687216521969588712e-01
2.013774756277980638e-01
-5.277371359167126741e-01
-1.556658757498129431e-01
-4.272802143485690540e-02
5.643708980413062459e-01
-9.603802146063462608e-01
7.578477994517300864e-01
-5.594263772433012427e-01
8.077603529704648899e-01
-2.823661528217886185e-01
2.224273659795497626e-01
-2.905000579566001662e-01
1.725471734385225497e-02
1.789529371905933253e-01
2.787622057869272862e-01
-1.073890439693991894e-01
8.623741629583195900e-01
-5.244105155279690234e-01
9.059005238617788835e-01
9.000467256899313817e-02
7.781337669905125098e-01
-2.206180893653791331e-01
-8.575428816988757141e-01
4.242939351229366718e-01
-8.935209733852338410e-01
