-7.101756161861842997e-01
-3.617129734742975389e-01
-9.255137431863094122e-01
5.427065365586750678e-01
-1.544856853963306187e-01
1.064910467574759073e-01
2.914031208522096517e-01
8.754957488005397082e-01
2.991313296151063006e-02
2.273986877955982283e-02
1.310049058523308219e-01
4.431027085393337561e-01
4.845320323836449505e-01
9.043765627310226263e-01
-7.533219083037440145e-01
1.982415386222774467e-01
1.968610679431649912e-01
-6.458312559537269237e-01
-9.442533903496707071e-01
2.918404984607623209e-01
3.216944147658873376e-01
-9.895246998430775598e-01
6.883284024877194263e-01
2.881985873298176237e-01
9.278881854290679243e-01
7.865294261441465595e-01
1.899992991442219226e-01
1.540306838895945662e-01
8.277348461529021595e-01
5.174238034416984711e-01
8.866876017639275798e-01
-2.845076055024321482e-01
-9.851743193806026255e-01
2.081821640218721459e-01
6.323029111125880730e-01
-1.000000000000000000e+00
7.586043512720761495e-01
4.958947705199180378e-01
-3.263229360243979915e-02
6.563908815248480355e-01
-1.707212711890168377e-01
6.769497336487337869e-01
-7.309536526561879466e-01
8.788769690071025487e-01
9.189369841784023052e-01
1.119881087652121465e-01
-1.308878965714743436e-01
1.233043344194978408e-02
7.638182506777325687e-01
-4.618602185178646291e-01
-1.196336561452884112e-02
3.271043851624574339e-01
7.066256906766702484e-01
-4.756273968507909178e-01
9.563388715875604795e-01
-4.120117682185651109e-01
1.872493253621813208e-02
1.729306382535955589e-01
9.078848678501916236e-01
2.845934660614932166e-01
-6.784246232307262758e-01
-3.887146811253672229e-01
-3.720016352924316871e-01
2.949680642015451992e-01
-6.971943005221783451e-01
-4.935466663063364234e-01
5.478087720537891947e-01
-7.583692769483934004e-01
-1.621114603012425714e-01
-3.175188196683447206e-01
-8.233855396657037140e-01
-3.330507758912187311e-01
7.977391770733798237e-01
2.397940562240643003e-01
-4.338471189034232012e-01
-4.125723021908189736e-02
4.329682911481810142e-02
-1.000000000000000000e+00
-2.517652496168145126e-01
-8.616743428471905775e-01
-6.750549493988142746e-01
-4.042586992896146092e-01
-2.634509568489178943e-01
6.964181250084158226e-01
-8.980999205488955361e-01
2.326634257260715710e-01
2.393983005684670040e-01
6.944041008215573463e-01
8.205589907973240837e-01
-5.022883258639744275e-01
-3.515891711423768662e-01
-5.196168474147591088e-01
-2.217841614995033073e-01
-1.165224508295830130e-01
5.645970352458650199e-01
-9.437164924245837749e-01
2.158728558886404691e-01
-2.902179668354476494e-01
9.065741857844875629e-01
-6.259283555288654988e-01
2.557246641985770896e-01
-5.334430194012215742e-02
3.688616498962324353e-02
-7.723800731787654472e-01
8.969931602470777587e-01
-4.685475441261219842e-01
3.420406740393145961e-01
5.348957053614689094e-02
3.135966643713374857e-01
-1.711846715442992828e-01
-6.238517076940020001e-01
-5.685417381390667213e-01
6.084939956031080177e-01
5.962865597504201087e-01
-4.950549024841488510e-02
-7.008981570677822459e-01
8.432868565338191846e-01
-3.155806248436057171e-01
-5.807826497908109564e-01
8.441103104669855917e-01
-1.086644022279481536e-01
-3.745460087345821032e-01
-8.048656812878545175e-01
8.721287056109394698e-01
-3.982632694051308486e-01
-3.764088071271276537e-01
7.145701568122060365e-01
7.061117010731602361e-01
8.983866017216357580e-01
3.501661674907541322e-01
6.324568237177721208e-01
-8.974123667750134592e-01
4.019825397305687442e-01
-5.821621278676952782e-01
5.946037064480500511e-01
-6.278197109290917233e-01
-4.143453296173662537e-01
-7.831227637986557522e-01
-5.898036223261270417e-01
-5.826590896285920307e-01
-1.211016660126009170e-01
2.056412748237075871e-01
4.828301415123260609e-01
1.724009454461139512e-02
2.048568216172728107e-01
-2.178045974827680364e-02
-8.219819132584051946e-01
-4.064130443356770983e-01
-4.751839360338763196e-01
-6.214462846926445128e-01
7.339531143256747825e-01
1.215281007098510391e-01
-8.085895534217352187e-02
-2.801467703655122210e-01
-7.152623730413946168e-01
-1.366198041642180949e-01
-1.075861062722762301e-01
-1.666984658886736526e-01
-1.898541027271656301e-01
4.178410522448587350e-01
-2.817672326098563662e-01
3.695299219939607305e-01
-4.742724375358438049e-01
-7.785012255642842494e-01
-2.729664313761345218e-01
-4.348946293958109721e-01
7.532719339717459661e-01
-5.560741534308084599e-01
-6.393005057105536348e-01
-2.655561707584432746e-02
-7.513748820558590058e-01
-8.855816251249318261e-02
8.972403998964087468e-02
8.799737066045112410e-01
-6.579474942242208302e-01
-8.189349022052878624e-01
-6.616031737073725383e-01
1.589380147532381410e-02
-2.905939826275533155e-01
-6.428272264246084333e-01
-9.695852573511760664e-01
-1.534947650577832279e-01
3.457218961099586818e-01
-9.065926530638743763e-01
-5.004412351643765522e-01
-2.895336693852533227e-01
9.328862159680556543e-02
-4.977409903406083691e-01
-1.231142563068843288e-02
8.411119767867288877e-01
8.759445736151398876e-01
3.267070257348830831e-01
7.660220656090054314e-01
3.234311376662297177e-01
1.701908290961910986e-01
-2.086873681255260737e-01
-1.742162741998101033e-02
4.946203842480715318e-01
9.953849264590428625e-01
-3.110607683585251415e-01
-7.918354995364353943e-01
-2.584503182920033781e-01
-1.000000000000000000e+00
-5.413041393840369864e-01
-8.853650588378105812e-01
4.975002483391876007e-01
9.923704789221081679e-01
-6.245532926363663861e-01
-5.601657386562890473e-01
1.583960478553949613e-01
9.595236976425656206e-01
1.954958586293387146e-01
-4.721213372394932883e-01
2.393438068879438774e-01
-5.277643234250395388e-01
2.315601653758572187e-01
2.025179936691294813e-01
2.596532462178042788e-01
-9.060483123833626973e-01
-3.117120243883002295e-02
-4.342400892223229891e-01
1.411741887564827158e-01
-5.748142215158442703e-01
-5.058138347088071696e-02
-7.923296282207451524e-01
-6.418575074158057170e-01
-6.309879892721910188e-01
8.000729835786666300e-01
-4.394504193468251052e-01
6.717795928893479651e-01
1.129860240570819130e-01
-7.150788435956012545e-01
7.202264504204315410e-01
-3.448469774473221783e-01
-1.117928337153613061e-01
-8.227205319380772597e-01
-8.040971762847025639e-01
2.001431979096555125e-01
6.446243947099743465e-01
-9.899287317647207374e-01
-7.675810874531355799e-01
-8.124281093670016052e-01
-7.633077532206903326e-01
-1.804573052773189024e-01
9.595586826002109326e-01
-3.312111043552909972e-01
9.600472799766870402e-01
-8.041342080585123231e-01
-7.711080829088217126e-01
8.290080668817454423e-01
-2.255719866255783135e-01
4.775628904679865561e-01
1.365011397774595903e-01
-2.564493282719082501e-02
-2.852908714094726933e-02
-1.000000000000000000e+00
6.663396883012782101e-01
-5.295687890261414621e-01
7.159331003945028638e-01
-3.482367421183732437e-01
-1.950722717663183614e-01
5.907557229192862414e-01
7.848975735502420337e-01
6.545736265835218060e-01
-9.555683541209780696e-01
