-2.483483998506093027e-01
-7.744684986102836621e-01
-1.426567163218580014e-01
1.086853997719671172e-01
-5.368956295274063262e-01
1.699179238345783216e-01
5.672742857705037611e-01
-7.102044661157140837e-01
3.055829369631147263e-01
-1.603636511309437518e-01
-7.346983637960914360e-01
3.409792531760628131e-01
9.423556763133028591e-02
-2.276276117506076946e-01
7.343380541264975525e-01
6.017475148642928984e-01
-6.003174789788275900e-01
-8.843906013605997707e-01
3.546638334265366788e-01
1.977096886340941606e-01
-7.407383940480705142e-02
-7.501687371578265040e-01
6.223401315819717672e-01
-3.979869649400990389e-02
3.027442561087537731e-01
4.009530765203079827e-01
-3.773964510797720440e-01
-4.479347046034474200e-01
4.420980913222233299e-01
-5.443233450602895651e-01
-4.192537421442365519e-01
-4.270356738677361097e-01
9.584672824577253891e-01
-2.879075270678150833e-01
7.391524538768403652e-01
-6.312312136806836893e-01
-7.035403300615354905e-01
-5.157513929543887654e-01
-7.405560830155101248e-01
7.201471649279562737e-01
6.699028515776905834e-01
-3.358643955978257711e-01
8.327103920460787734e-01
-5.968057763049116060e-01
-3.077754199183417860e-01
-9.937970619214755441e-01
-1.296712035598013291e-01
-6.056683108200979770e-01
-4.462133305291752783e-01
-1.008508039811302215e+00
7.206396322756968287e-01
9.169751936981191953e-01
8.283842334356652515e-01
-6.887477490526854318e-01
-6.579236269279257199e-01
-1.615633314585293023e-01
9.040519183240715018e-01
9.240630962179308128e-01
-3.668439912712690987e-01
-3.845837998087241472e-01
2.523717500763453803e-01
2.667027225040285443e-01
-2.025566241250570387e-01
3.618461134221736542e-01
-3.601665967673519653e-01
8.668623464857094785e-01
-3.490032976107723672e-01
7.678448868584439868e-01
3.123030992267892270e-01
7.866215421675901154e-02
9.339841115944831351e-01
6.504094991108455570e-01
1.004403989065933978e+00
7.882259498053126867e-01
9.081225026589032634e-01
6.840562302590758037e-01
-1.854317506446592212e-01
-5.470611385009453986e-01
-9.590220657382495517e-01
-8.322533026643894605e-01
5.758384997652241655e-01
-2.606545783380089798e-01
2.132319312161077562e-01
5.414407826320657424e-01
-4.348263943727736502e-01
-2.055890992463962896e-02
-8.720958819734889733e-01
-5.383363732614006025e-01
3.175073219387833934e-01
-2.407923278465098349e-01
5.323926117546026182e-01
4.145844919264695116e-01
6.672220118324573290e-01
1.074450509088392958e-01
1.884398879657250558e-01
-2.906605499808364024e-01
-6.713231801342404159e-01
4.065386574353161975e-01
-2.965475948288805452e-01
4.017771028336687422e-01
3.671600303230868612e-01
-5.363628801103914601e-01
8.186493881823558860e-01
-8.362203989676445515e-01
-1.824702112099361173e-01
8.271007495483215788e-01
2.868655844330308402e-01
1.376050365527995700e-01
-3.472443955077444411e-01
3.667403722834824964e-01
1.641628025781761147e-01
-1.041914587628547606e+00
-4.370653111397182489e-01
1.004111856199858988e+00
-1.078475363771488116e+00
-4.165469807688967907e-01
7.245279613562212173e-01
-8.230001284502814762e-01
-2.431717662807889591e-01
-8.176356649135293475e-01
-1.479906128511145058e-01
9.788681476373728430e-01
4.980247219590878682e-01
-5.420152828051637561e-01
2.630794005879162345e-01
3.931589467303182595e-01
-4.364465782217814560e-01
-2.787028381442961944e-01
6.453533900007921709e-01
-7.741142028182144141e-01
-1.068640785004198734e-01
1.045748785150404592e+00
2.831436115437889478e-02
4.377604328321755278e-01
5.813181396139946999e-01
7.376201413072513979e-02
-4.765915465671831663e-01
-2.838361624615611811e-01
7.256366818623767312e-01
9.067207846322556941e-01
5.683723565796819921e-01
-9.578710392276119645e-01
-4.961123523717632655e-01
1.010044716703619727e-01
-4.228393572545148249e-01
8.652099270815483134e-01
2.982921859192912972e-01
6.236154684540844428e-01
1.034201643460652686e+00
1.775542408547512441e-01
6.097713549482198792e-01
1.976942612840383862e-01
2.240711565374808867e-02
7.108963655628393052e-01
-1.606545376558038973e-01
-4.787591875755303761e-01
7.470434466744844126e-01
-2.580361527406779820e-01
2.220049065815917766e-01
-8.410513642474993778e-01
-1.560750135160539620e-01
-8.383732563771997270e-01
6.884065580037330712e-01
1.486082768670807797e-01
-2.276665013557251926e-01
-7.173478213388079228e-01
5.208479177646365699e-01
6.701045913532555076e-01
5.430556968109888638e-01
-9.628862033645646523e-01
-4.732423798846574492e-01
5.550286199163952938e-01
5.319233275905185243e-01
2.729038408256319603e-01
-8.979233901335063051e-01
2.669145939954278290e-01
-4.355191460606005482e-01
-3.678329748174968827e-01
-9.278470761976880254e-01
3.599635032099828824e-01
6.131493433334448406e-01
9.663479151508018727e-01
6.805996410027030930e-01
-4.991787991145503478e-02
9.311154374832629754e-01
-6.524620678197330381e-01
3.833729012498997002e-01
6.600665103822910273e-01
2.608064993917703078e-01
-1.824757809143992549e-01
-9.305182187087150947e-01
-4.225911720682068995e-01
-2.567949762487362619e-01
-4.556764985540479040e-01
-6.968191855902551302e-01
-5.449429720334186822e-01
-6.131950226410303184e-01
-7.344279834572633447e-01
2.202246568442286501e-01
9.353588594087252073e-01
-5.800230974732345501e-01
-1.967110890897310060e-01
2.274117715924798833e-01
2.552515870058351122e-01
-2.353374296881605710e-01
8.705565181275586317e-01
-1.621512335003635896e-01
1.003167117856481327e-01
-8.536057319741695570e-01
-3.028493417185340597e-01
4.767710545068136740e-01
6.526647839865447054e-01
7.212004995479103231e-01
-9.816599708588555906e-01
2.025519482499282820e-01
-4.680439576385170275e-01
-5.491837360639905130e-01
-5.517808158530181917e-01
1.090980558167230913e-01
9.419384274187696249e-02
3.660260956048921877e-02
8.098772986804846363e-01
5.541198645827543068e-01
-2.940618161822866616e-01
-7.448251192182662184e-01
1.802954506220653397e-01
6.818450712825726567e-01
-2.620096914055930482e-01
7.005945583413927258e-01
-2.009026166653393730e-02
-3.356993891959023091e-03
4.013708004923143002e-03
5.547281817685389971e-01
6.878934810367187680e-01
-8.536184349341977562e-01
-1.649430269972304020e-01
7.440948318640885906e-02
1.078722053747181997e-01
-4.782260701453394103e-01
1.311243446125153755e-01
7.594188319544091792e-01
6.611949807744690322e-01
3.476395618126073561e-01
-2.110514205832806356e-01
5.148719894224877969e-01
-2.965747024129073983e-01
3.032600298810841921e-01
8.108572719315985111e-01
3.486855912491264586e-01
-5.712856759571673937e-01
-7.320102408737374500e-01
5.486890891819171667e-01
5.878490645615512822e-01
9.524184649909193112e-01
-6.663815112611563007e-01
1.954008197375193823e-01
-6.090497222240270903e-01
-2.986336035880567397e-01
3.575764033385306351e-01
8.519360645569812318e-01
-8.118155487543191606e-01
-8.088675400277764993e-01
-5.083875059499504134e-01
4.655428172442506451e-02
-7.161387139846708827e-01
