7.513111633119787802e-01
-5.418628203012166855e-01
7.499632567063208022e-02
1.513927275497359837e-01
-4.101315170386700126e-01
8.833753149142546945e-01
1.084746382405825799e-01
1.197551905571814235e-01
-4.623222345698513314e-01
-6.641405799664509280e-01
6.514687680907773615e-01
-1.000000000000000000e+00
6.562606485087703057e-01
-2.072690969058270105e-01
2.046006713476711814e-01
6.167514582017864511e-01
-3.599001748139346590e-01
-4.329359423827249254e-01
-1.000000000000000000e+00
4.375361313814125630e-01
2.856430042780171430e-01
-4.204716998523632676e-01
6.114224116476767446e-01
-5.788491964222047814e-01
3.667199849809787970e-01
-6.212975312022359642e-01
-9.558693778978515354e-01
1.704186420246320277e-01
2.087495006585257662e-01
-1.000000000000000000e+00
1.956580679639736142e-01
-5.044797641469430660e-01
-8.654963692816460830e-01
3.850205535376641230e-01
6.877906252388948927e-01
4.153865077001390738e-01
-2.652230821484786727e-01
-1.000000000000000000e+00
-1.892393151096161963e-01
6.534040875502680756e-02
-6.304674067587440200e-02
-4.470482519904517282e-01
-3.957792505787692816e-01
-6.929431502553413669e-01
-9.239757433419695798e-02
-6.129132848221974239e-01
5.513606062386476880e-01
8.250577484755210467e-01
6.329851110387274549e-01
1.850727829294411264e-01
6.644428048506251239e-01
5.579153405020866874e-01
-1.989783411188731366e-01
-9.476518209991382502e-01
4.772469180852688120e-01
-6.524109918150231557e-01
2.972414149573469055e-01
-7.576247186905124553e-02
6.928953967939457392e-01
-6.845361356458468105e-01
-8.950620490557836817e-01
4.618375411515041606e-01
4.942482225548350816e-01
-2.719133335647885286e-01
-6.735546668368146417e-01
-6.539416652944017860e-01
-7.911042908082576153e-01
5.719073268937321375e-01
2.862248526762567469e-01
2.074771719797071090e-01
-9.820466736854464029e-01
4.724726840959996288e-01
-5.088997885900739537e-02
3.099430759418663195e-01
-7.590766509070709933e-01
5.817900772949605726e-01
-8.403523920696273075e-01
5.357223629390994724e-01
3.530816496861697296e-01
5.233096652684269268e-01
3.849258651388028918e-01
7.347403452971600357e-01
8.438689052905541665e-02
6.643342659875732803e-01
-1.428241441117938937e-01
7.674002884671793367e-01
-4.726670372194672898e-01
-7.408821274873381713e-01
-8.610146643660203658e-01
3.922958301943615389e-01
-5.198020190182436884e-02
3.165588597515042180e-01
3.674377779107392827e-01
3.684159793526772808e-01
3.005065770138654058e-01
8.719548108453981650e-01
-7.262896343089606521e-01
-9.752602503837981551e-01
1.000000000000000000e+00
8.158833169234994687e-01
3.190459667210720496e-01
3.597526503701998779e-01
4.108803091400825558e-01
-5.491265993124121447e-01
-4.348736989559532917e-01
-1.107991083798640641e-01
-9.726131407398476147e-01
6.228843376587522851e-01
2.754830637523086323e-01
-1.493022214322464181e-01
1.673674274750133195e-01
2.488760142384121854e-01
-9.272474623804086713e-01
-5.215926396091303818e-01
-7.429964101347384942e-01
-9.324433409053373145e-01
-5.315970129962035440e-01
-7.346216132851735026e-01
-8.335487548826868709e-01
8.806741342045043552e-01
1.000000000000000000e+00
3.292630233761120184e-01
4.102599841616162424e-01
4.812183444112534680e-02
-1.000000000000000000e+00
-6.076119020897363665e-01
7.674780305907732414e-01
-9.816749816582029387e-02
-5.562610274473205330e-01
-2.767409164732010374e-01
4.233198104194716427e-01
8.359283154651606651e-01
-9.622264859449254359e-01
-6.763359771294976674e-01
1.677929871091396463e-01
-6.659789117183029239e-01
3.335130000573927056e-01
8.068269549739619517e-01
1.911608581463930256e-01
-4.386810147688402495e-01
-4.717239698364135148e-01
-5.524078027319266615e-03
2.961354801224074240e-01
5.393200213231011952e-01
-2.392884490548998766e-01
8.601333241817983311e-01
-5.832102628774898934e-02
-1.489573948979329432e-01
-5.117129051566722264e-01
-4.759420842195499768e-01
6.007151655656466360e-01
1.000000000000000000e+00
6.504131374548922651e-01
-7.438890722391993116e-01
-7.663624584260278483e-02
7.120545846777714960e-01
8.299300277253082170e-01
9.769676542989172985e-01
8.393001213055159004e-01
-6.932787737129010308e-01
-1.563944216085690064e-01
-7.147607503716492117e-01
-3.867833105326999865e-01
3.098455455586814344e-01
-8.236495655083759804e-01
-6.424096622056549855e-01
-3.591104590116316331e-01
7.956831605061585044e-01
8.329643048764512336e-01
-9.768623424713696046e-02
-2.922032080398657694e-01
1.000000000000000000e+00
-1.000000000000000000e+00
1.903329298331059294e-02
-9.097788714205506944e-01
-8.128956418795324490e-02
-1.281445305940740742e-01
2.968732419762087904e-01
9.047273740625551008e-01
-6.930222000915080560e-01
7.416893867872772494e-01
8.041843147581427820e-01
-3.456771999653360239e-01
4.966140989356518376e-01
8.697840914869409135e-01
-9.754804236402584428e-01
-3.622537108567511766e-01
7.988888219382863642e-01
8.850178491513247536e-01
-2.514654310400123993e-01
3.962884541558618356e-01
-3.729056394552100473e-01
1.081119595767976449e-01
-7.098683256214317616e-01
1.610354894162137340e-01
2.260829906146128443e-01
-6.843214603072778068e-01
2.990752416928864621e-01
6.633829830930263460e-01
3.012170457432987725e-01
-6.668517727512035531e-03
3.158390295124188230e-01
6.844117472414187331e-01
6.962132462445834724e-01
-9.934090306504659296e-01
2.050796663770843020e-01
-5.117370880220735163e-01
5.681595700172288321e-01
-5.695186159002678661e-01
-5.998064008753772880e-01
-3.224604997135023243e-01
-4.350607854395895924e-01
9.580474917926112832e-01
3.694710605309560192e-01
6.902828344760909562e-01
-4.746232932708313035e-01
-1.000000000000000000e+00
-2.153705814655569317e-01
1.508793257290260703e-01
-6.941128760915886708e-01
-3.930367760798904042e-01
-4.750851323538918813e-01
-9.835990557441589566e-01
2.727471188904934118e-01
-1.000000000000000000e+00
5.398365142340705303e-01
-2.514380745427129416e-01
-4.316813871177269113e-01
-9.577292539843119679e-01
3.159272094817816012e-01
7.397524122822712878e-03
8.614232243934908384e-01
1.000000000000000000e+00
6.031671427022065046e-01
8.384949114822991545e-01
1.967711306955119699e-01
-1.252325038974990701e-01
6.664086434128758674e-01
-7.316332388017684485e-01
-4.315509943571415041e-01
6.700874216794369120e-01
7.703324994565969863e-01
-9.917961597789800576e-01
-5.574297838334468791e-02
-2.167029885812951640e-02
-1.553377156567822548e-01
7.646920773063605736e-01
4.506316418879356966e-01
-7.546736364354575399e-02
-7.691057696786093301e-01
-8.497351177317368220e-01
-9.200457694761742244e-01
-5.506089232651605048e-02
1.183100335418576371e-01
-9.782558494198084764e-02
7.292255384947616825e-01
-9.296095036570133363e-01
4.024056243200397898e-01
1.635655500114243377e-01
4.799502149147253927e-01
4.331581276192066343e-01
-1.000000000000000000e+00
-1.000000000000000000e+00
8.167832706413644672e-01
3.155614041369966261e-01
