4.003881703248976520e-01
5.017960666615800536e-01
1.596838137669500945e-01
2.228293892737016335e-01
-6.986698060101461660e-01
-1.622621290651030806e-02
3.203549536324420272e-02
6.774743359393088638e-02
5.004634989190337446e-01
5.538656358096558652e-01
-5.140153591720184600e-01
-2.037848956950409629e-01
5.775960565936433255e-01
-4.790176793423439050e-01
-3.801574130675737795e-01
-2.033741817448481981e-01
-5.514196674235438689e-01
3.483270187670992613e-01
-6.037389289973160711e-02
-2.407269390879577253e-01
-9.684953038155668104e-01
-4.408479384403010681e-01
3.794619143682461115e-01
-4.932175217240807874e-01
1.196968963694491905e-02
3.767072551075693054e-01
-2.264623105124728975e-01
-7.229328073454461823e-01
-5.272087785688489570e-01
-2.382978578623404786e-01
6.389392910292017724e-01
-7.948637627768152525e-01
9.367065077452420008e-01
-1.000000000000000000e+00
6.042198588810763216e-01
7.482451517673649466e-01
4.090227547799159258e-02
-2.620817137908224015e-03
-6.881861420324080214e-01
-3.617173039789120526e-01
4.339348206148975484e-02
-5.351817043412142316e-02
9.160888416618930830e-01
-1.000000000000000000e+00
7.698630702129435344e-01
-5.972628779604677307e-01
4.316091680228383853e-01
4.247457295800709520e-01
-3.392016948828622258e-01
4.578783068662400924e-01
8.183559364581249884e-01
-2.367040754721970175e-01
4.287014058742001921e-01
-8.563220268354332365e-02
-3.293362696858505578e-01
1.761339887213687616e-01
-6.565967474964993222e-01
-2.142583258075170249e-02
8.107609685118621901e-01
-7.460478976463589262e-01
-6.877263400230310131e-01
7.251622846923404531e-01
-8.643089088732222036e-01
1.000000000000000000e+00
-6.910908838882301453e-01
2.208937056744608718e-01
4.075671635121287384e-01
-9.812580607507598307e-01
-8.007752602267472763e-01
2.756411478289906292e-01
-7.578080472094852471e-01
6.054933756474842887e-01
5.612385480231106838e-01
1.043602262213759735e-01
1.000000000000000000e+00
6.710188540547764591e-01
-9.941229889821875942e-02
-7.626641503299040892e-01
3.910762686131566968e-01
-1.776166313809146302e-01
-1.344425200138054943e-01
-8.392327275504224415e-01
6.853460544655920472e-01
2.094381867787827589e-01
1.097270829166099859e-01
6.046248218778740302e-01
1.426215207473622848e-01
-5.210142004617046574e-01
8.771201606805761886e-01
1.605444861652660371e-01
4.375092486215269583e-01
-2.198963859425865919e-01
-8.039368448093360264e-01
8.809517904807568911e-01
6.444014880111349763e-02
-9.389038324942107216e-01
-5.631870095591341441e-01
-2.267067257296742078e-01
-3.701392651892809194e-01
-3.450400587317209999e-01
-3.703662172868775748e-01
5.506048561617873927e-02
-5.431670450100400949e-01
-6.697285641581923743e-01
2.641229316320584664e-01
1.567110987674594919e-02
2.069382033898836959e-01
6.441341486328548971e-01
-4.715024255018825938e-01
-9.357147681916864190e-01
1.360784809389564143e-01
1.559446696072436522e-01
7.828433248254125232e-01
-1.280926428049322663e-01
-5.717494739262788395e-01
-9.390908682669811824e-01
3.218770291172300957e-01
8.243678911369315410e-01
-1.890340754939513479e-01
2.688391352473310514e-01
8.582291114890916450e-01
5.195603504564447750e-01
-1.000000000000000000e+00
-6.197403239883172987e-02
-6.897440066976023854e-01
8.123051115603366901e-01
1.467310368779420893e-01
-8.185962255244790819e-01
5.650197923782773746e-01
-6.686449948156866219e-01
-2.918150620290768313e-02
8.620100287617274981e-01
5.514921117449889110e-02
-7.315171891823935013e-01
-1.541066275139185704e-02
-2.805040001242389280e-01
5.299955420443742682e-01
-7.989671807667551029e-01
-3.116433901806702211e-01
-8.090213273475882483e-01
9.636371692661755972e-01
-2.504225148844847482e-01
-5.431892763145016456e-01
1.240614656524927917e-01
-4.449700774450671692e-01
-4.261184143674737190e-01
-6.160044126144914589e-01
-2.654439206278051966e-01
-6.166328287776203787e-01
2.039227502600607089e-01
2.107561285835938270e-01
4.234855515805733273e-01
2.741708857228701834e-01
1.000000000000000000e+00
-3.597304821867666202e-01
-8.862404166456414045e-02
-7.091601384670638275e-01
2.316647036388219116e-01
-3.393959637697074871e-01
4.812252218176435448e-01
2.908215308130857046e-01
-1.000000000000000000e+00
9.620186497931522140e-01
-5.548289926218027968e-02
-6.905211179042318737e-01
9.132614942401215963e-01
-7.899468690077012800e-01
-1.775105166838700926e-02
-8.658956249329503585e-01
1.265491795345049797e-01
-1.818831896874972820e-01
-3.361852245966744368e-01
1.539919983147712002e-01
6.413389286718619298e-01
-2.177774854738939170e-01
-3.043959484729430454e-01
3.204082580913500400e-01
-3.370388206979706980e-01
-5.778326273643621391e-01
-5.440296479313149192e-01
-6.822454766900012957e-02
6.462137244697843119e-01
-4.226836032258399767e-01
-1.987975179765874567e-01
2.046294268830843865e-01
-6.543444254228019119e-01
4.896446506402488685e-01
-5.327726010124206324e-01
-2.717793227364865283e-01
4.521673185961089247e-01
6.754350946312050186e-02
-6.915324396884530156e-01
7.606833235606287325e-01
6.743682334050694616e-01
7.328485373956471483e-01
-8.704864186817740102e-01
4.235989653626662244e-01
3.584062267328861351e-01
-8.872290962282031179e-01
-8.846281557904069892e-01
-2.238861898030216901e-01
4.358476819444337957e-01
7.894672992376189358e-01
2.785188727775507744e-01
-8.937441116881005287e-01
4.771074426716894745e-01
5.303305584026365427e-01
-3.719313325164215200e-01
3.120143721469857967e-01
1.545382457100721307e-01
2.397525950154436591e-01
-2.678254711371969021e-01
1.000000000000000000e+00
-8.146747008376094001e-01
-1.800553030736606330e-01
-4.720811883197466030e-01
-7.413539493275357328e-01
-8.466690618397321177e-01
4.580907479380450509e-01
-8.016390148250635006e-01
4.245105323019644078e-02
-5.053869277052467357e-01
-9.713481637484239206e-02
-6.335454108864579936e-01
5.912580824088687903e-01
1.227888515934864588e-01
3.910815496100409905e-01
6.308896119664558766e-01
9.908773196335491917e-01
8.536388226671047796e-01
-2.645511286236444382e-01
4.453811265847293921e-01
3.790332782180620974e-01
5.632446250320741754e-01
-4.583985095448122604e-01
2.714552005474148988e-01
8.154000708225941363e-01
9.187663006060217130e-01
5.949810387717839877e-01
-7.610500085504020573e-01
-2.264334455151935099e-01
-3.637128304787417554e-01
8.523058372865932597e-01
-2.122283079883056922e-01
-4.437693161278314369e-01
-6.276313581026715660e-01
6.672993467115423405e-01
-2.774411209998345895e-01
-8.688686112899624003e-01
-4.890858856055183002e-03
1.000000000000000000e+00
5.741021123365827039e-01
-7.606866424594070919e-01
2.848151155153572089e-01
-1.701013479924564087e-01
1.491554745428990691e-01
1.588923931422946689e-01
2.332022311262879899e-01
-5.719466702776186962e-01
-5.577460769518280959e-01
1.127857073118041786e-01
1.855526869450210142e-02
-6.333532204669856114e-02
1.150721404978205104e-01
5.374102471607975495e-01
