3.788004301708717270e-01
-5.554903042627828968e-01
-6.447628079414096103e-01
-3.656176233022151445e-01
-1.850859956917827176e-01
-6.694220185779014010e-01
7.741370416463308479e-02
-1.000000000000000000e+00
-8.190705650443098618e-01
-6.782707695070631093e-01
7.418479035778020869e-02
3.628356786453262872e-01
6.763084740604432543e-01
-5.392556296320144549e-02
-1.000000000000000000e+00
-6.918113182125221750e-01
3.176779240700735585e-01
-4.970485030841124141e-01
4.387694510789729163e-01
-9.051061409425220639e-01
9.375277881382950707e-01
-2.116488228001208727e-01
9.033024651166819963e-01
-4.972183344208479516e-01
4.851819599207984890e-01
-6.032828229423516930e-01
5.045439219372597206e-01
1.000000000000000000e+00
2.351339344023234412e-03
-1.000000000000000000e+00
4.399570747449690344e-01
-1.000000000000000000e+00
9.211897833092623777e-01
-1.000000000000000000e+00
4.035288053695957888e-01
-1.751482671610817277e-01
3.689023243083262571e-01
8.905377086609781445e-01
3.853960793223139558e-01
8.238109819569783276e-01
4.772179130807253644e-01
7.473695763925366498e-01
5.949971380875953564e-01
-5.940020757444122168e-01
-4.822213349025454288e-01
5.987960917321049070e-01
-8.458652904326453559e-01
-3.943953291694800023e-01
-6.184762160088240479e-02
5.957481126415081762e-01
-7.587495928010218327e-01
-6.472133305287225413e-01
-4.035776302344393218e-01
-8.594229435655761362e-01
-6.999283495437814695e-01
3.538720967283093266e-01
-9.500629013857622152e-01
4.728563356004025775e-01
5.658240475554229265e-01
-1.600058193209084878e-01
-1.000000000000000000e+00
4.885517199104955077e-01
-8.653955600147051896e-01
-7.996706774026666187e-01
-8.566533800998796244e-02
1.190355194779332826e-02
9.215049315656065332e-01
-8.207863891181602645e-01
-5.571680223299225743e-01
6.833378306473985031e-01
-1.203681594356987850e-01
1.000000000000000000e+00
-8.488730891135598533e-01
1.519789983121715427e-01
-3.631163328752395336e-01
5.828815174960351175e-01
1.000000000000000000e+00
-8.197734798712084103e-01
9.476352988609078043e-01
-2.374909622270369725e-01
7.423105892632202440e-01
-7.682634791407436659e-01
2.276308990292010836e-01
-4.456572522499376854e-01
-4.923271646917794508e-01
9.217446146237716631e-01
2.894920355276588975e-01
-9.446331145650915806e-01
6.124636494227312378e-01
-6.929193743128413407e-01
-1.566630703856267681e-01
2.838387938513160513e-01
1.482377702220243898e-01
-2.986619074696451603e-01
-5.081064659464823441e-01
-1.000000000000000000e+00
1.377745748475788790e-01
1.872525123826697391e-01
-7.547139446223904979e-02
1.000000000000000000e+00
7.294361047525634856e-01
-7.865853285284307717e-02
-1.000000000000000000e+00
-3.107110073848472487e-01
-1.058402771264052994e-01
-4.870345778677853676e-01
-2.899430114294481720e-01
-1.905301341956947281e-01
-3.291140419113409155e-01
-5.256290885971849347e-01
-7.117691603702973602e-01
4.456223825118392767e-01
-5.029729323158054211e-01
-3.702231325652566296e-01
4.261075416442179353e-01
-6.273907261258151458e-01
1.000000000000000000e+00
3.041207574812333503e-01
4.010592906526735391e-01
-1.331477741017261240e-01
5.656748179639875529e-01
1.916487312911590579e-01
-6.255327271891707452e-01
-3.865684015032879728e-01
-5.041272208739183691e-02
8.863080870876393069e-01
-5.217005531109496219e-02
2.137116439606714102e-01
2.343597931362463582e-01
-8.139790339091479421e-01
-4.312083599027710101e-01
-3.913710432349858381e-01
9.318294651977337972e-01
-1.658310240731218910e-01
-9.890045977707232483e-01
5.446992159653341048e-01
3.062245416931452247e-01
-8.527048918466384464e-01
7.851423110818289697e-02
-5.886854480182929228e-01
-3.747106726692017165e-01
-4.053029435875498132e-01
5.536985337052796607e-01
4.121992199990623384e-02
-6.810455825953545261e-01
9.284540024077816422e-01
9.877251846208683350e-01
-9.287900904351596987e-01
-5.654300760679831228e-02
-8.258769960562621915e-01
-1.444495974989786768e-01
-2.821793277332538263e-01
-4.313475882644927650e-01
1.000000000000000000e+00
-2.936313019491383347e-01
-6.243846714886208682e-01
-1.374627271928477723e-01
-9.373235508241843927e-01
5.654282228118105991e-01
-4.401486354423588265e-01
5.418939148891921409e-01
-6.543235265058996442e-01
-5.140019746590440697e-01
-1.701744029223728472e-01
-7.323061015557112974e-01
-4.845151228091185702e-01
3.392400929910261431e-01
6.945022799970855809e-01
-5.323115075930201501e-01
-4.599217001732250343e-01
-9.445367080693410633e-02
-2.855967249017389298e-01
-3.610973487192403741e-01
-4.481407566829903599e-02
-7.832979723749408096e-01
4.397858337126346884e-01
8.758486274552710338e-01
7.236936880684559092e-01
5.554132148962797055e-01
6.704122569216373062e-01
-2.858317024018901600e-02
-5.336562738768462211e-01
6.468756571223879259e-01
3.838839052715887212e-01
6.287174080751989358e-01
2.846632554828155137e-01
-9.438670989916791987e-01
-4.896944029600034387e-01
-6.380665656868882429e-01
-6.073822543433093912e-01
3.857220222500327700e-01
-1.522031330182744835e-01
-9.323999788975844139e-01
2.873631796784990033e-01
-3.760898350395839862e-01
-9.033215663157501130e-01
5.272757554749891717e-01
7.585742872990701713e-01
6.353887112772389489e-01
-4.851932531959171069e-01
-6.728304305877250702e-01
2.207877860864554398e-01
-4.516875046422270668e-01
3.158835320238769784e-01
4.192392728515051958e-01
6.794073144385670560e-01
-8.507136054709523165e-01
-1.786109112035239033e-02
-6.775932957048291794e-01
-9.048417792413226968e-01
1.290144797718542624e-01
-5.122071662239444656e-01
7.696705945102007007e-01
6.794447941407171232e-01
-4.039789516601777208e-02
-9.415903268818093252e-02
2.268567448924345697e-01
-7.749190526236799936e-01
-7.627427405764325430e-01
9.577084436607689044e-01
3.678941265305773478e-01
-4.067306906792217402e-01
2.960296912736609110e-01
-3.406094399889072477e-01
-5.312275070876932848e-01
-9.351751497380916822e-01
8.255421773323494694e-01
8.811253524423905414e-01
-7.140865221507848304e-01
5.047301284562834001e-01
-2.089892779534313905e-01
1.975257818215085948e-01
1.681144246924408669e-01
-7.688246333372523722e-01
-8.338955157749335934e-01
-6.989306569674764713e-01
-4.437733198696347525e-01
-6.665061062153644356e-01
-5.491459315579377831e-01
-1.450703986277808721e-01
-1.671012014982703464e-01
3.285484317063578907e-01
8.004699058953015367e-01
7.959874133780470151e-01
-5.373771593386539314e-01
-9.362009965050520632e-01
2.671023186579850606e-01
-6.689622334961019545e-01
-2.781756405414061439e-01
-7.860400686707454954e-01
4.380460761645917356e-01
-6.358561617808478061e-01
-6.955573596501557487e-01
-6.726026361129961995e-01
-2.785281956165855943e-01
7.391651831825334362e-01
-2.439452596565562792e-01
3.119818017664262588e-01
6.845367631126608732e-01
-9.381107330940618994e-02
1.000000000000000000e+00
-2.172946407241289901e-01
-3.426370390627234697e-01
-5.664267191393088652e-01
-1.007387000156077794e-01
