-9.188927644584818921e-01
-1.690935008175450671e-01
3.451457088268142792e-01
1.061248117409252956e+00
5.003991426602729664e-01
7.574366751723307090e-01
-2.715825874476480717e-01
9.569015463140948530e-01
-1.053929261415702090e+00
1.819850643653845856e-01
-9.491880810107351518e-01
1.352445596937932315e-01
8.751188045219686629e-01
-8.744804921879909543e-01
-4.948243490264362388e-01
-2.141249268237764847e-01
-6.564774578185972320e-01
-1.898873335641789728e-01
1.000996098177992399e+00
-2.693794763172416840e-01
2.663459350813194848e-01
6.486514750122859274e-01
-5.794948639935303403e-01
4.695636883780037740e-01
-2.623287393021987435e-01
-1.276281029097034447e-01
1.371922122009878731e-01
7.623809087629623837e-01
2.421478328180262096e-01
7.430684691656943563e-01
7.238573041980944645e-01
5.995641481742333134e-01
3.703208713177411071e-01
-3.190275125273136503e-01
4.329821848142902108e-02
-8.345449963258418924e-01
6.547091423718107706e-01
9.274714408981018510e-01
5.895339048656963454e-01
3.349877241217966706e-01
-6.525462592076218815e-01
-3.239787875589331678e-01
8.534676351363731373e-01
7.757642335422902935e-01
1.617321652760939088e-02
5.452982735870766096e-01
7.145829398307139702e-01
3.879926839190190879e-01
-6.182839461235296596e-01
-8.665427593305525811e-01
-3.993398188629253553e-01
-6.745414957955100377e-01
4.393010975489045622e-01
-9.781842081572718062e-01
5.099591744740181731e-01
7.714038403841763092e-01
-5.166538911556126656e-01
6.176053697703873802e-01
2.485178051567233926e-01
8.310420813480882130e-01
8.010848160334025359e-01
7.382701842261514269e-01
-4.090784289557729547e-01
1.143198301147882123e+00
7.086465442238762957e-01
6.156932300268964653e-01
-6.750364207041532616e-01
-8.529855591285613325e-01
1.064887175864582813e-01
-4.555770820581278580e-01
1.161934030136970719e-01
3.180166167212520323e-01
4.697194214058388884e-01
-7.264702877302275930e-01
-8.629963641632021343e-01
-8.546958289109363172e-01
-7.614698610585520777e-01
8.245676651144493441e-01
2.511110767086777718e-01
-9.212663102018611161e-01
-8.553141790432738922e-02
7.533757412364159300e-01
-1.841013529291447848e-01
-5.414876246882661670e-01
-1.652786542383514745e-01
6.889889461606106824e-01
-8.381873866803586370e-01
-9.465068950421269278e-01
3.168527817013237768e-02
-4.425166657629017175e-01
-7.606491085057621726e-01
-1.820124843301764717e-01
-1.349156207509955296e-01
3.955454993043892031e-01
4.509790546014851298e-01
-6.974988232138618072e-01
4.958852901127094315e-01
4.221978865412701065e-04
-1.258682052009477137e-02
-5.707094593244813607e-01
2.235537291070446297e-01
3.319099521681023734e-01
-3.346646865004430649e-01
-3.253139436709395760e-01
-6.084227236494088586e-01
-3.003573707546572380e-01
-5.690213864343407479e-01
4.690225453513712228e-01
7.698144980857707376e-02
7.670280053185595248e-01
6.375641776366580693e-02
-3.283620820184262601e-01
9.642263772810020228e-01
1.460656109021065130e-01
-1.015723644224508782e-02
6.594528755209839721e-01
7.270061991037584104e-01
8.337703622377710122e-01
-8.477939503748035399e-01
-8.980139227618857412e-01
1.061270627852399340e+00
1.197956245310904250e-01
-3.820365055606074201e-01
2.972869845167234182e-01
5.258468843845824914e-01
8.795121290459781971e-01
8.585788852277704830e-01
5.876460659798488084e-02
2.270798619026991316e-01
-7.620768117363266869e-01
3.529883431689614381e-01
-3.816290549520497954e-01
-5.394563346385858882e-01
-8.314147869046601969e-01
-7.317359422617800702e-01
4.049958502541974315e-01
-1.432993579653000504e-01
2.377739713690046330e-01
-4.728394966571949354e-01
-8.653693099118120458e-01
6.576674505580057395e-02
-8.935487020214188947e-01
2.310336757149208664e-01
2.027555429198676928e-02
-3.439486639893218900e-01
-5.346678161861943002e-01
2.489186764012463193e-01
-3.887016253216877826e-01
9.900697363245085370e-02
1.109684284123829273e-01
-3.811444819943925477e-01
-3.444360081942730578e-01
5.419986556339040362e-02
-2.499212008090603288e-01
1.496446691958367714e-01
7.721704524616626042e-01
-4.197075704487849279e-01
5.890309634888403201e-01
-1.989668161427438076e-01
6.048739772088946864e-01
-6.937780011905718691e-01
1.161789674752310708e-01
3.775906506987342093e-01
-2.351540922441112680e-01
-7.831678507272098466e-01
-1.961278245654675956e-01
-2.513142921615762471e-01
-5.172938478688202668e-01
8.880961077279851956e-01
-8.378067885949255222e-01
5.507166124492826054e-01
-2.851572058026484169e-01
3.277118895334917847e-01
4.521760166605105491e-01
9.204743062940634601e-02
7.902119861679214319e-01
-4.838487502747292890e-01
5.298991029359533256e-01
5.540336113924306805e-01
-6.914638717891244957e-01
6.951343282996965689e-01
6.582678113754569793e-03
-3.406608951949060549e-01
7.604936272280773402e-01
2.826769289039353650e-01
4.050812538693298048e-01
-1.831958379463366482e-01
-1.261171619016556167e-01
-1.989641201710137253e-01
5.938707021276276032e-01
-2.796939425835223147e-01
-9.863592325970601538e-01
9.575534805789814863e-01
3.225540733504964064e-01
8.114848233842357761e-01
6.484053553881583554e-01
-8.634363606589765539e-01
-3.737008351928648442e-01
6.658256258910719705e-01
-7.814934773691764036e-01
-9.072343628132999438e-01
-7.618261189073835538e-02
-2.048693129884646691e-01
3.458920590457286171e-01
-2.312770132198035400e-01
3.106215873826255747e-01
-6.400629943602521577e-01
3.314527379374070104e-02
8.330343705109952701e-01
-7.945183509474305072e-01
7.445593714540054142e-01
-4.473003347597286350e-01
3.139778223383720701e-01
3.490193984053553411e-01
-1.235251015012142350e-01
-7.960262593552769328e-01
5.210888915859894777e-01
1.323032914874371357e-01
4.329683616282875569e-01
-6.298312284790932303e-01
2.831258900619653129e-01
-7.215716699640830623e-01
2.039531052647696185e-01
2.875125982183042717e-01
-1.001123381165954562e+00
-7.188599915073609070e-01
-4.709845991545299482e-01
-1.117422121862101936e-01
-8.819397685379644081e-01
7.538043913831605769e-01
-8.835962092118478939e-01
2.479471454006842990e-03
7.175365296962477046e-01
8.240352755325417444e-01
-5.990910164936554816e-01
9.270135430615540628e-02
-8.325202021629322935e-02
1.565339956841393931e-01
-5.565431138039664827e-01
1.687784282483824339e-01
-2.501691213228623978e-02
-1.215249514159558730e-01
3.589571298416609491e-01
-3.434217045180911754e-01
1.008182084899408304e+00
-7.197511491347353685e-01
2.463033867651563957e-01
-2.066290774187429236e-01
-4.536512163735550995e-02
9.454484676680555699e-01
-5.110464479202166954e-01
-6.297771363347224316e-01
2.753728525003016347e-01
9.770048066172336565e-01
-3.437977241343366797e-01
-5.976297526744640543e-01
-6.663556355660384956e-01
5.692040998555456532e-01
-6.583246712144973367e-01
-2.696858718284962375e-01
-7.656943059694278908e-01
1.475516853702052433e-01
-7.337180935026061945e-01
7.540187413403787176e-01
8.045331438310232564e-01
