-1.141368683256958061e-01
-1.921942470635173983e-01
5.107971870023099159e-01
-3.726863586841224762e-01
5.180391745536349069e-01
-5.767476233970183497e-01
9.832340556635377204e-01
-9.945087714393987532e-01
-6.877645127986100615e-01
3.839495487528801210e-01
-5.574415790065592180e-01
9.066787926161212763e-01
7.527085542223708181e-01
4.816899039897779566e-01
-8.146052776220991110e-01
-5.377414145227419340e-01
8.579995418900424609e-01
3.114573172793191347e-01
9.636842402419418807e-01
9.785002177381492139e-01
-8.097182950378922772e-02
-5.501775610310628561e-01
9.526671995356776890e-01
7.955486937377160839e-01
2.808524802957235167e-03
-6.515540335994964849e-01
4.385595498845245022e-01
-2.332295453515225159e-01
-9.946748598680794640e-01
5.875984760462953371e-01
-7.471069289578766703e-01
-2.449245912353428256e-01
-1.012886912753567792e-01
2.019518199830176997e-01
-8.899307005243266566e-01
-5.222819641124185619e-01
-8.078226410166555738e-02
-7.292298796371947667e-01
7.462413039338980925e-01
5.024378952881917160e-01
-1.012123201667105565e+00
4.325457318817048646e-01
7.501652653393506842e-01
4.622539381508765644e-01
-1.957175200144579130e-01
8.009945597654521965e-01
-4.018553486479303771e-01
4.333765536460665313e-01
9.665162685404702358e-01
-7.067137547732320613e-01
5.051170980323831383e-01
-7.464484909751034625e-01
8.400390274410411973e-01
-2.538468191153619991e-02
-5.883378248331154747e-01
6.433001974381999943e-01
6.636224982177905130e-01
-9.688654093535529199e-01
-2.736690008457132173e-01
1.524870630892860013e-01
-5.624447303102817486e-01
-7.170456507702673843e-01
3.728628085312175600e-01
-4.739820960524587790e-01
4.471689693194243476e-01
-1.042265503021932993e-01
-9.910248759266833130e-01
1.799778991814300344e-01
7.752200386183694114e-02
-6.328417164025799124e-01
9.142055813732099523e-01
-2.120077222877609635e-01
-8.325360016771203853e-01
-2.316076740434961923e-01
-4.256384951742517297e-01
-2.589580016744084112e-01
2.441363015162743011e-01
-3.198414839985306291e-01
8.531279936779956330e-02
3.818566327742127786e-01
-1.386279931366183327e-01
-5.468378517852325871e-01
1.787402534474396010e-01
-9.995410240195652385e-01
8.388305855721145399e-01
-4.783287441705459941e-01
2.441529356136413753e-01
-1.992028482906011977e-01
3.502859942303844232e-01
-6.547187290500815493e-01
1.430310386835458303e-01
7.842940701819109961e-01
7.294578466254775240e-01
-4.903993382348871277e-01
-6.649302256995088811e-01
-9.253507574573600625e-01
-9.243114678394425132e-01
-9.651522951074027468e-01
1.485095737974801988e-01
-9.302108082182500848e-01
2.395842544316686418e-01
4.452885780900422974e-01
-3.576162654698369359e-01
-5.137237430526009341e-02
7.422024578279482476e-01
5.996021229192551871e-01
-1.330809051520102926e-01
-2.014049338548124513e-01
3.522587431079087228e-01
7.807679283549646687e-01
-2.480931137988571233e-01
-9.672885903116801298e-01
4.105571778881096368e-01
7.655550561594219872e-01
-3.575156779893606807e-01
3.222076501704531637e-01
-8.047639651683737849e-01
7.227188202195995448e-01
3.475324081456134806e-01
2.797890461119267869e-02
-9.054629245029079954e-01
6.853696776985285233e-02
3.065427679986165166e-01
-6.164166714575119999e-03
2.894895944477682281e-01
-9.047381818157562705e-01
-3.786908544066460713e-01
-1.574239050485386482e-01
8.854077803475541852e-01
3.689641681129148809e-01
-5.332114544978669990e-01
5.848339348355504619e-01
-7.846613798076241819e-01
-7.852352985014294795e-01
4.357676999344461954e-02
3.450169700389862371e-01
8.980584633713215581e-01
8.558710066608008482e-01
2.894251099606008903e-01
-4.449534968306972926e-01
8.121512175584864046e-01
-5.179667524695954484e-01
3.280379700376623298e-01
-8.977470243889356105e-01
-5.865464172921845964e-01
-3.357224206417375179e-02
-5.694498261277257667e-01
-9.593393247501493803e-01
-8.751940041498600387e-01
-5.456049345056879218e-01
4.920878827747861006e-01
2.165222685229961364e-01
6.783661601265573715e-01
-5.932579822905494904e-01
-1.996377286494617209e-01
-8.142177539062707137e-01
6.967237033882622832e-02
-5.546135099656408496e-01
-1.387086633944032421e-01
-6.204790825038656310e-01
-9.332967483361692684e-01
-7.701868708506196537e-01
-4.324966468805591102e-01
-4.419063555635741603e-01
-5.564320666197305337e-02
7.013218459600640831e-01
-8.385955272007847849e-01
6.325927087527057902e-01
9.186765850009576129e-01
-6.040121717215423125e-01
2.665694813142296393e-01
-7.653886416827631045e-01
9.698532076826384962e-01
-1.114524511138739182e-01
-3.978265661860465041e-01
-8.493626819758894886e-01
1.253267205779000637e-01
-2.429742478579099974e-02
-2.074810956886153357e-01
-9.706390776839491918e-01
4.333477853781442235e-01
-9.447604123588253522e-01
-4.896544088061443034e-01
-9.566268270864302092e-01
8.560264981023426589e-01
-2.590659599099924826e-01
7.090985392859081582e-01
5.077952156699497982e-02
-3.685560278619616215e-01
6.238495613284045227e-01
3.692869965895515527e-01
7.626020531248163536e-02
-2.260846901835367184e-02
9.210137644772697918e-01
-2.773119911102659568e-02
-8.470240379729614411e-01
8.330679186635092659e-01
-1.509445989761821760e-01
-3.698386675755260811e-02
3.922254582212323371e-01
-2.557385268046599713e-02
4.907313344015538092e-01
1.449444629430258480e-01
3.045227334567299771e-01
4.356177783129955294e-02
4.489379068431140762e-01
-1.856038261798325095e-01
7.896040771544372561e-01
-3.227468984183179401e-02
-8.127328974046164056e-01
-1.621778280012648177e-01
9.025489290485164684e-01
-7.790500188183131780e-02
8.230365186344669182e-01
2.763568437047847492e-01
1.611004299949638785e-01
1.413951457187767602e-02
5.309537526290852849e-01
3.689580479557503234e-01
-4.680774060750472199e-01
-4.777317604659094830e-01
3.016560816549128388e-03
8.754747578022126220e-02
5.270662730160615705e-01
-3.883135159059349917e-01
-1.026653896856028203e-01
1.042526991044041562e-01
-1.562754738818425138e-01
4.759241664896792789e-01
6.545912737921766311e-01
-9.668705026274835301e-01
9.120355507241106885e-01
2.442580451707672129e-01
3.521552609485238960e-01
-6.551723602311683159e-01
6.218066530573362893e-01
-8.863667952978797615e-01
2.444216355603083812e-01
-6.666876013464966277e-01
1.926797942328017932e-02
7.010813076980273451e-01
-3.000016014621926796e-01
-3.099378171947320126e-02
5.159308034335603477e-01
-6.102524973844185574e-01
2.888671462407634005e-02
-6.613287139855854591e-01
-3.869311786473190740e-01
8.580838922350983999e-01
3.695767639873617227e-01
-9.461151457104621798e-01
3.598374228502222438e-01
9.425757619705708024e-01
2.344432175604209689e-01
8.754486564210775534e-02
3.770233713190763725e-01
-9.711546186695166893e-01
4.041859155226630307e-01
-7.702783767001997184e-01
4.828986133216452981e-01
-7.854182408738166199e-01
-3.496680283317238347e-01
-6.019923684635035688e-01
-6.949076157168564138e-02
-2.689144528669451528e-01
