-6.757267360780566667e-02
-3.102845145371984636e-01
1.917877901316578093e-02
-4.866984473471120953e-01
5.546230180798833453e-01
9.569085284266998226e-01
6.703037538176468413e-01
-6.629628710547034176e-01
-3.027890665799691239e-01
1.742718126048507232e-01
-7.023813998463490638e-01
3.260085238793276607e-01
5.711525476307641735e-01
-2.817527421757652362e-01
-5.632358160068557940e-01
3.958060921318784509e-01
-6.425399160285485411e-01
-3.520996832756595474e-02
8.266899823693082405e-01
5.809270134893806947e-01
1.342729976804446501e-02
1.085270671701729500e-01
-3.482460985022799993e-01
1.000000000000000000e+00
4.152954858494809498e-01
-9.270845047203271072e-01
-4.487806330426230561e-02
1.092872125759511565e-01
-8.535420596518034086e-01
-1.557496027065307098e-01
-1.164533978098910433e-02
5.475584938667442669e-01
-9.840408485201627142e-01
2.443071951545182363e-02
-2.236220351126760875e-01
6.593546103798254565e-01
-1.114887862084681380e-01
-3.626072221632736792e-01
-1.873323380611184863e-01
-7.894241385945909295e-01
3.981048523339627554e-01
9.484594793107889998e-01
-4.722044232448977530e-01
-9.903533807473231532e-01
8.363539153448718011e-02
4.287397503224370521e-01
7.145015207779975563e-01
-9.989377041462697004e-01
-9.815752446160146416e-01
8.865183182345575119e-01
3.753619083499538656e-01
3.516977050928069559e-01
-4.625198137674830234e-01
9.215176374301477236e-03
-6.364772914613017196e-01
1.000000000000000000e+00
3.184795895250427389e-01
-9.005042340554819669e-02
-1.419673544031556101e-01
5.216580848098315570e-01
2.606846048130934124e-02
6.086998913889061225e-01
4.191636987923295088e-01
8.507803196360740339e-01
-6.607598483008103596e-01
7.590222473482237664e-01
-4.494516964513907142e-01
-2.734405322170851971e-01
6.365652134303367848e-01
-9.432981375318509887e-01
1.714130737259967618e-01
2.466463704632925746e-01
8.646426448079013172e-01
-4.275585349927303325e-01
-6.609790122403673696e-01
-4.178072547047851359e-01
1.636696857320539544e-01
2.775588324880682300e-01
7.726882581587810606e-01
-2.877766491505619889e-02
1.088037323831629599e-01
-4.235076552469754230e-01
3.147702417154540355e-01
-5.904922610832148699e-03
-8.379893136678363552e-01
-9.260423792044341074e-01
-1.117159162015903817e-01
6.364975960257460708e-01
1.310301492728287998e-01
-1.723290082647919164e-01
-9.053085287728368513e-01
1.000000000000000000e+00
-3.529824665692984365e-01
-6.716123990010035572e-01
2.124460946772001868e-01
-3.092101659482995313e-01
-7.940989395340560808e-01
4.459368783680024984e-01
-9.849428194795617486e-03
-7.298026944582159947e-01
-8.184412826052782364e-02
-8.569393497038491070e-01
3.045213418914195502e-01
-9.562280403016324426e-01
2.268807168058435408e-01
3.017054916101578055e-01
1.731566208020022396e-02
-2.164838748240803523e-01
2.738896153259376964e-01
3.935949968842274438e-01
9.496498925791884149e-01
9.204231325585197077e-01
-1.481326189520075221e-01
4.997762961839490869e-01
3.881109979820953626e-01
-1.550010802791190745e-01
-8.213587417384946576e-01
-3.160296835947767891e-01
-9.946237473160470799e-01
5.110339893807502865e-01
5.933206124121900293e-01
-7.492367938720623233e-01
2.190106104796968323e-01
-2.492063213639670316e-01
-7.317684965012294374e-01
3.448462094125755995e-01
3.821845122471152489e-01
-5.525989706375193933e-01
7.290053139161416507e-01
-7.007395980557653559e-01
-6.241963339284073431e-01
5.925134941144656331e-01
2.136163806673203602e-01
-4.806133440614841490e-01
2.987778627781219054e-01
2.521100125884240817e-01
9.220176186387395167e-02
-2.994863858350307328e-01
3.362353000292093164e-01
-1.782013976625110852e-01
-5.718995733377021384e-01
-4.934833950210992803e-01
-5.854597634369888004e-01
-8.128858492170532024e-01
-5.016752504893879916e-01
-2.091429884596526234e-01
7.982991156340343286e-01
6.226909805846180257e-01
-1.000000000000000000e+00
-6.824937337754921618e-01
-6.013614138064902193e-01
1.208756022390400364e-01
-6.148346828281968657e-01
-1.399076256624387504e-01
-6.866633922665744683e-01
-7.497818163575429296e-01
4.274012188994280592e-02
2.407567864332611773e-01
4.779551688330657688e-01
-1.511352769852925687e-02
-9.557641893957866674e-01
-4.731310733041884653e-01
8.065950329301171395e-01
-5.720446740992390922e-01
3.415035323156185854e-01
-1.617214118546154433e-01
-2.828656003171387545e-01
1.013093699667059200e-01
6.386546823456451527e-01
1.357750089010651973e-01
-2.686999789973782415e-01
-2.249532600522149428e-01
6.223821906976434448e-01
-5.959681132880022547e-01
-1.137255292126403694e-01
-2.926205782783253273e-01
-8.314797112570651016e-01
1.946244915099110961e-01
-1.917625492073837812e-01
8.747617347598000137e-01
8.069057419621640248e-01
-9.212811386052507379e-01
-5.096425422453316756e-01
2.493747555542585315e-01
-8.183637768943752278e-01
6.525097809614538447e-01
-9.019453404758377424e-01
-3.239886751128254749e-01
3.434735964795245788e-01
3.274208876273962954e-01
8.081936097992017953e-02
-1.000000000000000000e+00
-3.223389187354572805e-01
-7.705375298091277081e-01
3.468305958482478801e-01
9.479119696243953896e-02
1.000000000000000000e+00
-5.211306402258328863e-01
9.651875723078143232e-02
4.944641766141341654e-01
-4.136040544514896222e-01
1.621908515046970312e-01
8.263258965219723029e-01
-8.608955853651601986e-01
-5.527518459096250059e-01
-6.345025955395628969e-01
-1.000000000000000000e+00
4.234948240744613734e-01
-8.887482700107048883e-01
-1.808945873699613904e-01
-9.688338505471876250e-01
4.896067270321325937e-01
-5.332558424588463852e-01
5.500872449950000576e-01
8.746722766400862881e-01
-5.565035885738157662e-01
-5.966567590532533272e-01
-1.459625087981324398e-01
5.658134744465834892e-02
-3.871346710475025987e-01
3.532758203555915744e-01
-7.183472444924150491e-01
-4.306955981616071849e-01
-5.599457517457898659e-01
7.546107658452928524e-01
-5.398778584277857950e-01
1.000000000000000000e+00
2.023270919869812889e-01
1.836247864149048031e-02
-5.532145583099025155e-01
4.695887433415911194e-01
-1.135221234105134036e-02
7.243491241169820460e-01
9.935775972447142834e-01
1.000000000000000000e+00
-3.436674971685051427e-01
-4.643375934967115537e-01
-9.065026544878838077e-01
3.168192017554977147e-01
8.383033225189666648e-01
-1.000000000000000000e+00
4.229671238542814793e-01
1.903981131396794146e-01
2.863679468292308350e-01
1.980734210391369154e-01
2.268119301630016071e-01
5.943001586991786267e-01
-9.854739319937959596e-01
6.123804375488454965e-02
4.893625449041608677e-01
3.137090168629558806e-01
4.453822942955703024e-01
7.918812019203738117e-01
-1.725362996628314605e-01
5.715974948341671080e-01
7.001680870219368913e-01
-8.803065318441536391e-01
-6.320553971681807104e-01
7.572664542275558963e-01
7.370453911039759332e-01
6.931335134432629053e-01
-8.908434332390939847e-01
8.882903439787810385e-01
-8.198236614583134241e-01
-4.642144804147466663e-01
