-4.870358579802910870e-01
3.318930466373770649e-02
-6.283820304062067708e-01
-6.194156718472265677e-01
-7.254391109447319019e-01
-3.989656261822140948e-01
-8.179326308898979825e-01
5.599539455741137789e-02
5.158015399899523734e-01
-7.783271242722021865e-01
-6.325221411291748197e-01
-6.188212313749292398e-02
-2.654606254872220183e-02
1.000000000000000000e+00
7.855497029227720418e-03
-1.593562726837450261e-01
-8.524390036164775086e-02
5.442261554984280103e-01
-5.783597995138366477e-01
-1.547577210082293209e-01
-2.530770848280765040e-01
-2.557185722238041747e-01
6.814764293360705549e-01
5.361239992749959882e-01
6.226894078485232242e-01
-9.689085957187909548e-02
1.928696911861292884e-01
-8.741455668341224783e-01
-1.974078282308902033e-01
1.197538995993392419e-01
8.100920708375114465e-01
2.346862787611335988e-01
-4.029328707192753600e-01
7.158108830325804472e-01
-2.367256029771007408e-01
-4.639512427143795414e-01
5.267215611764956007e-01
2.479918163829958611e-01
5.587089523262237512e-01
-1.736026393796874512e-01
1.228992412749063678e-01
7.455651782621111057e-01
1.143077657266868830e-01
-9.676259634200676807e-01
2.564927952648912157e-01
3.654275637817590572e-01
9.540164363848413487e-01
-6.997175567880400404e-01
-4.951685764017812463e-01
-9.150286071483437755e-01
8.468977673237321202e-01
-1.124549928779106228e-01
-5.879340936787520455e-01
-4.273878364182869816e-01
-5.262681627693710507e-01
-6.803180489635664019e-01
-1.000000000000000000e+00
4.586872126373083836e-01
3.457352849268681694e-01
6.898432200860681318e-01
-5.997050202570065602e-01
4.304840646898948076e-01
-4.795637613407204292e-01
9.475362170806422846e-01
4.567689724433518506e-01
-4.221779276334647335e-02
-6.085826465283308284e-01
1.474143919403476666e-01
-9.618774924274897664e-02
-9.507144118504782249e-01
6.078298425331818411e-01
-8.034649852406966497e-01
-2.010770499924837140e-01
-3.033729722268018181e-01
5.545299997032714368e-01
7.803088775593347570e-02
2.502507645963740757e-01
-2.476477071275793862e-01
-5.616819342479167920e-01
-8.903713174926020102e-01
5.605029844907496450e-01
3.815343837407420696e-02
-5.127492249913694344e-01
-3.716867051985106585e-01
-4.891078325569926388e-01
-9.001475551695592436e-01
-9.754126586578967806e-02
-3.024488769092094076e-01
-4.236164874931478419e-01
4.088990619917669544e-01
8.598374093052038036e-01
-1.430348869601347772e-01
-1.795524334332762317e-01
8.570656030081194032e-01
-3.809299140143415641e-02
-3.219148492809332240e-01
2.691161197313011733e-01
-4.161943642151497702e-01
-4.792244736565065000e-01
-6.470309117434704937e-01
-9.248000807139270529e-01
3.561390747595515743e-02
-8.576022711154156486e-01
5.969798755467197182e-01
-8.527614144995667722e-01
-4.119764996722440897e-01
6.081156977402970565e-01
7.118531216472324674e-01
6.024867906984686661e-01
5.789352066013624398e-01
1.446779713737673667e-01
4.001950988359921912e-01
3.276303614070288917e-02
-4.908342233923723708e-02
-8.637263147368139382e-01
8.905470801620125609e-01
9.089371945232743721e-01
2.778502621772291903e-01
-7.823992732126360261e-01
3.603074469723277495e-01
6.208364444239022895e-02
6.061690587529806606e-01
-1.079732626075894791e-01
-9.559953401947330898e-01
-8.911331459965913249e-01
6.571455494267390840e-01
-7.599075741294640807e-01
-3.479328290144288460e-01
7.092159537066183850e-01
5.307029538245150446e-01
-3.879628127198378462e-02
-5.944449996455286600e-01
9.202979887765615485e-01
4.828926828060909893e-01
-8.713939574267981492e-01
1.346573445539951674e-01
9.224485663719814710e-01
3.757212824533415207e-02
9.355547862864037612e-01
-4.450722919936774824e-01
-4.265945248515236599e-01
-1.064264249277375451e-01
2.379184967584735688e-01
8.106013315051829871e-02
-4.660717324460141864e-01
2.719359676162764750e-01
9.698890869571918927e-01
2.326625485984475383e-01
-1.147777699511680627e-01
-1.676127123524759066e-01
-9.367609289025338182e-01
4.272000795294337294e-01
4.238146518025596998e-02
-6.797343520837363373e-01
4.658191833628889666e-01
2.748420013208269230e-01
-6.821872059641718167e-01
-1.562158487171252663e-01
-6.309279111036190102e-01
-9.493648593428434257e-01
1.264723727420423438e-02
9.590521715147756199e-01
2.391028756525027943e-02
-6.184367933776080406e-02
-8.021285206312309679e-01
-1.167479339817389938e-01
-5.430601344336571934e-01
1.667616365111695975e-02
3.611185073763238940e-01
-1.000000000000000000e+00
4.954185251480918706e-01
2.560920723086330675e-01
2.970500463199386432e-01
8.592829602658507149e-01
-7.914643560834470071e-01
-1.926848335084252462e-01
8.640087827233633444e-01
4.739408596264561568e-01
-7.238490813515537081e-02
8.696758137099878105e-01
-4.266259850517655217e-01
3.388960145898096687e-01
-1.761397689314572190e-01
9.884606668594575485e-01
-3.098074512578628537e-01
-7.307791206244080850e-01
2.331202702308334818e-01
-6.485531404518999343e-01
-3.334049349434161091e-01
5.120939358208185244e-01
4.912926694189718724e-01
-4.234711449311157061e-01
5.090108599902615216e-01
2.089518047464184458e-01
2.864231105403811650e-01
7.430618451308595995e-01
7.686975082306495288e-01
2.125364216107286930e-01
9.497724062646457632e-01
-8.437664469592635053e-01
-8.713086606699650405e-01
-3.237079115559702291e-01
-5.656176423826970723e-01
3.699371292296959046e-01
-3.714693363674225202e-01
-7.381465471284227586e-01
4.232457600182650825e-01
-4.983354476947853273e-01
2.935022157983890323e-01
7.778718066301442136e-01
9.547199975324307530e-01
3.454455121038580989e-01
1.000000000000000000e+00
-1.831819989004992433e-01
-8.140903302221913496e-01
1.201291864147948640e-01
8.244233583283246958e-01
3.639465769793375771e-01
1.223590526355176067e-01
-1.377723410167144280e-01
-5.682949746154393189e-01
7.733969480474317537e-02
5.570597501973869603e-01
8.795043791894550100e-01
-2.636811026901539901e-01
9.294828988208176934e-01
7.167451438452584478e-01
8.791017290546738749e-01
8.056492789574933866e-01
-5.206504821616437795e-01
4.650279435663451366e-01
2.293602015981730524e-01
8.482092212694167799e-01
9.180793693701544411e-01
-8.690557153834405080e-03
8.756922656015220241e-02
-3.234783675970527850e-01
7.910382020169086648e-01
-4.545665239060565632e-01
-4.306654199681056450e-01
1.864201642215044252e-01
7.826048401649154940e-02
6.844770570060998427e-01
-6.114405385645895752e-01
-3.799921697835207945e-01
-9.999748205367066101e-01
2.866009252106893612e-03
7.594126663015073886e-01
-7.751567699753951768e-01
-7.589409945080294317e-01
-1.748920493012397492e-01
8.941055569441249684e-01
2.244195847270151756e-01
-9.363299856999505177e-01
5.613640224125329148e-01
-6.091455695050231878e-01
-4.075585992388459644e-01
6.224569198020335481e-01
-1.192763732173679203e-01
-2.617156849612379266e-01
1.186060818629968150e-01
1.104421854705751327e-01
-9.806508825503756910e-01
1.758353561257520181e-01
-7.460270624154132779e-01
