2.068914607183364729e-01
5.074333138392703724e-01
-3.034464975937657405e-01
3.066254334868662168e-01
-5.212695473126014445e-01
9.084808708221763229e-01
-2.081914546536432209e-01
4.538629172859114935e-01
-1.078754967398576348e-01
-6.255650220119041149e-01
-6.956339018266552987e-01
-5.174490696689149072e-01
-1.421876034696044622e-01
-1.000000000000000000e+00
1.121579472666451444e-01
1.000000000000000000e+00
7.670197841089654300e-01
5.314565308576504332e-01
4.447578332156807979e-01
1.000000000000000000e+00
6.702368330999957102e-01
-4.178673357967495061e-01
4.310309200311596145e-01
1.930206855044172554e-02
-9.037643160084963823e-01
-2.184680698253796960e-01
4.802147836438159234e-01
-1.694396697746214375e-01
8.113160714380660554e-01
2.909246459530127615e-01
-8.096881242651643440e-02
-3.460080418049073514e-01
-5.037383532020604099e-02
1.834311387307529795e-01
3.655362049202086627e-01
5.000928820940551134e-01
6.504554588216875377e-01
1.307716247869683546e-01
2.247251624629187372e-01
-8.269931518209012733e-01
-5.297521621726073437e-01
2.043746933498071794e-01
9.286191530648526538e-01
-9.583530061408476186e-01
8.458843289319672998e-03
-1.000000000000000000e+00
-2.783884861870471461e-01
4.646079098838210575e-01
3.580552913966443818e-01
7.648014842769613741e-01
-8.657840476165423738e-01
9.646986271664261814e-01
4.559634884463304588e-03
-4.317930317449014677e-02
1.000000000000000000e+00
-1.050846270292035145e-01
-1.194111375702338884e-01
7.079689995620179754e-01
4.407083188927991002e-01
-3.973417041090954172e-01
-5.658046208021428880e-01
-2.761954276412416087e-01
-1.000000000000000000e+00
-9.045111766959494926e-01
-5.833427627130423065e-01
5.810898825898633824e-01
1.077781811758549146e-02
3.261924303446976647e-02
-9.884453353174907919e-01
8.530549242623096662e-01
4.758230757117814513e-01
-2.305981898125554833e-02
3.825851338601420348e-01
-3.830479237644895951e-02
8.474506474795753252e-01
-3.072731224943096584e-01
7.283236283532485977e-01
6.448052748921992983e-01
5.535465298535404699e-01
-5.355379207851512779e-01
8.487313559859666068e-01
4.208354546735010998e-02
-7.103450309342459468e-01
-5.901269367242634178e-01
-9.564028857396199568e-01
2.731790762104763237e-01
9.418993614958163230e-01
-9.844076756383691729e-01
-9.219822012281334578e-01
7.439793201429496516e-01
-9.639007725946846517e-02
-1.000000000000000000e+00
-4.429664236939324096e-01
-5.146999396378220126e-01
-6.165245206794105204e-02
-4.239657443521526736e-01
-7.298687439801720966e-03
-1.000000000000000000e+00
-4.491237558968043109e-01
-6.904370173123057786e-01
-3.508866003908355236e-01
3.558304829299122063e-01
2.820106638889416373e-01
2.300389884982926292e-01
3.583449353347285538e-01
-6.295964124399228146e-01
-2.654819523936712833e-01
8.992991101815009380e-02
4.764974834524630942e-02
6.676320042391810095e-01
-1.000000000000000000e+00
2.893532145962477431e-01
-1.000000000000000000e+00
-6.655525763692643482e-01
9.114847714419297420e-01
1.679469465378276571e-01
-8.210809306746120750e-01
9.807276605041246320e-01
5.988841368849860958e-01
4.379283099190039996e-02
3.979971651244942343e-01
8.546513264885027827e-02
8.056167816228106959e-01
-1.201966858696531804e-01
-2.580546775003911830e-01
-1.404196658756848015e-01
4.814354038467617558e-01
-3.065950159575887568e-01
-1.000000000000000000e+00
6.984949314668957854e-01
7.772630410860029704e-01
2.493805176825198144e-01
7.457741186318361803e-01
-3.258414064023856804e-01
6.448679018912981675e-01
5.616725953088113066e-01
-1.580398763595542433e-01
1.319496890857244642e-01
-7.765584145125579152e-01
-4.136989322692163351e-01
6.287103613797848101e-02
1.462751202882238144e-01
-5.375339535484885412e-01
6.045187950553194689e-01
6.662208357966882266e-01
-9.623159006788888359e-01
5.522522916248046032e-01
-9.124157917346724656e-01
-7.031294031140755685e-01
-7.840553935773375560e-01
-6.001409946725697608e-01
9.828868674929220894e-01
1.000000000000000000e+00
-4.935123779596929383e-01
-6.455394249653479966e-01
-6.068586141557104074e-01
-1.000000000000000000e+00
-2.939336663431733054e-01
3.610872186700275766e-01
-4.675149366663118311e-01
-7.822123447453326328e-01
-2.201045807767922913e-01
9.487670578263254217e-01
-2.536258876822885533e-01
3.170848432735107192e-01
-2.806927575781976714e-01
-2.932181580674875221e-02
-1.000000000000000000e+00
5.657736598945312112e-01
-2.358163412214256405e-01
4.763994681392889063e-01
-2.656111089911792900e-01
-3.477777947933732294e-01
-4.394234598852153617e-01
5.095574704700077673e-01
4.339757632058457298e-02
-4.691807638466963803e-01
1.000000000000000000e+00
-3.627206388729825592e-02
5.527671342337058258e-01
-5.226114042494900414e-01
4.696612459931499561e-01
7.808164662366084974e-01
8.221129331051489908e-01
-3.353711365213480899e-01
-4.023663560491144708e-01
-2.161309872109422603e-01
-6.962393418562636827e-01
8.343526323661110133e-01
-1.000000000000000000e+00
-7.301198879055863511e-01
3.734528232231678069e-01
-1.000000000000000000e+00
5.224927933594949447e-01
8.748251563546338705e-01
-3.238279618239140456e-01
9.069234485949100311e-01
-1.000000000000000000e+00
-9.260809278542985190e-01
-1.602572163218636270e-01
2.882833330602931898e-01
-3.549288743465528473e-01
7.275211846416295147e-01
-4.622254488346223544e-01
-7.135353610530145163e-01
-6.325089613259438082e-01
-7.416073638477121976e-02
9.053132830938401820e-01
8.528446721278428733e-01
-7.789637129737354559e-01
1.000000000000000000e+00
-5.813449989194242606e-01
8.165934837365638188e-01
-5.704985051390289996e-01
-3.853624636058012864e-01
-7.054764048513960661e-01
-2.074850981598000410e-01
6.512955625453565878e-01
-5.800263881375011810e-01
-2.332087622982557673e-01
-8.388560657154506828e-01
5.487690009695113114e-01
6.061539636573490819e-01
-3.396494393450829596e-01
3.806696984953051865e-01
-4.594584544940227278e-01
-9.810126869086903678e-01
9.716169597923925982e-01
5.315267353421109231e-01
5.354786343279324123e-01
1.000000000000000000e+00
6.160732310217740260e-01
-9.922403313603719854e-02
-4.316929507587173309e-01
7.149403469375371911e-02
-4.606547720321466088e-01
5.489185548607251608e-01
-1.000000000000000000e+00
1.000000000000000000e+00
2.604516453821540400e-01
-1.571679522488109715e-01
2.747040823582686531e-01
-5.464312547203946657e-01
-8.988929142885384582e-01
1.430880421658551338e-01
-2.580482012001173997e-01
-1.243491077160456260e-01
8.382603577619267554e-01
-1.823220666892596820e-01
2.331568902032619128e-01
-6.960516745606217803e-01
5.108971704189890772e-02
3.147368820595062289e-01
-4.002640034872002595e-01
-6.752391243321356207e-01
1.173151588447180482e-01
-6.782053916661578974e-01
7.974003323256519948e-01
1.000000000000000000e+00
-1.000000000000000000e+00
3.724018278216532640e-01
9.532446923155462049e-01
1.000000000000000000e+00
-9.280888944647393002e-01
-1.000000000000000000e+00
