-3.156933525763293974e-02
-6.167685696853473232e-01
6.708990844303230894e-02
5.611945401153225488e-01
1.959398125693933845e-01
4.774321565598532713e-01
1.959595607499973191e-01
-6.554978352943812148e-01
4.056382320125324625e-01
7.567459002519080213e-01
4.517629715899835197e-01
1.000000000000000000e+00
-7.432503825310796675e-01
7.904838779612621824e-01
5.765323290520573130e-01
2.078180796050715373e-01
-3.457765977659509049e-02
1.780545221731001382e-01
-5.260881981858422929e-01
9.342495596380724354e-01
-4.214342715327089595e-01
-4.468030898599668621e-01
-1.413665738034586283e-01
-4.281780252167792788e-01
-5.992035608162556981e-01
4.985095785104862731e-01
8.203864862510650280e-01
-2.464998815541438182e-01
1.000000000000000000e+00
5.401975443805792088e-01
3.379936032530400092e-01
-5.614553277273517384e-01
3.435826903533339416e-01
2.913797168584042474e-01
-1.248927741282302023e-01
1.000000000000000000e+00
9.337436448186805515e-01
-5.014390106725008511e-01
-1.009876225520616178e-01
3.803100272636159018e-02
3.432270453193020376e-01
6.231790393063625366e-01
1.000000000000000000e+00
7.947912772575385087e-01
-1.847877652118135039e-02
5.096359308704050406e-01
1.000000000000000000e+00
-2.598217009926371279e-01
4.885536356391741997e-01
-2.011274816324641890e-01
-6.042648978310003471e-01
4.484959252402189733e-01
-9.358898672416051667e-01
-4.467076525985381741e-01
7.493669436858788613e-01
5.386310688665951751e-01
8.267467949831534824e-02
5.290345301437923142e-01
1.894687584483171483e-01
-7.239762032370857803e-01
-5.826915376456047735e-01
-8.114363342484176567e-01
-8.328512064996085318e-01
-4.108452465738556825e-01
-8.614828424453307987e-02
-7.201912210131690140e-01
-1.000000000000000000e+00
5.017500472820761726e-01
1.000000000000000000e+00
1.990218873545835099e-01
-7.042701262554018626e-01
-8.684053529918212000e-01
-6.601584098376802601e-01
2.624422739140416239e-01
9.446517524406559119e-01
-7.901925847604722719e-01
3.216223609390213983e-02
-5.869004436372193823e-02
7.480190256974066365e-01
-2.045272341416428941e-01
1.552965668892634377e-01
-6.603367371559100141e-01
2.162412581645272169e-01
2.415242017195821655e-01
1.000000000000000000e+00
-5.361592092737880177e-01
8.009841363240457479e-01
-4.006604309852501156e-01
-1.663564308535512848e-01
7.575487555690525454e-01
1.862948312449511645e-01
9.007767204271761585e-01
-6.106417909184499448e-01
9.093107412312358973e-01
6.646066606799198029e-01
6.792915657154857678e-01
-1.768558560044558858e-01
6.028803855060913541e-01
-4.872714017164287981e-01
3.773690324297343524e-01
4.177509135913775595e-01
-7.809323420199487664e-01
-5.210206728360310402e-01
4.644004657159502836e-01
6.899219756126212522e-01
2.403162120307560379e-01
-5.398640770474877337e-01
-8.543284429336246433e-01
-2.098227720829374809e-01
-1.683634577887523076e-01
7.285016210353086885e-01
6.645921982314326737e-01
-4.397923433256249737e-02
3.124412799913411920e-02
2.768279677156805230e-01
-8.589713033133516973e-02
-1.070669425509030576e-01
-3.729998323270616867e-01
-4.375350296580000631e-01
7.402355217487898154e-01
-4.691363419741743090e-01
-6.735354992066817648e-01
-8.835728077731788144e-01
-6.845823387242964131e-01
-5.398527920483124909e-01
5.182165306332171539e-01
5.812224342308478509e-01
6.481507629867611087e-02
-5.674021647809047719e-01
-1.481633725942663737e-01
-1.000000000000000000e+00
-2.795031882902079268e-01
8.220290131218246366e-01
-6.110614561435324665e-01
8.382739128461960121e-01
9.034063272321914972e-01
6.337076634696472421e-01
6.797842459567950968e-01
2.446590558536691773e-01
-8.872169590645956339e-01
7.155992236141998086e-01
9.517023995989095653e-01
-8.797083355917726388e-01
2.002450849675336264e-01
2.757489560248760352e-01
-8.265546503443562676e-01
5.707135851689295603e-01
2.561234751865114068e-01
2.260839012226294742e-01
5.248409881305028390e-01
-6.642921027929064026e-01
8.325100770079096879e-01
-5.505912548746644264e-01
9.765809880914647079e-02
4.319572300004077547e-01
7.835762146374669612e-02
-1.000000000000000000e+00
2.355131658272267003e-01
-6.020171381752337236e-01
-3.675420251189271958e-01
-3.613275600438108359e-01
-6.319221309591709357e-01
7.854221305039676970e-02
1.935675924431828898e-02
-2.160882265774535238e-01
-6.861669095247222572e-01
4.477327876748274371e-01
4.486696792451823068e-01
-1.946877471275954563e-01
-3.053319146668931339e-01
-2.767296452554490749e-01
8.344843550597152992e-01
-7.722878705097380170e-01
5.871304082548365333e-01
-3.437780137001923975e-01
9.047340489048606438e-01
7.501266759192615208e-01
8.620928267945988654e-01
9.851109414777245998e-01
-8.561940823328406669e-01
-1.058492503742933799e-01
-6.871696510197499164e-01
-5.340364503228506310e-01
5.677643814568085201e-01
3.161331238535942667e-01
-4.883869653335430883e-01
4.170513376176493425e-01
2.187556867966914398e-01
-8.958543142943659054e-01
8.270291146546071559e-01
6.239127198739947699e-01
1.952123120831254499e-01
-9.963074356440824175e-01
-8.554061828016172875e-01
-1.703017656118078205e-01
2.267329758321986188e-01
1.752884072601489374e-01
-6.162634282037257050e-01
-4.424279464601471590e-01
-5.272970562456740229e-01
2.227725487648823943e-03
1.076338237645584062e-02
1.000000000000000000e+00
-2.017035201374194897e-01
5.403985962046256031e-01
7.040406613056298113e-01
-7.190548715515230338e-01
-5.069009076687072124e-01
8.007338005942291059e-03
-8.987134544720365437e-01
-5.505512621618343649e-01
1.906765523306035159e-01
6.497762601356718015e-01
3.961864718232371296e-01
6.538808274799885467e-01
6.527337345874631991e-01
-4.618506745405842051e-01
-6.912750930986001352e-01
-1.608846245105441941e-01
-8.268500508852552056e-01
7.787544312605645391e-01
1.324193525645495084e-01
-3.464168709633393961e-01
8.319819548253061248e-01
-8.092024368222026087e-01
-1.698140654568656149e-01
9.889072665702889342e-01
-6.703215177516372303e-02
6.853714445963353663e-01
1.883533692677817895e-01
3.847899808381657349e-01
-2.681871524136866247e-01
2.041640604786268964e-01
-2.653392187672711788e-01
3.488311750365054031e-01
-4.176090620483948190e-01
-2.750866498833028917e-01
9.874017931332841336e-01
-3.162468955369950319e-01
1.819389305551656899e-01
2.117265514212786082e-01
-2.095366063335319939e-01
6.658381720770825130e-01
8.595495155712009616e-01
3.815806218813135864e-01
-4.985639710537896896e-01
-4.125698690221498710e-01
-3.536910586826079728e-01
-9.061575838128627103e-02
-6.731831546114233067e-01
-1.944186323997703081e-01
6.480297997021321477e-01
-1.000000000000000000e+00
-3.164224091193059696e-01
-6.494337157264840066e-02
8.070411372078690748e-01
-9.475153867789890549e-01
1.938056411579482385e-01
-1.699427526164029312e-01
-4.986019951663872574e-01
-3.066188975729574606e-01
-5.634244613546623981e-01
1.206975712491890201e-01
1.307960542909724078e-01
-3.472028959287754013e-01
