5.058935451355803803e-01
6.848164480577731972e-01
-8.939120256298045408e-01
5.441074561835002044e-02
-1.000000000000000000e+00
-7.026149154218068738e-01
-5.521129660376163928e-01
-2.744698603330823494e-01
-6.833043942896952494e-01
8.369007599865662117e-01
-2.057804595604455500e-01
4.997776569889347265e-01
-8.122483495121060049e-01
-3.224696041421629689e-01
1.924613912086842460e-01
3.188396269070818412e-01
7.710156572151588561e-02
4.114261180837808229e-01
2.368935633668940444e-01
-2.159087864444635407e-01
6.715568662260085198e-02
7.993742138673282094e-01
-3.805472697882726629e-02
-6.375013616029902019e-01
5.480336802760763515e-01
-2.326383444068759188e-01
9.457359310756592308e-01
-5.654182039602000387e-01
4.511037191605268282e-01
-9.094702696703484968e-01
-1.768047572205756479e-01
-6.202186731554726329e-02
-7.134365680445532432e-01
4.295365135924806843e-01
7.256035637131545979e-01
-6.523265073222228594e-01
6.336523449930580032e-01
-5.426618843821708893e-01
5.090439365176993580e-02
-7.684435109364988747e-01
-1.354802539209047918e-01
5.655027715379977726e-01
-9.098837658198021261e-01
9.847246284461393107e-02
8.848185353508222217e-01
-8.079129652617894619e-03
-1.985445288222953963e-01
-8.148051911742676401e-01
2.677771416492418233e-01
1.071151293227520229e-01
-5.147224651752361213e-01
9.114444672061665642e-01
6.153194608731727966e-01
7.159795178367996948e-01
-8.506323279787553204e-01
-6.510329603504824147e-01
-5.113314216096747078e-01
-5.978005055066498707e-01
-8.811132986795564559e-01
2.018376152824277181e-01
3.746266203911469694e-01
-3.933787701452309271e-01
-7.426898782550085398e-01
-1.779907404325484777e-01
1.066068275414233657e-01
2.635550411479582467e-01
9.857217451561779420e-01
3.185062644911741403e-01
-6.154218795382830898e-01
-7.229857861073236691e-01
-4.342511371372041462e-01
-8.074383534490273129e-02
-8.782920324023828496e-01
-9.366468543424568693e-01
8.031397431807607568e-02
4.000565640845274995e-01
1.413584048758651512e-01
-4.021289597131882942e-01
9.104111463951403138e-01
-1.887995675274196095e-01
-4.940374727339738037e-01
9.664863986263441120e-01
8.199796454485770436e-01
7.420165741786055591e-03
9.875690721455108179e-01
7.648832477294320586e-01
-5.936425151143540635e-01
-3.489144399520732742e-02
-8.106283893628387638e-01
2.252333941480424429e-01
6.489618168692563582e-01
7.082803327139336469e-01
4.820825175218161895e-01
7.707181213370117856e-01
-3.227664861466577051e-01
6.110084972998600650e-01
5.183393102974576117e-02
8.074078709340986038e-01
6.820893344757369414e-01
-3.770682031072838392e-01
-4.272274437153218418e-01
-4.615984136566126939e-01
-7.416496698555083977e-01
8.990607325684623063e-01
-1.333517955376446462e-01
-8.063734833500352250e-01
8.257174853017512639e-01
6.335163762011578603e-01
-2.924733423313499725e-01
-1.000000000000000000e+00
2.790723830386557247e-01
3.998591799095276844e-01
4.653980842266838835e-01
-5.617594338351716843e-02
-1.083164598447367566e-01
6.881036602324754892e-01
-3.491572302022982743e-01
3.021385471294921743e-01
1.128163093013327956e-01
-4.163183153806755410e-01
-1.275264275833354333e-03
-6.960823796507334960e-01
5.212759329984062440e-01
2.062850816736040427e-01
-1.076975131208589703e-01
-8.236293831014826483e-02
-1.924436858532705408e-01
-8.734781398619119175e-01
-9.911903934454358023e-02
4.860284849312401789e-02
-9.080388958224518969e-01
-2.726975411854803966e-01
5.087349916892804913e-01
-8.029459869674133721e-01
3.748276182831165038e-01
-2.131083920743657156e-01
5.224036800104138178e-01
-4.008237216342164788e-01
6.381539113141641018e-01
-5.469276777172586979e-01
-6.682477547697420750e-01
3.507734596038503128e-01
-4.932666394978235669e-01
-1.502529907807212128e-01
1.242333643725108960e-01
-3.590860898068521934e-01
-2.784969261606831115e-01
2.792171371554033055e-01
4.408315632662973549e-02
5.218680523347627442e-01
5.477109297964382062e-01
4.292840173153366634e-01
6.655791827612644873e-01
-4.411013481335783748e-01
9.423748577013869587e-01
-7.675706741959251733e-01
-9.181557051908773026e-01
1.866234627291831483e-01
-6.090784957250465759e-01
-5.085147414207424887e-01
6.800867053438917065e-01
-2.418993367670774219e-02
1.000000000000000000e+00
-7.578727451161919593e-01
-6.443854144791438809e-01
-1.276099063257480903e-01
5.029931922131940514e-01
9.877016786015746508e-01
6.058738441112853090e-01
-9.190668286113690133e-01
6.778937954592922921e-01
-8.606633286939683325e-01
1.722550856101243699e-01
-8.520578224782286991e-01
-6.940639331583867699e-01
-7.131071473172316821e-01
-1.470073533399515742e-01
-3.615792577010601416e-01
-1.795183185246571611e-01
-6.701207442562183425e-02
5.778200417447871828e-01
-9.117142706938983210e-01
8.518783583928244418e-01
-8.133713853555862849e-02
-8.175564953349960806e-01
8.817630985591684567e-04
-9.943636806240263581e-01
4.807272843249228711e-02
3.628960478612467955e-01
9.449785868273687939e-01
8.614459291106169037e-01
-8.432704275843891928e-01
7.350595549007572505e-01
-7.527888045103400261e-01
9.096328908038051608e-01
6.107758598224705127e-01
-6.225967578699269644e-01
6.942472309062058811e-03
5.984220728927774902e-01
2.460858715604170577e-01
5.618872391735794114e-01
-1.164844873301077999e-01
-1.469150734624141696e-02
-5.654854145409349275e-02
-6.471984627955251757e-02
3.814276724228040649e-01
1.538111846080820466e-01
-6.743518978725473456e-01
-9.214759366329462464e-01
9.474668069242242474e-02
-6.380040698850666381e-01
-8.572655942456065548e-01
2.157019280207874701e-01
5.496264779220336738e-01
5.360448092887850624e-01
7.803174415460478741e-01
3.674459584001167345e-01
1.000000000000000000e+00
2.999123678527592096e-01
5.997354475650797934e-01
2.009398153234072115e-01
8.919305844052173304e-01
-2.542641096505409148e-01
-8.214943182857834536e-01
3.029797082329062641e-01
-7.082195680811851357e-01
-3.016626297710037763e-01
-4.783867344896421958e-01
4.634640612128658743e-01
9.978618097968159351e-01
9.245091905541917843e-01
7.779122007856988930e-01
-3.990640718844135071e-01
-2.537856395685773592e-01
-1.000000000000000000e+00
2.478816645993009438e-01
-2.235385094241372494e-01
4.871006086646811895e-03
-5.081751227038022733e-01
-3.323388060459375737e-02
-2.703619169762720986e-01
6.364129588792886150e-01
8.439431780046539877e-02
-1.456096598304617018e-01
-5.627329608901738833e-01
-1.000000000000000000e+00
-8.818514796540362077e-01
2.649171459434542797e-01
-1.764328085964494974e-01
7.235208973478383099e-01
7.468445892264021779e-01
8.495167355202783988e-01
5.309442317839527803e-01
-5.488114718902137312e-01
5.391074991675921524e-01
-4.809916597930123938e-01
3.713915741829624251e-01
-4.741668172269307702e-01
9.345892620299190989e-01
-4.487586955107979447e-01
7.292725965447746095e-01
-1.446061323124500642e-01
5.185611334566201380e-01
6.303712332018670539e-01
8.641301842430955116e-01
