-4.745737566309385924e-01
-1.000000000000000000e+00
-5.730362615492290423e-01
7.041857826688088240e-01
5.563348417797644441e-01
-4.598226589464344261e-01
-8.054073722375475475e-01
9.967291208448014750e-01
8.669036181268223729e-01
1.403143752091453311e-01
-1.255965540706251438e-01
-1.644644221688705554e-01
-8.880829827782855679e-01
3.273641466188095261e-01
3.178081600382595684e-01
-7.763980364538641821e-01
8.957959461744280372e-01
-6.229056897542120108e-01
3.632452122766338665e-01
-7.868715433346679111e-01
-6.682368996474224998e-01
9.150473719543823492e-01
-1.772205332634989305e-02
-3.901112267990039517e-01
2.690025466358481054e-02
-7.100611365333585612e-01
-2.107735669292366137e-02
1.582307833216037296e-01
-4.840979515718935033e-05
-3.233012486909298544e-01
-3.348859022720503398e-01
8.034709408775994044e-01
3.195879767505283575e-01
9.641625124307812156e-01
-8.413735915308921953e-01
-7.438187334980268517e-01
-5.085022827696827896e-01
8.710314769008615787e-01
-5.969440954659687160e-01
6.119851629829069495e-01
6.222576506192436518e-01
1.708347750879532223e-01
-1.000000000000000000e+00
-2.884012389847416813e-01
-1.764360794930183718e-01
-8.000136186010210482e-01
7.662450103734992357e-01
1.000000000000000000e+00
9.626181360658658814e-01
3.989550430945881798e-01
1.237170552300757009e-01
4.474197674884307085e-01
-2.690282356268218766e-01
-3.848583807619415098e-01
1.044641053598104191e-01
-9.687802766568621715e-01
9.382215435283289828e-01
2.638645855509897942e-01
-6.034217723887719265e-01
7.714167287867237377e-01
1.792758904839049372e-01
-4.934480187322951017e-01
1.719010152009361192e-01
-7.030051666803526222e-01
-1.000000000000000000e+00
7.875119524768913193e-01
-3.666460223459422907e-01
-8.743387683829932921e-01
-6.080982394430773930e-01
8.890843510843039477e-01
4.680001751041138469e-01
-5.535643899587008310e-01
1.506430086975174831e-01
4.365991808913249894e-01
3.007440265638998134e-01
6.525523743805349275e-01
3.627186359405754068e-01
-7.956263242022595383e-01
6.763795593345288681e-01
-7.713503984722851481e-01
-6.184637432896439302e-01
1.687750629514135972e-02
7.914294426932036441e-02
-9.954625095009584923e-01
-9.457605479275291716e-01
6.823295541771745576e-01
-1.578913163951632115e-01
-1.000000000000000000e+00
6.560362968051133281e-01
-1.274710931753993692e-01
-4.620002974764992332e-01
1.129058902392077735e-01
-4.192187081568512497e-01
1.943240832797865636e-01
5.192756572621307631e-01
9.999867376926894202e-01
7.718374266322517441e-01
-2.873584060633256887e-01
-2.148533173594499579e-01
1.288244491883438203e-01
-5.903290827254490392e-01
-2.797153540160366575e-02
-5.983487735234900295e-01
4.033426542476705734e-01
2.642257227824447163e-01
7.642442502242251523e-01
-9.808189423883191260e-01
-4.582603808295511727e-01
3.989875046477686649e-02
3.158615472255742462e-01
-6.648154918008607472e-01
1.458763805887879073e-01
-5.726712911772696701e-01
-6.228913711003802867e-01
5.481526651491166469e-01
-1.826789085493654152e-01
-9.917794201020525557e-01
8.274747478348957186e-01
-3.108488231796340262e-01
5.533799781642863014e-01
-1.000000000000000000e+00
3.350265307828217409e-01
-7.824647292845385849e-01
-1.535420743223084306e-02
9.175022503600533952e-01
-1.322802230734761719e-01
1.232358688860137885e-01
-4.542249874443549107e-01
7.978401476476935095e-01
8.873813453278920349e-01
-4.825966396968817129e-01
-7.866709447405393352e-01
6.029374624675466476e-01
-4.113559500968616556e-01
-9.970989280725224280e-01
9.757580898792347357e-01
5.259937757361712318e-01
8.631282379718520081e-01
-5.239318508864598822e-01
-2.042641294319000322e-01
-3.936064457756772994e-03
-5.696621057673111055e-02
-9.929445915337009598e-01
2.984105248080496375e-01
1.785748324747618854e-01
1.153622057562541103e-01
-8.956079311720622771e-01
3.162351967794980179e-01
-8.485891461893939614e-01
-3.335642717161399484e-01
-3.538191830924021231e-01
8.626308785135782253e-01
3.432046802558796350e-01
6.204696491950932868e-01
-2.027952450076767402e-02
-7.755233066448536938e-01
8.629913670284404814e-01
1.723438348735910064e-01
-7.490835704557398111e-01
3.063120718204520587e-01
-7.677488590240117983e-01
-5.112770164263821249e-01
-8.061784168708882592e-02
-1.954033789145756816e-01
7.078885184706079636e-01
-2.276002397174606562e-01
-1.634031720275114785e-01
-4.356658573615446728e-01
-3.728849689801689293e-01
-8.326557514706656171e-01
-9.769494522483658239e-01
6.191794123075662348e-01
-9.168698988469587974e-01
9.210721889191610945e-01
3.244583483471310398e-02
-6.778522227308997339e-02
-1.615201540547329395e-01
-5.555754542793726047e-01
9.716190162210976977e-01
-6.535122058983762194e-01
-8.550811446214268141e-01
9.298744760533130815e-01
-8.927165731791196768e-01
1.000000000000000000e+00
-6.545900926159368138e-01
-3.840926779991816753e-01
5.726002005690548069e-01
-6.682761511679320421e-01
-9.158969663075394729e-01
-4.502930990080709073e-01
3.287143193420051790e-01
-8.008417663012616927e-01
2.519595596666081572e-01
6.193824994377905568e-02
-2.740321174673739368e-01
3.038340870271439842e-01
9.024152315744290442e-01
-6.379662913816841474e-01
-9.799120079839481745e-01
5.126897418188423039e-01
3.519617149796587241e-01
5.719428304656069828e-02
7.938934232442812489e-01
-2.354485610235472759e-01
-1.812154101734939626e-01
-7.598805325867267202e-01
-2.699894441469075090e-02
-1.414503479149593623e-01
6.742404958244221369e-01
5.636241232593796058e-01
-6.886681367013474109e-01
1.580114183921424442e-01
-8.421737399357076548e-02
7.283221589822482835e-03
1.034545062040364005e-01
-5.585857177309861976e-01
6.321847331404055748e-01
-3.730937796105795456e-01
-6.776673677042033272e-01
6.598300834659235337e-01
-9.941825873191668661e-01
1.334063603354304628e-01
-6.939945008772638868e-01
-4.255635377563574129e-01
-3.340718028336644441e-01
-9.267098075416718705e-01
-2.481201532970239154e-01
4.746318108007774872e-01
-4.429504431038533974e-01
-9.354691176692316867e-01
-2.490397068959352561e-02
-8.946160593340372058e-01
6.455740549425583730e-01
1.000000000000000000e+00
1.487187248452978283e-01
6.184021064146505431e-01
-9.397499803731066415e-01
-8.692136346570707994e-01
7.320505279714034641e-01
-4.976130926253204967e-01
5.268236447619335794e-02
-1.000000000000000000e+00
5.062352051904992628e-02
-3.568559395504000142e-01
2.907117579850362898e-01
4.163960692878646563e-01
1.950958970996960751e-01
-4.035177753093369124e-02
-1.343324646321389926e-01
4.847022302668010929e-01
-1.924868796969723128e-01
-5.846600793329641554e-01
1.974220946832184465e-01
-5.929320116472674984e-01
-9.475197376323646337e-01
-1.151049917715982196e-01
2.003769373707789403e-01
8.884328928269352721e-01
-6.217370790850936801e-01
3.080370994224163606e-01
-9.866495603442515527e-01
-5.506215629494479735e-01
2.177654703462533203e-01
9.379721387328066040e-01
3.781732246774103801e-01
