5.693388113474292522e-01
5.758636116954163331e-01
5.158695702046850462e-01
-1.000000000000000000e+00
-9.985961625090300497e-01
1.000000000000000000e+00
3.379882158603568221e-01
1.845070380249808906e-01
7.344426237251291401e-01
-8.811267140902048212e-01
-5.033584173209244561e-01
5.224890436766707058e-01
-5.577721966627879890e-01
-6.435095373045837119e-01
5.538199292620785696e-01
-1.964789868480912305e-01
-1.000000000000000000e+00
-6.005995503781554057e-02
-8.673888244539586234e-02
-5.674416913072286572e-01
-8.556666336268814455e-01
-4.558214906705866376e-01
-5.074075896386074369e-01
-2.513208404102811322e-01
5.383338770999803735e-01
-8.290864888844248215e-01
9.241528473888962480e-01
-4.647740573052882018e-01
4.305913940039244880e-01
-4.330426093436440804e-01
-3.175285672773175416e-01
8.948532340247432604e-01
5.370605672171866463e-01
-9.802820060534761515e-01
-2.226317399972801425e-01
9.821489792974800181e-01
-2.520337237459100987e-01
-4.858063328922999080e-01
-1.893779552411067602e-01
1.000000000000000000e+00
1.865860179209324343e-01
1.397328025906145743e-01
-7.555976016427579101e-01
4.463692853479264144e-01
-1.000000000000000000e+00
6.594477006797010432e-01
-4.028317770376951268e-01
1.759461386387226878e-01
-6.515786838461289365e-01
5.367725591907946958e-01
-3.586537638195379518e-01
1.052614528122399751e-01
8.657439786492729383e-02
-5.655084149926893344e-01
-7.411794018136750317e-01
-5.540762227065187950e-01
-9.561911782751213451e-01
1.507464913592181099e-02
2.495070809158778102e-01
1.000000000000000000e+00
2.924761768111820426e-01
-7.030934929669739875e-01
-3.889158787362570480e-01
9.066744503705104208e-01
-1.614247041341466682e-01
1.883681175374407601e-01
6.412526049015682128e-01
8.627274417194026324e-01
4.188612888624834163e-01
-5.006735642955878474e-01
1.000000000000000000e+00
-5.187211288934034936e-02
1.443351762072330735e-01
-3.248188766966639968e-02
-2.433300015258423044e-01
7.254204074497290211e-01
-7.480030356482871845e-01
-4.897135438743883129e-01
5.243897616158006425e-01
-4.236583730243267398e-01
-1.000000000000000000e+00
-1.000000000000000000e+00
-9.323075705864294349e-01
-1.000000000000000000e+00
-3.479823949786996495e-01
1.928881712419331096e-01
8.905232585934470535e-01
-8.880871791828603978e-01
-1.748985151228626966e-01
1.000000000000000000e+00
-8.786565106386894086e-02
-3.277786485129189908e-01
2.319366743743383474e-01
4.182080681785276255e-01
1.000000000000000000e+00
2.032688042110906146e-01
-3.834728508840995476e-01
-1.969380082165234358e-01
-7.687572845812330469e-01
4.634836944141066395e-01
-7.878563384632371047e-01
8.197481876202575846e-01
6.031243712549152480e-01
-7.205860070607028600e-01
8.249673359411410223e-01
-9.219037682125966748e-01
1.000000000000000000e+00
-3.496648708767797764e-01
7.243767414093871260e-01
9.700423366459618446e-01
-8.491310146786773538e-02
1.000000000000000000e+00
2.288827017138372888e-01
-2.127465986021352118e-01
1.000000000000000000e+00
-9.821640356208043432e-01
6.581832592676433169e-01
-8.790661465272380237e-01
-8.881583850756948895e-01
6.677384230581735469e-01
-1.167059508414038105e-01
1.000000000000000000e+00
-9.713818493992144587e-01
-8.683858322675580554e-01
-1.000000000000000000e+00
-5.272058201537747069e-01
-9.831362229792940388e-01
4.448591949621216179e-01
1.160688854738590875e-01
-1.000000000000000000e+00
9.624538269013679370e-01
4.561809052026950528e-01
-8.223569349790200711e-01
1.551136092837600011e-01
9.262769111274727907e-01
5.649123645474201094e-01
-2.814367246824114321e-01
5.034526661564016070e-01
1.000000000000000000e+00
9.606079741922997073e-01
9.897219085586241860e-01
3.128765618423821060e-01
-1.578374604071138276e-01
-1.236843973624037751e-01
-9.711211897800472448e-01
6.867719309035976716e-01
1.463170363954566788e-01
-2.817418430657882000e-01
-4.829412750230088758e-02
6.564327772663178240e-02
-5.286367410043587567e-01
-3.340548647123852688e-01
-5.695848211135532413e-01
8.254063141605916254e-01
3.747920974358459612e-01
3.922183302886627088e-01
9.607562731970979986e-01
3.378016275637805710e-01
5.694388307683273531e-02
3.103951205938484947e-02
-5.640409633862484284e-01
8.370388517180279431e-01
-1.000000000000000000e+00
-1.000000000000000000e+00
1.442645077952819932e-02
1.000000000000000000e+00
-1.000000000000000000e+00
-6.137092547771932916e-01
-1.638813254282655563e-01
3.354917493177069776e-01
-9.311656821543231599e-01
-2.811526541759674647e-01
-3.045611810181488854e-01
5.978218768601446520e-01
-4.259169623704400776e-02
-1.000000000000000000e+00
2.093649843413994405e-01
1.000000000000000000e+00
4.465480231811054801e-01
-8.491399856348058606e-01
3.752781629523165852e-01
-2.561604469799886874e-01
7.807096038954712824e-01
3.368465434068502184e-01
3.610132311947779615e-01
-6.604485655154102020e-01
-8.338140450824192973e-01
-4.478199661527502151e-01
5.636699295720593028e-01
-7.534995312231471676e-01
3.857301567323615510e-01
-5.904509648969052948e-01
-1.653672989751710509e-01
-9.950527324263579443e-01
-4.924794315398036137e-01
5.567123096304886776e-01
-8.425804544982802291e-01
-5.820141987688334240e-01
-7.835359824565341080e-01
1.000000000000000000e+00
5.836229161035674240e-01
2.629310101694360968e-01
-8.862287594861090190e-01
8.029832696050660523e-01
3.399601710961220324e-01
3.608854277212482087e-01
-7.688758443067132964e-01
-1.000000000000000000e+00
-8.604459667192747574e-01
-3.707387009190533655e-01
7.618549175987618938e-01
9.836756287641863494e-01
7.790976481752355243e-01
8.347907045799549675e-01
1.000000000000000000e+00
5.137552383664478750e-01
-3.693625568695387829e-01
-9.616297274512816129e-01
9.746534223180579604e-01
9.820290931841695048e-02
5.476505244308246256e-01
6.229105866656021728e-01
-5.509618793888250154e-01
4.769335000722516038e-02
-7.347066179437118649e-02
-6.908322028965653561e-02
-2.059512683669836031e-01
6.681271478615824488e-01
-1.598899002273692915e-01
6.516522900986754241e-01
3.226299813033554620e-01
4.680055581921909180e-01
6.501189398319432433e-01
9.448741862929993518e-02
-2.243148995052188233e-01
-1.000000000000000000e+00
-8.210743807268239269e-02
-3.253444504667946102e-02
-6.646955293174993118e-01
2.360925174423736395e-01
-6.259895837683562281e-01
1.398270049209238419e-01
6.345361905450005446e-01
4.648559782261312279e-01
7.200420899627307803e-01
-8.957709571840671847e-01
5.341515691838013558e-01
-1.028928053309618312e-01
-9.903738115987255064e-01
-3.130602786480858879e-01
9.897014116657257832e-01
1.415538461347218280e-02
5.959166322083810918e-01
-5.418218285250567812e-01
-4.787050202340484839e-01
-4.495420088408556003e-01
-7.578070950679780537e-01
6.951829016420832952e-01
3.457897765647052202e-01
-7.377605602230654647e-01
-3.356300231393414268e-01
-6.538589048271876703e-01
-7.141614417260798708e-01
3.793201419976680033e-01
-7.803152555493221287e-01
