-9.701634976900362917e-01
-2.024728758656751115e-01
-2.236395241735633921e-01
-3.795645065336374357e-01
-8.540792863274387914e-01
-4.627514022292401052e-01
-7.105562063713439791e-01
5.232579829177811392e-01
3.150173109049082543e-01
3.661200943957966247e-01
1.568566461724168470e-01
-3.142956549575748326e-01
9.884737038836753920e-01
1.661744776655800782e-01
-6.702502300768986565e-01
-3.144870946889071206e-01
1.368384813685211143e-01
1.226842398635296094e-01
-7.396510777543139348e-01
-1.270595449848833103e-01
-5.352157834598051389e-01
-5.500305142566105365e-01
-6.174485921070994587e-01
-7.285711850443653548e-01
3.808880913721854333e-01
5.281076693892977625e-01
-7.901158305399047510e-02
-8.010503996080937661e-01
2.052864847957629468e-01
6.874698714155925705e-01
4.333513991636095408e-01
6.185924258115257368e-01
1.730596954616235583e-01
2.142002373834764606e-01
-6.478587574069044619e-01
3.114487925941710200e-01
1.078644701488965657e-02
8.349414886728221408e-01
-2.920590314513867303e-01
1.035042915303334941e-02
6.287166588570114456e-01
8.052899254873743251e-01
6.604402081135061220e-01
4.967764042118797962e-01
8.968253725064853077e-01
2.749879505036999516e-01
-4.345651835620640280e-01
-1.000000000000000000e+00
-6.570519563212712244e-01
-2.251493592517097575e-01
1.000000000000000000e+00
-7.916174665116795239e-01
-5.800731104336319666e-01
-5.854760426465778211e-01
1.000000000000000000e+00
4.950543446804981929e-01
9.509477641044824514e-01
9.003916929980121386e-01
3.664639535829236072e-01
-7.483757801067111304e-01
-7.871810633592410955e-01
4.521382545746498449e-01
-3.327022344633282502e-01
7.441438189563517325e-01
7.638465856587228764e-02
2.368332799501387531e-01
-1.928690621319315013e-01
4.989589201875184732e-01
4.111742102574146296e-01
-2.367452434149044660e-01
-7.306517073276719287e-01
8.927229435243182465e-01
4.738326209358027508e-01
2.608276733249721979e-01
9.598496215854414038e-01
-1.134266728583347844e-01
9.589480478521206219e-01
6.748482320652128275e-01
-8.220546781394663105e-01
-1.291692572236633474e-01
7.788990304006843113e-03
-8.426361587463576663e-01
9.697905393825825282e-01
8.836215920949974656e-01
-6.543522328905122531e-01
8.006903245572198902e-01
-6.309978801127333337e-02
1.908510760454731336e-01
3.571481325589584421e-01
8.347545740446734586e-01
-2.965594393175017274e-01
-5.255263595744062988e-01
6.291097477348200906e-01
2.148003608057200142e-02
6.532865537132193090e-01
7.391893713680022238e-01
-6.068843644387751368e-01
-2.836341235629812330e-01
6.415396508545081478e-01
-1.998948905348553740e-01
7.515041943997887719e-01
7.357645804390169353e-01
7.477370542401321485e-01
9.544681037457265760e-03
-6.251441312862567046e-02
-4.807396223750499686e-01
-6.092770301215131301e-01
-3.841459614290930746e-01
1.065351071734090271e-01
-9.902227148645165178e-01
5.588352808108425496e-01
1.000000000000000000e+00
5.531072725642560695e-01
8.924138633147854494e-02
-7.424313092097744038e-01
-8.662155161693709804e-01
5.875612878637024306e-01
-6.146850348123010788e-01
9.582844660116428548e-01
-4.043331932557162611e-01
-4.267936721839431513e-01
9.151675558479887007e-01
4.096549702043102981e-01
5.056327661945279051e-01
5.998348951908389903e-01
8.303099361926804534e-01
7.280494118931869485e-01
-2.637535507995358297e-01
6.175660189914267129e-01
2.787011380552582573e-01
4.960610565741866984e-01
8.950691230902969586e-01
-8.094729031585413681e-01
3.332326964788226431e-01
8.945759860549784559e-01
-5.257918689391312128e-01
-9.274715546569137770e-01
-3.486900425709146267e-01
4.395577268883134603e-01
8.823549521998780287e-01
-2.499439922517580348e-01
-4.342633357453956622e-01
8.981466942617876148e-01
-3.495124175559100044e-01
-3.825958950411217918e-01
1.707733867366527658e-01
5.357292311695130982e-01
-5.717781403068147306e-01
-6.149338517684831418e-01
2.526951464980126127e-01
2.171581503125338819e-01
-1.214844195570340540e-01
-2.541205184348788171e-01
2.937121950469992471e-01
-5.252824645367412115e-01
-8.892458431814873610e-01
7.138225682568959396e-01
-8.518968776305844148e-01
-2.988109318461553143e-01
-6.835577095414639981e-01
1.000000000000000000e+00
-9.580721363238995369e-01
3.900761674351342911e-01
-9.842613617585879160e-01
1.051976619515368749e-01
-2.903677159474965519e-01
-5.676122009714994476e-01
3.499471547816876416e-01
8.536980824956411640e-01
5.819221069564806115e-01
-1.083399804515420561e-01
-4.225541325138623128e-01
8.367514464890339898e-01
-2.652255168312490641e-01
-4.680587754259579736e-01
-7.986615480472768480e-01
-1.051510983903449770e-01
-7.553421864132505714e-01
8.207747132788817401e-01
-1.000000000000000000e+00
-4.399983828364696370e-01
2.020884570972455996e-01
3.264220673781262905e-01
5.177093966309228579e-01
9.796566736762400973e-01
6.445734860545726530e-01
-4.334272099581077953e-01
3.414138187119855061e-01
5.340267939054882396e-01
9.993194173767463440e-01
1.291891096222089752e-01
-6.560754507278163672e-01
-6.450233557967210984e-02
3.648112294207648265e-01
6.432941027592523620e-01
-4.642108271271832565e-01
-7.454305708350555948e-01
-4.758401193108554583e-01
7.793331097494241577e-01
-1.704663727591557432e-01
2.664179026950154461e-02
8.297927441820822647e-01
4.060451688704055373e-01
-9.426369182925283807e-01
-9.080881059923602283e-01
-8.166729664927119270e-01
-9.064954669887960170e-01
-9.521480428926828998e-02
1.319544570436412823e-01
-3.635081006290337147e-01
5.275383022325412785e-01
-6.989641042417404915e-01
-2.323223807951163566e-01
1.407915935936150387e-01
-3.597398740655947114e-01
-8.262583972637683738e-01
-3.266261143671899680e-01
-8.488852780838921364e-01
7.646365000987125349e-01
3.427039170178099448e-01
-5.383487336983849847e-01
-4.692921596547674490e-01
1.016578077561278021e-01
3.473343548169407491e-01
-4.399013439422430616e-02
1.000000000000000000e+00
5.321658943387010121e-02
9.518265171291351301e-01
4.799404064342138732e-02
3.585832984999956508e-01
-8.623885481373758655e-01
-2.530564570630181032e-01
-1.457689177606896203e-01
2.729124060054371470e-01
-6.930412540385466613e-01
-5.211677055932673053e-01
-2.814385723695742580e-01
1.000000000000000000e+00
-2.006018980378723171e-01
8.230521526102634322e-01
9.893560433888697325e-01
-4.626955583211093126e-01
4.779112443674524702e-01
-7.832410730448273739e-01
-4.897347916487665431e-02
-1.483953298012516409e-01
2.558005123532097191e-01
3.089689346901606792e-01
4.357329053058144330e-01
8.496700906459845326e-01
-4.695651004136054962e-01
-3.005734253209872975e-01
3.964165721114460972e-01
7.135313922609330672e-02
-7.022559264730365847e-01
-2.275498072048956488e-01
-1.539846081652068155e-01
1.324839497956048218e-01
1.328731776566304534e-01
2.606444290035088707e-01
-8.750510371874814508e-01
-2.107217496531614276e-01
-4.647057639793141237e-01
1.000000000000000000e+00
-1.000000000000000000e+00
