6.071467793249132328e-01
5.155554331820610958e-01
3.569793482023445041e-01
-5.374463895578257544e-01
-2.606614212194982572e-01
1.407070269682284547e-01
7.076882073062438216e-01
-5.354002570986119425e-01
2.867698101955770684e-01
-9.431158417891352119e-01
3.093374678718443516e-01
-2.781887518414285498e-01
4.651189012183835070e-01
1.591486577252938517e-01
1.263341003396197537e-01
-4.227988401379551009e-02
3.245049519256628517e-02
-5.375623802110800487e-01
6.966502436707369128e-01
-8.456493624035957835e-01
6.263794648709419821e-01
1.419438342251020391e-01
-7.625769584302306558e-01
4.182898106024814933e-01
6.689347907171308005e-01
8.671299278222128759e-01
-1.173551059387689888e+00
-3.407497370534916525e-01
3.202470249442572192e-01
-3.669838886505456532e-01
-1.247440858111154294e-01
-3.647070820062335295e-01
-4.113720982703223950e-01
5.737942535005964295e-01
-3.120787694036711302e-01
8.834640591103182228e-01
6.084905400101539019e-01
8.414663354332575507e-01
6.068599335772852932e-01
2.009534855856824620e-01
7.431194016993447615e-01
3.382694092262714114e-01
-7.341949021232726524e-01
-8.796996780439554353e-01
1.308187044002757926e-01
4.155442387330759435e-01
5.025297752660976558e-01
1.450531918230923978e-02
3.996356233640495081e-01
1.861300663389482413e-01
8.413663092274463740e-01
1.993013219984469675e-01
5.130813559267484170e-01
2.892393335410023969e-01
-6.768857071296617844e-01
3.827860055011988449e-01
-4.070388450386094870e-01
-7.111427181299034839e-01
4.493164168537546743e-01
4.817963432945733815e-01
8.694710630307794785e-02
9.494018808481069494e-01
-2.492678442888800749e-01
-9.886393893043243786e-02
-7.087444897121146781e-01
-4.721317489425119196e-01
8.604018903063871404e-01
4.446113627935022183e-01
-9.654768809811824504e-01
-4.681988694100503445e-01
8.682451068261101135e-01
-1.791062485074768063e-04
-8.604091101772599615e-01
-8.955503563645851317e-01
-5.431098033653436463e-01
9.228073700771719512e-01
1.179662606979295925e-01
-8.273636121729553983e-01
5.411103758420721110e-01
-9.669375847675256708e-01
5.883473952315880773e-01
-8.305533376071916329e-01
2.503201351673876029e-01
2.343732833711836827e-01
-6.116558012456256854e-01
3.068083707957932615e-01
-3.072594198568221469e-01
-5.888877459198699205e-01
8.628650916632247814e-01
-7.846301353530096279e-01
7.326949571146552653e-01
1.987525865395772806e-01
-2.489803200210055634e-04
-3.655773468860538111e-01
9.299725030346133181e-01
1.021821395738399918e+00
1.881515660916246446e-01
8.449310559820009947e-02
7.855289463741090827e-01
-2.868407964454964265e-01
2.270151788816527905e-01
-2.117959136162221867e-01
8.177735426034846711e-01
6.316869839536571885e-01
-3.461613638106111335e-01
3.669473133619661209e-01
1.594999354104794931e-01
8.042527720273616731e-01
4.445670364419380682e-01
6.727228413884641656e-01
-2.992668279809205245e-01
-8.768093655401359987e-01
-6.300396574857842769e-01
-8.072274133420731523e-02
-5.529391730996950638e-02
-3.564321424711729969e-01
7.314493198966833809e-01
-6.736771994495813765e-01
-5.661012740362064699e-01
-6.197173256480399406e-01
8.222693500505600106e-01
5.539907192976984973e-01
3.983127658925147419e-01
3.117585684186421346e-01
4.005074357119231543e-02
-1.316885838607939618e-01
-5.053740974629261640e-01
-4.013901745877047067e-01
5.044015761529165864e-01
4.406793586416313246e-01
1.034262538846496993e+00
-8.660638431668112869e-01
-4.389265253455112425e-01
8.055392273565714634e-01
-1.017558866523482208e-01
-1.287641338312219830e-01
6.909348603062233085e-01
5.532011322156169530e-01
-4.025769643868127301e-01
7.165427974800213651e-01
-8.526554452705417120e-01
-7.490706482801712252e-01
8.033785375445170462e-01
-5.548667235831583611e-02
8.551816589899743359e-01
1.693945134506380512e-03
-3.695718519526793866e-01
2.984448510811711364e-01
1.528959347869485452e-01
-1.638056206241367829e-01
4.005366944478271352e-01
-5.608722964195115290e-01
4.501777159088882208e-01
9.489957071501402552e-01
-4.271885312984351479e-01
-6.346118275978616108e-01
-3.319315626407908226e-01
8.231886326286350641e-01
-3.786165931011609143e-01
-8.068174202760980407e-02
-5.759222517899815763e-01
8.658994033382072519e-01
-6.795648406571184186e-01
-4.452330293561621577e-01
-3.291692838834323065e-01
-9.137289963685524263e-01
5.031859182820758170e-01
-8.562025127938928115e-01
8.706763733799673943e-01
2.825124085732364509e-01
-7.661822551277662763e-01
7.715184116929534319e-01
-6.038575243799522152e-01
6.824494164911758531e-01
-1.123017725994009730e+00
7.291530493484151831e-01
-5.753415754137560789e-01
3.741860163594208366e-01
1.522497418510058709e-01
4.168642143650063692e-01
8.498142763283584866e-01
5.895247884671233063e-01
-8.008679121154482772e-01
6.290986446412607513e-01
1.606753007620900786e-01
4.250820490581845856e-01
4.597035784663376923e-01
7.824891754037368585e-01
9.625294022658370530e-01
-9.791360820505118356e-02
-6.470650143619913752e-01
-9.009973116803317028e-01
5.349965042176768604e-01
5.039896686993494690e-02
8.183308108652631585e-01
8.323734314350434982e-01
2.363562330563744318e-01
4.247919538496230385e-01
-5.580085819950174608e-01
-1.590848364294616957e-01
7.907411296881201590e-01
-9.626634289122392163e-01
3.977404862320375045e-01
5.125716432613114382e-01
3.281353529150942694e-01
8.777073863704999424e-01
-4.332624438510856990e-01
8.016705623541262593e-01
-8.427818854512885149e-01
-6.499960038138223872e-01
-6.188478338250366084e-01
-4.693400172009097593e-02
5.756562371895874719e-01
-8.688576123170839438e-02
-9.204805499051308404e-01
-4.588448366640099363e-01
1.262655153939134522e-01
-8.982459876885552363e-01
6.660781362506180692e-01
7.997770248381816938e-01
-9.390112944250577076e-01
-6.495708764200117669e-01
6.337135298851102050e-01
5.754819025403852262e-01
-8.673743704581535763e-01
-4.395019918857312469e-01
2.019261808365237498e-01
8.471998926565444954e-01
-2.120911431484748533e-01
1.961262545163484083e-01
2.545070530925064856e-01
7.778828024556185827e-01
-1.087796571639636500e-01
5.469400952071078459e-01
-3.304175851345937942e-01
-4.545096529307064426e-01
-4.869815702600686635e-01
5.356531548424956490e-01
1.826758521711827066e-01
-8.665685704945257362e-01
-2.362301900565813573e-01
7.917934402814590378e-01
-6.407036104603633930e-01
-4.787101264515402077e-01
7.942791158262425544e-01
5.248884746587130223e-01
-5.702892543273743176e-01
2.203076173212109579e-02
6.023650522282713027e-01
6.297865132890236861e-01
-2.830519443801038371e-02
-7.637595247996967762e-01
7.792545712506190325e-01
9.305186836379051307e-01
3.778230690976880357e-01
5.849973860085245780e-01
-2.593334415782480029e-01
-1.576399642661819867e-01
-5.257381928791113879e-01
-4.861229654203595985e-01
6.081966451036630028e-01
-3.845770337150157814e-01
-7.620859467779184104e-01
9.536357614192435272e-02
6.349134165999623658e-01
