-8.323922427106733579e-01
1.674789195544867937e-03
5.176065251539938572e-01
1.059086304567378178e-01
-1.296623410993065217e-01
-6.383166676981888443e-01
-8.418319189232377209e-01
9.104850423479704524e-02
9.984069341369250505e-01
-9.525614820637724467e-01
-5.061300864577218395e-01
-9.770095412204617968e-01
3.499894110239454292e-01
3.268093003461595147e-01
6.983948521862355374e-01
-1.261871822644304864e-01
5.453836760260151184e-01
-8.928023319428741722e-01
4.791425163955520539e-02
-5.361156654695117263e-01
9.434161270736789451e-01
-9.824991572139640805e-01
7.793815844637563828e-01
5.593542158465532044e-01
5.141256028567138259e-01
4.842311485694916762e-02
9.960478527146769956e-01
7.956098544646150739e-01
-6.171372388137941201e-01
4.823953723366452007e-01
6.610282723307085995e-01
-8.634397149380712566e-01
-2.316166509679653540e-01
-4.606460521645361350e-01
-6.835889585738155194e-01
4.959798781724349404e-01
-9.718818842370620104e-01
-1.605840641769245569e-01
8.653368001570473922e-01
3.444998628353137526e-01
-6.982796611890107474e-01
9.435469849247541951e-01
-5.855092273592430452e-01
-7.295964131068477521e-01
-9.916365098376076492e-01
-6.331250630317039607e-02
-3.911361493484053486e-01
8.575345608595394964e-01
1.450470238222958397e-01
-7.676413225066394119e-01
9.618882752609725362e-01
4.753901417621417824e-01
-1.730342973074669999e-01
7.129630700410067856e-01
-2.328850582560004767e-02
-1.696318083294621193e-01
1.190313159110554242e-01
2.006804417051921696e-01
-7.062923467692432400e-01
-3.348911410771426844e-02
8.308964969406446022e-01
-2.161498721900101394e-02
-4.876054696591661797e-01
1.779217753889235087e-01
-4.244279984690457752e-02
-9.593035024661125121e-01
7.464668407006405104e-01
-1.544107339037281701e-01
4.946127946365039829e-01
1.321080716636768848e-02
3.372178756076480433e-01
2.351101953230459174e-01
-9.423856991952805906e-01
6.593789309852640113e-01
-8.359614509397788051e-01
-8.955813358233286614e-01
-4.770775118766583667e-01
-1.475400517630502950e-01
-1.199501185524125546e-01
6.644939930568916076e-01
3.048261921348021097e-01
-7.811781635204657626e-01
-9.936552037318779895e-01
-2.413076742400084296e-01
-1.248968790088840208e-01
7.205036357962757432e-01
-8.978169716140442791e-01
8.506807380857668299e-01
-1.927600365591504161e-01
9.279488200938299514e-01
-7.261883595382037093e-01
-7.356715014439942912e-01
-3.442541038085729088e-01
-6.494805119896704948e-01
-1.372315415816335871e-01
-7.327855546331085712e-01
-3.086569084137269492e-01
-2.465456385142605900e-01
-8.412075603075908070e-02
-1.893930057325337035e-01
-9.371914786645392237e-01
2.633309859527256380e-01
-6.112403130341019786e-01
4.468559418354700608e-01
1.440375829859459333e-01
-8.821466863804775516e-01
-8.704100990756209466e-01
1.563068356088186395e-01
1.631789545031656352e-01
6.343749353969423410e-01
6.504048430484705712e-01
-6.660785487602849386e-02
-5.058159044684089611e-01
-5.498208774949751021e-01
-2.563867532852870390e-01
-1.343623441557251219e-01
2.675237836735739339e-01
-6.978354789395395663e-01
-7.052147807593309725e-01
8.242498962999795786e-01
7.659785707671007415e-03
9.864207071444074382e-01
2.393302099653074055e-01
-9.871790504892583584e-01
7.116251156916362230e-01
5.151792996838949062e-02
2.951571859244217499e-01
-3.231481961483686494e-01
-5.535415798808229759e-02
-5.353100788914250119e-01
5.079364267623267537e-01
-5.686278079488862325e-01
1.645370288472778331e-01
-5.178358631000976597e-01
6.096927866658514716e-01
6.353885775375727185e-01
-9.250936193910368477e-01
5.411078068804990870e-01
1.016624576746940622e-01
1.848032643089660976e-01
-1.171382475639106691e-01
4.608059217588189593e-01
7.277124877551159887e-01
6.714831031532679795e-01
-3.279464882159526251e-01
-6.799401452764437526e-01
3.837208902187672077e-01
3.585351846905152629e-01
-7.617091563264488663e-02
3.263930339765401811e-01
-3.021380649042191280e-01
-7.944395568928408480e-01
-5.774836113838186513e-01
-1.506658429701208668e-01
5.539697979094111435e-01
1.845150480818644745e-01
-7.042287187346978339e-01
5.330079962310805275e-01
-7.992161314590329191e-02
3.892644284918467257e-01
3.363445673631690891e-01
-4.004137197472832366e-01
-1.509147181798651260e-01
-1.015707866940669807e-01
-7.346312852746295086e-01
-6.762874923932165050e-01
1.002046502691430474e-01
-7.780314806966416308e-01
5.215530408026081144e-01
2.844462879547424716e-01
-3.879074186434849913e-01
1.772965453918794732e-01
1.978848978322322871e-01
4.161229527372545256e-02
2.791472488865086587e-01
-4.573964119294027242e-01
1.493906121875978876e-01
-9.791873154104977495e-01
-2.957581497311828067e-01
-8.010804099038528747e-01
-5.478910426949201717e-01
-7.423312270512390232e-02
9.676881345700998338e-01
-9.815154652331479213e-01
7.156668933868264304e-01
-9.843980643947545239e-01
-3.410052673104655430e-01
-2.878038649004962535e-01
-6.448133516293077516e-01
-9.988528286927385036e-01
1.554382941185152855e-01
2.811192275533698215e-01
-2.295959071692554865e-01
3.641383483547284694e-01
2.457358772882596853e-01
-7.288236543185950822e-01
1.219553953727321449e-01
-9.168190569283674041e-01
3.220926604547964534e-01
7.959490466500971362e-01
-9.087166647796209862e-01
3.315597256302369455e-01
-9.253422599613549959e-01
3.542852841478285608e-01
-7.455358627515120684e-01
-9.505648290162729275e-01
-2.048672247992475715e-01
1.273337688322349059e-01
1.115518338972821155e+00
7.498310280562467955e-01
-7.748666740319376522e-01
3.091638857694836151e-01
4.785648649823017742e-01
4.884128268069674039e-01
-8.500606375355412858e-01
3.833648877745565176e-01
5.950538694222338165e-01
-2.201665763095648209e-01
-6.985721919283867098e-01
1.142557866205298200e-01
-7.907537251005501977e-01
2.071831775134127529e-01
9.713657201345982095e-01
2.683790159681516130e-01
1.501001994589123978e-01
-6.830302178481884035e-02
9.180979006078864302e-01
-7.971079863348742300e-01
3.779565055229263670e-01
-7.366685019175212012e-02
-2.354100452662937215e-01
-8.148891815988739129e-01
-4.112681273467533316e-02
-8.207357900351122115e-01
5.807338820908954924e-01
-9.062854378166325109e-01
8.035270761758739333e-01
-2.334786568934598683e-01
7.877411033220010905e-01
-5.478440215123794310e-01
6.650613978192172482e-01
-8.306795186852837798e-01
2.768885920076380458e-02
6.729840065974634911e-01
7.812474896569951976e-01
1.459998419565564642e-01
-1.263664141646362038e-01
2.297478392137358438e-01
5.627777104548645770e-01
7.457050862882388387e-01
2.836692432420038212e-01
-3.445438955633177702e-01
2.878729894364551178e-02
-4.218363941152682983e-01
2.597014356570401805e-01
-1.136525928655511830e-01
-8.154562313073431268e-01
7.165869362476242621e-01
1.398813828229727996e-01
-4.980705746716862503e-01
2.212220679774819926e-02
-2.334234515796009823e-01
3.172437432049642902e-01
-4.596552692401554285e-01
5.140324104308636732e-01
