1.862569011524649598e-01
6.876348901315033624e-01
-8.092448434544671221e-01
8.531204112488948166e-01
6.557593213182916214e-01
-1.000000000000000000e+00
1.229915977919363024e-01
-2.097627773627326331e-01
4.422593796891534090e-01
-4.829142660392835573e-01
-2.579441114546457414e-01
9.014741245272608339e-01
-1.024760015998575913e-01
7.769719046329741641e-01
-3.114215276442990898e-01
1.122104983271212664e-01
-1.403394777391682169e-01
1.899240488209051891e-01
-2.389845050223229350e-01
4.818958104346567906e-01
1.000000000000000000e+00
-1.677330057698287191e-01
-2.176204872354166042e-01
-2.502299912226315648e-01
-6.575108360199168889e-01
7.008347678479691645e-01
-3.925248956809959111e-01
-5.542685520672716581e-01
3.266073170543719595e-01
-4.016272906064561887e-01
-2.260373471423286484e-01
-5.158114996209234304e-01
7.644772439399256658e-01
6.569959333576982363e-01
-9.745406448495226304e-01
9.928062511502153686e-01
-9.095627431971899934e-01
-1.406564069845717135e-01
7.534938624326705803e-01
-1.486056316382287079e-01
-6.460323011534161441e-01
2.944529973310228699e-01
-8.085686224364083685e-01
-4.038776918292227847e-01
-8.461721669404522750e-01
9.979465914060514642e-02
2.165796222683953332e-01
-4.473490745118082756e-01
-5.004636633612272734e-01
8.657669363947047003e-01
1.973031994746436979e-01
-5.993929740647696569e-01
-4.577300023715240584e-01
-6.712821755505760102e-01
4.562431451948494310e-01
8.168473734097170258e-02
-7.058318025705059284e-01
5.940623957168771341e-01
-9.244762685520790946e-02
4.651983645946838331e-01
-5.208107663094869721e-01
9.810584873812517870e-01
1.422247722793702485e-01
-7.848764530536733730e-01
5.188453789827056628e-01
9.142616844629074535e-01
-5.390326612517462035e-01
7.218397166534205045e-01
7.458739360739789770e-02
-9.498726191262603091e-01
6.649617588418808012e-01
-2.334995281512906029e-01
-3.391505011377813905e-01
8.726084476658617639e-01
-6.567099548637476136e-01
-7.776169130185024425e-01
-3.716823807143867509e-01
5.226414306918800712e-01
-6.928461544379624915e-01
4.257139117875746726e-01
5.968036220147843185e-01
7.552491372301461947e-01
-7.403381458566624662e-01
-2.127037790306534060e-01
-8.169377475231944796e-01
6.634467101297700786e-01
2.171859604323513881e-01
-9.555515737343804883e-01
3.902522954745898387e-01
6.310222393662632268e-01
-9.328648423776543519e-02
3.904427140652271255e-01
-2.757976194494194955e-01
4.110279071950184715e-01
-9.672464433498613179e-01
6.286871299236289623e-01
-2.202896631888122680e-01
1.867652988193853059e-01
9.322050500023123520e-01
-1.944127303090080194e-01
-9.893091272812850612e-01
-7.882922983054507782e-01
-4.419012906191976953e-01
7.517331289040309894e-01
-4.751719315105988883e-01
-5.950496551794797195e-01
-4.457394156592873191e-01
-5.785082713627728301e-01
6.780841789189697710e-01
-4.465991026848914469e-01
-9.281831053767586326e-02
-4.909151383332887586e-01
-5.999564312183653936e-01
-1.945958150669567233e-01
-8.320259519389316960e-01
5.175563492445148794e-01
-4.389020781563562901e-01
7.124318299611537980e-03
4.890353092753996211e-01
-4.910814405363232993e-01
-9.128434094056796511e-01
-1.310213279110561957e-01
5.253492232286701702e-01
4.236291029971761546e-01
-4.838579438968356738e-01
-7.651565962266231313e-01
-7.851136105067628712e-01
2.924460190731328346e-01
-5.917128886265112797e-01
-2.424075741514943871e-01
3.870214381113068480e-01
-1.904806199159573277e-01
4.726876322106819961e-01
-9.998284563858668150e-01
1.573896588292320042e-01
-1.000000000000000000e+00
5.281445439798105879e-01
-9.622844028338741751e-01
-9.270548868281691668e-01
4.625040298247824477e-01
6.494636895064422877e-01
1.000000000000000000e+00
-8.216772854653764391e-01
9.915424227671245649e-01
-4.256208768496103634e-01
-7.633709679358182676e-01
3.669785124679121324e-01
5.712072796140628128e-01
-7.392950003194979081e-01
2.244356158633625808e-01
-4.317233078577998318e-01
-4.179296912102186123e-01
-2.377466027197263077e-01
-4.939655163740454547e-01
3.260409449023035089e-01
-4.519558583632581339e-01
-4.079727421328671610e-01
-7.003623601442199309e-01
3.661176353792593430e-01
-3.627628828559743557e-01
-4.858840910178887640e-01
6.351252571604587560e-01
-8.510003622287118930e-01
4.275611358995492495e-01
-8.088564642882654088e-01
-5.664922863055853464e-01
8.692323338185417025e-01
-2.624745908391865612e-01
7.597178362580023769e-01
-4.686752715685024717e-01
4.961251611687635954e-01
1.140334770512688584e-01
7.790751140441504186e-01
3.489756531044989618e-01
8.935028007133298811e-01
3.543951533555838584e-01
-5.923240158443545678e-01
-3.907203808460368855e-02
-3.626910005744459764e-01
-2.457745616958327550e-01
-8.339613401944032667e-01
2.177484205300003750e-01
-1.800169195781315956e-01
-8.558312992081720250e-01
-8.687247653142700088e-01
-1.508730207375541532e-01
-3.447319570000890732e-01
-1.575534493660060709e-01
1.998777929860007796e-01
-2.664759549088459578e-01
6.602268195763816294e-03
-1.890944966282364081e-01
-6.536771835803323327e-02
5.783299250794520230e-01
5.659298100966441147e-01
2.162293542588002160e-02
6.235849921301570564e-01
-1.000000000000000000e+00
-9.925230997590991366e-01
-5.207179730372986093e-01
-1.259072708752586589e-01
-6.876956875725506180e-01
-3.700600874733823709e-01
2.988642983742859638e-01
5.133817234156166087e-01
5.914181034656769143e-01
-2.724549369325728332e-01
5.729355549507577638e-01
3.617551317311702430e-01
9.082277522563590999e-01
-2.308946475298587764e-01
1.878976047097811186e-01
-3.749706407827879673e-02
8.937739016164492067e-01
5.649822991614306122e-01
8.854631033145765606e-01
9.577028403967791093e-02
-1.445018067070183154e-01
-4.195020554680460312e-01
3.665965707359652992e-01
-8.382558027933236788e-01
-2.346353716520508392e-01
-6.332603103548715140e-01
-3.766716285729405644e-01
5.551993831658318390e-01
8.148551815358964223e-01
-8.903703984885094069e-01
-7.226527055055271820e-01
1.604167600944170768e-01
1.152623274031605027e-01
-4.340405641777906887e-01
5.177470846196603471e-01
4.320734759253461732e-01
4.347976657256525934e-01
9.131918868115148635e-01
4.062720762169564903e-01
-1.208897056501725409e-01
-2.333060524212564601e-01
5.115503887937519201e-01
-7.718057467933493454e-01
5.331287584008020941e-01
5.559705162177189797e-01
-6.151636705433209951e-01
3.118762622469064549e-01
7.659253400322054706e-01
-5.812614151626478431e-01
-6.630299016715813787e-01
4.295514825676735593e-01
-6.566651869244612971e-01
2.986627720049223056e-01
6.999207153220843303e-02
-9.895662122110909786e-02
-1.229657883858854550e-01
-5.235666028392340632e-01
7.096283709079240776e-01
-8.203656408290903590e-01
-5.358344569280982794e-01
-9.928350793397577867e-01
-6.897898602279578517e-01
8.514923662082477529e-01
7.994582860355897713e-01
-7.970951396961732938e-01
-2.172152976555268844e-01
1.969382979388296651e-01
2.705015744011161072e-01
