-9.551210905038525212e-01
9.995858844320971714e-01
-9.781549670770143257e-01
1.000000000000000000e+00
-9.133699984655636595e-01
-1.610015715769909650e-01
-4.613850400997644985e-01
3.559594790829132549e-01
-3.981230335341046644e-01
-8.538881577264714196e-01
-1.151793479559413969e-02
9.950181962406685621e-01
-3.026600705008367781e-02
3.201623141576257492e-01
9.260472135975099661e-01
-2.975187092638751918e-01
-1.000000000000000000e+00
1.360525066661596311e-02
-1.000000000000000000e+00
7.961562236836969841e-01
8.211605804140942322e-01
8.385678664621728506e-01
-8.137298114836657437e-01
8.161607872150082876e-01
-2.537375644855531520e-02
8.836291075036565301e-01
-1.000000000000000000e+00
8.171703004630860578e-02
-3.366995331025932625e-01
8.308457168315529495e-01
-2.876929277919390571e-01
8.571230349911909130e-01
-8.725916602175542991e-02
6.763273502599864706e-01
-5.618001388396692830e-01
4.916975675127716050e-02
3.146558747870265016e-01
-5.123160626517448968e-01
7.405303589064222702e-01
-5.108480480534912660e-01
2.860477873296863871e-01
2.811767159110506453e-01
2.903706215772668964e-01
3.738890015292993807e-01
-1.000000000000000000e+00
6.473897249464702353e-02
-4.554104628745564987e-01
-3.556537295386269504e-01
-1.697379296235335122e-01
3.094198235780771244e-01
8.244935216942147482e-01
-1.000000000000000000e+00
-1.153950252391964248e-01
9.985823606695054533e-01
9.986123480253991103e-01
-3.711518527412371871e-01
-9.925401526769903615e-01
-8.376353783643015749e-01
9.611572498765035277e-01
7.114227788084442894e-01
8.121556243320235957e-01
1.757753542583188888e-01
-2.491200756234450697e-01
3.343866909772108542e-01
9.940919285196190280e-01
-3.350949899710914393e-01
7.146242088489441757e-01
-8.246671311348755529e-01
8.632581685762512613e-01
-4.574018436707159019e-01
-2.393687598762472835e-01
-6.003222714344393085e-02
-5.463195198169215061e-01
2.548990369706960468e-01
-7.089898238839901223e-01
2.778517544500883063e-02
1.000000000000000000e+00
-5.462195407050047802e-01
6.779223413885608895e-01
-1.044290043203477403e-02
-2.100809460155223518e-01
-9.573030004784391922e-01
5.467245924454390282e-01
9.284023784744527275e-01
-8.172750445573301326e-01
-5.174743437899183007e-01
5.576333254740035716e-01
1.796307752914929334e-01
5.498446409882116193e-01
-7.764433686378818811e-01
3.266973843863383298e-01
1.052472563934542804e-01
-1.269732505715436555e-01
-9.960364656815072770e-01
-3.870473753668879913e-01
9.986222916302626151e-01
1.467598265273574801e-02
9.513863413992981188e-01
5.142623877718336400e-01
2.419316800051710126e-01
6.053140115868117510e-01
-9.062566430328941047e-01
6.058551650928469812e-01
3.207848356831314307e-01
3.792982893696394964e-01
-3.403037963139939892e-01
-5.291687332581107572e-01
-4.416217639022372854e-01
3.256900333017602733e-01
5.857434237809155952e-01
3.881755078663329805e-01
-2.902464828917736828e-01
5.226820141608963244e-01
5.352095257370874659e-01
-5.866351379123219134e-01
3.798907455850577541e-01
-7.024102644340899371e-01
2.857945049464452048e-01
3.374140220196751305e-01
-2.962002332657753811e-01
4.086724298082250462e-02
-5.696725409353479153e-01
4.076609005713608957e-01
-9.485760160121573525e-01
8.610156159720175895e-01
8.224481970571043687e-01
1.000000000000000000e+00
9.179612853745100498e-01
6.540255590363064364e-02
9.299558716386799873e-01
-5.868491052002569042e-01
3.013863976409256740e-01
-9.400760635771110429e-03
9.559467416115433047e-02
4.724462902802039066e-01
-4.396854094027907167e-01
-6.104152960356715729e-01
-5.000991612577334600e-01
-9.689790058213273438e-01
-5.606825006076207041e-01
-6.716251853972773356e-01
9.751739196174276092e-01
-8.199607103171717704e-01
1.925186109183897876e-01
3.806682419008299290e-01
-2.442881949750126958e-01
7.920588007796778296e-01
2.264483806498187313e-01
-7.992911679463435837e-01
1.000000000000000000e+00
7.659221708389689631e-01
9.440948919064463540e-01
6.533542491316208789e-01
9.408257890444072791e-01
3.663192026868300477e-01
-3.201125824555829391e-01
9.177380709331213193e-01
-1.406489641058654150e-01
-7.659641128651903941e-01
-9.579897010503577448e-01
-4.160912460257864542e-01
-9.875495726001273233e-01
-4.080363052578533378e-01
2.253860330180454674e-01
-7.902867208241758368e-01
3.420131510622607673e-01
-4.230463698432448960e-01
-9.956001635809189620e-01
-1.001462014787262156e-01
-3.496237359112933651e-01
-6.286113002570536956e-02
-3.881743870886535802e-02
-4.330333214345977177e-01
9.024549190830519763e-01
-2.943091648712687913e-01
1.339677110745852162e-01
9.719485632563630295e-01
-3.497399089255601723e-01
-6.296961698775083160e-01
-9.985034065027754702e-01
5.505014768008398285e-02
-5.293940813469906470e-02
-3.464432859146127086e-01
8.793193954631058906e-01
-1.584829493871761641e-02
3.794752107004325387e-02
2.487006519430749463e-01
-9.751512150813540503e-01
-2.060420266330086903e-01
-4.623126703407764437e-01
-1.746879257593442758e-01
1.000000000000000000e+00
-2.773664986767021556e-02
-4.096189760215731557e-01
-8.598909242408071529e-01
9.483618436910467020e-01
9.205122210320977327e-01
9.423517245765820061e-01
2.369483257402040799e-01
1.919918820306994178e-01
9.971825693215624620e-01
6.425312282499459071e-01
5.651823442716573664e-01
-5.350911129179775072e-01
7.614283769032738347e-02
3.306905715481127661e-01
-6.185450999081143486e-01
-3.269168219881158355e-01
-9.282293016830707455e-02
6.881681052397735643e-01
-9.674568433217591856e-01
-8.078731808517236601e-02
2.668999248832339966e-01
4.917400093288890051e-01
-8.992064876916195937e-01
-7.121362781991005253e-01
-6.133852222990340275e-01
9.448227759936029813e-01
2.631893991355780948e-01
8.580945153094999833e-01
-8.394839382529534211e-01
-1.817026594098162251e-01
8.515970135245900519e-01
-1.000000000000000000e+00
7.318202151994086524e-01
-6.460621562577923971e-01
3.114197263279506744e-01
2.254673568198790612e-01
4.504310839422532298e-01
-1.514100721339248501e-01
-7.333474746864956373e-01
-9.907652595187719236e-01
-9.968682211056992815e-01
8.674283985233868233e-01
-2.450837318664625952e-01
-7.349809937965676720e-01
-4.459080379669921324e-01
2.377242614521444253e-01
9.886260044234913558e-01
-7.488166735378368744e-01
-5.488091399667599513e-01
-8.340804432571466975e-01
-7.421890221141848043e-01
6.410531350083373825e-01
-4.856837194356753429e-01
-7.157102517781358531e-01
-7.664862684535885817e-01
9.828763244866773885e-01
-2.730088622390291486e-01
2.191835698905433283e-01
-8.608050740096948594e-01
9.971673487613209597e-01
9.970857618436497205e-01
-6.759473890046291400e-01
-4.821333639222820100e-01
3.081307240210858223e-01
2.538207606169359809e-02
8.581381631780050645e-01
-4.743882820074304396e-01
9.023768950326161997e-01
-5.096456859739898482e-01
-1.805645059950639619e-01
2.837613617155192447e-01
8.874070150647445088e-01
-8.855807738602532453e-01
