-8.405832142337840152e-01
5.977314739720586134e-01
-7.548349917154295596e-02
-7.293467085832332220e-02
-5.024654130526867712e-01
-3.825330561229411952e-01
-7.592150269116574313e-01
6.323382778116536374e-01
4.097242575845218004e-01
8.270732922848993418e-01
3.307569984643545236e-01
1.896131717035618724e-01
-2.967387205661177751e-01
-1.475315922438019678e-04
-4.913649617514295048e-02
9.656562704940911956e-01
1.496453475490864271e-01
5.925897141209859331e-01
-6.327638842945035869e-01
4.999118390785608490e-01
-8.072592189398284379e-01
-2.845961054424823167e-01
9.905934735206796404e-02
6.988966703725223439e-01
3.339905337802948071e-02
-6.303222198073300531e-01
1.449126906571967799e-01
4.697373776265468259e-01
4.493355210165718705e-01
9.623147336092530146e-01
6.619687008845230869e-01
3.013764674940213606e-01
-3.361593052297218720e-01
3.884721404339819273e-02
7.753389410214692745e-01
-9.624655207384610334e-01
2.618618391131697365e-01
6.510597349819231550e-01
-8.081172829036989969e-01
-7.955799420282103629e-01
1.336122500786822709e-01
2.957955390045060029e-01
-5.263237558455334808e-01
-5.629106652814261924e-01
-6.637324661493807509e-01
-7.613095877274167478e-01
6.443468251514409273e-01
2.108187778638079268e-01
-5.470756369633540395e-01
-9.371013637631749882e-01
-3.365980662096307308e-01
-8.476832928434079317e-01
2.230178481429858639e-01
-2.028269917846199366e-01
5.518706713750607395e-01
6.124858087570531628e-01
-4.434411903143842815e-01
-9.408856397152376427e-01
-7.727605938393022900e-02
-6.958186718922906300e-01
4.251216301918308571e-01
-3.122694009664764292e-01
5.013221849722960810e-01
8.127478057694866032e-02
9.286380432890414260e-01
-9.036444470632579717e-01
6.596308684039717818e-01
8.980008708607467582e-02
2.104403798132506997e-01
4.476710417979585244e-01
-3.728905849319653631e-01
4.756980314752916050e-01
-3.185747942224754770e-01
-5.494471329467913723e-01
6.346812955365940256e-01
-4.227114247620316068e-01
-8.158270780403802380e-01
-4.857482534740394375e-01
-4.468901235022370577e-01
8.007190963433566955e-01
-1.276317145493667815e-01
6.598416430100333407e-01
4.568256041706491022e-01
-9.091798001090558579e-01
-9.455265734349157514e-01
-8.634329216398916040e-01
-3.749227450878540591e-01
2.094178947784496869e-01
-7.671010058277977217e-01
-6.766350965763457959e-01
-5.317710675496336581e-01
-5.832790442240363138e-01
8.033736048207927860e-01
1.000000000000000000e+00
-1.637887037994056327e-01
9.916609273131099522e-01
-9.587843693840905068e-01
-1.227721044185161731e-01
3.207109342116409856e-02
6.003755440516859165e-01
-2.327604164218184668e-01
-4.292896579497610388e-01
7.994155638724891322e-01
1.053094918826348592e-02
9.958745579587470476e-02
-9.242210991645196660e-01
7.007252975961072439e-01
-8.548856791456267423e-01
-9.765534810018818845e-01
4.970863765118053307e-02
3.456621889756151811e-01
-5.630902888681420526e-01
-7.921388985812621852e-02
6.313485731764904019e-01
6.323512413829518453e-01
2.648723816900045991e-01
4.569497835342294922e-01
9.927137768419119768e-01
-2.583103266270432852e-01
-4.155787946875247885e-01
-9.581975149959478522e-01
-6.059210207629256439e-01
-8.905332145571422942e-01
-4.060456818391310341e-01
3.107940269820159140e-01
-3.282871538077372087e-01
-8.697807748802115491e-01
-9.298635310307451496e-01
-7.542560332585334093e-01
-6.327439651696890044e-01
5.981929678837278885e-01
8.694344010143363610e-02
-1.375646318727972717e-01
6.017934410816513369e-01
-1.868799687065012538e-01
-4.338867614505164116e-01
1.115963553527860030e-02
-5.550547135291722389e-02
-4.243203345874310695e-01
-2.428090384576316874e-01
1.633622512408022462e-02
-1.000000000000000000e+00
3.879823158184574072e-02
5.507273597467685633e-01
1.923594116867487491e-01
9.060564014959993084e-01
-9.040645806999962897e-01
-7.860270025589248810e-01
-5.976366258315535251e-01
8.488655858905369556e-02
-1.011288713975455611e-01
8.528561028185367432e-01
-2.762034596231656147e-01
2.274381802099977867e-01
7.122264850382657997e-01
-9.557475972007117848e-01
-6.644545734349802668e-01
4.294864645732608399e-01
3.545803263237802261e-01
7.044543651062461498e-01
2.232159795631917243e-01
-4.931965792517918890e-01
7.692212413203198818e-01
7.221371065748471985e-01
-4.975997118952608655e-01
7.579824654680344942e-01
-5.615233817551535944e-01
-9.489130295867257425e-01
-1.000000000000000000e+00
-1.170215264579383962e-01
2.021896609165771963e-01
-8.748833016621411218e-01
3.797506792928447700e-02
6.792446474132154410e-01
4.618159549177998091e-01
-3.013092226372826588e-02
6.387553696555895444e-01
-7.396368266624734344e-01
1.028786236377592089e-02
-1.180021472170111885e-01
-1.000000000000000000e+00
7.907787830310138988e-01
-7.145092534340314883e-01
-9.957003525885479434e-01
-7.281549269379022915e-01
-1.122700090540182036e-04
-3.916722799782640374e-01
-1.000000000000000000e+00
-7.559888310713878123e-01
-2.472695107649308943e-01
2.929078444511748480e-01
6.056967846632822505e-01
5.928723585002321217e-01
-3.987072611785325016e-01
-2.828721410575360529e-02
7.977151990905102519e-01
-7.942522371141514936e-01
-5.820527861079740628e-01
7.207856697899620579e-01
3.375032079579561861e-01
-1.845977115609046676e-02
-4.210840418344463654e-01
-9.496718489432711685e-01
1.676368454305414701e-01
-2.945440832417175470e-01
6.573983484797487620e-01
-1.000000000000000000e+00
1.071281140300204271e-01
5.101321830106002597e-01
-7.585142145115558732e-02
7.500123097524711291e-01
8.245913604353469761e-01
-1.331798200276681499e-01
-1.927395666677358399e-01
-8.358319374409699520e-01
7.246006775432697333e-01
-5.453896762653298591e-01
5.430983647528367930e-01
-8.717005192728943808e-01
-8.685562809450156907e-01
-7.773418010052570715e-01
-5.296373410790257141e-01
-3.960136986162945960e-02
7.928075592643645253e-01
-1.146217709419913716e-01
-3.043404692593696878e-02
-4.774597398943290771e-02
8.623100535495270558e-01
-8.554058090615099808e-01
4.161216143911762311e-01
-1.000000000000000000e+00
1.619845669329905702e-02
-2.873263986929067704e-01
6.761915819984911646e-01
-2.479341046595997800e-01
-2.525764560167591544e-01
-6.454319519933404692e-01
3.813077793199792093e-02
1.299189875723371634e-01
2.382205155455488499e-01
-9.823632058988555071e-01
-5.634019464231229124e-01
-7.742718107889939860e-01
-2.877384390923415913e-01
1.806252497605354279e-01
-5.294286368862283210e-01
-7.278240430278888340e-01
2.990246597125927330e-01
1.035340598897637188e-01
1.672845228606079926e-01
7.480785377923665491e-01
-3.156808348804564512e-01
2.353002332878831038e-01
-2.347940608772485782e-01
-7.320389268943631178e-01
3.586018264912298470e-01
-2.553446875741972044e-01
-1.031154127076455707e-01
5.445825509896577987e-01
8.170242451929855543e-01
-1.000000000000000000e+00
4.293708929799481266e-01
-4.825950080066622738e-01
2.174513813848221178e-01
4.937398267327465229e-01
