-1.939359370845512021e-01
-8.016979079823642884e-01
7.154748081209008070e-01
-6.817355628220780339e-01
4.571830551299187473e-01
-1.038811440736577968e-01
-8.470881510618326615e-01
-1.466525280801602438e-01
6.167725053152726122e-01
-1.906810422476071520e-01
-9.630082091618031859e-01
-5.811164278306389930e-01
9.549842795940571838e-01
5.325135685335495861e-01
6.824528112467413976e-01
-2.529319308462061322e-01
-4.042456732818112131e-01
-4.798803696191326629e-01
-3.784889824198460762e-01
4.542667697071326449e-01
8.231577881124992890e-01
6.945038747271827795e-01
-1.506849815973897999e-01
-8.878711135033789947e-01
7.344766694931469386e-01
-1.504898627435273806e-01
7.920507611117826308e-01
6.477858620677874324e-01
-7.415017862170544261e-01
-2.744187248695733605e-01
2.652446158970980239e-01
9.890954543538790777e-02
1.000000000000000000e+00
-7.171341729007574273e-03
5.051588100693060746e-01
2.825391622251989254e-01
-7.151309015110925982e-01
7.386630288851234738e-01
5.671685893326999794e-01
1.287800938153680352e-01
-1.437092890974549508e-01
-1.825302888898998610e-01
-3.250678879859662529e-01
-6.357224062251143337e-02
-6.827782640688957461e-01
-3.114513596779568960e-01
4.834483346786953573e-01
8.206946411907880545e-01
-8.551238993834848756e-01
-6.628769366082795100e-01
-4.587943039159214087e-01
-7.913381235656927748e-01
-2.242490067492627359e-01
3.799401318801933769e-01
-6.493167738379084231e-01
-8.477479520063790908e-01
3.191572781215928911e-03
-5.140130695934383986e-01
-1.619148673010291084e-01
-3.277915553527654957e-02
-7.422867941327736530e-01
6.105777312938427404e-01
8.173791534727115060e-01
-2.997437405208525085e-01
5.369070285610643145e-01
-6.687113169301704962e-01
-4.974587628388570937e-01
-3.801135431975172785e-01
-2.811292810120000762e-01
-5.453423883740681211e-01
-5.393444973468457526e-01
3.731205830662800427e-01
8.278206626058719486e-01
5.160515680595613164e-01
8.586837012375081457e-01
7.746676401706684700e-01
-6.611994551408749698e-01
1.910964518500020692e-01
-5.876040388357741673e-01
-4.757944483757453047e-01
5.637712227551328059e-01
-6.409074260886808982e-01
8.122200001789007251e-01
-4.818196577597591013e-01
5.961905278650619922e-01
2.856226059518638394e-01
-7.827282184175277102e-01
4.313862354596203486e-01
-2.785426068199399197e-01
2.162312951877254363e-01
2.106266318646091984e-01
-2.601552108878737446e-01
4.133227935420111798e-01
-4.642916919772859252e-01
-2.792976656104850797e-01
7.783934263075930060e-01
-2.937666808887484660e-01
-6.577819130385569313e-01
-1.762656016400049319e-01
-4.467394048077373281e-01
1.000000000000000000e+00
2.340391066120454111e-01
-6.864859742110895890e-01
-1.985237891209457872e-01
1.784967479613055463e-01
3.226688470115844920e-01
1.000000000000000000e+00
-9.741385426357695998e-01
-9.448919761069959344e-01
-9.289658198089861818e-01
8.272169808217196829e-01
4.548843203094928844e-01
-6.593163463398643565e-01
-6.495690693612461430e-01
8.727915934128810393e-01
2.501488084046613602e-01
6.703449666083796110e-01
-3.457545508022570879e-01
-4.253507823328848692e-01
-4.157233961081232554e-01
-7.257572023437424136e-01
-3.378782405337072969e-01
1.049958876189228812e-01
-2.382622213396919375e-01
-1.855248580501668576e-01
-1.363578176320157098e-01
-5.575739321937452919e-01
-8.101381560735501086e-01
6.312334763079163746e-01
4.416208480784737933e-01
-3.857959885058270810e-01
1.221437102266374197e-01
-7.689477103807855762e-01
2.128085813726008357e-01
1.472327184760801599e-01
-3.957566497174220821e-01
-5.800643268723560952e-01
-8.411044461331542710e-01
-4.630101887192616950e-01
7.291543268810302125e-01
3.834692266865373789e-01
8.813634344677155896e-01
8.414111168757716364e-01
-9.220559729513907454e-01
1.799264621646751994e-01
1.796669366739348517e-01
-8.639806232165202493e-01
-4.200961755859660141e-01
3.720124938547212379e-01
3.683378147068389619e-01
-3.663399241688863328e-01
-2.896837445627531982e-01
2.197576382843577925e-01
1.950812760625614817e-01
6.286308343550681688e-01
8.243713577737940001e-01
4.141189670857601812e-01
-4.141744315906318308e-01
-7.214430564621577835e-01
1.253732175825059691e-01
9.673017445290845728e-01
-1.394526964812918823e-01
8.271763343385015732e-01
2.621020605130376657e-02
5.919092104705337976e-01
2.051427778750878339e-01
4.865906476991150864e-01
-5.673413197664188834e-01
4.847940845057975290e-01
-3.664032048344239012e-01
6.038795678774475650e-01
-7.347302344926105733e-02
-4.616316154293698126e-02
-4.688127056020109373e-01
7.671739024059491818e-01
3.916787683320235303e-01
3.528219004268470238e-01
-4.115300836131821072e-01
7.963413020004629361e-01
5.550691907862795316e-03
6.811147356804523323e-01
5.023711377772336339e-01
-6.321264760179650111e-01
-2.120227391296222452e-01
-5.340122794551875884e-01
4.644489609113169326e-01
1.498793887295296334e-01
-4.944258502410163181e-01
-9.299078197730978879e-01
-7.739132109488144895e-01
8.717516900348720732e-01
-5.343119596445372599e-01
-4.278306930247478546e-01
1.096412892579240045e-01
3.796043081639494110e-01
-2.579590706067428907e-01
-4.662238872470550466e-01
-2.279344709471417263e-01
7.103615782846756099e-01
5.693762989493225124e-01
5.065083014861333499e-01
-5.915787803777246001e-01
-6.009967728429636002e-01
4.981919374628313024e-01
-8.263661323908046974e-01
-6.764979556344051792e-01
8.918432693015601598e-02
4.854407158529829847e-01
4.870781478732040259e-01
-1.521020377893640974e-01
-4.388328984793593568e-02
-1.612679111036405960e-02
-8.012682061651438259e-01
2.836507762360441776e-01
-3.247807450024148279e-01
6.254101372781545320e-02
1.807209711597734803e-02
-5.133884690414617369e-01
4.742954307105988199e-01
1.034556905049641984e-01
4.257612404432240538e-01
4.515801692369335041e-01
8.228934962094304195e-01
-3.209312867052676044e-01
-4.073289499094678856e-01
-1.737484630083017678e-01
7.273033733324448802e-01
9.537588544860881035e-01
5.655541542903950170e-01
-6.889622331661846566e-01
5.498868631309192789e-01
1.000000000000000000e+00
9.199640766397695346e-01
7.260493027118954945e-01
-8.942504535162294488e-01
-2.344664506204666155e-02
1.847962998892425102e-01
2.653003198805425900e-01
5.565593306673504159e-01
9.646227636467680222e-02
-4.369120290233031723e-01
-1.607550779662711982e-01
9.990642741364466062e-01
4.208669833027562923e-01
-5.622354466077517099e-01
-8.892710302111285214e-01
-9.558215399963967407e-01
7.223653657498413372e-01
7.758695699974003102e-01
9.765079195426328296e-01
-9.153886428697424194e-01
-6.788080088969097314e-01
3.183611466795233103e-01
-9.620546473666014009e-02
5.664632102601334651e-01
8.453321160856213101e-01
-3.094188740003380733e-01
-1.856297715972728413e-01
-2.063364942951405878e-01
9.916430843712594756e-01
9.933355415391893484e-01
1.124720645037175920e-01
7.064815660538936726e-02
1.763470660813666324e-01
1.993520084442235163e-01
