2.332138867796568482e-01
-1.563932577803469337e-01
-2.970914922410591297e-01
-4.953868669329329899e-01
2.834858870837281830e-01
1.720616028416211696e-01
-1.488201944318672532e-01
-1.998566422168100154e-01
-2.177635754858568695e-01
2.072936185263892783e-01
-2.228075168783089643e-01
-6.233518897808026926e-01
1.111839234430445078e-01
4.138270120535780805e-01
2.118213714573430606e-01
2.085092012783325011e-01
-5.669933800288462500e-01
1.509287662869759905e-01
3.553018945366074322e-01
1.739786958600125430e-02
-1.491280725465093382e-01
1.527520385057964947e-01
-2.506655371171150337e-01
1.242463462310336442e-01
-9.531230597731957591e-03
4.973507999373188992e-01
1.856199980541592687e-01
-4.907734514670299836e-02
7.579872375185062183e-02
-4.129811448391700057e-02
-3.639606701602206007e-01
-7.909005766632758172e-02
1.898460738373249357e-01
-1.729259570790157019e-01
-2.202526333601749764e-01
-4.433868275990433122e-02
-2.736923497307462358e-02
-3.523220952870924072e-01
7.211694002561612749e-01
-2.174991390973274666e-02
-1.778204621003592889e-01
-1.027588444387294853e-01
3.017412356086446867e-01
1.263255027355653926e-01
-7.226200429236686595e-01
-2.971535649292959547e-01
-3.893441359952949932e-01
-3.555680343715992286e-01
3.568257371637330588e-01
-6.431386724870465088e-02
5.289072507531573653e-01
5.383372995064978905e-01
8.135139133468854977e-02
3.186980237566832685e-01
4.180957395000881593e-01
-2.367185955479672588e-01
1.624440827914877261e-01
-1.532781961047063324e-01
3.951490613009014385e-01
-3.155530429174552842e-01
-2.513856251365176320e-01
-1.212767654181229893e-01
-2.250075528849995177e-01
5.867610865816527514e-04
-4.554654697522693696e-01
-2.251226280818151015e-01
6.229788884662202930e-01
-1.538090164239444557e-01
-3.902160032036365855e-01
-4.447851880378113354e-02
-1.070255136329130267e-02
2.320113522219543201e-01
6.304341894095638610e-01
-4.981681111276999863e-01
2.075244508076469485e-02
-2.504315116807203645e-01
-1.024100310536446568e-01
-3.282182494531161732e-01
1.985791842515192973e-01
-1.845607668762241915e-02
-1.595929791674580156e-01
-1.910090940153406636e-01
3.904016689637475057e-01
-1.570723074137431730e-01
-2.637011902019280596e-01
1.262872164629082194e-01
3.353514602730563454e-01
-3.234134205936927131e-01
-1.546723055981238104e-01
-3.884775330877128230e-01
7.228317755160281743e-01
-3.069520142132236007e-01
4.850184968181638911e-01
7.106716220546687168e-01
-3.514543792228174701e-01
4.884763496302389485e-01
2.875801486515509597e-01
2.191680495262230965e-01
-2.271658984336623888e-01
-1.830939617039274991e-01
-1.651131435698311167e-01
9.368868561709908435e-03
4.944340956342212212e-02
4.680748911962148706e-02
-2.100804137435181573e-01
1.296656957021996917e-02
-8.246223117275294778e-02
1.456593518662893938e-01
-1.546080612264212062e-01
-2.951163136775638018e-01
3.271400897059033031e-01
3.211944588946609724e-01
-7.302746927547275335e-02
-4.506127828976896899e-01
4.983292905574231990e-01
7.705419657121799493e-02
-3.627789526353192295e-01
9.104399129830689774e-02
4.519314716020561562e-02
-2.438202663794948599e-01
-4.337161248357213617e-01
-1.826063511557043662e-01
-2.393346586620510030e-01
8.813228074030449166e-02
4.268779418909922074e-01
-5.084211014076756019e-01
-1.611461438938909252e-01
-9.789551032042800860e-02
2.252764549401579108e-01
-3.511194479800607282e-01
1.293518472190579860e-01
-2.220470788638921888e-01
-3.879076383242756609e-01
5.192268557480178570e-01
1.240248847814121452e-01
-4.227044463500418403e-01
1.320344271766901723e-01
-1.215438850098311263e-01
-1.575631064654341718e-01
-5.732327218506954453e-02
-2.316750925282718421e-01
2.506612597356734293e-02
1.771328858912485649e-01
-3.823144445515291312e-01
-3.545070718363250717e-01
-5.172646632842769002e-03
2.822134738738123483e-01
-1.968230318884287011e-01
-1.651574953537221224e-01
5.247254519122729333e-01
-4.037596398664978770e-01
5.221455185378802433e-02
2.537515794002360714e-01
-2.619174284359496729e-01
-1.398987116035447509e-01
-8.708679269677356560e-02
4.606304900388860646e-01
-3.947332707528824480e-01
1.964808955231749782e-02
-1.919118048471963323e-01
-1.865652420600226735e-01
-4.291142080889679411e-01
-2.912479827558058232e-01
-1.303480921161037365e-01
1.062762671976393847e-01
-3.487726823666777443e-01
5.467426400557887090e-02
-1.537347183506840576e-01
6.466725650501400913e-02
6.643684953883038924e-03
3.752531374448127011e-01
2.014838363542177657e-01
-2.264038863675795765e-01
3.339470261618631697e-01
1.470193794269439580e-01
-3.045553208746300533e-01
-1.567539693693993652e-01
1.534366177708952270e-02
2.662192856123063445e-01
1.755938417415747743e-01
-1.814026855823150652e-01
-1.720944120357655593e-01
3.856205151998927660e-01
-1.839398026956409193e-01
5.289220620203782287e-04
-6.133036924908472076e-02
-2.051493587774381455e-01
-1.494889293354974003e-01
8.229868686456935645e-02
1.937510032298471185e-01
-1.045943755382251622e-01
2.316211539714396056e-02
-4.433202419529895244e-01
4.181294591571231567e-02
-1.670292808323252665e-01
-3.759544929481279940e-01
2.114596115035508317e-01
5.073894934949261248e-01
3.816440198062692052e-02
-4.296696762127164004e-02
3.910463347983805793e-01
-4.852781395349408111e-01
5.304653742091341995e-01
9.188905043837111708e-02
-3.301362694998928871e-01
-2.424571539472607784e-01
-2.394744606970483636e-02
-1.377313849183821881e-01
-2.505523626603110565e-01
8.737369237142489364e-02
-2.104996825999699492e-02
4.800851164972970153e-01
3.348342140106480916e-03
2.329742194657994925e-01
3.368247246577905085e-01
7.151831511158475152e-01
-3.822987873850873519e-02
-5.661655220581649633e-02
2.182293192372207757e-01
-3.968217617806128472e-01
-6.911605555826801084e-02
1.153246376075041518e-01
-3.670305312447448842e-01
-2.953335579563260982e-01
-2.996033927839947264e-01
-2.836625069734926424e-02
-5.675793389655366117e-02
-2.704872105903923241e-01
3.158179106855626972e-01
5.331724946146061406e-01
-2.113993477849996361e-01
-3.014832549765081859e-01
1.495319673635510382e-01
6.381546667544775175e-01
1.635704563395391775e-01
1.876160965771817846e-01
1.831118091738439535e-01
5.129719445146970619e-02
-1.040047067154041965e-01
-4.285478316355293416e-01
2.450306862440255334e-02
6.005466678793854873e-01
-1.653617659596089418e-01
2.328546517888606393e-01
2.817285337802432621e-01
-5.349473166097277188e-01
-5.034392947438988131e-01
-4.524988893122068867e-01
-4.346299535231504252e-02
-4.230746896933419016e-02
2.274875400335829301e-01
-9.575584947872993469e-02
-2.076172239573016443e-01
-1.244684860961432077e-02
1.995652364873696238e-01
-3.368095563293281303e-01
-9.592011027244171095e-02
7.360522233864684460e-02
-3.667866165046184679e-01
1.667529675814792833e-01
1.063411425569046886e-02
-2.138488081892359061e-01
-2.493059600681781646e-02
1.107058012245684259e-01
-5.908466679392269244e-03
