-3.075651997588109143e-01
7.189073331060850114e-01
-3.280550013729832681e-01
9.256219095205689973e-01
4.530973124442672084e-01
-1.000000000000000000e+00
4.415092238211184017e-01
-3.411660349152838556e-01
-9.833646639219680852e-01
5.627071028342243153e-01
-2.222558735499297056e-01
-7.439721911169285828e-01
2.285246554776874106e-01
-9.061831826527755318e-01
-1.000000000000000000e+00
8.998554691469937694e-01
5.754439212119666358e-01
7.733265851489703469e-01
-5.212203101452476117e-01
-5.562590579596720097e-01
8.474720935714090686e-01
8.058059225185310037e-02
-8.182780545804650973e-01
4.889821683558761012e-01
-1.234819768759098935e-01
1.331553377964524998e-01
5.057345839762026340e-01
-1.355665774715804350e-01
-1.508784730471240607e-02
3.273726018938193927e-01
-4.690245975253393707e-01
-5.407124079753817814e-01
-2.172627843095706612e-01
4.395394964967049289e-01
3.767220886283432768e-01
-1.816693448462143867e-01
-4.473479207697750870e-01
5.164907263085058986e-01
9.225421469723957824e-01
9.147633899930533996e-01
-7.561550243761482326e-01
-1.067469966854389940e-01
-1.478319511143868226e-01
-9.589261107539818196e-01
-7.284373159531640773e-01
2.103653596915557311e-01
-7.058408887020354294e-01
5.754610837976059656e-01
1.000000000000000000e+00
-1.588285489324506305e-01
-3.519369125267596266e-01
7.791730145667974394e-01
4.771921469701594365e-01
-6.826284830232414169e-01
-3.944439944311998736e-01
9.892719844876403101e-01
-9.818258517504756533e-01
7.837865486433193141e-01
9.105229858371347018e-02
9.371715431802997154e-01
-2.810602972460107818e-01
-1.161382400944584864e-01
-9.951034381226487868e-01
-4.966573748637016505e-01
8.172631130675706013e-01
-3.387945176385905727e-02
-1.378590325360735391e-01
5.342915487081713044e-01
8.473362924749002767e-01
3.895785200530216263e-02
-3.816845667650525797e-01
-5.609452051662254801e-01
-2.390826370520454658e-01
-7.907237198284555735e-01
9.258310658286548200e-01
9.842572957786789589e-02
6.726380325612864031e-01
3.390509262075609431e-01
2.178067317738860073e-02
6.282087377040975751e-01
5.179615833903874478e-01
-7.438322681051163787e-01
-1.617144104239299496e-01
-4.006394702173163291e-01
-6.537284653762347464e-01
-6.215346603366969092e-01
-3.638428290197802673e-01
-1.892535282866127655e-01
3.846862429708166609e-01
-9.405770732233330600e-01
-7.865676956645412110e-01
4.297873733441500144e-01
-3.565295927087265837e-01
-7.210077620293873224e-01
-2.242185959642362392e-01
6.157002291508687497e-01
8.628245877045355172e-01
-5.709655020150373739e-01
3.322029012313605367e-01
3.748434785979251616e-01
4.455820677006115671e-02
6.313961199915740785e-02
-9.608254700729330633e-01
3.128135065670287207e-01
-7.907203234395141500e-01
9.985985077060482995e-01
3.807773767946930343e-01
-9.388674501584062249e-01
3.659203839218497789e-01
-3.651826256946631988e-01
3.833868890302503107e-01
8.731781466413869319e-01
9.680665871096769681e-01
-6.926169610062946624e-01
-1.479654778605519194e-01
-2.177032981454885552e-01
-9.387513900293524838e-01
-7.311788518268840242e-01
2.644788771288671958e-01
1.000000000000000000e+00
4.012202136683907239e-01
-5.285750328180500723e-01
-7.355692805684038715e-01
-3.182544210114317540e-01
-8.359173407302160630e-01
8.741186226293494732e-01
-6.834087348945325768e-01
-8.286393313531643656e-01
-2.160899044322844853e-01
-4.301452070105280523e-01
-7.877747533143493186e-01
8.685851611519238569e-01
-9.166368196585547024e-01
-9.867351419238618027e-01
-2.621684739992918844e-01
-4.664281164290915438e-01
-6.824373209442188282e-01
7.588415214195975977e-01
-3.123813454096945885e-01
3.587664540907215538e-01
6.966413296754160323e-01
-2.843704943119969020e-01
1.636449617374266530e-01
-2.293426780769684536e-01
3.431800595764897821e-01
4.066401980564037233e-01
2.275853940588292712e-01
8.141354403336780177e-01
5.018643936836237884e-01
3.681571064075060407e-01
-1.000000000000000000e+00
-4.491148442601194390e-01
7.049319984204498457e-01
-5.973953801451870049e-01
9.185306141940539071e-01
2.011305399664146953e-01
-9.967860629972822295e-01
-7.015279532711445887e-01
-4.428067073092070149e-01
8.032128896810561969e-01
7.239516857318302190e-01
9.380570419794377335e-01
-1.103859913881467536e-01
-2.073281456332630793e-02
-1.000000000000000000e+00
-1.526335467360899478e-01
-9.081219053678422082e-01
8.498116013231423738e-01
7.065606182450454575e-01
9.248210640667302584e-01
-3.385710123810501404e-01
9.647382815631504460e-01
2.834096767883762524e-01
-1.000000000000000000e+00
6.377606337959823568e-01
5.982375676515083729e-01
7.400220777671739913e-01
-5.109159911801938181e-01
-8.598553778222972621e-01
-2.951341401369735884e-01
5.286030566726214186e-01
-3.569195809523896534e-02
-9.793617932312678187e-01
-2.026755952102836655e-01
-7.420899005671687254e-01
9.758058885706279995e-01
9.853706657533368996e-02
-6.633385845613326559e-01
-2.002247241947545942e-01
-9.661252012295183933e-01
-2.719077803800543092e-02
2.203515440046025647e-02
1.195128019445079737e-01
6.184893674354825510e-01
8.964417116364148397e-01
-8.481974253207942294e-01
-5.630714891880965745e-01
4.792399407756763874e-01
5.542671437896721232e-01
3.123059574844350150e-01
9.108759876723643290e-02
1.449861417888204107e-02
-1.000000000000000000e+00
8.779838782776912265e-02
-9.928403848894939987e-01
7.353282695081204690e-01
-4.732752604627170623e-01
8.101259870976620370e-01
1.855624004766104895e-01
9.548826570024487870e-02
8.810693772828644965e-01
3.054673253115265386e-01
-9.203114149848495851e-01
-6.040043354948423371e-01
-6.470943336463544915e-01
-8.976520178037434849e-01
-4.625764096659015223e-01
7.533275834410004812e-01
-9.901959011287435608e-01
5.790029034295680610e-01
-5.490527623917058619e-01
3.775115480002682600e-01
-7.355061385155478582e-02
6.020070636088936666e-01
-1.000000000000000000e+00
1.401330314261934884e-01
4.721677845298734300e-02
-9.599726817624671948e-01
-7.667574394719492425e-02
-1.812731788691566426e-01
-1.000000000000000000e+00
-1.304093360974382665e-01
4.336469515192902802e-01
9.192021389272165832e-01
6.827261087536411477e-01
2.381784272361556556e-02
-7.806821723416509373e-01
-2.055380482285302790e-01
8.375595742235464325e-01
1.163137008759015101e-01
-6.484856395260054640e-01
9.100281472511904113e-01
7.197277837178311932e-01
-1.839818713329510191e-01
-1.618063546360636040e-01
7.401382436666615883e-01
3.303251188483334322e-01
2.126228403906286757e-01
-8.031286814971264620e-01
8.447344049860853188e-01
4.530767505491001823e-01
1.350636021114408336e-01
7.833050975750169842e-01
-3.636386835448768284e-01
9.829810575833783926e-01
-3.551643447298604150e-01
-2.570971554422844529e-01
1.452374794977526751e-01
4.073745126147600426e-01
3.822197824187241189e-01
-2.968710671067716911e-01
-5.928325967203891267e-01
5.310961377414940010e-01
9.033892269241922124e-01
5.950877901572875217e-01
