-3.099635747909211259e-01
7.179456251911026099e-01
-3.280550013729832681e-01
9.176139028583520929e-01
4.969883316455143141e-01
-9.768288907119215825e-01
4.578197082998498590e-01
-3.411660349152838556e-01
-9.937587601972488471e-01
5.696941076495272149e-01
-2.222558735499297056e-01
-7.439721911169285828e-01
2.453487385543808019e-01
-9.061831826527755318e-01
-9.986526484912132684e-01
9.038854519552209643e-01
5.754439212119666358e-01
8.096235625001996228e-01
-5.278307973482400106e-01
-5.532111190191292271e-01
8.474720935714090686e-01
1.177181099062789837e-01
-7.875897512875291717e-01
4.249219125596248592e-01
-1.023219202137178735e-01
1.193523609285243731e-01
5.074135015883901589e-01
-8.971398608858804913e-02
-7.115832904490504429e-02
3.664599022779109760e-01
-4.862086541652553828e-01
-4.430857115319699613e-01
-2.040993556081286686e-01
4.079982623009738019e-01
3.891624783753483974e-01
-1.816693448462143867e-01
-4.677150164167701574e-01
4.871966396660356025e-01
8.930557843671100837e-01
9.079871237200036749e-01
-7.403458780109188897e-01
-1.191828472013501949e-01
-1.598345337331830707e-01
-9.963342167850396391e-01
-7.437891736513851937e-01
2.103653596915557311e-01
-7.054620333948956601e-01
6.017362065634923596e-01
1.000000000000000000e+00
-1.588285489324506305e-01
-3.851230948751354077e-01
7.813309477065173425e-01
4.771921469701594365e-01
-6.697071481805156878e-01
-3.944439944311998736e-01
9.804567104825487878e-01
-9.325566172486554617e-01
7.846209937939122581e-01
1.186420464836863975e-01
9.164229225490049258e-01
-2.719110898135657650e-01
-1.161382400944584864e-01
-9.631637093455546195e-01
-5.348181200194012108e-01
8.172631130675706013e-01
-3.387945176385905727e-02
-7.709564276075002442e-02
5.206234522745705195e-01
8.285722023564709993e-01
5.535349759130783753e-02
-3.517899270736434270e-01
-5.837404056782852235e-01
-2.390826370520454658e-01
-6.943992302916369708e-01
8.720001121944538358e-01
1.021775799061210854e-01
7.025177205457640017e-01
3.629727913048571564e-01
3.324162093327443640e-02
6.295700489183522208e-01
4.554691612471791773e-01
-7.438322681051163787e-01
-1.526791338281200672e-01
-4.042419207298836858e-01
-6.537284653762347464e-01
-6.171085725609914974e-01
-3.750173249061578562e-01
-1.823915056634825005e-01
3.786918881770744427e-01
-9.922053039298284194e-01
-7.659122631882893106e-01
4.440732324994967062e-01
-3.832858385149565117e-01
-7.210077620293873224e-01
-2.483969965494023380e-01
5.845531843040069342e-01
8.628245877045355172e-01
-6.355443050658706738e-01
3.516094900937670742e-01
3.748434785979251616e-01
4.455820677006115671e-02
6.313961199915740785e-02
-9.608254700729330633e-01
3.282753729469171100e-01
-7.907203234395141500e-01
1.000000000000000000e+00
3.587268211906717297e-01
-9.320423125448151769e-01
3.735191254880124156e-01
-2.912850605286306793e-01
3.792064587578334867e-01
8.814214886395480564e-01
9.680665871096769681e-01
-6.926169610062946624e-01
-1.479654778605519194e-01
-1.978373760290176864e-01
-9.394439431373574623e-01
-7.291146450962552317e-01
2.644788771288671958e-01
1.000000000000000000e+00
4.349277261199473443e-01
-5.228125926465735374e-01
-7.768673882287031596e-01
-3.442388178848942992e-01
-8.473695172928755737e-01
8.476661648705959839e-01
-6.781387062498877016e-01
-8.254350928756186700e-01
-2.054537121944038924e-01
-3.994689241574052030e-01
-7.919367777531497454e-01
9.059058516920668325e-01
-9.538119445223817161e-01
-9.894781843099744734e-01
-2.621684739992918844e-01
-4.664281164290915438e-01
-6.863334766514219698e-01
7.317341236852616948e-01
-3.212141399033227596e-01
3.609297756886126196e-01
6.985024051804415990e-01
-2.843704943119969020e-01
2.352463909765990235e-01
-2.293426780769684536e-01
3.514093924292778781e-01
4.065132138947932794e-01
2.760924805617703814e-01
7.267289545842970933e-01
4.667585329536954597e-01
3.512840574814979355e-01
-1.000000000000000000e+00
-4.503904792146963820e-01
7.010492601279297853e-01
-5.973953801451870049e-01
8.863730299202720042e-01
1.529388899425134507e-01
-9.967860629972822295e-01
-6.981417194809743654e-01
-4.103356814151116749e-01
8.032128896810561969e-01
7.236441834634915748e-01
9.380570419794377335e-01
-1.103859913881467536e-01
-2.073281456332630793e-02
-1.000000000000000000e+00
-1.064408150339503228e-01
-9.002154694288281300e-01
8.726057803290372394e-01
7.328769940571601138e-01
9.129826061106413038e-01
-3.385710123810501404e-01
9.977802733151677206e-01
2.834096767883762524e-01
-1.000000000000000000e+00
6.789820517284520518e-01
5.773114989280995202e-01
7.307385019800606285e-01
-4.873859965932480498e-01
-8.739213620916138625e-01
-3.422894494818175537e-01
5.286030566726214186e-01
-3.237863418686378475e-02
-9.799004684015510946e-01
-2.559980870822290422e-01
-7.728911417222239510e-01
9.758058885706279995e-01
9.177437218862188884e-02
-6.504019438816932563e-01
-1.891408947987990585e-01
-9.669794712613430931e-01
-4.331103744142048018e-02
7.746199340571260916e-03
1.233771516645858768e-01
6.184893674354825510e-01
9.055176368950564880e-01
-8.215120536044614452e-01
-5.417595050312750127e-01
4.926170784875596453e-01
6.408513135093373281e-01
3.396550897100103494e-01
8.224217539214806472e-02
1.867876534661817509e-02
-1.000000000000000000e+00
8.779838782776912265e-02
-9.488297579172082497e-01
7.380628242488117552e-01
-5.074336900404952111e-01
8.101259870976620370e-01
2.183264756739741741e-01
9.548826570024487870e-02
9.042403065948547702e-01
2.827659320295935474e-01
-9.730683327400907467e-01
-6.257116317148959661e-01
-6.470943336463544915e-01
-9.154121417501345226e-01
-4.645089223081185770e-01
7.609971065509776311e-01
-1.000000000000000000e+00
6.028582778624481664e-01
-5.885667025734014901e-01
3.603128185795053673e-01
-1.495265279364516309e-01
5.065063038594357359e-01
-1.000000000000000000e+00
1.056098945371273801e-01
4.721677845298734300e-02
-9.581307273596153529e-01
-9.298518138401246080e-02
-1.812731788691566426e-01
-9.968856315108136634e-01
-1.221646172487922816e-01
3.893986286088351179e-01
9.230564384708561665e-01
6.841433463487325284e-01
5.827841103630795189e-03
-7.806821723416509373e-01
-2.052027250792345936e-01
8.106711400730600703e-01
5.711337061799728887e-02
-6.530597150607339030e-01
8.884824774383803803e-01
6.679770578288828364e-01
-1.694022281919385642e-01
-1.618063546360636040e-01
7.652082622106164411e-01
2.792801573855219766e-01
2.012229523717223023e-01
-8.002220646048610053e-01
8.341388631837943768e-01
4.099018511682093191e-01
1.482108887687656473e-01
8.109878017895337798e-01
-3.687698515534210686e-01
9.829810575833783926e-01
-3.360556136972583374e-01
-2.570971554422844529e-01
1.452374794977526751e-01
4.093040320792693532e-01
3.822197824187241189e-01
-2.811927215709886241e-01
-5.778958333793510205e-01
5.310961377414940010e-01
9.073488332274882717e-01
6.394369037208996742e-01
