-3.099635747909211259e-01
7.179456251911026099e-01
-3.280550013729832681e-01
9.256219095205689973e-01
4.969883316455143141e-01
-9.768288907119215825e-01
4.578197082998498590e-01
-3.411660349152838556e-01
-9.880010172303660410e-01
5.696941076495272149e-01
-2.222558735499297056e-01
-7.439721911169285828e-01
2.453487385543808019e-01
-9.061831826527755318e-01
-1.000000000000000000e+00
9.038854519552209643e-01
5.754439212119666358e-01
8.096235625001996228e-01
-5.278307973482400106e-01
-5.532111190191292271e-01
8.474720935714090686e-01
7.874673228208542430e-02
-8.207886103631167884e-01
4.554254820478729204e-01
-9.869089754061161068e-02
1.331553377964524998e-01
5.057345839762026340e-01
-1.355665774715804350e-01
-1.861788035759580351e-02
3.210370065015831220e-01
-4.690245975253393707e-01
-4.430857115319699613e-01
-2.208021170333707428e-01
4.395394964967049289e-01
3.767220886283432768e-01
-1.816693448462143867e-01
-4.677150164167701574e-01
5.171198139547678041e-01
8.930557843671100837e-01
9.147633899930533996e-01
-7.403458780109188897e-01
-1.191828472013501949e-01
-1.598345337331830707e-01
-9.683530769839137076e-01
-7.414538282694461691e-01
2.103653596915557311e-01
-7.058408887020354294e-01
6.017362065634923596e-01
1.000000000000000000e+00
-1.588285489324506305e-01
-3.851230948751354077e-01
7.813309477065173425e-01
4.771921469701594365e-01
-6.873814980065651170e-01
-3.944439944311998736e-01
1.000000000000000000e+00
-9.325566172486554617e-01
7.846209937939122581e-01
1.186420464836863975e-01
9.164229225490049258e-01
-2.719110898135657650e-01
-1.161382400944584864e-01
-9.951034381226487868e-01
-5.348181200194012108e-01
8.172631130675706013e-01
-3.387945176385905727e-02
-9.074389909946840860e-02
5.435407362308115609e-01
8.285722023564709993e-01
5.535349759130783753e-02
-3.652856704754392503e-01
-5.788690655880797120e-01
-2.390826370520454658e-01
-6.943992302916369708e-01
8.720001121944538358e-01
1.021775799061210854e-01
6.726380325612864031e-01
3.576147445313726525e-01
3.324162093327443640e-02
6.345925540820656074e-01
4.554691612471791773e-01
-7.438322681051163787e-01
-1.526791338281200672e-01
-4.042419207298836858e-01
-6.537284653762347464e-01
-6.171085725609914974e-01
-3.638428290197802673e-01
-1.892535282866127655e-01
3.846862429708166609e-01
-9.922053039298284194e-01
-7.659122631882893106e-01
4.440732324994967062e-01
-3.567668275089702634e-01
-7.210077620293873224e-01
-2.483969965494023380e-01
6.157002291508687497e-01
8.628245877045355172e-01
-5.945960097547735579e-01
3.322029012313605367e-01
3.748434785979251616e-01
4.455820677006115671e-02
6.313961199915740785e-02
-9.608254700729330633e-01
3.128135065670287207e-01
-7.907203234395141500e-01
1.000000000000000000e+00
3.587268211906717297e-01
-9.320423125448151769e-01
3.735191254880124156e-01
-2.912850605286306793e-01
3.871111798209629917e-01
8.731781466413869319e-01
9.680665871096769681e-01
-6.926169610062946624e-01
-1.479654778605519194e-01
-1.978373760290176864e-01
-9.394439431373574623e-01
-7.291146450962552317e-01
2.644788771288671958e-01
9.951258656859798268e-01
4.012202136683907239e-01
-5.285750328180500723e-01
-7.362899759089643892e-01
-3.207323111764966983e-01
-8.359173407302160630e-01
8.476661648705959839e-01
-6.834087348945325768e-01
-8.254350928756186700e-01
-2.054537121944038924e-01
-3.999376372118875755e-01
-7.919367777531497454e-01
9.059058516920668325e-01
-9.538119445223817161e-01
-9.894781843099744734e-01
-2.621684739992918844e-01
-4.664281164290915438e-01
-6.863334766514219698e-01
7.317341236852616948e-01
-3.212141399033227596e-01
3.609297756886126196e-01
6.966413296754160323e-01
-2.843704943119969020e-01
2.352463909765990235e-01
-2.293426780769684536e-01
3.514093924292778781e-01
4.065132138947932794e-01
2.697941611422488006e-01
8.141354403336780177e-01
4.976388475564438862e-01
3.624748453320446595e-01
-1.000000000000000000e+00
-4.491148442601194390e-01
7.010492601279297853e-01
-5.973953801451870049e-01
8.863730299202720042e-01
2.000983171352672951e-01
-9.967860629972822295e-01
-6.981417194809743654e-01
-4.428067073092070149e-01
8.032128896810561969e-01
7.236441834634915748e-01
9.380570419794377335e-01
-1.103859913881467536e-01
-2.073281456332630793e-02
-1.000000000000000000e+00
-1.319655023483503609e-01
-9.002154694288281300e-01
8.726057803290372394e-01
7.328769940571601138e-01
9.129826061106413038e-01
-3.385710123810501404e-01
9.687474059836395091e-01
2.834096767883762524e-01
-1.000000000000000000e+00
6.789820517284520518e-01
5.982375676515083729e-01
7.140901806114706707e-01
-5.147057137671251503e-01
-8.598553778222972621e-01
-3.422894494818175537e-01
5.286030566726214186e-01
-3.237863418686378475e-02
-9.799004684015510946e-01
-2.559980870822290422e-01
-7.728911417222239510e-01
9.758058885706279995e-01
9.228103242136935502e-02
-6.504019438816932563e-01
-2.002247241947545942e-01
-9.661252012295183933e-01
-4.331103744142048018e-02
7.746199340571260916e-03
1.233771516645858768e-01
6.184893674354825510e-01
8.964417116364148397e-01
-8.215120536044614452e-01
-5.630714891880965745e-01
4.926170784875596453e-01
5.638645192950154650e-01
3.396550897100103494e-01
8.224217539214806472e-02
1.449861417888204107e-02
-1.000000000000000000e+00
8.779838782776912265e-02
-9.732215633228460394e-01
7.380628242488117552e-01
-4.714654756733467345e-01
8.101259870976620370e-01
2.183264756739741741e-01
9.548826570024487870e-02
9.042403065948547702e-01
3.054673253115265386e-01
-9.730683327400907467e-01
-6.257116317148959661e-01
-6.470943336463544915e-01
-9.154121417501345226e-01
-4.645089223081185770e-01
7.563003790560884898e-01
-1.000000000000000000e+00
5.790029034295680610e-01
-5.940024402674993764e-01
3.603128185795053673e-01
-7.414550590683322007e-02
5.065063038594357359e-01
-1.000000000000000000e+00
1.056098945371273801e-01
4.721677845298734300e-02
-9.599726817624671948e-01
-7.667574394719492425e-02
-1.812731788691566426e-01
-9.968856315108136634e-01
-1.304093360974382665e-01
4.336469515192902802e-01
9.230564384708561665e-01
6.841433463487325284e-01
2.381784272361556556e-02
-7.806821723416509373e-01
-2.052027250792345936e-01
8.375595742235464325e-01
8.805201227448847257e-02
-6.530597150607339030e-01
8.884824774383803803e-01
6.939567899725449518e-01
-1.820475992808190391e-01
-1.618063546360636040e-01
7.652082622106164411e-01
3.303251188483334322e-01
2.103573096331479986e-01
-8.031286814971264620e-01
8.341388631837943768e-01
4.099018511682093191e-01
1.350636021114408336e-01
8.109878017895337798e-01
-3.636386835448768284e-01
9.829810575833783926e-01
-3.360556136972583374e-01
-2.570971554422844529e-01
1.452374794977526751e-01
4.093040320792693532e-01
3.822197824187241189e-01
-2.811927215709886241e-01
-5.778958333793510205e-01
5.310961377414940010e-01
9.162448829029797848e-01
5.992102869971177581e-01
