-4.912928107366395514e-01
-6.111714402183027195e-01
1.584666921677908569e-01
-3.552808588107422283e-01
-6.855437746744478256e-01
2.364438695862878803e-01
4.490306500997639505e-01
1.587752563343381440e-01
-1.789277067139017907e-01
-3.433276888176487462e-01
6.468008698257226019e-01
1.867198531495637970e-01
3.983387965617566917e-01
2.719212846189673627e-01
8.188459535240374954e-03
5.501219936677107514e-01
-8.743036332120306398e-01
-4.626054393349896543e-01
-1.659155918173838562e-01
-4.362337668187628026e-01
1.486117926040050330e-01
1.131822902676626885e-01
2.616998780928693202e-01
5.074001428987851003e-02
-4.324356581651850884e-01
-4.117061086790365643e-01
1.075428845143402840e-01
-6.096771403111520549e-01
-8.740128751431774923e-02
-5.347718952286115712e-01
6.176804904565806886e-01
-2.444625766519297194e-01
3.705775119022137742e-01
-4.184307819110566484e-02
1.287134862727653539e-01
-6.326849952162194590e-01
-6.220444643679878816e-03
-2.053356470087887575e-01
3.821253979552552416e-01
1.676916272027031973e-01
-1.421493752022368051e-01
-4.559154830443230555e-01
-3.602121806827953687e-01
-6.000118247977344055e-01
4.086909557532408810e-01
2.895041119425488807e-01
-3.442460250431459423e-01
-2.423814268777426673e-01
3.523092908815683016e-02
-8.713593862237989374e-01
-1.483369594912900546e-01
6.008832101996175457e-02
-4.538380485637960593e-01
2.749641423238360360e-01
6.893647948955041738e-01
1.786526951994082957e-01
-4.557325074110420426e-01
6.193604234499231476e-01
-9.210392426215069372e-02
2.694893749949676121e-01
-1.819001881905660534e-01
1.888083565917634266e-01
-2.471535351342281361e-02
-4.211963343115942005e-01
3.514939215603078981e-01
-7.855230941371860176e-02
2.010944654555378852e-01
1.576287222709534808e-01
-7.686489759592279869e-02
-1.426487404291660877e-01
-3.118407714774383555e-02
-2.669510864317947707e-01
-3.699745036868651304e-03
1.387300876792658677e-01
-9.719774649674105538e-01
-1.251679920942709301e-01
-5.672697980260875683e-01
1.699483227784682748e-01
7.096468355782628024e-01
-9.705564420989798435e-04
1.918367047815024984e-01
-9.310594450127285260e-02
4.835553594864933080e-02
6.459982498869892842e-01
6.432913997677092155e-03
7.635719763214243727e-02
5.340494005838405389e-01
-5.602836327553355478e-01
-8.841553290049763980e-02
-4.231206795290762268e-01
-3.123669936947415238e-02
1.008215715037804050e-01
6.562268038702757655e-01
-5.581782615758991151e-01
-2.445751825040014538e-01
5.122788340090826953e-01
8.055473029301951637e-02
5.962396228039585910e-01
-5.437330906569437516e-01
7.040918421420971907e-02
1.156800147138352663e-01
-2.662056551136008364e-01
6.983247276527817515e-01
1.701951128025497306e-01
-1.613215374070344765e-01
-3.897153255806742322e-01
-5.446727021693509307e-01
-4.791065579043465306e-01
1.607975339858190855e-01
-9.787134413744991157e-02
6.150138819724403350e-01
1.913391185004797712e-01
8.780713652218014031e-02
1.630309760758827942e-01
5.063500707198576034e-02
7.199652790436800176e-01
3.606584693093105587e-01
3.138841400212125099e-01
-1.196423071895320045e-01
-7.547329883493254787e-02
1.401253900652751627e-01
8.754699830980905428e-01
-1.523861063012373895e-01
-3.494654062184183729e-01
1.946534510812987229e-01
4.362795738049263239e-02
-2.121032219099671656e-01
3.386773122519750046e-01
-3.211088944980186044e-01
2.022742428137827009e-01
-5.171684224166757105e-01
-8.423066151040980998e-02
1.123797256005006906e-01
6.790115845434607778e-02
-1.785808509318878023e-01
-6.332680714604279615e-01
-4.917547181948578316e-01
-5.719709904503941234e-01
3.501749644213986157e-01
1.810805627630125425e-01
-4.581464247026802994e-01
-1.377161439288466377e-02
5.352068055791306955e-01
4.555990183242945024e-01
-2.914866847795842819e-01
-3.496529399615249112e-01
6.450164224204391061e-02
-6.184944238850501597e-01
8.662341577590533248e-01
2.103941728981876258e-01
-4.121492001214249190e-01
6.487461876807310013e-02
-5.184960542728270783e-01
-2.571338923397162302e-01
-5.747188250240687912e-01
-2.185680282639957672e-01
6.478236411166836684e-01
-4.279587120740739881e-01
-5.386227926377262776e-01
3.582740850100880059e-01
6.389377261033596378e-02
2.180973503865702989e-01
4.704859716185127994e-02
2.198123056347688759e-02
-8.722769096607954631e-02
2.681575065506768274e-01
-1.608755542023910245e-01
2.414221216236756562e-01
3.804054102288867423e-02
5.804301293719846822e-01
-8.108552646179367773e-01
-6.280326507211694276e-01
4.757916601215506081e-02
-1.524037073111724205e-01
-4.046225066944976190e-01
3.305376749712171103e-01
7.242364743870657873e-02
-4.359487629438144607e-01
-4.715196468410818298e-01
-1.125041760655233619e-01
3.273331765031474161e-01
-1.274498177449435721e-01
5.254811262049075005e-01
2.825540863328115382e-01
-1.364693236237169982e-01
-5.105917281829760457e-01
-2.299994141270553238e-02
-4.940601559011885691e-01
-1.142291789264011648e-01
-1.364905062431363003e-01
8.088211337901826115e-01
3.716255773292103104e-01
1.623161804312523993e-01
5.111651663785774513e-01
-6.835646917613735774e-02
-1.553456812568747014e-01
5.516263236509062473e-01
5.745886789425476149e-01
4.329800751182576457e-01
3.314853480498761162e-01
-9.225355182488731431e-02
1.956097178875352283e-01
-3.047460630165198525e-01
2.277486951285193906e-01
3.646455314676704806e-01
1.203493721394761629e-01
3.723146053366466202e-02
2.759692492196937907e-01
6.985884933665478247e-01
-7.979367374487643660e-01
-4.118532733720783323e-01
-3.938571607878726955e-01
-3.127616152178642750e-01
5.423271492686800865e-01
-3.763537293646679327e-02
-1.053630758380375010e-02
-1.782320764064052043e-01
1.924665347089049572e-01
-1.025414512196732852e-01
-5.275503914709780418e-01
-2.854874629724629131e-01
2.289879697863019814e-01
-1.257817287428720232e-01
-6.364489378166515721e-02
5.724510163195877244e-01
2.339231549763849394e-01
-5.110586024786251125e-01
4.151973343506772940e-01
-1.959306537878899857e-01
4.182944537285288034e-02
4.880289255465061760e-01
5.490321556189365904e-01
1.682497351744906000e-01
-5.447357339069859306e-01
-2.713340401289277004e-01
-1.353311750345591591e-01
-6.941358536980961613e-01
-3.798629968461759709e-01
6.170931098570284767e-01
6.001131241873057798e-01
1.291806155256203237e-02
2.787846956620950722e-01
7.300986350117555368e-01
-9.645969026907907917e-02
7.439532880012911242e-01
-3.163175860951208951e-02
3.656786706440706691e-03
4.329700860977320209e-01
5.521728739899265381e-01
-3.483976553201740822e-01
4.317843076845261918e-01
-3.109817009009419042e-02
-9.499855574606796971e-01
3.724775291781645681e-01
-6.655777860228984100e-02
-4.137502536722652557e-01
5.985767835697762829e-01
1.505466651736138139e-01
5.528800825983799516e-01
-7.012447359187755636e-01
-7.193573108553000806e-01
-8.753502850884331554e-02
5.806087291975448039e-02
-3.837642504880495187e-02
-3.488839797978912083e-01
