-7.588096797631377344e-01
1.000000000000000000e+00
-9.626030081537343408e-01
-4.285562742811904191e-01
-3.569761922488295380e-01
1.122938862545416472e-01
8.651723968634877915e-01
4.045463006072341772e-02
9.250059713004518125e-01
3.174132227291842634e-02
-3.257158372941031388e-01
-7.466649188268498216e-02
-2.170576976802165714e-01
-4.258254903200378583e-01
-5.076942064461088533e-01
1.823870391939829139e-01
5.293457421378513494e-01
4.922278765096501085e-01
7.365797542979173329e-01
2.024658442439120631e-01
-1.359550276384750567e-01
3.311501417525833380e-01
2.418745847805730820e-01
1.320201240560329170e-01
-9.694590331246583093e-01
4.471323262910336105e-01
-6.665232420815587755e-01
8.469855125072280888e-01
2.556019295671009828e-01
-3.251683412069658607e-01
5.642132904519296943e-01
3.658546689922304584e-01
-1.893585479584006803e-01
3.287860623050706255e-01
-1.000000000000000000e+00
-8.768530428924414810e-01
-1.548384127208633498e-01
-6.109460093272058856e-01
2.902680474904784647e-01
4.849288851007705348e-01
-9.276628135960499622e-01
9.767296923830429689e-01
7.669409997604708096e-01
-5.492691256894247642e-01
5.499520504562178669e-01
2.392003733734144044e-01
-9.723994125846830983e-01
6.019142609153855794e-01
1.596540035398410773e-01
8.432224389360429839e-01
-8.538857438833161728e-01
1.975410144076371888e-01
-9.319767380397866452e-01
-5.561261608693309766e-01
9.924095923002289599e-01
6.105985977387058394e-01
-1.910939290739153140e-01
-2.210490474848594566e-01
-4.221830915556005204e-01
-8.605955323043479321e-01
-8.412133112017685654e-01
-4.697022936671416682e-01
4.048164895043000061e-02
7.910945678211988019e-01
-1.000000000000000000e+00
-1.000000000000000000e+00
-1.436034875643469599e-01
8.205013227328669112e-01
-8.694423189130282559e-01
3.467215133846582864e-01
3.919385807875102601e-01
-6.291131011027017994e-02
1.000000000000000000e+00
-7.734896280973601046e-01
7.544492608035781034e-01
-1.000000000000000000e+00
-4.929163161145978522e-01
3.251896263198381098e-01
2.339688550256340260e-01
-5.629934240085493480e-02
1.000000000000000000e+00
-5.250580280119581111e-01
1.728556195621872571e-01
8.075234337186032452e-01
5.048208510758377399e-01
9.510086376168969124e-01
-7.520488480552794952e-01
1.000000000000000000e+00
-4.868873785188834735e-01
1.409753929531549488e-01
-5.515482677032780279e-01
-8.912191002154721264e-01
-1.000000000000000000e+00
-5.991519002575795838e-01
2.834730901735740827e-01
1.335823032418998746e-01
4.113557243242112471e-01
7.388606296126442041e-01
1.817450390299108764e-01
2.712062200539695489e-01
-5.616735857524494113e-01
-4.276796297174447758e-01
-2.515023694086441219e-01
-7.918155382004014031e-01
-2.434067343959538943e-01
1.791453587679242843e-01
5.010959866339794733e-01
4.949849241367865194e-02
-2.341039422579217488e-01
4.482467513576409157e-01
-1.972597038981690754e-01
-2.586970447128145167e-01
2.468161872159483905e-01
7.740962272854422510e-01
4.637189124153713315e-01
-6.815479040682312362e-02
-1.667591243656706967e-01
-9.858709089012238636e-01
-5.780346542627310402e-01
2.628133350218389008e-01
-1.883728195904408320e-01
-2.276324273751591243e-02
3.060523832057367860e-02
2.650024790246367501e-01
4.385114628824963168e-01
-7.013434255486685753e-01
7.209371851817272248e-01
4.624560220945578282e-01
2.508918797735344430e-01
-7.212409682901653740e-01
-1.954965259555198065e-01
5.409441624447025587e-01
8.679474964722123931e-02
3.826863188227365709e-01
-4.797945387568313680e-01
7.504298889950929141e-02
-8.283512678349910230e-01
3.533287716315960947e-01
-1.891546343938793617e-01
4.386151728057780530e-01
4.248502440272515224e-01
5.963236992889990873e-01
-2.862497877563358051e-01
-3.774889893269341989e-01
4.423103990786753092e-01
8.932642818148915920e-01
-9.817431579580262468e-01
1.000000000000000000e+00
1.000000000000000000e+00
8.909698048612887389e-01
-4.007643004781208385e-02
5.807524926937586152e-01
2.577793842443351080e-01
5.258540417857476834e-01
7.929378053975705276e-01
-6.628324073882257972e-02
9.383321493324989770e-01
3.759813748355647078e-01
-2.817225951454042643e-01
8.918027225141880177e-01
-6.162831635289541810e-01
1.000000000000000000e+00
8.438371737071453937e-01
-1.347166212719014822e-01
-4.352205911394727567e-01
-5.436915127115502511e-01
-2.490169692910885191e-01
-8.319210393766926503e-02
-6.326041415176128502e-02
-6.140353011076213896e-01
9.681154650813451612e-01
9.527621884129418017e-01
7.289853107075956462e-01
1.000000000000000000e+00
9.936747409199100378e-01
9.447384286672304565e-01
-6.096258145560192743e-01
-1.000000000000000000e+00
4.575091280728535992e-01
5.361000642886635248e-01
-5.343566340646104251e-01
7.548867263203771216e-01
4.858742270316230849e-01
-1.000000000000000000e+00
2.837233517532840033e-01
9.496127317110623078e-01
9.434022753090824942e-01
9.176132702602162183e-01
2.012628945480497145e-01
-7.496249518782462928e-01
3.082180074948525639e-01
7.855947636713547233e-01
1.000000000000000000e+00
7.865774045082085664e-01
-9.327917185178966619e-01
-5.509255891628728197e-01
8.568798565056915395e-01
-4.574324788089793176e-02
5.608163628697395708e-01
-6.945359983526874226e-01
-8.461140281242502947e-01
7.029388242924614061e-02
-5.274879686678546342e-01
-2.087800152332934256e-01
-8.649722189784985193e-01
-1.000000000000000000e+00
-1.000000000000000000e+00
3.448544712903259812e-01
5.022127204745208129e-01
-3.056035756870020270e-01
-3.674568818583158758e-01
-2.439058751859223273e-01
-2.962045006925316248e-01
-3.938231170095175537e-01
6.817605543969507131e-01
-6.723133698357652843e-01
-5.909822338282025855e-01
-8.761619406141754052e-01
-2.915032072313714639e-01
4.660118184027868815e-01
1.151624962741296110e-01
2.792630203801501065e-01
9.313887741520583408e-01
1.000000000000000000e+00
4.492694186872643325e-01
5.915209990122271000e-01
7.078718429058111772e-01
-4.235121736714231311e-01
-7.616578152717790040e-01
-2.828677901269170680e-02
-9.304754726119982555e-01
2.074823319269250010e-01
1.875617166301359329e-01
-1.371417829048958981e-01
8.802949809677264037e-01
1.108896916315302156e-01
-9.183032493510978611e-01
2.339460054427528468e-01
-6.240756983392655721e-01
-2.522520278539726046e-01
9.187610009635986952e-01
2.993917470965806737e-02
-3.370464143982095928e-01
-9.790288427215376732e-01
-1.000000000000000000e+00
6.173035027354296655e-01
-1.000000000000000000e+00
9.636114823480349534e-01
-6.456325557096688206e-01
3.288053923476172424e-01
-4.954412114851191040e-01
1.000000000000000000e+00
2.992144353617118280e-01
9.295868379920766422e-01
-4.954462127574966318e-02
-2.614220521656086538e-01
-7.204345276183755642e-01
5.134858752557771439e-02
-2.987231751692839832e-02
-9.794480766148455642e-01
-4.491379960338194310e-01
-3.746976927633371979e-01
5.334043940083303958e-01
4.563869311194425071e-01
2.311646944321298636e-01
