-9.017279125640815796e-01
9.654014797707398676e-01
6.499975423386405993e-02
2.971480669483119730e-01
3.487510653963548091e-01
3.879038207037301400e-01
-8.985337256814096563e-01
-7.136205920155891391e-01
5.714569780039135960e-01
-2.273966378297820334e-01
-1.930636095396778273e-01
-1.728115368204472535e-01
-3.842559655939052909e-01
8.901298017701306797e-01
1.307931561209894067e-01
6.465336679980726586e-03
-8.037694224540110621e-01
-6.818122981709056063e-01
-2.708545641625978440e-01
-8.111321897436201134e-01
8.508994142727732690e-01
7.871331882918983780e-01
-6.206887622609129629e-01
6.576335979655953956e-01
1.701316515766688464e-01
-8.509838607614821360e-01
-2.279134462685807883e-01
2.846956879195350343e-01
4.862898352477214026e-01
-9.749284896167602632e-01
4.099559541503791649e-01
2.005372318228015593e-01
6.186165917639621092e-01
-5.049891375938552196e-01
-1.649601583295376983e-01
3.184833033499827604e-01
-2.311358882186995700e-01
-7.253087433741034484e-01
-6.153611576529836036e-01
9.741065183565633667e-01
1.935972251802387245e-01
-6.912743061481021467e-01
5.834716299324946842e-01
-2.382292189973103103e-01
-4.819022223644171543e-01
-9.056141262616804744e-01
-8.273484630966798647e-01
1.358112478504962528e-01
-2.220576751519587333e-01
-9.040046501188996331e-01
-7.674297758503412226e-01
-8.304233587658582660e-01
9.219303296020298077e-01
-6.193142539706792959e-01
2.298175766050736257e-01
-6.968634347488777969e-02
-8.743654394790789652e-02
-9.704685815126090631e-01
-9.878071458136565841e-01
9.909141706223376644e-01
-8.947928101662272482e-01
2.095865255633433399e-01
1.676427924808296943e-01
6.320176571512390318e-01
9.093983491558512711e-01
7.379843277623843179e-02
5.991691262765423964e-01
1.354262320579422418e-01
1.018715080203626444e+00
-4.987208630464378123e-01
6.033972230642745682e-01
-9.497325892593015961e-01
-1.953050452522064884e-01
1.348149555232263097e-01
-7.797475247645822005e-01
5.342291383551243111e-01
3.142815539823158311e-01
-2.781981354216922497e-03
-2.717655797899578007e-01
8.077212931367894200e-01
-3.120196688227201420e-01
-4.947234582830282168e-01
-7.789377151931324850e-01
-3.662837035925378126e-01
3.710747968456910018e-01
-2.945521742376593366e-01
6.209188093851999435e-01
-9.469724977198679117e-01
-4.595288560185879501e-01
4.224270278311281768e-01
-1.706706517642095355e-01
5.179831688310958526e-01
9.924422397103307425e-01
8.854149749346773568e-01
-9.043417520407017740e-01
-4.859426606135344162e-01
2.796228132510281128e-02
2.838836431856537335e-01
8.626191608686264445e-01
-3.442391488103486719e-01
-9.702266778858317231e-01
9.109460276830867453e-01
1.435260334096584156e-01
-7.084536057270233167e-01
-8.495145065485312230e-01
9.319472534349761972e-01
-8.353122776765031787e-01
-1.787965775608911234e-01
-9.381782795029980360e-01
-8.524719518811487706e-01
-6.166667993464388653e-01
5.649024020269850510e-01
-9.743429239012482146e-01
-1.398641389756838382e-01
-2.511966610148581580e-01
3.446629885490808953e-01
-9.459142269147708948e-01
-7.260176395424935425e-01
7.302793851788101920e-01
-4.400161364582603762e-01
-3.855337378446038743e-02
-1.546786767630400905e-01
2.926345036985140702e-01
6.757220932148213510e-01
-3.264630617383079692e-01
5.708026924428422078e-02
-8.147933294302367457e-02
4.870848372862455200e-01
3.273738252220022571e-01
5.187017671215263803e-01
-9.774025754165538427e-01
-2.112582835622307809e-02
-3.129333890326125855e-01
-7.352339601304707095e-01
-6.495275570086098682e-01
-2.883631434019930939e-01
4.234970031920284317e-01
-9.977126747711382304e-01
8.664388345643085909e-01
-6.742036613259030364e-01
-8.664497820656216209e-01
3.901457716720213575e-02
-1.051604439153259740e-01
-3.183076268990879254e-01
-5.905027748741420446e-02
-6.762645318789227700e-01
6.956268702038937990e-01
6.278471505305689426e-01
-5.498230249377662471e-01
-8.738785010873186820e-01
8.095222932582830655e-01
9.506537859405981283e-01
7.768889756564834048e-01
-1.555509627044406873e-01
-4.879478389305678121e-01
-7.095701351766154907e-01
2.126405095994889916e-01
2.105258893670035047e-01
-1.114440799324690312e+00
8.295803751118457914e-01
7.572349169173563377e-01
-1.303319947314165450e-01
-9.948706358106815806e-01
9.666067787871694961e-01
-6.993175039614354382e-01
-6.897683854201532849e-01
8.425901648390963228e-01
2.235021458484149903e-01
-1.026789682362292400e-01
9.860330089653881469e-01
-1.818334550930638116e-01
4.007770596482811420e-01
7.009771481748106048e-01
-6.641879475344938388e-01
-1.023766062541351385e-01
6.007121149087175649e-01
2.926015381892554945e-02
-9.466810767063440490e-01
-9.590439415061706718e-01
1.183974230031481500e-01
-4.793548271933091298e-01
-1.527556916557051281e-01
4.308095236480320445e-01
2.573738548472834786e-01
-1.455826621373062235e-01
5.357167954370831708e-01
7.275638774188770697e-01
1.083166263959439046e+00
-5.075115176412181572e-02
3.339104773626746514e-01
-4.823584982676216715e-01
9.642146262023476577e-01
1.216803298354047769e-01
6.089712671744476058e-01
-6.144860839067673997e-01
8.754423128061050718e-02
-2.131118360842831905e-02
-3.337853059976718662e-01
-9.139303745543561064e-01
8.713000788767573113e-01
-2.885094805597283596e-01
5.385998922054878735e-01
-3.351605433182551774e-01
-4.901581420707420422e-01
6.200475720255420597e-01
8.180668147968161996e-01
2.414206425165257297e-01
9.069226012832319883e-01
6.389734201790757684e-01
3.300020723633589892e-01
3.750614347542987614e-01
-2.015142237571292405e-01
-7.306283262810295831e-01
-4.276989163114520154e-01
-6.315452933149192649e-01
2.612801176758816624e-01
1.708876723018289134e-01
-9.236313788136516489e-01
8.176815965081594140e-01
8.466831266669840872e-01
-9.953680795905501810e-01
-1.089268318600189467e-02
7.372553230934082436e-01
-7.884165275302157383e-01
-8.626117566328042052e-01
6.271847735382456435e-01
3.630443034571937400e-01
6.189058978033992187e-01
5.346175082577935278e-01
-5.701146773825591652e-01
5.880705842594258215e-02
9.860375966972514394e-01
-8.456090213408069545e-01
9.492538576821611951e-01
1.068215968553902329e+00
7.104090808818058767e-01
9.330801499621883544e-01
4.175525191151068238e-01
-1.078607029636553527e-01
-3.517920252274486237e-01
3.135305955838103564e-01
1.841983169692940070e-01
1.036812592708426184e+00
-4.359048759344075208e-01
6.591274220102349979e-02
-1.575753566115931648e-01
-1.146154171816227141e-02
4.067285357094767573e-01
7.879756246802127606e-01
9.217404607657885274e-01
-8.111219682712833556e-01
9.499397075935600565e-01
6.215744115871295605e-01
3.658365708743662736e-01
-1.414879948107281571e-01
-3.340869454963190099e-01
8.699122417575558819e-01
4.848991612439866317e-01
7.008773623921260576e-01
6.967902510966947904e-01
-5.297673915786260679e-01
-8.661684722051400387e-01
-1.898379040434332587e-01
8.896240499886620690e-02
6.127203400134269007e-01
