1.000000000000000000e+00
1.476370935148198227e-01
3.630712027683769549e-01
-5.726832112587902923e-01
-6.512527247851062073e-01
4.820073877547326746e-01
2.941479441769360159e-01
3.847422660890073565e-02
-4.317503268602900235e-01
1.000000000000000000e+00
1.576980979006121775e-01
8.089309282987462435e-01
-4.679533994811604369e-01
-9.123526363389775629e-01
9.362770532421972325e-01
9.731462900060543486e-01
8.376733996253835635e-01
-2.967459673535504661e-01
-2.038473146284247861e-01
-1.720579918573091893e-01
-1.455620774858189248e-03
-1.661148848525273447e-01
3.044629751388623906e-01
1.568227739794881004e-01
-9.424754601808613685e-01
6.525892956697736391e-01
9.878515853323144302e-01
1.532128737045461153e-01
-6.109290647536518293e-01
-8.064324110620324504e-02
-2.216453635986548876e-01
-5.944861911020660195e-01
-9.261969164336498750e-01
1.280015846463402607e-01
-8.291399586663428245e-01
-6.136519046538166933e-01
5.030619741676032458e-02
5.633623174496058539e-01
7.071541074096516777e-01
1.000000000000000000e+00
1.000000000000000000e+00
6.960528468068902797e-01
-4.810760327686465221e-01
-3.923722908568687551e-01
-4.787080713957878042e-02
6.909912655057298680e-01
-8.884692249254785290e-01
-2.965092341500127349e-01
-6.898736284313797262e-02
-5.232616795589193348e-01
6.203434006292927183e-01
-8.494629464342139391e-01
-1.000000000000000000e+00
1.555895460151127951e-01
4.743759595748952007e-01
-6.899251226957883176e-01
-8.594620077110107781e-01
-2.152183035434772351e-01
-4.349920793609622360e-01
-2.823324859898481143e-01
-5.394439905952703729e-01
-6.864728152128117822e-01
9.325933673192732254e-01
-2.176037248281274816e-01
-1.000000000000000000e+00
-9.112273003446870190e-01
8.703383391211959585e-01
-6.033346847458614937e-01
-2.275612660447301483e-01
-8.079294793260993757e-02
3.843586269380588893e-01
-7.919265792590831632e-01
-1.303993045641445303e-02
-8.725007194470610350e-02
9.653323190719396152e-01
7.460358332223062661e-01
5.041700219733644683e-01
-6.549155689598860075e-01
-5.429690536036260173e-01
7.914809579943488105e-01
-1.000000000000000000e+00
-4.192340813532948740e-01
1.000000000000000000e+00
-2.077250683899667105e-01
6.789066817870081927e-01
1.000000000000000000e+00
-5.913588960010671136e-02
3.108345839539207733e-01
-1.000000000000000000e+00
-8.476176662751655488e-01
-1.220460855017573010e-01
2.973232442385966290e-01
3.501867634186615064e-01
1.815714973350432970e-01
5.580995560441086578e-01
-5.505199694468065896e-01
4.275369338660200969e-01
-8.830668784646995562e-01
-6.015798329680490664e-01
3.467012285541161143e-01
-5.227262317147254311e-01
8.935983701367578025e-01
2.937093683560465518e-01
-5.742193971935369290e-02
5.399099670580520538e-01
7.636580734226191547e-01
3.597842274453362799e-01
-6.982470015215228587e-01
2.784212087362499810e-01
-8.438666255623414880e-01
7.539460590244321248e-01
-1.000000000000000000e+00
3.774613374988130543e-01
-6.309374845918620522e-01
-2.416271082677682036e-01
7.251833812250818578e-01
-6.364702015877512498e-01
8.587363130249013876e-01
6.462931787916916804e-01
-9.396847142317710233e-02
2.873892225414684809e-01
7.582492312471706963e-01
4.395816153482769439e-01
7.712774077100111869e-01
-2.768683837316048280e-01
2.672589321835364684e-01
8.873662493192095990e-01
-2.372414769123507849e-01
7.531569259286978735e-01
9.787673194034227642e-01
-3.162610244524964309e-01
-8.255355948319063053e-01
-3.543950321711140661e-01
-2.426257205827396790e-01
-9.869368453447315837e-01
8.053112178239507646e-01
8.179491204486221134e-01
4.762292928944849013e-01
-1.137857661340951898e-02
5.552295926661635628e-01
6.542834035067675025e-01
1.522472373709768401e-03
1.116632860253841120e-01
-5.086149336412254529e-01
3.171424963108340211e-01
5.907992902748180342e-01
1.697106251962780810e-02
-7.505346230474313485e-01
-7.553520699165356955e-01
6.829833852617883672e-01
-4.729827115543572269e-01
-7.407757835924232426e-01
4.120405947116220213e-01
-1.688148325760348012e-01
-6.472149337029970972e-01
9.619585121815761308e-01
9.723903051660623964e-01
-9.853086298285590461e-02
-9.632099613369276003e-01
2.954825177363433197e-01
-5.941291229650329520e-01
-5.347540698686920058e-01
-6.456813476859130096e-01
3.344704095902559238e-01
-5.658170503989099487e-01
-2.854635630633318710e-01
-1.614501342621180724e-01
-6.058936679230018107e-01
-9.279486789746937969e-01
-6.253823383813424119e-02
-8.204060588160781986e-01
-6.676505892460500302e-01
-1.258011451801580027e-01
-6.722994178403745025e-01
-3.004724891325928349e-01
2.543566485639003893e-02
-1.000000000000000000e+00
-5.239759804766722651e-01
1.179932540117468315e-02
4.931588893269849283e-01
-5.512656421863946221e-01
5.550721476368127849e-01
-8.247265054247941984e-01
-8.585968722674831854e-02
-7.512684334312851042e-02
1.469951819479441424e-01
3.408430192707117001e-01
-4.522611858805458684e-01
7.289167651971758533e-01
9.967794407087752218e-01
1.576918960611101983e-01
4.667240354078953657e-01
-9.063100457377059049e-01
-1.000000000000000000e+00
5.315170731474662125e-01
-9.378748056767055585e-01
1.349403669052073873e-01
-9.923237688099776355e-01
-4.790387320034491525e-01
3.729741145765481103e-01
3.095326050519836558e-01
8.634866710869160134e-02
-8.151711819435063511e-01
6.160057348925289666e-01
-2.360655692676716655e-01
-8.474966604888414246e-01
4.780856600445491933e-02
-3.071232579334768342e-01
-4.857597289498514770e-01
-4.673843287657493684e-01
-6.062001319854750520e-02
7.340317177101480794e-01
3.308115112614254394e-02
1.000000000000000000e+00
5.001104167162305769e-01
1.000000000000000000e+00
-3.078780580458561067e-01
-3.508460617120121583e-01
-2.333417422419670484e-01
-4.569240317644124305e-01
7.968889598782485928e-02
7.816782025511681553e-02
4.943849979516483084e-01
-3.595894339341410006e-01
5.787352006736719012e-01
-5.460738713739715644e-01
6.926553269810075131e-01
7.478842824259732680e-01
1.000000000000000000e+00
-1.069740439985680386e-01
8.370582795838796830e-01
9.644584644374860627e-01
-3.773665972884837627e-01
-3.545542629520038735e-01
-2.632729767448053204e-01
8.593277801296579366e-01
1.000000000000000000e+00
-5.166708240872996960e-01
-7.695393429108304817e-01
-1.000000000000000000e+00
2.639634577678647842e-01
7.686127785466689843e-01
-4.148078201322506764e-02
3.427263908790146862e-01
3.095156151455932814e-01
-1.000000000000000000e+00
-9.979881432762904847e-01
-2.174198154632571156e-01
4.065108796598873586e-01
-4.799590842209052743e-01
-1.047432401250044942e-01
3.407323791384041511e-01
1.182315332007907310e-01
-3.974500570328780569e-01
4.132038950662638710e-01
-5.770460878304500829e-01
-2.074932149454900010e-01
8.098312902380873091e-01
6.919888855783046244e-01
9.747624982983977837e-01
-5.962221642269567301e-01
-8.213348978694514635e-01
6.493755979771334008e-01
5.006534913614560933e-01
9.858187495474719508e-01
