7.315650693158410878e-01
9.534224997345940311e-01
-7.082566587863249330e-01
-4.037097558484965543e-01
3.981053624599398266e-01
5.180759675244144269e-01
6.054347936700146260e-01
7.577870011408271989e-01
6.531422064006966455e-01
-4.301027655066290145e-01
2.695202884648327246e-01
2.205242010795697705e-01
1.466455901620997981e-01
-8.259823124333203204e-01
8.479263854815091150e-01
2.877579631707356533e-01
-3.308038850401082698e-01
3.807484818273227933e-01
1.000000000000000000e+00
1.413200155704970595e-01
3.072237816889425988e-01
6.517524692074712078e-01
-7.528856613978812673e-01
-1.897838347549358762e-01
4.012205061760067415e-01
-1.094747723539338802e-01
-7.388597912480574514e-01
2.493694444602102267e-01
-4.037494626889921445e-01
-3.089099534730291863e-01
-6.162850273179212301e-01
-9.780605496211927097e-01
4.664543725178545430e-01
1.313100191866523048e-01
1.000000000000000000e+00
-4.941324123174408167e-01
-2.768052475988891370e-01
-3.265783319811400576e-01
2.592786285877348718e-01
7.902258553038690181e-01
-3.028059643074134666e-01
9.675723079305984520e-01
1.000000000000000000e+00
8.451412112392232834e-02
-4.309437267073250033e-01
8.619200481523233703e-01
-2.233526652740676077e-01
8.878192586666387720e-02
1.488046804397614997e-01
9.694304853578006309e-01
-9.068037800130575032e-01
8.767795141501393275e-01
4.321101495891531141e-01
9.299594988207363633e-01
-6.733206635055510869e-01
6.034727199357752259e-01
3.032106259911428459e-01
-9.465903057759403882e-01
-7.594594110398564801e-01
-3.228613069600194674e-01
2.391138166662905018e-01
3.352720889746025890e-01
-3.995686922129291219e-01
4.271495275869907626e-01
-5.022144472021188299e-01
-4.666580784070344379e-01
-1.336954422606662085e-01
7.952950418877308136e-01
8.937811938550859203e-01
-3.129493104891663546e-01
-8.648219285959899416e-01
7.303565685157706877e-01
-6.463996013728484646e-01
-9.361802757176252987e-01
-2.282596221053751484e-01
-1.938746014618930591e-01
1.995000552906164293e-01
8.106501648359740742e-01
-6.819829966276830246e-01
3.692804845556580395e-01
8.997610788675041160e-01
-4.127594432255524692e-01
-2.962134556374889094e-01
4.895072691439072976e-01
-8.896569834076288874e-01
6.923219067117534209e-01
7.977359248878503895e-01
6.318189152036289835e-01
7.584141001810098537e-01
5.355172738949918188e-01
5.144127466573524821e-01
8.104765367686899147e-01
3.604597234088889324e-01
-9.144167644986179733e-01
-9.491328673870524923e-01
-2.595983378774024408e-01
-7.853434870030060466e-01
2.346511615435660225e-01
6.424424671642275930e-01
8.242099310921238153e-01
-7.361630292942639153e-01
-5.903849016853134762e-02
4.420204550297955337e-01
-2.698489448439636007e-01
1.248022621021571688e-02
-2.217066279031054687e-01
8.136534148792586851e-01
-5.870164230523839954e-01
-7.721163418990560912e-01
3.873548249692857492e-01
-6.032508843350636862e-01
-7.820382815925126518e-01
-9.641075370780856080e-01
5.306374732309135922e-01
-5.455402231652297651e-01
6.626035546333364223e-02
-5.250045487568770763e-01
-6.810258862356137755e-01
1.132558452250489456e-01
3.324290084961985248e-02
4.849034925865789436e-01
6.146787989727575674e-01
-5.695412971072384423e-01
-2.926444286488377178e-01
-3.946638299258515281e-01
-6.926353492188356276e-01
-3.108941208236306458e-02
-7.479818096340340450e-01
-1.294012634724674149e-01
-6.061721918962222899e-01
1.176719973850509221e-01
7.323104045195969469e-01
8.571873136404184468e-01
-8.804457906251698107e-01
4.638591090537913519e-01
-1.000000000000000000e+00
3.315608789639101772e-02
-4.301772672425230315e-01
-5.957276670484328296e-01
1.313483500780829039e-01
-9.052261224582311971e-01
7.376350913568514578e-01
-8.232684316510019418e-01
7.989050287215150314e-01
3.400238125090961905e-01
-3.495792642017875873e-01
9.679927155896808078e-01
1.003413901877985015e-01
4.429208985639643270e-01
-7.782972727590431461e-01
-9.451320992646105035e-01
-2.024077117321289865e-01
-6.773064291800243719e-01
3.352136121408583191e-02
-5.348436500052158316e-01
9.685432622380076850e-01
8.751862175406747157e-01
-9.308601674068964771e-01
3.046169093506617687e-02
-9.131956068469984089e-01
4.755266247453932005e-01
6.307760442830180336e-01
1.343386866212006869e-01
-9.009093988015789978e-02
-4.459641204798199809e-01
3.636160081002408617e-01
8.544773831568939215e-01
8.428713173606389164e-02
2.496316894352441640e-01
7.672544926175719482e-01
7.347666439590384568e-01
3.214759097658051457e-01
-6.628075334578678035e-01
2.665729363712280309e-01
-7.282136665312696211e-01
8.944370801541297045e-01
-5.310546331667652664e-01
-2.396787128542157697e-01
-3.623359874804352732e-01
4.064187216135950464e-02
-7.196246620556873141e-01
-7.519871974890911526e-01
-3.626688691780606821e-01
9.811228395364055554e-01
-5.050585962439368970e-01
-4.668087998460814791e-01
7.065662668744285835e-01
-5.851490999027957329e-01
2.999833884214910817e-01
-5.090870022879533385e-01
-4.226348433002360405e-01
1.971876454351340902e-01
-3.429616341084718578e-01
-8.842365474706434525e-02
6.976869906849099134e-01
8.229602297766318575e-01
-5.230260280594039024e-01
-6.357554309880462107e-01
6.652986422563422764e-01
-3.683756850330088817e-02
-1.233566948990803269e-01
-3.457523448154906642e-01
5.291685128893067191e-02
1.627008011570373891e-01
-7.285369660539120495e-01
9.129496206218215004e-01
7.779444565770766706e-01
-8.378694018874509597e-01
1.000000000000000000e+00
4.577087330695769896e-02
-1.676086095729132919e-01
-1.309423127115317831e-01
-7.018874100699996621e-01
8.087694813423096374e-01
-3.447185869414038373e-01
7.985248665652560085e-01
-4.140823920951750003e-01
-5.427932938984381117e-01
-8.676660712991887126e-01
-3.773605362503718030e-02
-6.750093992143667565e-01
-1.864855315988039053e-01
3.910492035215221152e-03
1.740767177769206864e-01
6.414322633352209646e-02
2.137158045396633788e-02
-5.306812751454235144e-01
-8.628266242664881513e-01
-2.171179717790738262e-01
4.627012794106710181e-01
-5.971195500632429098e-01
1.397321320308537174e-01
2.340850635161168536e-01
-7.375421897259459847e-01
-2.232592100872309374e-02
2.374748242543979482e-01
-2.994232736852626142e-01
9.668838904941721157e-01
5.684108173745838766e-01
-1.077810852162751909e-01
-3.997626326441929834e-01
-4.259163649366273785e-01
-9.709882068550687029e-01
4.381186299431312214e-01
9.464643883048433626e-01
-3.681133223519425512e-01
7.248158423392898619e-01
9.993479455196712102e-01
-4.588768529120996753e-01
8.513237017703486620e-01
5.301517430887691118e-01
-3.765297031058277566e-02
1.753649003399553319e-01
5.040057849554568925e-02
5.007884244332252432e-01
-2.689720760525760035e-01
2.309296136981748848e-01
4.411277873893184598e-01
-6.973786578295033955e-02
9.059186108406663829e-01
-7.069100170715169051e-01
-9.058155275076874846e-02
-6.834506784161720194e-01
2.597415121592712151e-01
-9.263898624211559518e-01
