-8.718121211035096962e-01
6.612487192184945961e-01
4.911783917483152906e-01
-8.704061327499906797e-01
6.211727551313297457e-01
-1.738001291064036335e-01
1.468266842319570498e-01
8.995906654196465790e-02
-1.880983185655732137e-01
-1.924573029641017674e-02
-9.546210898918712218e-01
1.766825281830567973e-01
7.744736611309582797e-01
-9.016200659028986153e-02
-4.519989274617881581e-01
-1.000000000000000000e+00
-8.092865394241139931e-01
-5.098545596911169264e-02
8.802832154017130595e-01
4.668333731609707882e-01
9.610195925441727960e-02
-4.088101196114557467e-02
2.037819200928269459e-01
-8.762243635318641699e-01
1.000000000000000000e+00
1.015786776332605612e-01
6.429670491136412203e-01
-5.643653785988697047e-01
-9.514702335655929044e-01
-6.325062475640961246e-01
-8.625713559401133601e-01
1.412478902841212136e-01
1.000000000000000000e+00
9.996240013813039171e-01
-8.034576607100146761e-01
6.973812091764017840e-01
-8.716748148159216836e-01
-2.272639150863923208e-01
4.849386498698586845e-01
-3.509977158376270667e-01
4.908812634081168857e-01
4.736825440010319910e-02
1.000000000000000000e+00
7.669470406921446992e-01
4.527217139377270883e-01
-7.449986948252410590e-01
8.116095606891416958e-01
7.554169374663202152e-01
-4.546596494755118512e-01
8.272338698901967602e-01
9.129826922072528106e-01
2.248777064033998518e-01
1.022836525233392635e-01
-8.454337222461547618e-01
-6.754084331295866217e-02
2.453867724549100293e-01
3.725426316980331443e-01
7.823076503786132729e-01
-9.934539125765021739e-01
-5.330502477514951210e-01
-3.226683098647719489e-02
9.241331025094626228e-02
9.647176009291167365e-01
-6.222820713872434517e-01
7.565340994902267635e-01
6.663986159015504729e-01
-5.658607797049233223e-01
3.505982740290140010e-01
9.758893628170420831e-01
-8.453748131280021116e-01
6.228129134350515184e-01
2.003037353807850529e-01
6.154848041729541613e-02
-4.695272177738761266e-01
7.771543284279083807e-02
-2.467736706912876110e-01
-1.746040143455895310e-01
6.552607413203170861e-01
5.270217620929102953e-01
2.330243139894409843e-01
-6.055504479509390414e-01
5.940358243648897751e-01
1.730282088434449417e-01
-5.128718052108114378e-01
-1.000000000000000000e+00
-8.476789529551463920e-01
1.625374514031658890e-01
-5.690745211175332052e-01
6.284555878499640258e-01
2.475685982660735807e-01
-3.006513303196706732e-01
7.695862570360458843e-01
6.131423142319345487e-01
5.085858142270467397e-01
-7.495381243345112798e-01
-1.000000000000000000e+00
-2.160349868876774992e-01
5.194508345936865723e-01
6.433303353886963283e-01
-1.809581496827438463e-01
-3.588509036038303179e-01
-6.971544332445611669e-01
-5.304252716400759127e-01
-1.645078039462334885e-01
8.497008522584259538e-01
9.369671449142225050e-01
-4.948828681116617112e-01
1.000000000000000000e+00
7.317928278128067454e-01
7.764615191643797765e-01
-7.880029875128645722e-01
7.377857055380492302e-01
-5.161090659139994097e-01
6.537050284844105885e-01
-4.492749929667478881e-01
-2.270397145050694898e-01
-6.641779969954467733e-01
6.697825279865530224e-01
6.075749957121295841e-02
-8.127094546490465365e-01
-8.718626064361469918e-01
-1.000000000000000000e+00
6.817795523780119105e-01
-9.725181923647293614e-01
8.313525481035568543e-01
7.315538322792460857e-01
1.483726352582162220e-02
1.368608254882662523e-01
4.850742370015339588e-01
-5.359954881314279440e-01
-5.483018729632760380e-01
-1.000000000000000000e+00
5.257669276391987445e-01
5.000125200241545276e-01
-2.289849485095405424e-01
-1.548348067929704308e-01
1.000000000000000000e+00
7.975625083326624010e-01
-6.603198417582973878e-01
-2.795427495429802511e-01
-8.105705775484528530e-01
-2.860718553317952439e-01
-5.489351599149081551e-01
2.942830142065079313e-01
-7.300781436342340669e-01
4.952631975657605934e-01
-4.163524813259136259e-01
7.687954892035561150e-01
5.421701672208434353e-02
1.946365907391680028e-01
6.733233457093371621e-01
-4.474809838393306594e-01
7.970084498180944887e-01
-4.666595723796989059e-01
-6.785455724923016296e-01
-7.457473126072958758e-01
-6.078564704655337048e-01
3.265790503682934887e-01
7.309868318305814960e-02
-4.566766550199949370e-01
4.313409891254805784e-01
-6.743042828445553472e-01
-5.719414269821747610e-01
-9.886303824301541088e-01
-5.882095166249290408e-01
-3.818592136958672834e-01
-7.832307639359574469e-02
9.128377357776942258e-01
-9.406915260249946176e-01
-7.852305637421108653e-01
-9.462028231070653828e-01
1.802606944861465665e-01
-5.390047707452596537e-01
-1.166824120873370396e-01
2.040810315096162064e-01
-6.117520835142945534e-01
3.388822826714908976e-01
4.168308339523290051e-01
8.260002509937660609e-01
-6.096528906311979856e-01
1.000000000000000000e+00
-3.029449822372439760e-01
-6.726144518276302442e-01
-7.554247453242148858e-01
-4.066236115733684597e-01
7.979653982019524472e-01
6.955858389412946652e-01
-4.219414114725884013e-01
1.000000000000000000e+00
-6.473620495533290997e-01
-4.732183145333821450e-01
3.934609703081892174e-01
-9.047959780472830671e-02
7.703303503778290429e-01
7.532520770944619581e-01
3.197444573083927377e-01
-7.643335370884137836e-01
6.667326561175808131e-01
-1.000000000000000000e+00
-8.028017509631212301e-01
-3.106174304861561986e-01
4.601207228119985615e-01
-6.692066043437437939e-01
-7.340817081819992485e-01
-4.862606198064463037e-01
-8.773678194577574918e-02
-3.392417306058707061e-01
-3.488976806661245322e-01
-4.824776730764080562e-02
1.706891551056051726e-01
2.479138340986107303e-01
-3.578288888388785338e-01
-4.420597202597310593e-01
7.273092569902055438e-01
-5.782279839534879562e-01
-5.725398562679135939e-01
-3.384747589655234812e-01
1.389798932536017925e-02
5.724822403701640416e-01
-2.151982944351062688e-01
-8.978524115419225793e-02
-5.479536423030315628e-01
-4.278253445931719523e-01
9.394185241486716631e-01
4.071919942406224124e-01
-5.795593697771203034e-01
-5.167207115747035617e-01
5.925466388484907920e-01
3.922856839511412730e-01
-5.520212331060875277e-01
-2.441919513919585394e-02
7.895543190574925152e-01
4.433996774002150199e-01
-1.000000000000000000e+00
3.109788124129324594e-01
7.798477557087715173e-01
-3.612163189341365821e-01
4.789890495435548123e-01
-8.605310724045269755e-01
-4.363368611549110765e-02
4.691738331127704997e-01
1.441051243651252090e-02
5.265975248594376712e-01
-2.772511755321275251e-01
-9.480580640921068003e-01
-9.578334286134232434e-02
7.387183168664156196e-02
-5.450698212986332392e-01
-6.034030685425357809e-01
-3.498803094522205670e-02
-6.821183760236533278e-01
1.281450697532603156e-01
5.578944120549242935e-01
-1.482334825274642109e-01
-7.239316239698161404e-01
-2.974510734461630612e-01
1.000000000000000000e+00
9.662197761952819874e-01
-9.913724118679446695e-01
-6.824853966747934653e-01
-2.774556475395931754e-01
-2.387172614774259460e-01
6.263153683538659200e-01
-1.369438425936022607e-01
1.369554990000029782e-01
