3.370802700307871103e-01
-1.747115043756369279e-01
-2.748641499702566549e-01
-3.546016360208814611e-01
2.395593228794343221e-02
4.302300238703236079e-01
1.050279567209819534e-02
-3.226288551900303170e-01
7.209467690553839070e-01
-2.418251179476597623e-01
8.252125841554132091e-01
-3.749796253955068326e-01
4.998035563455250907e-01
-4.479231210172938127e-01
1.964124054958144849e-01
6.203046913195353618e-01
5.612350050817357383e-01
-2.335745756129691264e-01
-6.803464552909745111e-02
1.204952866076274276e-01
2.874860070553232338e-01
-4.244873854246991596e-01
-3.170197577728677274e-01
4.029451921263574876e-01
-3.843595899215175304e-01
1.404727472016836787e-02
-6.123886972543957086e-02
2.858776085683921719e-01
-8.518338578554311702e-02
7.600487020543929273e-02
3.958716013941587786e-01
8.099773510079479044e-02
3.803061143894409524e-01
-5.140543914193161923e-01
4.478595867799325392e-01
1.958378128483362901e-01
5.800809879943700231e-01
-6.742311560759946254e-02
6.292844689707206562e-01
-3.557750394379522452e-01
-6.664474507667578207e-01
4.081990654522963946e-01
4.767297081589094154e-01
-4.348550234890738442e-01
-4.667337483700677025e-01
-5.807517252870576518e-01
2.788820081660963596e-02
5.044160505576101849e-01
-3.532677109750797517e-01
3.107550770824553665e-01
2.539846714321242205e-01
3.273738329102340305e-01
4.255489184670321334e-01
9.665553814371274921e-02
-1.630737045888377978e-01
-2.082913489522293937e-01
3.580167311576039069e-01
-1.588522807346584020e-01
-5.542510114911333163e-01
2.597410834986660366e-01
-1.793595907072274287e-01
5.368551244820783941e-01
-7.581389104355629183e-01
1.843466059316064554e-01
-4.044212033326610722e-02
-7.098147377162085103e-01
-4.618845671316746393e-01
3.729296717069117972e-02
-2.297844748334043063e-01
3.867168488708103147e-02
1.771649169634477994e-01
-2.838301570584365607e-01
1.007788323375423400e-01
-8.048689139165969841e-01
6.167096702286904986e-01
3.991556732724858003e-01
-5.656212361883308226e-01
9.036310768406247140e-03
9.651991021166209106e-02
6.625107239977691131e-01
4.813574418647476733e-02
4.570171983834716567e-01
-7.768984407578243268e-01
3.157777685657342515e-02
-2.178703687366924657e-01
-7.313976056808917381e-01
-1.559487515771297017e-01
-4.976351485146923714e-01
-4.151756956876716531e-01
-2.410672763226583415e-01
2.303291635346540467e-01
3.121162567143171973e-01
2.959168924479431140e-01
1.019949829251738521e-01
1.123766511358894604e-01
3.085157479718274587e-01
-4.596222880424899460e-01
2.433056469247608239e-02
-2.385659676882443403e-01
-3.634872099584045557e-01
-3.182590058190508664e-01
3.584779146603563893e-01
7.522498728832021087e-01
2.425501456667627231e-01
-2.919855854597493972e-01
4.312469478884640300e-02
2.320065774712990747e-01
2.659551776674044521e-01
-4.762304245159701965e-01
-4.210055260650141795e-02
5.602285918749773108e-01
-2.013067940406979839e-01
2.127288063959980879e-01
-3.719717750976730963e-02
5.825949242473332790e-02
2.292298924317481834e-01
-1.077564703142795122e-01
-5.960971830524017800e-01
-2.090174472536554529e-01
4.980074422155040814e-01
-3.895604280944717224e-01
-4.175431466426032245e-01
-5.364662982835143312e-01
-5.667715146218612610e-01
3.031732415781250578e-02
-8.177427310665044136e-01
-1.008652688921637397e-01
6.752198523060002344e-01
9.776955090819022809e-02
-3.299092313301422719e-01
5.584655085391557749e-01
6.627832261394264735e-02
-3.847762375573483551e-01
-1.428198619926508151e-01
-2.792949972831108019e-01
-1.575687727014860040e-01
2.332446457398485440e-01
4.807136865365121969e-02
1.652782639351831895e-01
2.163375336127215942e-01
-5.616322097712665995e-01
7.560755590599890774e-02
-7.638884363839362202e-01
6.595043413202750227e-01
9.160509934164783041e-02
5.931169572801441026e-02
4.406958836303666582e-01
6.106150715715262800e-01
1.205229306529611438e-02
-1.405587050720193965e-01
3.981787077489843396e-01
8.146973387481333262e-01
5.504490942074946602e-01
-3.795064363284669229e-01
6.591156386538012113e-02
-4.266168028766176290e-01
5.801172929522553645e-02
-1.757514919033340006e-01
6.206115904804212491e-01
-1.764387094524190180e-01
1.122280164196241825e-01
6.759475792934543925e-02
-5.911326832079886184e-01
-3.447532589133780467e-01
3.314698520845343888e-01
4.690435289391559071e-02
9.973738825169384259e-02
7.210294438920775706e-01
2.256742609562860380e-01
-2.997322243655864416e-01
2.047514893653207824e-01
-3.947409042124979534e-02
-5.229062567439869413e-01
-7.052586051071770834e-01
-1.848540071454347067e-01
-5.102121631067861873e-01
-2.267338872653580362e-01
8.894988435447850894e-02
-9.423539826317092749e-03
-7.096188202520882227e-01
-2.000946891968520269e-01
5.817470814878747953e-01
-5.362429107390144223e-01
-2.130931896131160463e-01
-1.350941807027554176e-01
2.436767943152111648e-01
4.457143659545299008e-01
-1.238539428669039461e-01
1.551190224137922180e-01
-5.913093335751145041e-01
4.440097480608051761e-01
-1.341185897257706483e-01
7.263963659575778387e-02
3.089338390060974993e-01
-2.400424794890618774e-01
2.700172162215555560e-01
4.963102177730479569e-01
-2.273950933695499665e-01
-3.803757681467045404e-01
5.347511059621082863e-01
-1.245682488939653942e-01
-2.897222778876020755e-01
-6.312155053997298149e-02
1.577706101178008025e-01
-4.009704714014927784e-01
-1.408829347793553177e-01
8.246872601469830144e-01
-2.806184888994547322e-01
6.068542142431936348e-01
-4.365847899298718193e-01
-7.201102627297721881e-01
-2.307895053468206892e-01
1.635978126622724960e-01
3.820042854601461424e-01
-9.153232502492561484e-02
1.538672510810208116e-01
4.069878433951154006e-01
7.444803813704496953e-01
1.885749890982626464e-01
2.712234769736050488e-01
6.405587528789502549e-02
-1.227181491664640911e-01
2.026831703165258292e-01
-1.942029812064685335e-01
4.954177152316066590e-01
-3.377897394228624450e-01
-5.486154395399056583e-01
-3.879712664935353050e-01
-3.197948615400464378e-01
2.480028997333076635e-01
1.400181068371256221e-02
-1.444516416834376038e-01
-5.157825889012206400e-01
-1.946173721851614524e-01
4.585945146825972651e-01
6.769875571434922357e-01
-7.048869070125133307e-01
-1.192193595895455760e-01
-3.935955831379804315e-01
-5.784031865095996539e-01
2.496135485019694289e-01
3.667102716895035974e-01
1.579137346172621303e-01
1.743864302514124276e-01
3.630705815706988249e-01
-4.836505749013843003e-01
-2.320132130638615786e-01
-1.776808981732569404e-01
6.031182513531325728e-01
-3.754725986153935047e-01
1.263418273256431967e-01
6.883801710236386873e-01
5.060777220139345278e-01
4.789339684148741227e-01
-6.320798521048085483e-01
-2.834556214440929756e-01
-1.295497081628957103e-01
-4.033646070021693064e-02
2.133658460508325305e-01
-7.108454961650512161e-01
-4.309671379801626179e-01
1.512409915143932138e-01
1.126833716269572405e-01
4.350567734186969182e-01
3.610722167299519891e-01
