2.118281816715038013e-01
6.233932313920580448e-01
3.797515680788644543e-01
1.000000000000000000e+00
-6.247794189309510693e-02
-5.746011347427169014e-01
3.532955778443618300e-01
5.848306995998948654e-01
7.680032026812768642e-01
5.271698911919838748e-01
8.783411621118262236e-01
-1.000000000000000000e+00
-7.261122943943703056e-01
3.088377728135819900e-01
6.160964646360298502e-01
2.622248430796914054e-01
-2.501660206938298714e-01
-1.291349320271805157e-01
7.825162811257224682e-01
2.253310463979879552e-01
-9.074077676147638272e-01
6.681513833986443274e-01
9.707738917022319391e-01
-8.724663181303869974e-01
-3.548866999227844876e-01
-3.621512362198822110e-01
3.763519626279057118e-01
-7.726742189283350992e-01
6.033825922934692443e-01
-4.057070564625585574e-01
1.000000000000000000e+00
7.070607884414210620e-01
-6.644082627145654618e-02
7.960085942740441345e-01
-2.590139948104157042e-01
2.725141505326950653e-01
-1.723403750665555845e-03
-1.000000000000000000e+00
-7.224498897667508412e-01
1.814918505910458335e-01
-1.598693709308952882e-02
3.175569011818419329e-01
-3.121014981693174817e-01
-5.891524588727481415e-01
-2.063848750281229716e-01
4.496188071941587538e-01
1.821496060518709714e-02
-4.171785751154040711e-01
-3.315021286701700376e-01
1.113624924364697011e-01
1.000000000000000000e+00
8.504866104976730456e-01
7.709370678005286193e-01
-4.272880767376230904e-01
-5.669010130242424506e-01
6.868330625640059472e-02
7.680280342279807160e-01
7.636089647886982190e-01
-5.839651483471928195e-01
8.567362772755071632e-01
4.610964059379338842e-01
4.290134675305906087e-01
-4.117684847088300959e-01
-9.312436081232590146e-01
3.967717934063272334e-01
1.025704255933652664e-01
-3.440413212515647245e-01
2.518073414422236089e-01
-8.409129484220883022e-01
-7.525977035649977775e-01
-1.263484246715689818e-01
-4.198628261071757906e-01
-1.000000000000000000e+00
1.010843904606748000e-03
2.743978898183652149e-01
-3.041385407605003977e-01
3.584052931767913591e-02
4.417713593322258880e-01
4.374311420952691765e-01
-4.344836054280218351e-01
-2.193106782854056247e-01
3.904494463271698246e-01
8.168367917144487844e-01
4.517234953579034595e-01
1.643897261480952998e-01
2.240676284639976923e-01
6.450591074254468094e-01
3.989380828184896921e-01
-4.251543112464795104e-01
3.256654576354540698e-01
-4.027885769991597087e-01
5.308195063507344935e-01
6.229922615794662999e-01
-9.510091603850754360e-01
5.873268287675199595e-01
2.249615927220952327e-01
7.625161981605473871e-01
4.108628617567208763e-01
-7.440238217436544454e-01
6.196837167795026247e-01
-6.462783302581016631e-01
3.278073652048372200e-01
6.665987093210385961e-01
6.849967773924083847e-01
-2.632532377928529232e-01
-1.267144297110271434e-01
2.287074354678037824e-01
2.070480954811215746e-01
-1.102365808234835320e-01
5.041157614274592857e-01
9.995326300554234766e-01
3.859809236196086735e-01
6.342244701128660900e-01
7.710726936570280188e-01
-7.014346993364564131e-01
-3.805119161649872517e-02
7.225021892779337485e-01
6.253288949168074318e-01
7.538206376559137833e-01
-4.920093978546970503e-01
1.000000000000000000e+00
-3.351763855229517586e-01
4.341871712421088714e-02
-2.836035226869674242e-01
5.803374332315576478e-02
-5.469021263795657006e-01
7.363419653788841890e-01
1.000000000000000000e+00
-1.412795656226517593e-01
2.771537953639150453e-01
3.057985768715567598e-01
8.725773014114489579e-01
4.784947576629998700e-01
2.278139147813020293e-01
4.708856460268551203e-01
-4.873502830649477646e-01
5.982855572943767131e-01
5.867189230323308635e-01
6.628890041419350787e-01
3.815559767016536014e-02
4.511764271945859495e-01
-2.607182956758619108e-01
4.799989962978302716e-01
-6.781443600901677637e-01
7.966904295629861910e-01
6.399987903017511082e-01
-6.286470249866539239e-01
1.842499943914104321e-01
-6.082039024298969698e-01
-9.668927845460815185e-01
-6.812872198268883350e-01
-4.037772505093428776e-02
-5.301254018818010172e-01
-1.000000000000000000e+00
9.802366887218292302e-01
9.339707787110734794e-01
7.306051154016264260e-01
7.940253244710204772e-01
7.452767745505366470e-01
7.213499571622085382e-02
5.676574226343262808e-01
-9.038078018065788255e-01
-4.075536160678454034e-01
-4.508382420647654154e-01
-1.437508816526832101e-01
7.738170205910913646e-01
-1.138141744254200782e-02
6.866910851147124406e-01
6.714437428148967157e-01
8.132143495295768298e-02
-9.222799818988869358e-01
7.777924131378829431e-01
4.277764979396444511e-01
8.948122544498117170e-01
3.886468050450995193e-01
7.300104801994375947e-01
-9.769916522244180834e-01
-5.057684582647278271e-01
-6.370452890228035514e-01
1.497693501443265185e-01
1.096097617138314106e-02
-2.251965576218907250e-01
-6.129250806833259624e-01
-5.099336377264822306e-02
9.411091898735823857e-01
-4.259431935439168537e-01
-5.561212743395977931e-01
-9.489123180718200823e-02
-9.922949254623338877e-01
5.115126599525054996e-02
-1.000000000000000000e+00
5.385743778893312683e-01
-4.178164017442545508e-01
-3.439861928882915754e-01
-4.753800601997831832e-01
1.612553126095314093e-01
9.159552128508746671e-01
-5.416557111280317915e-01
-7.981256841917934164e-01
-8.927718211777653234e-01
6.161319031357190279e-02
7.010807932015480359e-01
-9.324053290940736982e-01
7.221308557908034942e-01
5.344285386284811645e-01
-1.000000000000000000e+00
-9.275994733685081206e-01
5.546967929698747302e-01
2.954087550455936628e-01
5.795753137919875675e-01
9.465795409478687805e-01
2.502281921719266139e-02
-4.187419949997500113e-01
4.912614078628412262e-01
-3.416241307844210540e-01
-5.066111221092592931e-01
4.853333960450171292e-01
-9.222955167828188194e-02
-5.458046589775034096e-01
-6.177486435889998351e-01
-6.743464541066609419e-01
-1.846830605377470236e-01
3.614814781738995286e-01
-5.442369487907015857e-02
-5.636497648193428134e-01
-9.282681540877346649e-01
-5.472287811117608758e-01
1.000000000000000000e+00
2.156001293001270636e-01
-6.563982217317132495e-01
5.429478781129518095e-02
1.221785547872812350e-01
6.944391466444750360e-01
-4.281278356200809987e-02
3.710193323431285051e-01
3.920464425793890317e-01
8.301342019833846120e-02
-2.542986973959262542e-01
7.008895086853554890e-01
-4.239561941040791149e-02
5.129552218020309029e-01
-4.916864520044024189e-01
5.001769923721588462e-02
1.158117992869334978e-01
7.770126420426897162e-01
1.882606275199215640e-01
6.674153681307208874e-01
3.097107892417245156e-01
5.414288500502444368e-01
6.559879427580755928e-01
3.912245600567613169e-01
9.915864307896836705e-01
5.475627463559786801e-01
4.049283894355149016e-01
3.662368818534378345e-01
-1.372731048244176244e-01
6.536096857630226131e-02
-2.783087380858869642e-01
-5.165287589556335490e-01
-3.639263167936841459e-01
-7.426998747102738774e-01
-4.781272808525611762e-01
-3.338820504287426383e-02
3.716450451231369523e-01
2.250029888963412522e-02
