8.983843089121354986e-01
3.735646600087889624e-01
5.703296898509069290e-01
6.148017537592329607e-01
7.941242724860018143e-01
4.249483133818861003e-01
3.592135399131772822e-01
9.485412122396743584e-01
2.804286295734334522e-01
-8.148838639895239488e-01
-6.316957060297273552e-01
-9.776612034016660679e-01
-2.642308725715265538e-01
6.893381797909090558e-01
8.125407841761522754e-02
-9.479480540395095467e-01
-4.521622844201453884e-01
8.943651798997087621e-01
9.190397448291069971e-01
-9.432788716213400537e-01
4.054437684522491647e-01
-2.633554678329601551e-01
-5.748808007369647921e-01
-6.528943765810433231e-01
-7.497861451161809132e-01
-6.402645106325850488e-01
-9.947495230988872006e-01
8.482502101306157449e-01
1.072031622973937948e+00
-5.674625728723980966e-01
7.390609164540163922e-01
1.528524194214633258e-01
-4.328960126748132575e-01
7.411025784660008053e-01
-4.079201683779279941e-01
-3.202733554807382643e-01
5.213586632833084877e-01
-1.692412497012127023e-02
-2.874064637821434065e-01
-8.746425464084585100e-01
9.004564393738954120e-01
-5.880517577271389129e-01
6.498098244098911014e-01
7.497140581417438554e-02
-6.266056844821776828e-01
4.698310143730708432e-01
-6.969069099196806283e-01
-6.752364528799448262e-01
-6.512004157976334362e-01
-3.492337550921522094e-01
7.268451925058831975e-01
-6.202598274318411598e-01
-7.088215828201335778e-02
8.151328652929650254e-01
1.586648077982162341e-01
8.637432685793732245e-01
-5.288332776560809023e-01
-6.126636730461876290e-01
-8.506595568824926179e-01
6.283872073546886705e-01
-5.435966923048152211e-01
-2.481246916932360325e-01
3.746919851985166527e-01
9.150691363112606336e-01
-8.535714200314761246e-01
3.570075474658889192e-01
-1.056282469145460867e+00
1.053306001615597343e-01
-5.074751151516518899e-01
-2.992336974742582090e-01
6.874325536482828181e-01
-3.574417918431720409e-01
-7.064404463545811419e-01
-3.082394933067820197e-01
-5.813394445260993137e-01
-2.588644201321523841e-01
-5.409852242959043434e-01
3.027665056430350887e-02
-9.560789932482782749e-01
3.038216041260929368e-01
5.696870980624585412e-01
-1.287975966029446528e-01
8.766638265286326170e-01
5.872413017722417639e-01
9.160404636690293589e-01
6.220500255461591799e-02
-1.385747443198370732e-01
3.933857818604931667e-01
5.810738096648092599e-01
-2.763298901462378776e-01
1.080365825316587092e-02
-5.646240746572095404e-01
8.870167034781453186e-01
4.344413660002208744e-01
-2.415586947209237556e-01
1.158423716112015889e-01
8.958840641661302007e-01
-3.293796739524246231e-01
6.946724528536174503e-03
-9.919173286406075540e-01
5.877317398421481043e-01
-6.921529894805041883e-01
6.480202580738891882e-02
-6.224774422155699982e-01
7.726407682938448707e-01
1.334751421764366341e-01
8.976071067747055654e-01
3.060715027007803735e-01
-2.851115886321575754e-01
7.594025281804994698e-01
3.374544771594856218e-02
-9.610805103643789149e-01
-5.202733047733061333e-01
6.422590533992803552e-01
9.374457582528010757e-01
-6.130827069428877729e-02
6.492281680676366129e-01
2.303270878629223029e-01
7.366589333347985935e-01
5.009726003988010934e-01
-8.777352604815538140e-01
4.203552086851296554e-01
-8.178250192696430165e-01
4.383536482182621152e-01
-7.982994976777761931e-01
5.354634037313330541e-01
8.142453813142773722e-01
1.329499139775833783e-01
-3.560717885879951528e-01
3.377454466290377155e-01
-4.536495598992114076e-01
-8.971721468568165658e-01
3.331463258381328618e-01
7.599896704423447780e-01
-2.469941214530069207e-01
6.948775762567009906e-01
-4.777012630074086719e-01
1.049778464956023116e+00
2.248219409751121278e-01
9.049456872610983638e-01
-2.680758702594160381e-01
1.106614612526100938e+00
-2.470589330096095715e-02
2.431003842805230519e-01
-1.815795552189933826e-01
-6.504164669882011030e-01
2.057162257267524663e-01
-5.924754217680214818e-01
-1.484821681306551788e-01
-4.507239261433113597e-01
-5.253647733495605543e-01
8.844008519082224851e-02
-6.118802528518394457e-01
2.274511435685558913e-01
9.202397157209569745e-01
-2.536706609211096253e-01
-7.732977598471084679e-01
-9.072558968175701288e-01
-2.273021166896540268e-01
5.825377466716674668e-01
-7.512179514606498465e-01
-1.624576043501801959e-01
6.514857374603958418e-01
-4.227420244345786449e-02
6.914372937011641351e-01
-4.003358812923184518e-01
-5.676525391961139144e-01
4.213835421154592531e-01
5.262229538012579422e-01
5.321767137069232101e-01
4.132562575543907712e-02
-1.004791517850581961e+00
-6.395934380652420481e-01
-2.253316996037386666e-01
-3.768491523936123855e-01
7.459156636570603016e-01
1.327224314995802956e-01
-9.409881771226771274e-01
-4.347673134967263708e-01
6.329413994805230814e-01
-2.054563622674650814e-01
-6.545621070044067569e-01
6.043769987952354317e-01
-9.532163789751679772e-02
-1.047451769867851379e+00
3.410083092752527190e-01
2.993346306974871696e-01
6.733114749265500798e-01
5.187301662045095130e-01
8.630655863033065422e-01
-6.938027291573316546e-01
-6.340404358938735996e-01
-4.130798923545964674e-01
4.100059013148036335e-01
-2.006148465220602972e-01
-5.807095617753645911e-01
-8.976441605809452051e-01
3.019398210970591911e-02
3.393829111947616606e-01
-9.444796718359516063e-02
-9.636130846288104568e-01
-9.763059558744264788e-01
8.163523846336194767e-01
-7.017570921706146603e-01
1.307458215690075476e-01
-2.039823232427773192e-01
9.033115575881576209e-01
-9.938459047780408007e-01
-1.145334153585140236e-01
1.349373743058175368e-01
-6.839850843959842663e-01
-1.027913625988692292e+00
-6.795869326948198452e-01
8.143595450020082449e-01
1.758921593712363951e-01
-7.169852028615367190e-02
-2.158474500330374024e-01
8.394121091227857434e-02
-4.895452905991233283e-01
-1.572925973477830586e-01
7.944894105476614232e-01
-9.480153593180962179e-01
1.086459181733195667e+00
-7.799069361975332626e-01
-5.585055374716018095e-01
-8.288126976148222358e-01
-8.978467510843133326e-01
-9.401251621341621956e-01
1.219315455852496566e-01
7.528737254244544097e-02
-1.929469687745315465e-01
-5.125713479401561301e-02
-2.257530766148287960e-01
-9.400606664614565844e-01
9.516054684939569963e-01
-2.297813612413839301e-01
3.413337636789153251e-01
7.397212567262777538e-01
1.310378944731012130e-01
-1.798368515303445381e-01
6.943572332165610650e-01
4.740339596440540371e-01
2.139909846023555218e-01
4.502544501343316297e-01
6.435123342058229889e-02
-9.275256255623585133e-01
9.077806270502584152e-01
8.971948236000681920e-01
-1.163947867487455934e-01
-5.304275306998313955e-01
4.618671401888693739e-01
-7.169965630659027589e-01
-1.953929116969732593e-02
8.013409766901149478e-01
4.327090508405757596e-01
-7.902102657758844906e-01
5.918929056791621957e-01
-4.200794322619178511e-01
7.158599036190169684e-01
-9.262962688160505387e-01
-4.995989305534944691e-01
3.701269144910486197e-01
-1.017464145854268809e+00
1.008053739099814772e+00
-9.328850076160521976e-01
