-6.627103268880580877e-01
2.444556133791682129e-01
1.000000000000000000e+00
-4.369311709392165177e-02
5.374542651905507284e-01
-5.497465999679590487e-01
9.805807421300988258e-01
-2.663621329639966062e-02
-8.223058290877065524e-01
1.882847752475858005e-02
5.254801832281360552e-01
-4.769515420899379521e-01
-7.443784481477317971e-01
-3.786467289199188513e-01
2.500502387760694667e-01
-6.888420233774921186e-01
-1.516242320721654657e-01
9.868847662743968074e-02
-8.255681775104066755e-01
4.992242665061966678e-01
-7.069883416270339449e-02
-8.819468615525589694e-01
-7.034867766932245692e-01
-7.179310172274910862e-01
5.073231154284991717e-01
8.402319088899721233e-01
9.216905013559956172e-01
1.795787039925473838e-01
-4.555109341389422806e-01
1.263083252668684153e-02
4.349675128501349214e-02
-5.609585062217157247e-01
3.816227874428725908e-01
7.238634702250951181e-01
3.748179211596758265e-03
1.610741026562329814e-01
7.326223377682428151e-01
5.890104645621013074e-02
-1.017567541061821235e-01
-2.226284218516981495e-01
-1.529162724445924937e-01
-7.242203357825945931e-01
-1.531682813151977740e-01
5.916350776507426357e-01
-2.544402490123604532e-01
-5.480506360423631484e-02
1.979963881290751626e-01
3.823052041233416798e-01
-5.401371574420060773e-01
6.104860520027916015e-01
7.361281350636375009e-01
4.795431979517311705e-01
-4.260453730457719468e-01
-4.025866545320587742e-01
-3.955260860453434502e-01
-1.827629533435100595e-01
8.910928715400834310e-01
2.360427144286627588e-01
9.558074318332479002e-01
-1.616168658257838286e-01
-1.000000000000000000e+00
2.546545618288302837e-01
1.000000000000000000e+00
3.954181519803549039e-01
1.490594341844173609e-01
9.269487065671209169e-01
8.773426162873376732e-01
2.279515831080844990e-01
-9.956479364954277100e-01
5.932221724753541370e-01
-2.461964413170798505e-01
-2.180378247900933708e-01
-4.866467946563897140e-01
-9.541122269687118962e-01
3.761166022691814215e-01
5.395063550357820370e-02
-6.644995520357921404e-01
2.697371832260065938e-01
1.411394503650009180e-01
5.318573452081569730e-01
5.970290932053677890e-01
-9.524637972152750764e-01
2.007378559343931876e-02
-8.270783848090627055e-01
1.480989642214891044e-01
5.179436391218480429e-01
-2.625030051621707328e-01
-5.711109974721839677e-01
4.897015153030227497e-01
-5.940412667019951964e-01
1.322874730953018663e-01
7.571442626360846972e-01
7.614677353126808601e-01
-9.630434632620166191e-01
6.795077104724527306e-01
-1.342797232681677833e-01
-8.149572910559249594e-01
-3.958598951278424760e-01
-3.116506979038476399e-01
-5.734330139172506557e-01
-6.132772084427607906e-01
-4.527170553892130300e-01
-5.955398266383784556e-01
7.112756003291161866e-01
-4.274693955816641355e-01
-6.954421287321956857e-01
4.556458437644647086e-01
-6.385250862332459976e-01
-4.682926081358613768e-01
-7.308065805364410972e-01
3.924850559002506234e-01
-1.277344584979878683e-01
5.306780346238548773e-02
-7.507416684826511144e-01
7.286088152007210716e-01
-8.306241144087420647e-01
6.909723636923610357e-01
-6.040758613575855640e-02
1.000000000000000000e+00
7.968712100690018563e-01
6.001141929876275816e-01
-4.935097000589328542e-01
-1.167051684352593544e-01
5.389962724680639194e-01
-4.178025952428304768e-01
8.130831666674633862e-01
4.400165846473075293e-02
-1.153857899651801744e-01
6.075399115211328471e-01
5.653947758696366011e-01
4.158300577990128311e-01
6.067975333581551722e-02
-1.329807509317320613e-01
-9.543177809828102820e-01
5.008180667915007600e-01
3.382155066754788386e-01
-8.675931910131724489e-01
1.000000000000000000e+00
1.167514806651670511e-03
6.442173441824023961e-01
2.709367545261051613e-01
-5.933173103125355397e-01
1.147287432613608438e-02
-5.951173386066355153e-01
-1.662251603485527807e-01
6.412079296128504469e-01
-1.753824331814496651e-01
4.819488548127787153e-01
-2.535253704352842252e-01
-4.811409453948074511e-01
-1.000000000000000000e+00
-9.226057959957454369e-01
-6.658646099185115685e-02
6.552858630329819745e-01
-2.956009315757764377e-01
-2.123236200056876632e-01
-2.492901998729375457e-01
7.683411420138808179e-01
9.354148131508484010e-01
6.842805008344013951e-01
2.845139734743427073e-01
9.521186016716153278e-01
8.127341522787430161e-01
-5.224331161428821257e-01
-8.408668324160287755e-01
-7.253484352248661393e-01
-3.820352955936814343e-01
-3.036976294190749659e-01
3.553479298936275677e-01
-3.157981988232206882e-01
-9.284644253886474852e-01
7.664628020148154253e-01
1.884379048996189798e-01
-2.293526347771526752e-01
9.894768342682283002e-01
-4.638064478935534085e-01
7.864687114818300628e-01
6.060407467657290548e-01
2.415818793190287472e-01
1.376352389328261427e-01
5.093092080179661973e-01
-4.728711851087288309e-01
8.398170331661382049e-01
-6.744594537660197897e-01
-8.157844259864737158e-01
2.016943220618304389e-01
2.498345948502722624e-01
9.109389819049917847e-02
3.198516935216302870e-01
-2.966146441301242831e-01
8.435545968356288338e-01
1.357002105937135106e-01
-8.929027949645933493e-01
-5.110542395095849511e-01
-1.356460806197112012e-01
9.247088766591538000e-01
-7.455133641484150697e-01
7.420903792564632617e-01
8.705137793123807199e-01
1.889471958803788931e-01
-1.284934218141693396e-01
-8.668134657967441203e-01
4.006731992295174960e-01
8.762538650210238700e-02
8.092122314470089339e-01
7.476553508768357670e-01
7.858713039796853816e-02
-6.804833885134533578e-01
-3.135258359761616820e-01
7.070726602762444912e-01
9.016027833993629503e-01
-1.005751439718158835e-01
-7.295313981040980611e-01
3.403325724934682661e-01
-1.000000000000000000e+00
5.082726415369616113e-01
1.000000000000000000e+00
8.629203335253829987e-01
-8.260289858997842405e-01
5.361937844522985941e-01
5.556682436353215238e-01
3.243213847671650996e-01
-9.968782314567807834e-01
9.105912873591741619e-01
-2.703700347848769781e-01
5.789811932087962631e-02
-4.331586702694214530e-01
-8.609965308872131740e-01
4.524291536329310137e-01
7.215492793464883814e-01
-4.493796860960870831e-01
7.490455486125915940e-02
-3.039324928389903757e-01
-6.598637522903483266e-02
3.645582510594662651e-01
-8.003029243185657560e-01
5.594704133195071982e-01
8.767966574331603757e-01
3.992627816359221038e-01
9.267274857862568549e-01
-5.805589522894067933e-01
-4.065946341018514265e-01
-7.824006399939202883e-01
3.156990129410152668e-01
-2.206139310411853460e-01
-7.546339145699787476e-01
-2.480783101818149761e-01
-8.048159326839112726e-01
-4.117765289243739413e-01
7.301334925421920641e-01
8.475768926930282721e-01
9.695091642258226727e-01
-1.817324680141270132e-01
3.146787490820133204e-01
9.375328742601606036e-02
-9.522241349885971484e-01
-3.686539717449367481e-01
-7.620091332207115098e-01
-3.489212913717418818e-01
-6.225287206797336381e-01
-1.533350833328983587e-01
-2.869263173380180443e-01
-4.841952317239812675e-01
4.650460885659511989e-01
4.442281350380146154e-01
