1.667080037326194031e-01
-7.337004818209893475e-01
-2.178962994018645016e-01
2.158068190419346055e-01
3.422313469586349410e-01
1.157806551520407790e-01
1.380456362355776123e-01
-3.062493635406079301e-02
-2.854294767303772185e-01
-1.332104794460215180e-01
4.001541503790687071e-01
3.840796956768813830e-01
9.293014311775055214e-02
-8.145528621806766845e-01
-3.798208815773201352e-01
-5.624070307066580954e-01
7.135506783954800869e-02
8.493035300301428059e-01
-2.823545074694550072e-02
6.788822179060795270e-02
3.840376052588945210e-02
-6.516168420190748822e-01
-5.271182038497648215e-01
-1.155343266294690530e-01
3.285006092434969438e-01
4.469913563617938790e-02
4.029435242719481280e-02
3.404748076608303253e-01
-4.566973144890545955e-02
6.430149503240659703e-01
3.506689682888690096e-01
-6.467280556186125740e-01
7.829105894877887994e-01
-4.501603320592442170e-01
-8.336791055554698682e-02
-1.920691531819420927e-01
-7.826293449393822987e-02
-1.727316646758526586e-01
2.208208013810780690e-01
1.285894211220729444e-01
6.978466290846674358e-01
-2.228985952814880322e-01
-4.126265145110309951e-01
-5.779192990682849862e-01
-5.564240547209886589e-01
1.166525736044887185e-01
2.315947158138685624e-01
-2.762311483969341896e-01
-6.191006690345498553e-01
2.212327299056963612e-02
6.497611915021919149e-01
-3.831116631812802598e-01
3.894237735115868571e-02
-4.211372632551824702e-01
-3.338303930169587153e-01
-3.116186227077977211e-02
-1.239274086487790749e-01
-2.625690043806375717e-01
-1.257828726648662354e-01
-2.038646798132903448e-01
-1.162703443772969414e-02
-5.668445846175541591e-01
5.122549194812846540e-01
3.918590576698049444e-01
-1.546699713141263255e-01
-5.606427851361373005e-01
-6.781811981223947461e-01
-5.655016821189651904e-02
1.166868705118023208e-01
6.704993046270250057e-01
2.615081164922639090e-01
8.318797448497344815e-01
3.182701318141700764e-02
1.158200594403988037e-02
3.750824507868346647e-01
-3.862423896161110148e-02
-6.800463926520119440e-01
3.163992753046138695e-01
-2.086043321927145699e-01
-5.888998822354457596e-02
1.306685953019149360e-01
5.400332692795867251e-02
5.406440814968735964e-01
4.327565391690031960e-01
-2.196008971090627204e-01
-3.407663552344634139e-01
-9.768393085689655586e-02
-2.024716732950185838e-01
3.022577227300721758e-01
2.885557373654222824e-01
5.511058304061027258e-01
1.053440225285914855e-01
-8.568222749599564425e-01
-1.150506236952436590e-02
-4.623854145249370884e-01
-3.429077108894279524e-01
-2.533814816691365435e-01
-7.325327275107137992e-02
4.439841266099399109e-01
1.310595085998112752e-01
-4.273202033518465337e-02
7.858130801916467512e-01
1.279692900787113008e-01
-1.815685756517708138e-01
4.691080003924517072e-01
-5.143788568605776046e-01
-1.876572255848164561e-01
3.257779370671580743e-01
-3.148939450442681531e-01
-7.365830133232580401e-01
-8.537910114504729808e-01
-2.904849515444518637e-02
1.117695563523060792e-01
6.391363578434177128e-01
-7.635019951623787104e-01
-5.548636372614689227e-01
-2.517978017114883005e-02
1.613788301226282140e-02
-4.896321153696075457e-01
2.018740009974795968e-01
-4.303849067105391946e-01
2.284661776299197755e-01
5.853299298907477244e-01
4.306108335149003707e-01
7.103561160162896737e-02
7.327708883315109389e-02
-9.382628009946478720e-01
-3.416328828047264787e-01
7.132830780492653844e-01
3.157978967800240677e-01
8.741175934967067018e-01
6.426535348511641654e-01
-1.709159834921125387e-01
-7.111010480617127594e-02
-6.088129355715152791e-01
3.750894062078320990e-01
-1.249764726875550735e-01
-4.000198898955794613e-01
4.306558027782234066e-01
3.810600767644379827e-01
-3.315668257617726544e-03
-4.298067581860358366e-02
8.544282980766104707e-01
5.059933905054974090e-01
-5.528993366385949182e-01
-1.554192539756174829e-01
1.465259188122450817e-01
-7.068639430767105214e-01
1.209787166657660951e-02
5.646771734285760402e-02
-1.488871576110378236e-01
-4.953446722562627746e-01
4.731950800958449888e-01
-1.761540564910297757e-01
-7.720937203377968849e-01
4.131439752219921990e-01
9.119220808186857541e-01
1.355417871314232303e-01
2.278565328391715661e-01
-1.270484843764693172e-01
5.816870801812076275e-01
-3.096793231187716655e-02
-1.429994112207105261e-01
5.194682006981220512e-01
7.097601009386993454e-01
5.935178261490808849e-01
2.933435823604891302e-01
-2.289316435666769456e-01
2.359606286413079568e-02
3.582973311243974335e-01
-1.359255204501655934e-01
-6.723785025891850786e-01
-2.013603542035341532e-01
2.197264371544134787e-01
4.829573617085798631e-02
-1.483511330294828845e-01
-6.862110035110788320e-02
3.026216261054823775e-01
-2.239228203786789440e-01
-3.293106838173068818e-01
5.963157578613582643e-01
5.081397605114712501e-02
5.744792984872695296e-01
2.047569090268118175e-01
7.022036020767002951e-02
2.612310168487508300e-02
-4.473661591403504945e-01
-7.739162944267203859e-01
-4.356550590487962560e-01
5.280934874346349117e-02
-4.316012611118640319e-01
1.727868001982612589e-01
5.306224638117219561e-01
-9.200234273933639573e-01
-8.326604218529792822e-02
2.078663195001673181e-02
-1.309283969576016116e-01
1.598220441783679280e-01
-3.455533200059494048e-01
-1.044525704059032223e-01
5.957442513296488107e-01
-1.940918635207785348e-01
7.924965098404133101e-01
-7.659728957156508589e-02
-8.070518540397744744e-02
-1.657988653233724297e-01
1.135167196820945357e-01
-1.055177265629874545e-01
4.551275577601512357e-01
-2.155200343259159601e-01
-1.449754162266166380e-01
3.059322432272486569e-01
-4.290931831435662591e-01
5.660954762513374927e-01
-5.620437694570343257e-02
-4.459092062134430157e-02
-6.124610516082141798e-01
-5.724101531975041013e-01
5.096064741776351603e-01
-4.351228406765287882e-01
4.877393812809045492e-01
1.834389422778429091e-01
-3.344063789161604849e-01
2.621971166122527008e-01
6.469005232060787147e-01
-1.665672321312445248e-01
-8.423238169431801481e-03
2.935419527649096305e-01
4.739057066343367319e-01
-3.415582276279888752e-01
3.879626661261670328e-02
4.833157739897628313e-01
-3.695029304309810358e-01
-4.845048852878153234e-02
1.024315809084802992e-01
6.071886795602718379e-02
7.049871815346815673e-02
6.336227192778517980e-02
5.680042343825802975e-01
4.044387382438829892e-02
8.928193861668487497e-01
4.426555430055677531e-01
1.243736524006121558e-01
6.745343715123083839e-02
3.047701299398205554e-01
-6.294419640615332712e-02
-5.414190235681574093e-01
-1.964812423879448433e-01
-4.730190703469649288e-02
2.188491616424048103e-01
-1.627494099461770927e-02
-3.553637134788072416e-01
-1.781416555729815332e-01
3.035950918487816119e-02
5.333714699062923614e-01
-5.413140387204965487e-01
1.508729392252012580e-01
-1.336484275609669814e-01
-4.018596152771473917e-02
3.636523107102281882e-01
-1.375178239278566916e-01
6.521658566199748375e-01
1.884550061150852829e-01
3.115924051885785584e-01
2.010232549061377050e-01
