-1.269633912084626171e-01
-8.733982179985352867e-02
-1.105879004850094660e-01
-3.931423041626978115e-02
5.452516540048828464e-01
-1.156997137416085897e-01
8.344881636230925270e-01
-1.437803319521986367e-01
2.921450919760231607e-02
3.006287963393023399e-01
2.264629147476391324e-01
1.175435779963555638e-01
-2.603053465769162300e-01
6.176611832117867573e-01
-9.606138690244330619e-03
-6.427566067287664442e-01
3.411947462353047134e-01
3.324102477089315721e-01
4.754582796816582690e-01
1.509859806565521101e-01
1.524057235649262654e-01
4.125283308094266355e-01
-1.367214917948016417e-01
-1.353657642892617807e-01
-1.407977926391113799e-01
-7.143524356972049683e-01
-5.921360361392484506e-02
6.531314411958898114e-02
1.908653656523917330e-01
1.631500035181431690e-02
2.767106316912877895e-01
-6.995949931946608968e-01
3.157885770609595855e-01
2.492101119555562572e-01
-4.023343982463469248e-01
3.198077194221912722e-01
1.465696488463157088e-01
-4.502539224841717314e-01
1.350583227651801221e-01
-3.621844962630216963e-02
-2.427503612384177833e-01
2.974786146308056912e-03
2.761647287225926228e-01
-1.092844895622478163e-01
-7.203018919719900159e-02
-2.423687693436330504e-01
2.606825034553095222e-01
-6.152597643905653030e-02
5.216630741203069910e-01
1.599178805122027092e-01
5.493383421219091844e-02
2.909596121766169219e-01
-9.316554951197840440e-02
2.253743049672156384e-01
-4.074384378135296192e-01
1.257869296189873323e-02
2.269018761173050847e-01
5.236067447980257139e-01
3.103901342691648413e-01
3.862320383187081707e-01
-3.358013134524828747e-01
-3.019032287912852275e-01
-4.629907057697238981e-01
1.000960125874358481e-01
-8.569635468615692531e-02
4.488293124228437958e-01
-1.356927587647844546e-01
-6.257749675117546539e-01
-3.807291605701504378e-01
-7.007217993292164104e-02
-5.918565717287743722e-01
-1.674051569880347645e-01
4.171920470881337328e-01
-9.697254233720142835e-02
-7.087083252749464685e-03
4.339179914421626982e-01
-3.292821232764350792e-02
-2.442493599929619341e-01
2.901340870949474793e-01
-4.765361544769444180e-01
5.109723865448780045e-02
3.572059999166792288e-01
-3.622509072954787079e-01
-6.900955501614181031e-02
-1.957193598080748109e-01
-6.064987880706638190e-01
1.560760456239345118e-01
-5.502816104364117306e-02
3.061627538960025596e-01
-3.292149650821027951e-01
7.217038114060699006e-02
2.378026680704238560e-01
2.611333133749205171e-01
3.701070042191294263e-02
-2.468395610034215537e-01
2.336283122650087973e-01
-1.362305548147947354e-01
-6.279001007505901066e-01
2.648066282083638701e-01
2.577049226700088846e-01
-4.299245662085289521e-02
7.247366620947301996e-01
-4.681455080127057411e-02
-2.023515927469752562e-01
1.356002430773753931e-01
-7.408160834328103572e-02
-7.999571358938643850e-02
-6.532249464629984181e-03
2.024138186655967953e-01
7.167146920636498220e-02
2.236715930926687079e-01
5.659793530744122725e-01
-1.036082059483571169e-02
3.841669017360604954e-02
-2.456991664476924353e-01
-5.904906111161307286e-02
6.868017517970294306e-02
2.561291116923199995e-01
2.858731931097396317e-01
-4.627479289130648210e-02
1.479892668090105334e-01
3.221108214840242012e-01
3.942148748971273653e-01
-3.807480430283641248e-01
-2.989721642438674110e-01
2.023582164541337658e-01
-4.056463524256294639e-01
4.703288227190073334e-01
8.377297870470305774e-03
-8.744943172549073107e-02
3.780266145031350722e-01
-6.575868710988701515e-01
2.755214235158683356e-01
-3.495480597256301891e-01
4.979321816674037171e-01
-4.248277189089177952e-01
-1.083274056188683609e-02
8.433251084838824796e-02
3.577969941719149061e-01
-5.330681988401549942e-01
-1.660225128926707261e-01
-4.798296306490794361e-02
2.521920825676285949e-01
-4.448926135043203556e-01
5.918852328462660406e-01
-2.007071718624567902e-01
-1.105653337375239464e-01
5.121430588543950391e-01
-1.876682581301264141e-01
3.315432361991443866e-03
-6.766215595380412062e-02
2.276559799333649492e-01
-4.980199604869501306e-01
-2.393268365826081434e-01
-1.818698994651100076e-01
-3.888156476481011148e-01
-1.794576456696831412e-01
2.754592564206262417e-01
1.498024723801553437e-01
-2.941582318478687397e-02
1.317561552881701403e-01
6.738558104337853683e-02
1.439945133607150596e-01
-1.730061842660762794e-01
1.676013281491794960e-01
7.028027244549359676e-01
5.438347267688725672e-01
2.612687696341676746e-01
4.210833946970924946e-01
1.802225871121852230e-01
-6.514233756187681745e-02
1.129937084601747022e-01
-2.325186045058507123e-01
-1.903172632195293257e-01
1.407189582673257777e-01
-1.411381909057658757e-04
2.883691231639930463e-01
-3.260380487864648069e-01
4.654871731689730341e-02
-2.873592360129997164e-02
-3.139998328150037654e-01
3.882826924164708426e-01
-1.341067493749464601e-01
-1.009635765499517501e-01
-5.857545436927731608e-02
-4.637109122207515033e-01
5.678191962666272186e-02
-6.593062045384684433e-02
-3.676489336059915458e-02
1.089780611419949030e-01
9.304227905226142292e-02
-3.323279083759800301e-01
3.212384703606235847e-01
-6.881683170863124310e-01
5.913461984288037425e-03
2.693186860906656155e-01
-2.833158324246444204e-01
3.824548532059852679e-01
-2.718548394434888021e-02
-2.138126075610950472e-01
-3.785125405660010739e-02
5.800455728612131934e-02
-3.428886523080716398e-01
3.109642480656426011e-01
-2.699926893381082715e-03
-4.761437517246707718e-01
-3.949448539177772277e-01
3.907180523584854459e-01
4.199092640501275731e-01
-3.602074561196549340e-01
-2.766341979308301058e-01
4.481728192591151461e-02
-1.175153403363392579e-01
5.857454490096152266e-01
-4.566051723120745365e-02
-1.754939023313366042e-01
1.785323300730559670e-02
-3.211698678782963778e-01
-1.728111844789669005e-01
-1.065961609492220574e-01
1.620757032525106112e-01
-2.937308832421581251e-01
5.970121720675232169e-01
-2.793803159440281791e-01
-7.475498827149304470e-02
-4.453457567138331408e-01
-4.927750383058163153e-01
-3.374302206714508423e-01
-1.707456398561986166e-01
1.862696478641845121e-01
4.522882508388789691e-01
-2.157192225972603128e-01
-2.015038469915499397e-01
9.121961920070849328e-02
1.170655148496752701e-01
4.695257479615885798e-02
-1.465344371671915003e-01
2.634194582197907364e-01
3.912657245804980199e-01
-4.007968045720172179e-01
-2.551680165311748794e-01
-6.404797553227274953e-01
4.268916178917521176e-01
-1.440985940333333326e-01
-5.528637493614913662e-02
-3.641201393877955828e-01
-1.858167726522455820e-01
-5.185860668937332385e-02
-5.423812647123512493e-02
2.543119072460174879e-01
1.172235320906680478e-01
-1.216082760619884157e-01
-1.549247117356182257e-01
1.222950346735279803e-03
1.312183833465718485e-01
3.340413201853505848e-02
2.555632549850750390e-03
-6.763562252626473259e-02
5.374781067897123066e-01
2.216797101587032401e-02
2.049377570923628100e-01
2.656338919110820540e-01
7.490073130050798333e-01
6.546427834545842650e-02
-1.440204277355016660e-01
