4.434894082392586423e-01
-7.682800390863862017e-01
4.943268616694749262e-01
9.922970600753042714e-01
2.062864309516703187e-01
6.676455597057473490e-02
-4.325501178282644688e-01
-8.612808276859014178e-01
-7.129110948762094058e-01
-9.465747628768992339e-01
-5.070771120293180445e-01
4.022018695504383512e-01
-9.162386410034257800e-01
-6.020911169257996409e-01
-3.159836160258702176e-01
5.184939526790044440e-02
9.766426864857640222e-01
1.047640777009728463e-01
9.759010790717481676e-01
-1.331002753317409582e-01
4.554037224066145306e-01
1.533647035407021963e-01
8.224705647748513648e-01
-6.373383863915154102e-01
-4.503922401276418963e-01
-5.170680405260150714e-01
2.505683778611407231e-01
3.758700394905238884e-01
9.541231183556857509e-01
-7.418528549042697762e-01
7.251552251186181852e-01
-8.242609939359786253e-01
4.263251995836312425e-01
-2.088058680845716886e-02
-5.048234440459717920e-01
8.572677552659755396e-01
-9.935953069356966427e-01
7.264325110490799098e-02
4.055790597624191474e-01
6.357453443005078864e-01
7.022401194463212537e-01
7.816394319627772980e-02
4.834724282791478256e-01
2.979410092185446057e-01
8.818754498538816655e-02
5.233619599397045796e-01
2.130855590864770832e-01
-8.911369015763082047e-02
-4.832586379004439880e-01
4.646001270051371979e-01
-6.018296185135405540e-01
-8.484406513036228947e-01
-9.554285007008371799e-01
-4.923042285844194677e-01
1.115673876179534840e-01
3.294730401163414868e-01
-6.639282751714308262e-01
9.466539729649396939e-01
-2.805247799697265787e-01
9.453394799430547835e-01
8.294750653759181969e-01
-6.470114834431139883e-02
-4.927456878909608484e-02
-5.827012268208751067e-01
-7.509482356952066340e-01
7.170244298214336620e-01
9.782297162760129616e-01
-8.245926832132013384e-01
3.657597285322558012e-01
-7.326660313895763110e-01
-2.367348466278791363e-01
5.947376888488786761e-01
8.337382060757432267e-01
3.515888461992360270e-01
-2.161328153903816496e-01
-9.074295905948859264e-01
-4.255896786998452086e-01
3.802700837192130034e-01
7.984143933743712562e-01
7.140173116583758972e-01
7.167496158804551598e-01
-2.321960281348804944e-01
-6.006990941520695682e-01
-1.024770284183589286e-01
7.330760570427403700e-01
2.954436704399792113e-01
3.998809611062723590e-01
-8.980417398562066111e-01
7.306735647091748831e-01
-8.292589086591157788e-01
-8.662006859928634839e-01
-7.799230981951976727e-01
-6.526251814956101072e-01
-3.800536089686572527e-01
-6.001958032451590874e-01
1.765736010349330254e-01
4.838404796261543961e-01
-6.174288568475974071e-01
4.687461237828922656e-01
6.278217705353785760e-01
-5.662163183486947915e-01
5.632879401070356451e-01
-9.089022628592269282e-01
-8.718976091074959189e-01
-8.359502556325166811e-01
-7.553457058567856208e-01
-2.453940930258700082e-01
-6.979436538245225030e-01
2.261025922498045571e-01
-7.899717320021450995e-01
-1.423864711366242819e-01
5.891354116021378928e-01
3.742143475779307060e-01
-3.146761130299768894e-03
-7.478362400485525363e-01
-7.028083237797098093e-01
3.448925967928067049e-01
-1.531854783553725508e-01
-8.614018543456369859e-01
-3.857225608662189220e-01
-1.666637445328869038e-01
-9.665137636714260516e-01
-2.866554780824390747e-01
9.070671239758152371e-01
-5.610996757210062746e-01
9.573710173714691241e-01
7.723117920850597340e-01
8.490366251925896002e-01
-2.100763647675905066e-01
3.326332979224027042e-01
-2.233556060555608180e-01
7.788692142164277410e-01
5.350198080025125869e-01
1.485540601501567082e-01
9.688577023212652239e-01
2.396614116757334045e-02
8.240065073627027559e-01
-6.154137441911056161e-01
3.486083698870769965e-01
5.858163841210028977e-02
7.284041130637066708e-01
-1.514896734817519075e-01
-4.152026929238907815e-01
-6.772279643097489643e-01
7.903839619808632477e-01
7.510591354754192484e-01
2.926869426805573937e-01
9.973560192753021525e-01
-6.414018777581835806e-01
8.255300623403716287e-01
8.557565150663659637e-01
-2.546110889758046447e-01
2.990012097643877098e-01
-5.907024151986777216e-01
-9.451497959521861780e-01
-5.529114221348678804e-01
3.620770943729405555e-01
4.963674678041054555e-01
-2.450543542206744529e-01
8.656290052631190335e-01
8.959663084819535772e-01
1.469383642056223405e-01
3.855946170884849700e-01
-8.245985999149587631e-01
-7.204368830458034445e-01
-8.421613395246694278e-01
-6.363757022571929767e-01
6.730563978221182353e-02
9.629655650439101766e-01
-7.027306294359469963e-01
-8.083016683971044891e-01
-8.857362762149996183e-01
3.169311399376251170e-01
9.368706561836384061e-01
-6.272505516102460099e-01
1.988116933914927387e-01
-6.690141952816923698e-01
-4.303293350688524033e-01
5.036106152714452389e-01
-8.493048278289037079e-01
-7.857549945675268432e-02
-6.110136492086177817e-01
1.334814169933762340e-01
-5.363599056602375015e-02
1.395759929939928146e-01
-4.824453970206590281e-01
-2.901834480484832834e-01
7.643378684538015833e-03
9.131060366589816013e-02
3.460193366968060680e-01
-8.822128626775513904e-01
-3.883448540531155846e-01
1.104891401851058053e-01
3.751656897291488768e-02
-6.529144866963778604e-01
2.676951593922449746e-03
7.133343863802230622e-01
4.000453160586514567e-01
-7.957480631141768956e-01
-6.836889292636587623e-01
9.984656045844895189e-01
-9.783213404414212722e-01
-1.756836898879192699e-01
-7.433267376302512552e-01
5.712586496001550440e-01
-7.495292744456323319e-01
9.630561576109366584e-01
-2.938714621712215092e-01
-7.878627025910891479e-01
-4.870430129442286926e-01
-5.417932520786623574e-01
1.050602617866092103e-01
-6.077929065609568582e-01
-3.717575212337755897e-01
-6.171043750570908148e-01
-8.761500992127646548e-02
7.762122205174306622e-01
-2.979129526710724285e-01
9.302339485147703702e-01
6.691435839629988891e-01
1.907273212409821284e-01
-4.770792339596157117e-01
5.819362802773462295e-01
-1.495968765790007815e-01
5.503519613601277616e-01
-9.428414477444273523e-01
-8.804364855799569067e-01
1.335712295176443298e-01
-2.914468772370382155e-02
7.740040919850743606e-01
7.995262231580122503e-01
-2.900446796409328343e-03
1.593585965033417207e-01
-1.485404086560084824e-01
-6.060919723012836435e-02
1.316081750805582207e-01
2.045038953477951171e-01
2.993935594213370521e-01
2.266334157089724410e-01
8.443434328647947407e-01
4.477430219733997685e-01
9.700605169529838978e-01
-7.799920340742667602e-01
-8.011112243894547014e-01
-9.519612907393275592e-01
-9.628445972309769285e-01
3.719404959252039511e-01
-1.311514321738129762e-01
7.479820130604328821e-01
-2.817940636898377260e-01
-3.200516750354558404e-01
-3.995285428583750242e-01
4.100089602651122433e-01
5.771456230125537878e-01
3.079686218570547585e-01
-2.692942413530541312e-01
3.204351251540324963e-01
-3.589469347503710939e-01
5.029727295236354756e-01
-3.840360661002395481e-01
7.226469430223305679e-01
-7.994296479925486754e-01
9.030154034196158364e-02
-2.768273782828218899e-01
-2.082790106831426957e-01
