9.823633363684733943e-01
-9.762446018888946142e-01
1.323587457486108399e-01
-9.905003419096626294e-01
-8.134620383551122158e-01
7.060150974167469506e-01
6.793805512200767893e-01
1.000000000000000000e+00
-6.380634854807892831e-01
3.274273720351205119e-01
-3.818045288482486699e-01
-4.549508321752053219e-01
5.785095792912134938e-01
6.892849641977840669e-01
2.095383875652006012e-01
-5.070307945955558893e-01
-6.517472249264031348e-01
-6.539836563191216978e-01
-8.446493010532405421e-01
-1.368371753303772587e-01
-9.532757604895293335e-01
4.365106562718969463e-01
-1.000000000000000000e+00
9.423705334195944250e-01
9.292759786445721204e-01
1.774445486628442592e-01
2.443464462929771930e-01
1.000000000000000000e+00
-5.249960136440444680e-01
-4.616539416618812286e-01
6.508988196988674257e-01
-8.251313959216585725e-02
-1.593537872620213319e-02
-6.257340019440202905e-01
4.124402799441659884e-01
6.270739223426324838e-01
-2.732506005909179914e-01
2.819904271751484948e-01
-7.769381124210755774e-01
1.000000000000000000e+00
2.218829024062949629e-01
2.396166812039453031e-01
1.674561350950153626e-01
6.081660543550673204e-01
-4.468393670975724374e-01
-4.070358882759228525e-02
4.546982061124088537e-01
-1.192318690452207897e-01
7.620599405353208899e-01
9.801736738750029820e-01
-3.843995915353359827e-02
-8.050103704037938623e-01
3.903766486231587396e-01
1.072608811474652993e-02
8.559042448647208312e-01
-1.000000000000000000e+00
-8.763229495594908602e-01
7.384874558764470409e-01
5.619282454341147925e-01
1.249826666994422741e-01
4.476332530555153233e-01
2.097320870148655370e-01
7.012996300906315650e-01
-9.840499967803579828e-01
3.023154371140381880e-01
6.191825356205123976e-01
-4.736053532636591012e-01
-9.908050533665948567e-01
-7.370256912293117191e-01
3.999026852247393737e-01
6.866965477275137619e-01
7.724845935691585508e-01
-3.548447977359407979e-01
9.866629500190229329e-01
7.394827552233664836e-01
-3.228090982770184247e-01
3.720789067394059124e-02
-7.846875010034185527e-01
2.966363342023945263e-02
-1.283694202405223361e-01
7.544013607376045538e-01
-6.942783418408987606e-01
-5.207616201472229367e-01
8.909421079337602745e-01
1.461723922482791038e-01
8.982899774492887346e-01
2.055272641213656826e-02
-3.264232159613799644e-01
-7.382590185749686729e-01
-1.000000000000000000e+00
3.651550298002920192e-01
4.244696532010305279e-01
1.000000000000000000e+00
-4.850254335743137135e-01
8.219232477731767128e-01
9.915144162324779353e-01
-5.995442576177580918e-01
3.761959149981913830e-02
9.492740089160986994e-01
8.796180776123692091e-01
3.496292859030844524e-01
-9.373567814995994452e-01
-1.544430216463889560e-01
-5.359952912059496866e-01
-5.385919287393060861e-02
2.600239836963136320e-01
3.299214977080796030e-01
4.056901310388869586e-01
-3.461886104868941993e-01
-5.501545876803441981e-01
-3.593742695157593064e-02
6.431839803578778270e-01
4.478095196887521556e-01
1.470797662588167742e-01
-4.769335866369628363e-01
1.000000000000000000e+00
1.000000000000000000e+00
1.163907364525029742e-01
-6.376166235302811458e-01
9.008061246046408788e-02
-4.187486743475767881e-01
1.000000000000000000e+00
6.880559779532722242e-01
-9.980903876031379518e-01
1.579524426405969351e-01
-6.790072856669865375e-01
6.045217751846551080e-01
1.960394759851371571e-01
9.791272553641791054e-01
-9.125487358299405605e-02
4.323977671589981919e-02
8.416756449465420675e-02
3.893382456925334467e-01
6.273497138811372498e-01
-6.502285316472753429e-01
-9.260561703560249436e-01
-8.155793224402074770e-02
7.761678412920811621e-01
-6.622939407264276657e-01
5.141254421642424965e-01
-7.997972413031404493e-01
-2.151368782554951287e-01
-5.283982896817970287e-01
-6.115194611264320734e-01
-1.000000000000000000e+00
-6.692668821324693207e-01
-3.817051642277650703e-01
7.224941843515449991e-01
8.122991330010923550e-01
-1.937197313469087856e-01
7.066694696068692716e-01
6.581340708618699242e-01
-3.463726715358274588e-01
-5.872977748770717987e-01
-1.520287511445639339e-01
6.131704130596133950e-01
5.514090287859944040e-01
5.907527500657564490e-01
1.960582264774719530e-01
-4.968165463823617234e-01
-2.332904195115857449e-01
1.588955149442543568e-01
6.857768195467609518e-01
-8.484872825954163922e-01
-6.361465816260299111e-02
3.268286018562300832e-01
9.392542512958075296e-01
4.384164485718625714e-01
3.121132120414495392e-01
-5.840723003274554959e-01
-6.879486822914665511e-01
-8.660379510996478736e-01
7.917322050271989875e-01
9.729599188555056177e-02
-2.893338692772577936e-01
-1.138438596605457764e-01
6.515267437067652490e-02
1.000000000000000000e+00
-4.627666558805229591e-01
-6.623205735051858056e-01
1.695583767973798395e-01
-2.866758775855124397e-01
-4.008097009983772052e-01
-8.417544036800778118e-01
-1.000000000000000000e+00
-1.000000000000000000e+00
1.000000000000000000e+00
-4.850934175349682631e-01
-3.233417555256086207e-01
-8.835899404738045693e-01
-2.482034566253651653e-01
3.600555296282047513e-01
-9.754508107275187134e-01
-9.842315112442916458e-01
1.489756370781296080e-01
-5.575751498909123915e-01
-4.915380517456679477e-01
6.658958693819553298e-01
8.613973566794175252e-01
-3.921314933374911993e-01
-8.373957623210384060e-01
-4.514116664181282434e-01
3.052562849862987537e-01
3.896599258407805466e-02
-1.316281702292925182e-01
-6.141523851923398336e-01
-6.130656278506160239e-01
1.113815054184996017e-01
5.213633871532487030e-01
-3.820371175261214058e-01
3.022944133235370145e-01
9.078238234394016282e-02
-3.082222435844368391e-01
3.571485037492702630e-02
-7.516175357470014085e-01
-2.449942895645235152e-01
-1.000000000000000000e+00
9.018170192369677485e-02
-4.786823399012556379e-01
-9.935297502355756594e-01
2.097701913001848717e-01
-6.444708312351292712e-01
-3.059381399667401857e-01
-9.514744657925426896e-01
-3.736317604051960228e-01
-5.525796355233282275e-01
5.678408002768839946e-01
9.226350302568142592e-01
6.953254250948596171e-01
2.028348299859516202e-01
9.913912757771549122e-01
3.458109353631227401e-01
1.000000000000000000e+00
-8.506120353012409652e-01
6.845893771209592416e-01
5.282374272318944852e-01
1.000000000000000000e+00
3.693986070891130957e-01
1.000000000000000000e+00
2.976861502072608578e-02
-1.446869121255920515e-02
-4.474504190670012260e-01
1.457487473987099935e-02
-2.540053946163828291e-01
8.381999153743878717e-01
-4.216715016311185504e-01
3.450232803546193772e-01
2.252384425800763867e-01
-5.489560687511519932e-01
-3.601858377884958884e-01
2.371577266038960019e-02
5.230008603849289894e-01
3.252546509670255492e-01
9.349317212843186731e-01
7.496998278796473958e-01
-2.088721949440326686e-01
-1.000000000000000000e+00
3.315341136200747330e-01
-2.142725774340049072e-01
1.125871469826709298e-01
6.192741743079773764e-01
6.153901569089725854e-01
7.919451574495766089e-01
-6.038665107183994740e-01
1.295820333441544125e-01
