3.293924868064683209e-01
-5.273084975868209678e-01
-7.469133966117271761e-01
-5.654594280017828378e-01
3.711606682671493296e-01
-5.527515888236100849e-01
-6.172215362306157083e-01
-4.045959672635277560e-01
1.000000000000000000e+00
-3.337505358453675131e-01
7.060626167973008682e-01
2.929302796823023136e-02
-4.741072249568655805e-01
-7.753251192177941231e-01
4.414801472096195889e-01
-1.000000000000000000e+00
-3.761594992796156167e-01
-9.793387737532075477e-01
-3.250760366145203362e-01
9.543458871929244580e-01
1.318317080718806045e-01
9.446991638512566292e-01
-2.685944093037233027e-01
-8.698138124033069629e-03
3.090892438075686366e-01
1.867774191300712594e-02
-8.198169850435280681e-01
-1.000000000000000000e+00
-6.654281113006222936e-01
8.661445156282921998e-01
6.286254385060264793e-01
-2.087953245936458591e-01
6.547868447991185281e-01
-4.888440112550421768e-01
-8.350848639054339051e-01
-5.648631707548792402e-01
-4.005494027206955576e-01
-5.447398052213614505e-03
1.000000000000000000e+00
1.000000000000000000e+00
-4.087770402820734006e-02
3.542563229429044336e-01
-8.864288039718715151e-01
2.280194614579909018e-01
5.601430084618512772e-01
-5.515361479673051015e-01
-7.243505812876068761e-01
9.601571666231412117e-02
-7.904733493535832656e-01
2.854917963143408510e-01
-9.940410253399369900e-01
7.394434532778695335e-01
1.000000000000000000e+00
1.000000000000000000e+00
-1.427558120346487658e-01
8.330584049523780399e-01
-4.053194542493503416e-01
-5.750359360052832436e-01
-3.330080776843971080e-01
9.799779505835586324e-01
2.569973960458897255e-01
-7.861074535068519609e-01
4.557686229995150384e-02
8.532544554636571910e-01
7.191165604423350732e-01
-9.555478917969473240e-01
-1.000000000000000000e+00
-7.010314188969835048e-01
8.264733448296637808e-02
-2.916344544828981533e-01
-2.670484526587690866e-02
3.459725586320888668e-01
-2.526684011445090028e-01
7.317453395695475704e-01
9.969681744755656272e-01
6.539855400617953229e-01
2.383694741403684647e-01
-6.337035247235303093e-01
5.558633559542460745e-01
9.631193854266600907e-01
9.437466958083134960e-01
3.543374896519196349e-01
-1.899406692256722651e-01
-1.000000000000000000e+00
2.972338437954019641e-02
-9.169253746324093624e-02
3.754187122529343279e-01
-2.733124966473576278e-01
2.951635511574839388e-01
4.258153938256646343e-01
4.551993378489215258e-01
-8.745277219881956166e-01
-1.000000000000000000e+00
5.350945775065469867e-01
-1.070099152364294981e-01
6.999564975262869693e-01
-2.897506958740700966e-01
-3.064402389035192006e-02
-2.346168154539001460e-01
-6.137006035025452944e-01
-7.456892724842463238e-01
-6.862201871654225460e-01
-5.523444747096624141e-01
-1.000000000000000000e+00
5.632533926684413217e-01
5.133267327020846205e-02
2.414746370878569914e-01
-2.625738322883371390e-01
1.526110794082820299e-01
-1.000000000000000000e+00
4.262712269362988193e-01
1.855660180818470562e-01
3.863793884260902090e-01
-5.875664746220421453e-01
-9.503877704053971254e-01
2.678995112097919407e-01
-6.193138262846642483e-01
-8.671167191819604270e-01
3.295364024129986968e-01
-3.095161653105930610e-01
-1.865914576333166375e-01
3.383320242524064381e-01
-3.363472838230981421e-01
-2.114504229532183921e-01
3.105843099756293024e-01
-2.652066307710087001e-01
-1.191220505440093863e-01
5.302768069205157087e-01
6.626317467575428832e-01
6.135306930942620030e-01
8.050793932460966751e-01
-7.232156015452358977e-01
-7.772649067668774281e-01
-4.559860723682478412e-01
7.545475293224342961e-01
3.964806992895221760e-01
1.027173566380463754e-01
4.895731704759698211e-01
-3.921459594061416087e-02
-5.922622788734301924e-01
1.094580378824894229e-01
-7.874595656273939426e-01
6.708151828298658526e-01
3.059318289892839493e-01
-5.318694651921050953e-01
-8.535564748514506972e-01
-3.058217560225607867e-01
1.000000000000000000e+00
1.590375517780716619e-01
4.977566541085504115e-01
5.671458181822420785e-01
-1.166247116826457653e-01
8.722883999897599328e-01
1.610815011045047263e-01
3.432672902154325634e-01
1.000000000000000000e+00
-9.500424673567423040e-02
-8.705598237433385123e-01
-2.692131724358576839e-01
-9.072972532083936059e-01
-6.771512568512052521e-01
-5.154178518423251365e-01
6.602140999490212492e-01
-6.297259707526470240e-01
-5.576086647013754616e-02
-1.000000000000000000e+00
9.734745287467787556e-01
-8.580869666122920014e-02
4.255173356511908755e-01
-6.484332214233385905e-01
-3.291636562225342955e-01
-2.091486882569718389e-02
2.734450845475305814e-01
2.821793458991428416e-01
-2.896004305485650465e-01
-5.795242365608495039e-01
6.033931085838358799e-01
1.079879549120704996e-01
-6.977180179963879958e-01
-2.086042539660945550e-01
-1.000000000000000000e+00
2.562539041861001676e-01
4.874385787771392531e-01
-2.183522387312672730e-01
6.398171425652863231e-01
-2.206875596190505107e-02
7.485636438248801650e-01
1.000000000000000000e+00
-3.929183531945064090e-01
8.036553183669146172e-01
-7.788000572628426266e-01
-4.389530448629323511e-01
-2.764627979868636287e-02
1.000000000000000000e+00
-6.883237110912648893e-01
-4.707144587614358056e-01
-2.994979767235473878e-01
-9.981184595298746576e-01
-1.000000000000000000e+00
-4.212412175872178866e-01
-1.000000000000000000e+00
-1.130525101520206965e-01
-1.402806691424563212e-01
5.379626671358912482e-01
6.239765717110739018e-01
-6.396680301416144410e-01
-4.622008639336050440e-02
-5.732985528532388297e-01
-9.389941308945157772e-01
-4.345873477018087350e-01
-6.669588642283650337e-01
7.740574319048056928e-01
5.840096723447912863e-01
1.589370990012639318e-01
-1.848545465113440311e-01
6.990694081768997759e-01
-2.996272081902519036e-01
1.000000000000000000e+00
3.146244662796234270e-01
-7.768491099513611386e-01
-1.253515703682633042e-01
-1.255050712072584007e-01
1.992458901317862852e-01
8.185600270848952809e-01
5.566729288397413988e-01
-5.859041368832174079e-01
1.737586549705472105e-01
2.968528749026084768e-01
-3.633023477534095269e-01
4.833074480592842725e-01
2.054194789842351820e-01
-4.099211768178341597e-02
-6.008530792370635476e-01
-1.739581016195717034e-01
4.668665557541691324e-01
-5.125585271460969539e-01
2.672244209934268588e-01
-1.000000000000000000e+00
3.628936480372073614e-01
-1.176257247248308491e-01
7.373053794039043929e-01
4.679196912110533124e-01
4.139409589877585671e-01
2.057718134187415115e-01
-1.006836927276489047e-01
3.284472145067260929e-01
5.471177543445587821e-01
1.000000000000000000e+00
5.823428277681543808e-01
-1.000000000000000000e+00
1.000000000000000000e+00
-7.917834714496733151e-01
-9.664328180411340119e-01
7.284313262064926464e-01
-9.768458043063166230e-02
1.000000000000000000e+00
1.265077771625349456e-01
2.218556455083646739e-01
9.668217109465975234e-01
-9.128568896423048251e-01
5.597956132285715203e-01
-3.232947969825252788e-01
2.176196544534793609e-01
1.074113539695329411e-01
-1.767306763217035559e-01
