5.351352279634020714e-01
2.492975086724735778e-01
9.961237679034569137e-01
9.059617012286904636e-01
-7.447083241326722947e-01
-1.674351185225757266e-01
-1.435893399009831317e-01
-8.292148847540639078e-01
3.141321154757676370e-01
-2.506458920677019364e-01
-3.350560549842278579e-01
-7.451385663017183747e-01
8.925826882154458408e-04
-5.309926473330566221e-01
8.631347125589775571e-01
-9.834638299196734046e-01
-5.901064820989895265e-01
-9.620535779507626284e-01
-9.758592542793217417e-01
-3.718930071785780389e-01
4.799762347754991110e-01
9.662628325158604259e-01
6.981197098421277891e-01
8.886344020370451346e-01
-4.796047237172120781e-01
6.263704253734340144e-01
5.710105027909466724e-01
-1.600295689277639044e-01
-7.777310969338373514e-01
-3.753581298080445605e-01
-1.033215447722000691e-01
4.693663581997087331e-01
-7.671650392816451447e-01
9.572319064081276085e-01
8.122751963689829324e-01
-3.995145323767479439e-01
-3.703342206188349195e-01
-5.162539728867534539e-01
-1.104334798788195182e-01
-3.941885290361225591e-01
-1.000000000000000000e+00
9.930770029992441739e-01
-5.157710703469623459e-01
-4.291857274988165882e-02
1.000000000000000000e+00
-8.898045131366244531e-02
2.747328362847793470e-01
1.715960094251902102e-01
6.189914991932417010e-01
-7.653233824395506701e-01
1.000000000000000000e+00
2.722834983355432170e-01
4.802265943197701614e-01
-7.911157664459345096e-01
3.610334699182347618e-01
-6.904666925192294302e-01
-4.281221143779255778e-01
-9.348899343697657516e-01
-4.531019171807496582e-01
8.035831354689886297e-01
4.720944172301817510e-01
4.039998637399717651e-01
-8.576936478532650732e-01
2.052230826814864795e-01
-1.578442756824451620e-01
9.166168025710956790e-01
5.763872659553014310e-01
6.773656402300090029e-01
-5.990199411988093858e-02
1.085527672471923999e-01
7.520531138925730108e-01
8.927087340098542878e-01
-6.494920050453439897e-01
-7.817426890851567611e-01
-2.457587596105583194e-01
5.275097254706415661e-01
-9.490085382413128157e-01
-9.192190848511371248e-01
-9.560190634998281256e-01
-8.650042667875805780e-01
-2.218592315126750036e-01
-7.811863108983312376e-01
-7.629098350311622756e-01
4.891412516072245475e-01
-2.894224420266778841e-01
5.777779764193073930e-01
5.460445842830480290e-01
-1.409068879601034219e-01
-4.857073659431737633e-01
-8.962677474876159511e-01
9.543962463071267166e-01
3.689741172021958060e-01
-9.225088519051920510e-01
8.612560130359649957e-01
-3.780014937082881721e-01
-5.890342684630176517e-01
-6.081704184053018936e-02
-8.440517877054098950e-01
-1.065271024721069076e-01
1.410668606326713759e-01
1.937837891980265237e-01
8.963765060235329152e-01
3.010068893653806144e-01
3.559776539888441227e-01
-8.632498501002054958e-01
5.382007328226912080e-01
2.601823164991044490e-01
6.887922140744486832e-01
1.957697447850036132e-01
-7.870412267130801887e-01
6.681218632042028593e-01
-1.973147334591647539e-01
-2.288932127251666337e-01
-5.249966569434240116e-01
2.873082729449933925e-01
-5.005763964717903081e-01
2.396801006635043974e-01
1.000000000000000000e+00
6.940079546221882278e-01
4.742738795298591103e-01
-9.899810016376549004e-01
-3.570629329996672374e-01
-6.236178281227707787e-01
2.014482730852686088e-01
-9.368106158275500972e-01
4.472175679148263638e-01
-3.886194969750550454e-01
-2.673748827489477176e-01
9.706051574925333991e-01
-1.404288603355875464e-01
7.419508939089854982e-01
-9.293789299474686239e-01
5.454383292203550671e-01
2.200518505599342034e-01
-5.807336251268695460e-01
7.339711912535419325e-01
1.673856134294455789e-01
2.493317103794438772e-01
9.259249785278771405e-01
-7.143985663217019555e-01
-1.000000000000000000e+00
-4.570860021485550484e-01
-3.495363915435736879e-01
-4.449989834149706280e-01
-6.016920809877528420e-01
3.143130278732415017e-01
1.428427249816293654e-01
-8.991694105278611460e-01
4.012959383000050950e-01
-9.178825988415634241e-01
-6.907270239987791660e-01
9.894382138513124758e-03
4.537028209694826675e-01
-5.265505475032546956e-01
5.382292578853137277e-02
6.027475821577508164e-01
-6.754474827302066053e-01
1.000000000000000000e+00
-8.529931853586907031e-02
6.675400621736939932e-01
-8.610980038623874400e-01
-2.351764330685948146e-01
-3.850104846752538390e-01
-1.770198491384413764e-01
-2.346402563435351363e-01
9.648929312195220209e-01
-8.437519610622296051e-02
4.453069473480242846e-01
1.000000000000000000e+00
7.870092913201124363e-01
-6.179397240587316542e-01
-9.363731776533625872e-01
3.133880312229223031e-01
7.475593522080558051e-01
-1.600917014969899244e-02
5.817883289978708072e-01
-2.577153631122703348e-01
-7.839281869321657048e-01
4.773231656280949586e-01
-1.973202225619101746e-01
-7.368172206255072521e-01
1.933444922240911135e-01
-2.235119306824401852e-01
-2.404962814909656910e-01
3.684570443250250737e-01
-2.907226468500669764e-02
2.980235713092466154e-01
-6.087626041511970398e-02
3.052215835285215784e-01
4.375852866417482279e-01
-7.063780332392893824e-01
-5.328138337720297324e-01
3.755970251539907934e-01
2.454594840075023654e-02
-8.843139216949429393e-01
-5.916501970992220638e-01
-4.063059220774946634e-01
-6.483659018035320409e-02
-7.444778765780522001e-01
4.052888265278073998e-01
-4.935992062237933298e-01
-6.711397596177377523e-01
-5.923945354609833069e-01
8.964350408280468141e-01
-8.412394909668088894e-02
-4.825687386697363745e-03
8.756049227944900926e-02
1.623219077139502753e-01
-2.951870868095974321e-01
-8.580331365161604218e-01
-7.865263276498694056e-01
-4.561755607448116923e-01
9.832207966671029364e-01
6.915593903453615132e-03
6.218286420346822441e-01
-1.000000000000000000e+00
-4.461659025680620450e-01
-4.057883574270201299e-01
1.000000000000000000e+00
-1.000000000000000000e+00
3.411133803146667587e-01
6.801542592536846676e-02
7.865273799692116263e-01
6.422539540894165455e-01
7.402907552322531004e-02
1.363689666028791991e-01
-3.410883088188275680e-01
7.523411334830020225e-01
8.428302386493596865e-01
-5.470449356106757421e-02
8.686849160830479866e-01
9.210163534922392037e-01
5.767388450609712836e-01
4.521515957986821377e-02
2.771787564829593098e-01
6.796918788810568657e-01
-3.803181384728655523e-01
-9.050434990281468473e-01
-2.496701616337692609e-01
8.425702752599302237e-01
-7.498187249258911891e-01
1.917533856683332760e-01
4.992538293591889942e-01
3.138000216309654311e-01
-5.401994501253521985e-01
5.607870525058555877e-02
3.310527260780139758e-02
-9.443717093480183400e-02
3.366616879770752135e-02
7.313027067254320723e-01
1.000000000000000000e+00
5.285596915433968812e-01
-3.442325618595716286e-01
5.260237470901165668e-01
6.121586393505259460e-01
-9.826243067773204887e-01
-7.356165083384971215e-01
-4.401644842474425334e-01
-2.432191130060696871e-01
6.505904940599374631e-02
-3.044798685731388010e-01
1.697327008158318051e-01
-3.729315889164150910e-01
4.837645872220925347e-01
4.737693663254827769e-01
