7.850634192044969595e-01
1.000000000000000000e+00
3.570249910455438047e-01
-1.823710396479896190e-01
-6.333574772503862693e-01
7.014499719922541177e-01
5.138243260336330387e-01
7.898555246674054953e-01
-6.876063510281368307e-01
1.184509890222341238e-01
5.488332784545926213e-01
3.968368413151235341e-02
-9.686601789170891097e-01
-8.174455006866387929e-01
2.467187709081569702e-01
-4.517695713326717877e-02
-9.487040418987989776e-01
-6.462662462609378711e-01
-2.572407967342714430e-02
1.000000000000000000e+00
3.679416042947781795e-01
8.108816117928503431e-01
-1.667019300588583608e-01
-4.820762586730593657e-01
-4.647653989901964211e-01
-3.083957023251536200e-01
1.513778311672713262e-01
1.329860547671191384e-01
9.744699562161937001e-01
9.466899191000398284e-02
2.579483854867703485e-01
3.913985480795318939e-01
-5.974280464357969445e-01
-5.977339634955898262e-01
5.165605673054367575e-01
1.000000000000000000e+00
-8.637614869224694569e-01
-6.412657199367781669e-01
-2.202244893482877552e-01
6.722811442758501732e-01
3.335769419174522410e-01
6.964343902599566816e-01
6.029727140974094901e-01
-4.914680050532715949e-02
9.761672015978278827e-01
3.550777506576465181e-01
-8.255706637663909886e-01
1.527449245554564350e-01
-3.899388848315327172e-01
7.078361392921177497e-01
-2.391654224077381097e-01
4.671359696370868120e-01
-1.196950614631247800e-01
-5.026057761671578472e-01
-1.225673348518691030e-02
-4.253911417090278091e-03
-9.983069763410056252e-01
-4.764441266011223419e-01
4.604098522115683267e-01
2.864692569123725163e-02
4.374442602530850266e-01
6.928004607400678472e-01
8.093470196274511474e-01
-7.873549054147754855e-01
-7.309378923805096573e-01
-4.792506075778859564e-01
2.114814464782630021e-01
-1.701277781234827313e-01
-4.641663479725380848e-01
6.761071591559796312e-01
-9.012423492197166319e-02
1.000000000000000000e+00
9.647774326576188386e-01
-9.426530478708191607e-01
4.398262620113659871e-01
8.871551606957572833e-01
-6.270586822169206265e-01
-2.441327284131373510e-01
-6.035238165883373140e-01
5.215867281648620679e-01
2.610110855610807690e-01
-2.688672698152005935e-02
-1.699576784862414369e-01
-1.972736324560239729e-01
4.149602043261016449e-02
-4.028475533286383081e-01
-1.052704835874586353e-02
-1.717049588904565049e-02
-1.863119974408677937e-01
2.703050132165842889e-01
5.602782215116228759e-01
-2.985702101581066414e-01
8.482863554971930009e-01
-4.424279750093197960e-01
2.828905877531379121e-02
-7.038520886151663492e-01
3.382465137415435752e-02
2.749174089196984583e-01
1.436922544286260983e-01
3.485691975264693654e-01
9.530631524196699900e-01
-8.378007896216570494e-01
6.323847678432259478e-01
-9.234940796824885334e-01
3.918656371441303632e-01
7.857560838757960964e-01
4.065855033379671413e-02
2.008002867946142578e-01
-2.071147692307698240e-01
-8.230582065837392935e-01
-2.163628163504423274e-01
-4.321849783379095311e-01
5.947359971172416770e-02
1.000000000000000000e+00
5.169139475815791585e-01
-4.779439648003414032e-01
8.497111651242510444e-01
-7.427358988806800344e-01
7.924238090786071831e-02
-5.101930481367111803e-01
-3.536902526755576481e-01
7.519850109285018958e-01
6.443273196486359877e-01
7.675512850924781638e-01
-3.515076451453092998e-01
-5.765373037520302724e-01
-2.421074457467178587e-01
5.453109416086119321e-01
-3.775569362249112659e-01
9.284072378323073860e-01
2.516481187092871608e-01
-2.967777945202412226e-01
-5.228466975831889130e-01
1.992529139227834645e-01
5.065979150753650018e-01
5.864764772409319926e-01
-1.699556343651342782e-01
-3.653914315721392692e-01
2.835362577212293123e-01
-5.237873781357283987e-01
6.622689740644321921e-01
7.423409943721429594e-01
-1.000000000000000000e+00
3.242911907121704407e-01
-3.382542657040587541e-01
-5.274761028464663992e-04
1.000000000000000000e+00
5.086507820603494157e-01
-7.244947952681175529e-01
-4.155177215768286469e-01
2.999095750656757819e-01
-8.384866880455880134e-01
8.129788850689226298e-02
-6.593656154918351442e-01
8.314098867301485951e-01
6.073688093031058832e-01
9.763500415623758144e-01
2.124062776492400273e-01
-6.572112152386596629e-01
8.867996456188527166e-01
1.144838755158302107e-01
2.948216689814927016e-01
4.908072638508669816e-01
-3.001710570712691761e-01
-2.617423675390129212e-01
-9.298209466918314625e-01
-6.332207817474729827e-01
1.000000000000000000e+00
-3.985493140985618132e-01
-2.396709934395360730e-01
4.908624334384203980e-01
6.639130730616282783e-01
9.494075411899596806e-02
9.900787076467704173e-01
2.106829167808044190e-02
6.205703257068190259e-01
2.261075846201288098e-01
-6.015456991777832219e-01
-2.838478596216050254e-01
5.871641773407223486e-01
-2.522894463756411021e-01
-1.067275390070354657e-01
3.633926741132084692e-02
-7.186312140660677805e-01
-8.163985302505354369e-01
3.950079828064424481e-01
4.340453187581485017e-01
2.913295623708236359e-01
8.012792523615853701e-01
-5.209023057188899575e-01
5.308474015369850640e-01
-1.821540617361401271e-01
-6.128524960348604722e-01
2.797374895041220277e-01
4.101733903595079500e-01
6.288427034575772012e-01
1.968484021579289811e-01
4.793118096612203893e-01
8.682319741819364278e-01
-6.730053079970935714e-01
3.434878828377534166e-02
-4.086075252885441045e-01
-4.505357440684870651e-01
8.765222070037395063e-01
5.820052775072347417e-01
-3.148453054428367870e-01
-9.147130642178524784e-01
5.661711826270652281e-01
-9.140371937708949845e-01
4.635248923279792210e-01
1.000000000000000000e+00
6.182514163991102984e-01
-3.729083976040836745e-01
-1.333724770902955936e-01
1.520909351767864570e-01
-5.328419700359952049e-01
-7.492405140871758462e-01
2.114591687065264236e-01
5.031952983262927281e-01
4.828815313483239557e-01
-1.578857895581149418e-01
5.181925681454848664e-01
8.166083145909999175e-01
-5.016352723418520121e-01
-5.668128094808480011e-01
-1.054572089896314846e-01
9.933418251615462324e-01
6.195039901498242685e-01
5.212780076258523021e-01
6.514908227751536884e-01
7.096180049598252992e-01
1.645081961431927586e-01
6.170006612635547949e-02
-5.037511606339659664e-01
-5.210953310535008098e-01
-2.205938553848560135e-01
1.159763323777250887e-01
1.250931186357343572e-01
7.220255287921268916e-01
1.000000000000000000e+00
-4.017877469886483865e-01
-4.251051933534389926e-01
3.202474653928253367e-01
2.850123042062617240e-01
7.370154774839076106e-01
-4.813899541964311024e-01
-5.962211081151782555e-01
3.118073601436948117e-01
6.225602973907125026e-01
1.228077130777442266e-01
-4.538824539883175024e-01
-4.941873691036203220e-01
-1.000000000000000000e+00
-5.122540866067594179e-01
-4.633677947003436715e-01
-3.630059534294266532e-01
-2.620531581427574253e-01
5.394178374197120540e-01
-1.970142144137068396e-01
3.934369025969857159e-01
5.133555587188822766e-01
1.048381399871468889e-02
2.796688409164402866e-01
-3.496147987318986017e-01
-5.291773044823172567e-01
