-1.616085545917294031e-01
7.670029151916974985e-01
-6.268845199722160588e-01
4.421083190011397268e-01
-3.433217509786702371e-01
-6.189627903007345333e-01
8.519263462147132204e-02
1.000949124937831058e-01
8.329260377916588576e-01
-7.926373683124776637e-01
-5.345222241290437104e-01
-5.444288117367455104e-01
-1.394985305263828079e-01
-2.040000438120107562e-01
-2.515353690449709800e-01
6.504556790284347079e-01
-7.163820723147351632e-01
6.862002337608383851e-01
-8.450414697233280537e-01
-4.938806703163826084e-01
3.850188193293190286e-01
5.848190497347998118e-01
2.622941403821933970e-01
-3.288563221021766070e-02
3.590406542967476966e-01
-7.584836164141153247e-01
-1.303806957373365716e-02
-9.221456225555797470e-01
-6.661903163947578976e-01
-8.333995218566219165e-01
4.734705737732464170e-01
8.121493550770420011e-02
2.076730435906466443e-01
5.884104350902977787e-01
-4.199761729529118970e-01
-8.499637796857024696e-01
-6.828169250515645494e-01
1.702805904847932983e-01
3.310610612161964394e-01
4.393351978202791330e-01
6.681733000964013014e-01
-6.220394048412777321e-01
-7.987782016736444390e-01
-2.917536974004338868e-01
-1.507396569536667563e-01
-1.265287253337011031e-01
5.054198756740114346e-02
6.831039436971539924e-01
7.335689002341146125e-02
-3.093264384224168884e-02
6.377543790203021867e-01
-5.479633832789931880e-01
7.315932567657053021e-01
-1.091767311242459598e-01
6.471709743746679733e-01
1.965368210854899489e-02
-4.270690795461626887e-01
-5.090969660307315126e-01
9.880757020192703077e-01
7.734814469504953660e-01
-3.599607176007677545e-01
8.006173520305103208e-01
9.497143495558549864e-01
-3.291753550927801336e-03
-7.499923613897210850e-02
5.537110085284946415e-01
-5.523144922417917435e-01
8.530809019653986525e-01
-1.963036107895402005e-01
3.217324530442242647e-01
4.306185950684121577e-01
1.250752570394260965e-01
5.074709277978738386e-01
8.003848227566626727e-01
-2.582814601980809588e-01
-2.955754885369239471e-01
2.524234960333837652e-01
2.181314129582692662e-01
1.000000000000000000e+00
1.000000000000000000e+00
-4.573240918603249661e-01
5.288205997192667596e-01
4.993535775824360923e-01
-6.129921222401339687e-02
-1.862982438944320585e-01
5.070246974642738519e-03
-8.640300327685248583e-01
5.648447635284203905e-01
-3.773806683038383181e-02
1.558387313896271720e-01
7.989586118773606138e-02
5.205291933223029632e-01
1.056780739308733896e-01
1.397267819181742809e-01
3.525870762600798458e-01
-5.540040521942861673e-01
-1.533236554492681813e-01
-4.553102765710743682e-01
-4.394665422933354271e-01
2.562362830678129033e-02
7.274966033638708973e-01
-4.088019231648887253e-02
6.303898819438822354e-01
1.735120234483657486e-01
-4.199799450631991338e-01
-5.089298400452997306e-01
4.751038570943608152e-01
-5.094420821920112585e-01
-7.651281596597567791e-01
-5.576711541231441638e-01
1.522507895856449467e-01
-1.498406700757629606e-01
-5.026190546316389174e-01
9.226665942489558070e-01
-6.823538616777491406e-01
-7.326663107394389973e-01
2.684263731241303685e-01
5.864210162006983779e-02
-1.281108863850602964e-01
4.468557432307984634e-01
-7.866303501621719763e-01
9.866597115034596299e-02
2.369848510870212477e-01
-6.620316554116092433e-01
4.011541607841649371e-01
-2.538064956061661936e-01
-2.901177828871163711e-01
-5.871954451596056446e-01
-8.022793680191171450e-01
-2.613731019326466232e-01
-8.049258649838634261e-01
5.005299659756468067e-01
-5.819562543303951063e-01
5.757510670948259301e-01
1.157687826822367816e-01
3.917118289380925877e-01
8.527754661452612295e-01
-2.221948437317828873e-01
9.126587085870566662e-01
-4.540561619660177933e-02
3.025330567236945711e-01
9.374033071302632913e-02
5.710885938843021647e-02
-7.695517258433853813e-01
2.429631017046843811e-01
-8.093142329866896967e-01
-8.831331389727458125e-01
-2.117991682548167609e-01
9.064679290212056539e-01
4.211279016691600319e-01
-9.720526468179264690e-01
7.729164162890049816e-01
-4.891981868412241807e-01
1.373741543589668823e-01
-6.295260163913083407e-01
-7.949304072293029710e-01
4.778197001979465064e-01
7.622947252402662022e-01
-1.910133520380246086e-01
1.156092600874610299e-01
3.791127462989032360e-01
8.687793657481390763e-01
3.222774140426617473e-01
9.459355519660427314e-01
-7.392588445095544802e-01
8.397777532981847148e-01
4.851035180689324267e-01
7.508773570817006693e-01
1.221476356021818782e-01
5.464607878248659567e-01
-9.886315613612878250e-01
4.980241607939785986e-01
-7.683012499785690785e-01
-4.265154526328984730e-01
5.100003910045998179e-01
-9.694071492086751007e-01
-7.618174903658226915e-01
9.333574680999952022e-01
1.211289801363772678e-01
-9.709270003404577576e-01
-9.073458350845298170e-01
-8.517403475750187081e-01
9.299019248045321540e-01
5.759830941247590097e-01
-9.545721046219517447e-01
-4.495370242372490610e-01
8.069391899396962664e-01
-9.245103473042908249e-01
-2.821873575015209079e-01
-4.298064070591029462e-01
-6.627968747578196762e-01
-1.947986731274705674e-01
2.782459767693096220e-01
-4.965351424803650104e-01
-4.080231054738462926e-01
-3.567510184667466167e-01
8.516764370244958027e-01
-4.193955465019194029e-01
-6.838241089345502566e-01
7.020179892362403695e-01
-1.108104772051528020e-01
9.784110364373765911e-01
-1.271906286393816032e-02
1.299854091287901414e-01
-6.590251093164697926e-02
-3.476910320027020163e-01
-8.360261377740931810e-01
3.244025688725648560e-01
3.642314176060125752e-01
3.497887334282394067e-01
-2.593396453548689751e-01
-7.843815101043721816e-02
4.731090260998569441e-01
-3.211647512286530670e-03
2.822795262217203671e-02
-2.287477801692597290e-01
-9.493568136618243392e-01
-4.881220967344861994e-01
7.755726981518240581e-01
-1.993806548003244083e-01
-1.065906982586041080e-01
9.095584674600182273e-01
-8.143854146712659059e-02
4.243112089724659364e-01
7.602814208795375395e-01
-7.458080544581490168e-01
-7.298982730423527743e-01
1.920034073040239320e-01
6.590138903206570475e-01
9.472525276241985925e-02
-6.502098405379308499e-01
-5.833248991822658214e-01
-8.743739153855854818e-02
2.068256447443531099e-03
-7.876814518264031451e-01
1.875158943873839745e-01
4.375618962950839630e-01
-5.181218377753680215e-01
1.984823515856948550e-01
-4.628565255295078451e-01
8.414020206271017877e-01
8.944394657129015602e-01
-5.013679632105507711e-01
2.201510206208877329e-01
4.602002044404735620e-02
3.926342429348766982e-01
4.456233660560171006e-01
7.824163646170434472e-01
1.000000000000000000e+00
-1.039285413689362281e-01
7.579900091442784982e-01
2.142359836200864454e-01
3.561077387733415645e-01
-5.138540102154729450e-01
-2.631420459599841805e-02
-8.685770872704291490e-01
-6.574673750448710718e-01
4.176178262044627498e-01
-2.515038379768963495e-04
-1.807528060968782713e-01
9.272853726803195751e-02
3.476875897002793536e-01
8.839593443966088371e-01
-2.600381577043640036e-01
1.478567388627850254e-01
