4.855625270233213664e-01
7.009812126288073042e-01
3.712066859943451980e-01
-4.742393001702793764e-01
5.544153736244784580e-01
7.977048322463785590e-01
1.492935532427992484e-01
5.954885378671771479e-01
3.526448665157769780e-01
9.551715490612237014e-01
-9.981979971740323476e-01
-3.527549380928102218e-01
2.513198643780192518e-02
2.319009271476209777e-01
-9.732997612157979761e-01
8.927026128330850518e-01
2.498862227920836399e-01
6.566965625824044972e-01
6.331266173786840312e-01
-8.662441565110956532e-01
-6.742322720430862226e-01
-7.219244511377931328e-02
-9.986161319232806921e-01
3.877210296320482974e-01
8.992645852302527665e-01
1.032265450889791270e+00
-9.232724036669426315e-01
6.968748084993734437e-01
-6.066217923228491848e-01
1.430235485484549450e-02
-6.769965023159090212e-01
2.455594081180618171e-01
-8.997765658664756971e-01
-8.721659053761054992e-01
-3.162231742523733402e-01
-5.808476548747008028e-01
4.412913303167255163e-01
-6.613454842814596724e-01
-7.507517147662173818e-01
-8.038947060324159732e-01
9.340369331407153419e-01
8.759345126971143092e-01
-6.078876897671303681e-01
-6.946697487639719171e-01
-5.133119793882056081e-01
1.752561654855798456e-01
7.658293671200128161e-01
-8.137049310591526474e-01
7.509962674534297333e-01
4.421878221896508032e-02
5.371902245076665139e-01
-8.474688515726087612e-01
-5.442603120951899909e-01
4.492696894953730480e-01
9.790931868596551846e-01
8.625835577612614991e-01
3.152383869334531852e-01
-8.925140753910485447e-01
8.293643920813499326e-01
-8.003012969204600369e-01
-7.036911821844324955e-01
1.391987335162004347e-01
-9.512035563489716905e-01
-7.024184666600333804e-01
-8.768756982252683407e-01
7.184496191798501741e-01
4.987122315987156940e-01
-6.567020380617476227e-02
-2.198169362227763157e-01
-9.450831510119190870e-01
-3.043665602455932206e-01
-8.277491084188249859e-01
7.195626907302564434e-02
3.348116640815837486e-01
-8.447696528518457981e-01
6.581130053292746362e-01
4.620588614486935142e-01
-5.227461609861666636e-01
3.534447433918814219e-01
1.544914194548012709e-01
8.957033374435208195e-01
3.947749595178408621e-01
-7.445675751916002172e-01
-4.938648689582276208e-01
-2.461799199585128495e-01
6.813230730390360534e-01
7.181982438037033400e-01
-8.464354669254935404e-01
-8.704506807097808219e-01
8.481786512984713922e-02
-2.206453287731508645e-02
-1.970183814265139555e-01
7.658762036173616394e-02
9.856936332300368919e-01
-3.360023283040245445e-01
8.691640962568575324e-01
3.944093879533065450e-01
-8.008317290453517145e-01
9.412451610970500315e-01
3.048976363516217938e-02
-3.715666162303379871e-01
7.913265957763057079e-01
2.421900873901908779e-01
-7.807102363379894161e-01
9.186930528967782728e-01
3.045141318043569356e-01
-7.982576327297794538e-01
-9.445718140729775225e-02
8.122657311853825890e-02
-3.577989520630963649e-01
6.425531244876039327e-01
8.593511087866728682e-01
-8.764670512094815402e-01
9.030468885004897528e-01
-8.294434874437190963e-01
-9.901266285409291434e-01
4.972377552875187345e-01
-9.467578265630063328e-01
6.620649756101135708e-01
-5.650185272472606490e-01
6.821210411093495685e-01
-9.825296398793739727e-02
-7.084481050790110146e-01
-4.804858506318410161e-02
-1.420959768758283670e-01
5.456124298026934216e-01
4.583194219419218784e-01
-2.019865552974612066e-01
-1.017718835770477837e+00
8.134898651615189991e-01
7.943834544757228944e-01
-3.429632780333842501e-02
-5.001759589580190811e-03
-3.697118646587071455e-01
-1.074368277706063690e-01
-2.035353159939482237e-01
-7.084211753502277498e-01
-3.831297750891580756e-01
-5.132860077626493212e-01
9.098286068244696434e-01
8.403003109991821207e-01
4.184249577774513951e-02
-6.228737458801711369e-02
3.784042594700249285e-01
3.271631535194809426e-01
9.503034097259576152e-01
6.437110984261191771e-01
6.011298977711972136e-03
6.709997979026233184e-02
3.807448275742994492e-01
1.022670279252507530e+00
1.200391154904477953e-01
-7.359957182793654962e-01
9.779513876248699944e-01
3.269483030541003865e-01
-3.180597258904393487e-01
-7.659708005422702914e-01
-7.615210306999274821e-03
2.745102044470998925e-01
4.651586618912889048e-01
7.414593950803928246e-01
4.725228356368498250e-01
1.285265111111477954e-01
-5.234682670323415055e-01
-8.336861499607474135e-01
1.359228421887064275e-01
-8.158236426383433937e-01
-1.021315418652535500e+00
7.352110765220977173e-01
-2.180187267343457469e-01
-8.011771692737611472e-01
4.190829626762568871e-01
3.964494458866547610e-01
1.494954066673683246e-01
-3.886000567497465696e-01
3.050411976833704575e-01
-9.353393269331624627e-01
6.795848681175343797e-01
-9.537600191345918521e-01
-2.337830763428135894e-01
-5.570531179026548818e-01
-4.915754782456602245e-01
1.604867099846309375e-01
-7.053451963367477484e-01
-1.411815159894721228e-01
7.776638014653078912e-01
6.334446183889843596e-01
9.882255271589717172e-01
-6.377853594169841100e-01
1.800529674909465971e-01
8.957443048825846077e-01
5.538384571403061063e-01
-8.063187399353231033e-01
3.261450487801997866e-01
1.022948028905516393e+00
9.768164954331395311e-01
-1.034117659035710624e+00
-4.890183605065067107e-01
-4.524504774490132331e-01
6.432319645433925981e-01
-7.785515124136894727e-01
6.157830761118792129e-01
-2.072592364887396454e-01
-8.205963508337614509e-02
-8.741571810613812943e-01
1.016181364629973771e+00
5.014473264815125786e-01
5.996663435737088488e-01
5.136781103133836179e-01
5.818476326394311782e-01
-9.187774715511726198e-01
-6.084153702396974950e-01
4.385496516723370597e-01
9.538080074091822569e-01
3.006747388102293250e-01
7.598047815486155265e-01
-9.983548771066554084e-02
-7.820894912563410850e-01
5.967762641523015610e-01
9.713951561503989529e-01
-7.144625317632061767e-01
-5.776414104746026013e-01
6.029853713803177140e-01
-4.095777683289514304e-01
-7.206017322248144952e-01
-3.308025546959474372e-01
5.926547523088165903e-01
1.495421210174207871e-01
6.273041000661977451e-01
-1.091313948769795511e-01
-1.000735633582973572e+00
6.494856114887562759e-01
6.240498611321406708e-01
9.694076131862182366e-02
-7.024979154813775217e-01
-9.834737768331016650e-01
-8.812397771900961629e-01
9.900779406604559574e-01
5.352105581575020699e-01
-8.587841428032102487e-01
-8.306271703485693658e-01
1.329363962620082884e-01
7.004880513171548584e-01
3.887608937660892994e-01
-7.250446034204274803e-02
-4.642166303151843421e-01
-6.307663316350816674e-01
9.451565174039771033e-01
2.518637947618721507e-01
-2.884885858303364303e-01
2.622999878656354089e-02
-9.069223591108372950e-01
-2.142050642390822823e-01
-5.501597803419563393e-01
5.778446122454273803e-01
6.783634331283971801e-03
6.043906140940661365e-01
-7.922046881418187692e-01
8.779994792382627145e-01
-1.003666538614293557e+00
-8.911362054015704165e-03
1.008120779069173745e+00
9.144835613477702019e-01
-2.711400811367944419e-01
6.037849821152139196e-01
