8.067645978547660635e-01
-3.964149237578927232e-01
3.780965216837054443e-01
2.735656823763530365e-01
3.628784814683916338e-01
9.461341223835938175e-02
5.848545305515634452e-01
4.023904332255066052e-01
-7.803763856529702947e-01
-3.426308953475840635e-01
7.441978211181682346e-02
6.819338264770300473e-01
-7.789428725092716332e-01
6.389375248282247455e-01
-1.086631759815272075e-01
-4.084420622867293016e-01
1.245087311375676631e-01
-4.502703484214829466e-01
-6.821811570990505835e-01
-2.999653046499216602e-01
-2.437883345434277149e-01
-4.715490547815341937e-01
-9.620807019769643809e-01
2.487727247111723716e-01
-6.787613395194872501e-01
9.298111497748620113e-01
-2.932255113671820013e-01
5.847746204836820061e-01
-3.321343919749623619e-01
-3.174892906956965910e-01
-5.791563548327965938e-01
9.054245903604011270e-01
-1.000000000000000000e+00
7.347864723663553865e-02
-3.645065606463315788e-01
5.364572827939790844e-01
8.942000314708511421e-01
-1.000000000000000000e+00
5.368156974573325968e-01
-3.373093285187578894e-01
-3.513212556434063827e-01
-2.157039507961711067e-01
1.165916790661398611e-01
-9.425153023749054393e-01
6.643711728582155640e-01
8.676284031805699959e-01
1.123327732047139649e-01
1.000000000000000000e+00
-2.904607061474412388e-01
6.471814288708744867e-01
6.762221935761849601e-01
-8.777883890758601815e-02
4.848636528803356716e-01
7.061274099489935896e-01
9.556576078580447664e-02
6.026449822538006984e-01
5.818635540607622891e-01
-3.999061104390204680e-01
-3.519692716681380729e-01
-8.953576342203230232e-02
3.289756093242799384e-01
-3.073629460917590150e-01
4.218595359649914833e-01
4.382588161630983636e-01
6.427388856940520201e-01
-5.499176692750036288e-01
6.590896845118690561e-02
7.612361601033567071e-01
-4.482257441613999305e-01
-9.575570901267121959e-02
8.229983730419305754e-01
5.772550879629805287e-01
-5.088848723823748976e-01
1.000000000000000000e+00
-3.956563861408911031e-01
3.962687151061337065e-01
-3.100403676148300036e-02
-3.432574261948199146e-01
-8.218350506509976006e-01
5.146116869930172921e-02
5.439419934730455042e-01
-3.424679810315753303e-01
8.117132819961581092e-01
-2.736349698792459595e-01
1.547941758579080007e-02
-5.612461766585038481e-01
-9.440683936736647963e-01
-9.879029085951633871e-01
-9.648458893923953505e-01
6.676888257674274962e-01
2.043202192461779088e-01
8.238345239310741475e-01
-4.790002468268379776e-02
-5.696316670837826557e-01
-9.028859412267529194e-01
3.992012433329161780e-01
-7.137539936617454117e-01
5.009558075461733040e-01
-1.000000000000000000e+00
3.221881025261612019e-01
9.966129431212754630e-01
4.551350857932870420e-02
-7.291382002566526577e-02
-8.728179036722893969e-01
3.906680566845521785e-01
-7.597779974696852179e-01
1.000000000000000000e+00
1.943296764172858238e-01
-1.488710988981860606e-01
1.000000000000000000e+00
5.584117693542174632e-03
-3.382576231792242538e-01
4.886700868654690888e-01
4.253999817183519716e-01
-4.264920536247277516e-01
3.025345760473098777e-01
1.742676165640578700e-01
-1.000000000000000000e+00
-3.087624241907033218e-01
-4.596345248390746319e-01
-1.494223174112787600e-01
1.346709104939209090e-01
7.315516775908104119e-01
5.929086157294277681e-01
5.821257420156933371e-01
-2.802586758195592109e-01
-9.913348048389290790e-02
7.291400418067350842e-01
-8.337923764910786240e-01
-7.172366737395514669e-01
-1.000000000000000000e+00
2.633424063714017160e-01
-1.760699067108804361e-01
-5.057374962393224038e-03
7.181389057167361090e-01
3.417021940704549898e-01
-7.011053382734860895e-01
9.152415205937358689e-01
3.541738306140062020e-01
5.640220196792299356e-01
-3.296919221424393642e-01
-4.255155902947028723e-01
-6.986991308498347042e-01
1.000000000000000000e+00
9.986489087377570240e-01
1.739201763093258246e-01
3.614217631014300935e-01
5.586412036164272593e-02
-5.810467409629290758e-01
7.798307513737141594e-01
-3.424556409718304550e-01
-7.534944213168234262e-01
-7.451984083137345172e-01
5.069780128955367893e-01
-5.991006681660269173e-01
-7.134089134532074494e-01
-2.046814141761059969e-01
6.785757924866280266e-01
-9.892967618092489701e-01
6.520462831378142088e-01
6.676945531885618568e-01
-1.173604812351192184e-02
-5.796719812173376507e-01
6.857474475224558663e-01
-8.256276927618015904e-01
7.772422701707046855e-01
8.511587687776830946e-02
-6.235190023050288799e-01
8.661627973339588449e-01
-5.111734173430293460e-01
-3.001656388016425980e-01
-3.870772018973923090e-01
-5.772945070918222843e-01
4.680250055464173220e-02
-5.867732864456303155e-01
-8.775893256465218117e-01
6.453030029525085309e-01
-4.749625937973419032e-01
-1.187621030311762638e-01
-7.516004470086818934e-01
-1.000000000000000000e+00
-9.224662682384907608e-01
1.000000000000000000e+00
4.846545303722149534e-01
-6.866852394352325195e-01
-3.975059010520133329e-01
-9.832787576398477336e-02
-1.076885644518245921e-01
-9.171606845397844987e-01
-4.561571642511966229e-01
9.185013908746233469e-01
1.000000000000000000e+00
-2.467532799333568283e-01
-4.254002785386615249e-01
1.000000000000000000e+00
1.000000000000000000e+00
-3.987216151782241313e-01
7.715367988407705324e-01
5.194012379429309156e-01
9.230701898625416346e-01
3.967616439140456697e-01
6.661253600267601493e-01
-5.774398956744228872e-01
5.665232257262327042e-01
-1.000000000000000000e+00
-7.612829627346543448e-01
1.427327279019776074e-01
3.447214690136176651e-01
-9.499186401656111167e-01
7.817118723736555808e-01
-8.275560587654487987e-01
1.559798415695899942e-01
9.017414020854583878e-01
-2.397751353975244304e-01
1.835033836206054481e-01
-6.746029696910494922e-01
3.538272649894894095e-02
5.050404167308398806e-01
4.135249256647802740e-01
2.969751845047401417e-01
9.501594487747092588e-01
1.433813247246475686e-01
8.326372452715964378e-01
8.334067413452995732e-01
-4.994322613660927002e-01
-6.240743741153434998e-01
-9.384658111010323323e-01
-7.141557796182596007e-01
1.446587058776799273e-02
9.720844130718758747e-01
3.472876481618782929e-01
5.218673972999250399e-01
-2.219540704958105348e-01
-9.061814201132877278e-01
-5.083824160266444681e-01
-3.317372789276711864e-01
-1.314709056041698521e-01
7.153449075736161289e-01
5.648078949800863224e-01
4.473839140844294016e-01
-5.776168786724362736e-01
-7.568514688834017123e-01
2.131879005565505691e-01
4.234396870991873341e-01
-3.328526879873339728e-01
-8.374194255504233686e-01
-7.287972400730893252e-01
8.125907605269165890e-01
-9.410121948176789486e-01
-1.000000000000000000e+00
7.528399021975173966e-01
-5.771059227799087976e-01
-3.632870208235041698e-01
3.930567721984169482e-01
9.510480329787205367e-01
-2.700585270727805520e-01
-7.319728194494881102e-01
-1.388581477228691963e-01
-9.342656119530107217e-01
-1.091887102892501737e-01
4.506341345829129041e-02
1.000000000000000000e+00
-9.206605352999544523e-02
9.473640004838366213e-01
1.320117646148198376e-01
