-5.682909380303002855e-02
-3.172467878444690248e-01
-6.895803041000998501e-01
3.948129265521758136e-01
-7.852726138848984405e-01
6.081809238243803817e-01
9.821864273464904205e-01
-4.133322057038145148e-01
4.795143411962936031e-01
1.754852546855425466e-01
-8.306963716887156846e-01
-3.853305793137429269e-02
-8.501033418631046557e-01
5.811596161412843076e-01
9.714245524712827873e-01
5.635290538493751278e-01
-1.664458143507763221e-01
-1.249869525557603112e-01
6.217835239040718776e-01
-4.472875205567043988e-01
4.992566373882041386e-01
-1.018284196344625414e-01
9.813768427694702368e-01
-5.885413229806919500e-01
8.055006751063673587e-01
-1.000000000000000000e+00
-9.262942957758675266e-01
6.193639636204508747e-01
-4.069977052653535043e-01
6.825934214488373897e-01
-7.866102035613353749e-02
5.148934022790629950e-01
3.720327525713742478e-01
9.929747351552250523e-01
6.056648818018569580e-01
1.143170905961610195e-02
-8.283729314401968580e-01
1.824792353066040373e-01
-8.918630713901440910e-01
8.564500143783031483e-01
8.882152260389875043e-01
-1.178347078303263462e-01
-6.758439913335775318e-01
4.640642727783097499e-01
8.241877667181127798e-01
8.339419274258168535e-01
-1.685919117905942954e-02
3.587363917933417135e-02
4.076174758269266452e-01
3.171890270263799660e-01
-5.270213396431622233e-02
-1.000000000000000000e+00
-4.009424329574637902e-01
1.000000000000000000e+00
2.218206392144721484e-01
-8.980840239171632433e-01
-2.382543350921530190e-01
1.290669800523431554e-01
-2.415192989067575513e-01
-1.902235495333590987e-01
-8.058194820833735061e-01
-1.963491244985971773e-01
-9.769525032371717543e-03
5.902744311440313307e-01
-5.303686702093912686e-03
1.337148990174444330e-01
-1.537678739567144015e-01
6.139916782819951901e-01
1.822433333716108605e-01
1.230483189855112736e-01
-7.858380685848782576e-01
-6.993946226568015234e-02
9.671956136607799681e-02
-9.249896127458835382e-01
-5.700593704629874914e-01
-4.702168877166504890e-01
9.641738958683787608e-02
-2.433080286369989631e-01
7.251887261096029436e-01
1.000000000000000000e+00
7.620546934322709465e-01
6.107910684983821614e-01
1.376407721146959418e-01
-9.801018534960012629e-02
4.594477536620398261e-01
-4.703626861971493822e-01
-2.060707175784199929e-01
-1.227104017242300615e-01
5.670124092941783989e-01
7.249542716476841120e-01
-6.552084785601763883e-03
8.697201669686682735e-01
5.841429439343936991e-01
-2.383353861114397843e-01
5.992372754782606670e-01
9.880639589213321416e-01
2.759351830015663865e-01
1.293700579457157385e-01
-1.117148661743361249e-01
1.883061397898002642e-01
6.459552769852663356e-01
-7.325317597469729325e-01
-9.964470044687692152e-01
7.157651956849671038e-01
-2.849879899499281333e-01
7.998388480159602798e-01
5.978613511610199049e-01
-6.151027171780647507e-01
-6.816848903487926492e-01
-3.093170573643628796e-01
1.504255494579109786e-02
-6.035675120468542154e-02
-8.709443048247322849e-02
-6.472887325834290051e-01
-8.900077577574933008e-01
6.800151502211719823e-01
-3.488354384631715543e-01
1.572158432358627955e-02
-6.280986548300753203e-01
-4.163269708767549648e-01
-5.616813955694170968e-01
5.319257039068865378e-01
-9.616535590262491606e-01
1.138846484083908539e-01
-5.831284878916274117e-01
-6.529500095479369159e-01
5.777973577515498338e-01
5.223954871929907817e-01
8.703443886651779371e-01
6.018944315327591221e-01
-6.547625271566694938e-01
9.689256489239292947e-01
1.207441621223921402e-01
7.965147924577564709e-01
4.267531207807319371e-02
3.733023046382670795e-01
-5.621669605498906819e-01
5.282608802847705842e-01
4.111881347866018777e-01
-5.021362806552043256e-01
4.311584893412090391e-01
-5.308446513812747902e-01
-1.630978651165875259e-01
-4.881784228412233695e-01
3.001654672868797613e-01
-6.813593599440341819e-01
8.460636978251966367e-01
-7.216414549890572960e-01
-6.053713205702502265e-01
-1.361248316275036063e-01
-4.639327857097024221e-01
-6.236918996981145602e-01
4.507134784547275896e-02
-2.371147210399204841e-01
8.996292475392930754e-02
1.721476809397084473e-01
2.981608140084246461e-01
-5.298653156371539996e-01
4.600191269356995183e-01
-5.033821237043392127e-01
2.796372032390844753e-01
-5.455209072033664341e-01
-2.464761738942549685e-01
-6.604063423928785426e-01
-8.740277709970445397e-01
8.086283819187685129e-01
7.311606369779659609e-01
-4.462065612789931635e-01
3.496041069114994571e-01
-8.791134141132028734e-01
5.468655974294513999e-01
-9.610431921133613109e-01
-9.222886265075638246e-01
6.042094386777252524e-01
9.665822185799357591e-01
-1.630800618788281753e-01
-7.104463481632865562e-01
8.803183348120868779e-01
-7.177101575893463092e-01
1.566234115984497521e-01
6.072380906708064741e-01
-1.231067460196830776e-01
4.272747245213019962e-01
-3.300723109759357010e-01
-7.131070842173510282e-01
7.080685704448685946e-01
-2.365695771352218646e-01
-2.716064697984508780e-01
-6.782664712914937555e-01
4.686991126084372739e-01
8.400780884420989691e-01
3.402874603307481927e-02
-9.033806338301948458e-01
-2.158198799717259142e-01
5.320015744519107637e-01
6.771129984100769938e-01
4.306686332221335012e-01
-7.000227859979804013e-01
-8.190949613497372495e-01
1.336154062678221455e-01
6.827805933742499001e-01
4.725717702511753604e-01
-2.656490887235296583e-02
5.410781819918841773e-01
1.294849523788305090e-01
6.410166233168139716e-01
-2.715882988026747102e-01
5.020264603491748634e-01
-5.618533605310392920e-01
-1.468201410025571085e-01
-7.039617953980952247e-01
-1.908577849975277019e-01
2.512804294872517108e-01
-4.534099897609955576e-02
-1.866657544914915867e-01
9.996527890981701803e-02
2.098285443731313094e-01
6.294311856814873707e-01
-1.239210031144978713e-01
3.284491678414211968e-01
-8.410794848419445024e-01
3.836533734674834051e-01
2.428841918934148136e-01
2.794219668524380307e-01
9.121714800670241985e-01
-7.244821972541531929e-01
9.908634334563504176e-01
3.497352013941297244e-01
8.288113327947429498e-01
-7.407501254584503148e-01
-1.991860186067062610e-01
-7.964744542993793530e-01
-4.635420744357956480e-01
4.514981324549220965e-01
9.272324704150246288e-02
8.537892813657532720e-01
-9.978886279115271041e-01
-8.770154291308429606e-01
-9.730218525342695379e-01
1.717515172573746973e-02
4.962637072469373578e-01
-9.434676425101897745e-01
7.430809180505376643e-01
2.488171996078517578e-01
-8.806986637216431824e-01
-1.019910749945282524e-01
-7.387211850693886639e-01
-2.001438044653403303e-01
-3.246372043926839535e-01
6.850667683537010610e-01
3.459349625933978434e-01
3.701975084503030811e-01
1.327867056167819637e-01
9.708644912140831362e-01
7.490079633331303555e-01
-7.813430761005513148e-01
9.251181348230248513e-01
-5.868733287754100969e-01
-7.675794781771660968e-01
-8.287950048526533386e-01
-7.831464779585359803e-01
7.254125132272577492e-01
-9.639892242071559925e-02
-1.970478343761843387e-01
-5.866408255465569432e-01
