2.642135406602523773e-01
5.805053522755181383e-01
9.957338970534479472e-02
4.096542341771947093e-01
4.587111063218385354e-01
-6.465507630943791995e-01
5.179964063172357580e-01
-7.502254405891863875e-01
5.788193391612717065e-01
9.908557464255987046e-01
1.022736934819428400e+00
-8.270064426103040933e-01
-1.078523964212708020e+00
-8.814029473512547952e-01
-6.690366546019901328e-01
3.342693126434486683e-01
3.214693158106962656e-02
2.828993558679668840e-01
3.914331715748724516e-01
8.797755218584886183e-01
5.678799137518367735e-01
-5.582744087946951428e-01
3.952217260672339916e-01
-4.487579471719809199e-01
6.777051801424760491e-01
9.143081145483527017e-01
8.559949014164516257e-01
8.982819016254965927e-01
-1.033462078942397611e+00
-1.853229501234183729e-01
3.311125403656645649e-01
3.885961904059969108e-01
-5.258934902638825459e-01
-1.060492448389083187e-02
8.067431323705969159e-01
5.616921042389417806e-01
-4.721746356043777237e-01
-1.720872494725966817e-04
-8.612621726717382131e-01
5.804472394147793812e-01
-2.892193526851523089e-01
5.821129224902976684e-01
8.541369462368214593e-02
5.842274511558445127e-01
-5.666054713354395922e-01
-1.784280233129262871e-01
4.431786837274943047e-01
-5.867622304539703570e-01
-4.027770367421049102e-01
6.119675999996176952e-01
-5.669018612675034152e-01
-9.267150165344353874e-02
1.425785406174080450e-01
9.377329253194957026e-01
-6.143046392374160725e-01
-7.150031509811144437e-02
2.678622906124114023e-01
9.705945916716745003e-01
-7.204019814038633562e-01
7.527942371226770124e-01
1.743845534184211288e-01
-1.698538404602673302e-01
9.048396997856215096e-01
-4.035247528509273152e-01
-9.367423571995827647e-01
9.006058363679607659e-01
-1.847761725529089016e-01
-8.397595749109471042e-01
7.824608448825802753e-01
2.736227137187247083e-01
1.752982352004992528e-01
2.403222951830326359e-02
6.408818370706759193e-01
-4.281950792031496422e-01
2.467290655968025215e-01
-4.255321534031311081e-01
8.627819594523826741e-01
8.282950564846930375e-01
7.848380993481998136e-01
6.355411107631185885e-01
5.741932240006060173e-01
3.934366870943057926e-01
7.878012911255584116e-01
-6.347811277601682622e-01
-9.726939182801397354e-01
-5.879856233958931089e-01
-6.667538020884389294e-01
4.446798846208586120e-01
-1.763981938490186696e-01
-2.832335697379024242e-01
-7.113595090203377325e-01
-9.222932536453267716e-01
-7.110356308149690108e-02
-4.660309728668887708e-02
1.524072394602373759e-01
-5.634075667826419220e-01
-3.199132586947014967e-02
2.008339296546935993e-01
3.567914303687076405e-01
9.553898960637816629e-01
5.124310458605576546e-01
-4.367707934987752338e-03
6.301412632439700179e-01
6.495381830857953620e-01
7.470382594562638978e-01
6.106967845999236033e-01
7.362769532974530740e-02
-2.557926299247739177e-01
-9.346238242229752968e-01
6.529717874428038193e-01
-7.131573488625180257e-01
1.292163295381136834e-01
-2.485669630522979179e-01
-6.777617158216953097e-01
-6.745397229452574361e-01
-1.483191819831175540e-01
1.263008971629858146e-01
-3.712835132792352555e-01
-4.052589093805428200e-02
-9.001239899710292702e-01
-3.671867171045916090e-01
-9.964831117385105630e-01
6.727541491199449109e-01
6.544578247015973016e-01
-8.959723521793830914e-01
8.543557979265170577e-01
-6.249154528484553994e-01
5.785729056974509010e-01
-3.416691922492911537e-01
-6.810931026413087341e-01
-6.130779278736727678e-01
1.055337220163782064e+00
2.041478437831933945e-01
4.322651325236323561e-01
5.073201529761866002e-01
1.026734720477410878e+00
-3.001412562404075501e-01
3.319519730845601480e-01
-9.077263402631374767e-01
3.823552530052157228e-01
-6.242284806002373898e-02
-8.317137885918928220e-01
3.770676348479198303e-01
-5.507498229127273381e-01
1.979563879032362195e-01
1.054114133511222962e+00
4.714460231765709164e-01
-3.784822300366109671e-01
-6.372206567129478083e-01
8.371115294507792681e-01
-1.599759430348375311e-01
1.163708219618598827e+00
-4.217588541404350133e-01
7.239710001295922570e-01
-5.137942797127099670e-01
4.690270320142648774e-01
2.537513268402594724e-01
1.341590960704836522e-01
-9.750622498155141482e-01
-4.891063937602064815e-01
2.146071645688468477e-01
2.965680478268477582e-01
-8.756234683292802856e-01
-7.163875119678635439e-01
-9.993706770614365631e-01
-4.966587277042620041e-01
-9.193430343659703130e-01
-6.816436504502092486e-01
3.753812541645848988e-01
2.391456599255854520e-01
3.091441084793017380e-01
-6.848055116361699834e-01
-8.882795624392784140e-01
2.519164437297072290e-01
-7.799882797943142876e-01
-7.387136649781099740e-01
9.060361605056977963e-01
6.675235037440203634e-01
6.928624751527789893e-01
-1.242619979912062966e-02
-2.182017003258438226e-01
-9.353582598472427456e-01
-9.624146613174324738e-01
-1.559421337642681316e-01
-2.999308038279355770e-01
8.144229470877673016e-01
1.600830445234219246e-01
-4.394895000025673681e-01
-8.012652969336500064e-01
-6.648871826263413887e-01
5.174602919096941145e-01
6.036656859926402552e-01
-6.290035429787825816e-01
7.788110396724883255e-01
-2.229087575870876137e-01
-2.295956923500404034e-01
5.725290937296366733e-01
9.297362117189533759e-01
7.994313861890406381e-01
9.187092252484119204e-01
-2.450134093669023017e-01
4.647771491994201476e-01
1.125994269898986655e-01
-4.014587471249738693e-01
-8.762953911433168930e-01
3.377744935022302109e-01
4.500160797941927249e-01
-9.581987926833787084e-01
-2.517225126503609967e-01
8.730823250778818601e-01
-9.133896182385775608e-03
-9.804977127869497489e-01
5.965463114295979086e-01
-4.881573681665862807e-02
4.454727527603553616e-01
-8.234316681990723197e-01
9.909736526661592215e-01
-8.513766812353329438e-01
5.868405375837988380e-01
7.181143983281002008e-01
2.909507089161783577e-01
1.644906251181514900e-01
-2.336068656818153233e-01
1.053336774545568622e+00
-2.053431153046065827e-01
8.289084992152484510e-02
6.297684926252267168e-02
-9.546984432043146285e-01
6.531156591412259349e-01
7.533287659124530133e-01
-6.229179876241928149e-01
-3.853805245863990425e-01
2.291769341434149454e-02
-1.611411777785960453e-01
8.260001805204951753e-01
3.970432975968548606e-01
-1.870018333700523561e-01
-6.972024155222865671e-01
-3.554494725932619836e-01
4.583301960453683987e-01
-3.413565513158324516e-02
-6.040352088619702631e-01
8.456767294333711327e-01
-7.547717206727840855e-01
-1.485250169126039466e-01
1.668362895903305332e-01
3.782900389260634988e-01
-6.091793831584038088e-01
8.118946968436133726e-01
4.512256990899050635e-01
-1.867164213758931712e-01
5.213031435977940609e-01
3.428181341806257332e-01
6.388420878162490713e-01
3.300903512198266054e-01
3.963281316117670539e-01
-8.800589123197256614e-01
-2.814026508967094609e-01
5.551573109701462005e-01
6.741735911254232994e-01
-5.053079678127010421e-01
4.276399820266336693e-01
5.797997533133276704e-01
4.125749256968951340e-01
-3.907562513846222774e-01
