3.467075804105776426e-01
7.593268418070915349e-01
-8.846115972348002066e-01
1.092831907917755779e-01
-7.229591232241193710e-01
2.095875836502276643e-02
-1.002592536003147350e-01
2.816226744314350161e-01
8.792149601823785465e-01
-5.484347507276474687e-01
-5.341242960665344014e-02
4.226447892991608835e-01
2.208017823932656443e-01
-6.723344458125098955e-01
3.161805364458313838e-01
-4.107699505330585366e-01
2.861328226997039148e-01
3.302519486438854068e-02
3.824187174746003781e-01
4.249239437654272478e-01
-4.422253855829938463e-01
-9.259297872401749396e-01
1.241935780635244901e-01
-2.730277101494139047e-01
5.544149612555598211e-02
1.000000000000000000e+00
3.957279484462999930e-01
-8.358036605667936714e-01
2.943928338762616947e-01
2.606079766794198171e-01
2.025501896874953855e-01
-3.316223949786690772e-01
5.724544177824011371e-01
2.998740186873903868e-01
-8.946461897464481616e-01
-5.046759404476911653e-02
1.553780421011930479e-01
-2.601034039443383405e-01
4.009697755891232229e-01
4.814433844675413687e-01
-9.620151954168669750e-01
-1.000221029365315206e-01
2.788492286760588801e-01
-8.706056771544983253e-01
-1.742730498941554296e-01
5.038910444941945288e-01
-2.447545824318074215e-01
7.085167384880514119e-01
-9.475571256170139955e-01
-3.304300491971984277e-01
-5.964223877625982606e-01
-2.659770162909662616e-01
-3.685895754518392908e-01
5.868237760585671703e-01
2.697132063270145652e-01
-3.856981133747869883e-01
5.031232616140780545e-01
8.965661009655578884e-01
1.816658268377935592e-01
-1.556209278125033901e-01
4.762286979430574996e-01
9.705994311533185925e-01
8.211202944614520716e-01
6.771237270990638768e-01
-8.988654633713468733e-01
-6.066177882099360597e-01
-9.618427781510459074e-01
2.258884461567535196e-01
-3.940497266964895218e-01
-4.099089396872076518e-01
-8.257305594891675149e-01
8.278874987233667548e-01
7.897797807259877567e-01
-8.670572002580487769e-01
-3.232455818671060022e-01
1.000000000000000000e+00
-4.736064008822769844e-02
-9.618712658078877320e-01
-4.216913108812958000e-01
-8.246377381440603838e-01
-9.391016886062184543e-01
4.880191100894283596e-02
8.199770602342371095e-01
-9.780175905827743765e-01
-5.840228354916890963e-01
-1.065323322048956772e-01
-6.952220408312681510e-01
2.255093044430388563e-02
7.382953635080106158e-01
-2.895450421440098898e-01
9.524802293137684117e-01
-2.713065103146296009e-01
-5.919812023164001680e-01
-7.526930535917397691e-01
6.937993736150656066e-01
8.270407479647318150e-01
-4.910159086678796969e-01
-7.481207500495528073e-01
-2.458440133010456607e-01
5.826825011867337034e-01
-8.982794174454064029e-01
7.151125588762747842e-01
-5.721855688252344141e-01
-8.822365275628747672e-02
2.038361746237205285e-01
5.721811703058171661e-01
-4.237645315965678505e-01
-9.444570345419395219e-01
1.993220532026156872e-02
-6.716928729119558961e-01
-3.145933286986321575e-02
-6.966726668090407193e-01
-1.000000000000000000e+00
1.363953439654887745e-01
-7.212723865284047520e-01
4.737291341590267602e-02
7.097669004534667980e-02
-3.411687303375968150e-01
-1.000000000000000000e+00
3.427514891397499541e-01
2.856453677313410336e-02
-7.581852166452376363e-01
-1.664453730397611741e-01
-2.252227594510729236e-02
1.410674985977763696e-01
2.023491138435698222e-01
6.658620063786760968e-01
-6.433120586085339099e-01
8.305514051231428496e-01
-6.999443431190038867e-01
8.025711019464732976e-01
7.403751617050898792e-01
4.137712984952064410e-01
1.450572937929680006e-01
5.293401087034722563e-01
3.037913767808710364e-01
9.012902888236281607e-01
6.339724200172500712e-01
9.078487171733273797e-02
-8.812575372194406675e-01
-2.556396166739200448e-01
6.575682260935545864e-01
2.971561039603777821e-01
7.803351861785645660e-01
-1.360498407859400127e-01
5.322916766107657072e-01
1.486483272198238781e-01
8.066710845000171215e-01
-1.866824097821872253e-01
4.367673188106243054e-01
-2.048166790622469799e-02
1.869041284488929533e-01
5.198547511662257037e-01
-7.645568698436636668e-01
-7.252203368516738635e-01
-8.839249604920226266e-01
7.046395820202692173e-01
2.879194135075498484e-01
-5.171800067709296789e-01
-3.416673041142834766e-01
-2.938428576209461962e-01
5.509612155362171304e-01
-7.373957335920556799e-01
-6.398602053032180770e-01
2.569139555517411799e-01
-5.408287177794540712e-01
-6.735699380585906670e-01
-7.894341313861328313e-01
-5.055802533583310110e-01
9.730974509406269402e-01
-7.803295591008775345e-01
-7.726912336518060309e-01
-8.261286157941730712e-01
4.671897684336654422e-01
8.083173532516668702e-01
-3.168463723558509471e-01
9.123980786941964238e-01
-7.318840587274010323e-01
8.785562426322739427e-01
-6.680270232477455439e-01
-6.883799400257891721e-01
-8.612490496630502701e-01
4.337640387038863010e-01
-6.750347479483476132e-02
-8.405180183389353576e-01
5.339804081645612710e-01
7.711287866245090106e-01
4.141648382305037068e-01
-3.073261325439710090e-01
9.426708312318479166e-01
-1.334610084545985731e-01
-5.824736322501689045e-01
-3.425170036627507852e-01
7.899174270457063329e-01
1.000000000000000000e+00
-9.021151372823399406e-01
3.824919919827449166e-02
-9.733109790485166002e-01
-7.037220924224798502e-01
7.891028650436149317e-01
1.780566056713711043e-01
-5.224984060675876840e-01
-6.053539039935502686e-01
4.957356092366850819e-01
8.906367784897637474e-01
1.117622291684618324e-01
-1.995753978746337975e-01
-9.101581083857123167e-01
9.912946330625277414e-01
5.623494850217352070e-01
-6.549832870662744000e-01
4.974532446033128608e-01
-8.710287613861370515e-01
7.881975722242782201e-01
3.522544037021516639e-01
4.153906627872676338e-02
-4.708113145259731902e-01
8.832381601658932935e-01
-9.921885700322217172e-01
-9.541351484491645829e-01
9.005917730375624375e-01
-5.035618912701846916e-01
-6.038241851225319978e-01
-3.309180958565979824e-01
-4.460468747936340295e-01
4.529027407244184261e-02
5.315717443887965077e-01
-7.010355203094988108e-02
-6.617803096552277164e-01
-8.483600786196390797e-02
9.560514137712997629e-01
7.287620881999529177e-01
-7.626062185020540118e-01
8.763545442762232796e-01
-2.998941826854519266e-01
-1.225301486268140505e-01
6.973554923945246564e-01
-2.791861231031889656e-01
2.254177336011601862e-01
-3.058505714076200643e-01
-4.148217230200041405e-01
-6.983824972817713750e-01
5.866279984723736796e-01
1.724524369805038870e-01
1.989289652866430280e-01
8.729515425817911956e-01
-6.344583377731740637e-01
-9.316094905348973887e-01
-1.653964001432864928e-01
7.895774709598987195e-01
6.293059538941716546e-01
-5.897600989080346023e-01
-5.744406595262715465e-01
-7.709076907920544564e-01
9.207126564679131153e-01
-8.147176292863905767e-01
4.651731580263611110e-01
7.776880424739993636e-01
3.667611868811868070e-01
-2.526021946897671899e-02
-3.717616462700556457e-01
2.263764625442096223e-01
-6.552976556056709923e-01
2.255105033971961659e-02
6.946120410218020735e-01
