3.196528683272032989e-01
6.701461649696812684e-01
-8.850822879877515703e-01
1.796971639288393874e-01
-6.949507409719809514e-01
-4.463741880650707455e-02
-9.648908480438171675e-02
2.465030058248264266e-01
8.805250893385162536e-01
-5.507925281215216851e-01
-4.062061581762098361e-02
4.278782712437037561e-01
1.879712381728116388e-01
-6.477673075893687349e-01
1.531541360699880117e-01
-4.606710674874710532e-01
3.120143525538347506e-01
-2.628846338470615385e-02
3.644167055935491617e-01
4.262610460184039218e-01
-4.055959707771935596e-01
-9.160355002128389712e-01
6.074216871659504635e-02
-2.610880672091593913e-01
4.561443755445691861e-02
9.343233264239878544e-01
3.369674820722992070e-01
-6.984674101410474067e-01
2.522811352018370923e-01
2.386988374792609613e-01
1.256774730802668605e-01
-3.513430658184916178e-01
5.908959872675347835e-01
1.604977047683840419e-01
-9.633946527749490674e-01
-6.308135963235116106e-02
2.723532598072225808e-02
-2.715892136098720933e-01
3.312975571350620374e-01
4.782172401008650819e-01
-9.805012599386115912e-01
-1.681332227693701498e-01
2.869034655425972691e-01
-8.737336999346211330e-01
-2.627846854351387207e-01
5.778836810662082435e-01
-2.381822689005897442e-01
7.170455421548337371e-01
-9.355241558722334760e-01
-2.654617321840183619e-01
-6.380357418243610690e-01
-2.661155844563892758e-01
-3.663311947370015975e-01
4.982126633968363971e-01
2.749454979826843060e-01
-3.822684709391281910e-01
4.831012842427478415e-01
9.399072439278748359e-01
1.720383411234562843e-01
-1.209867488849038913e-01
5.164836896185256432e-01
9.700186138484929721e-01
8.358493540751379403e-01
7.576224734042710240e-01
-9.121732966659167330e-01
-6.149207505939666696e-01
-9.549684078042146584e-01
2.358788043186772487e-01
-3.987871183013314003e-01
-4.272670770878678193e-01
-8.045507351747543945e-01
8.632811951450019006e-01
7.044323708854518529e-01
-8.516344531775413840e-01
-3.267744259141301399e-01
1.000000000000000000e+00
-3.608728553187245253e-02
-9.423094691780937726e-01
-3.825857260211743549e-01
-8.584025895499590719e-01
-8.783460035043180181e-01
-5.691895936840767056e-03
8.030963230932220975e-01
-1.000000000000000000e+00
-5.764142176391582328e-01
-1.052071406814074211e-01
-6.911169321112944353e-01
4.191896730758588874e-02
7.152139957160158490e-01
-2.696046035347722247e-01
9.856387015686887132e-01
-2.570420967262330159e-01
-6.141394834897992983e-01
-7.544878792389845268e-01
7.012206406181771268e-01
8.455133351778827411e-01
-4.281206691387942076e-01
-7.501635569756969213e-01
-3.758835568019410212e-01
6.476752555072314843e-01
-9.509142109826794753e-01
7.221067578832234268e-01
-5.322857074135115552e-01
-1.332657035644628785e-01
2.060014339893067870e-01
6.330896123158135103e-01
-4.185145352115545170e-01
-8.414899879188493248e-01
3.824523051255950684e-03
-6.810124103075655411e-01
-3.170487510764827960e-02
-7.372677818409859585e-01
-1.000000000000000000e+00
2.105845127365866265e-01
-6.504061140999034540e-01
5.032527641276726693e-02
6.117498501463054100e-02
-3.122429043265964599e-01
-9.934269365426319220e-01
3.488586108287561327e-01
-2.269601080744542906e-02
-7.707946078378530297e-01
-2.236372733688705705e-01
-7.617036575968644252e-02
1.357911317179460453e-01
1.945363771221799709e-01
6.526346551134928342e-01
-6.675896980238628098e-01
8.533287448917392659e-01
-6.815311722273663664e-01
8.254224293686720504e-01
7.595926686467409095e-01
3.841768249567049653e-01
6.185432036180579102e-02
5.293401087034722563e-01
3.143001183679724475e-01
9.119274440918418989e-01
6.512782956392850764e-01
9.663654739507121505e-02
-8.888451884160804006e-01
-3.507217514785297974e-01
6.294483038203082526e-01
3.078993085709026967e-01
7.628413802132063548e-01
-1.724404957142045003e-01
5.492662729590487292e-01
1.444447468087310948e-01
8.225186509408042301e-01
-2.377839366004766142e-01
4.905210533086977187e-01
6.825422245717382985e-02
1.700462663994667667e-01
5.721255187968806721e-01
-7.674865385540128315e-01
-6.993028570618274875e-01
-8.665652727928410126e-01
5.901290975532905714e-01
3.032613635621766446e-01
-5.431723542354806034e-01
-2.996102148042705249e-01
-2.983737029897777226e-01
5.119549321369482042e-01
-7.975431910197285923e-01
-6.092022066912201606e-01
2.196660256639876851e-01
-5.246898228431426947e-01
-7.003511244319499118e-01
-7.529680670197769210e-01
-4.653883903389979260e-01
1.000000000000000000e+00
-6.974544438526493195e-01
-7.917779694496069887e-01
-8.020122313197031172e-01
4.821421617018548655e-01
8.128492807994854852e-01
-3.261841632893835996e-01
9.516948879222386637e-01
-7.961890509008624495e-01
8.888612765538894678e-01
-6.500909003478386738e-01
-7.674610341395786683e-01
-8.769304689821786347e-01
4.419572567549035491e-01
-5.385169682347667325e-02
-7.895227946815704945e-01
6.097799896302497080e-01
7.779113446416203725e-01
3.867425752314317955e-01
-3.017522355707129011e-01
9.497777601078221110e-01
-1.191789463639432445e-01
-6.319646936669097714e-01
-3.624305840933542688e-01
8.119576591080375216e-01
1.000000000000000000e+00
-9.368734807014098553e-01
8.928050601746954223e-03
-9.079783781618522287e-01
-6.958301095589635166e-01
7.767974919680268320e-01
1.656232472211761342e-01
-5.214504964646669016e-01
-6.002898952613414663e-01
4.772647992237533110e-01
8.504646998643003997e-01
1.257245619862887298e-01
-1.995753978746337975e-01
-9.254436275889060814e-01
9.081586899235651877e-01
5.625643826985452511e-01
-6.659855775939668154e-01
4.736402193919472814e-01
-9.090813947746284596e-01
8.230957768277344933e-01
3.275312834664971806e-01
-3.201260654446145409e-02
-3.485713930229262791e-01
8.849012223424741475e-01
-9.778581161761323859e-01
-9.575177106309559205e-01
9.120464255706333123e-01
-5.214953077211107457e-01
-7.028601548106584440e-01
-3.679182947033661777e-01
-4.283776935230862448e-01
1.745803278555632665e-02
5.396390516615418020e-01
1.514048516169386183e-02
-6.565670539583443599e-01
-1.257122735109478529e-01
9.518348396336587802e-01
6.979015142823152829e-01
-7.274752124956027632e-01
8.382580964054247019e-01
-2.565575288675220889e-01
-1.154931058562966295e-01
6.949530083362770450e-01
-2.691186625500975871e-01
2.268817622837155656e-01
-3.192530850376096851e-01
-4.352047082500567488e-01
-6.632813473974999985e-01
5.333576973653172404e-01
1.101354877890626527e-01
1.649873058980808049e-01
8.172966817607116852e-01
-6.663556491035971252e-01
-9.904534154562882886e-01
-2.069282061575530296e-01
8.046652144227711689e-01
6.405352916905656668e-01
-5.770950867784083727e-01
-6.345048896728747723e-01
-8.310401476495015149e-01
9.108197677673849357e-01
-7.982905414009353606e-01
4.858894610124306901e-01
8.083732139538726269e-01
4.310030163015866056e-01
2.298512538450852433e-03
-3.819223291903305895e-01
2.630869033838293403e-01
-6.746578161744108959e-01
3.253688238708420805e-02
6.610833870401707779e-01
