-5.630975405647582477e-01
8.812851842878738351e-01
4.849700181512581754e-01
1.076064682153732438e-01
2.185857658984069751e-01
5.208939504775009777e-01
6.937047772683506697e-01
-4.494905607598093655e-01
7.011307148546649382e-01
-8.625411665903716107e-01
8.085608352368796048e-01
-9.719927614530639026e-01
1.773488634622235327e-01
1.230154103260700932e-01
-2.620016113053666995e-01
7.207311262907153404e-01
-9.001448997968032328e-01
-5.329710985568553855e-02
6.156309340156455034e-01
-4.680090264300353908e-01
7.917856232826423479e-01
-7.168578351966916617e-01
-2.503952440919540723e-01
8.870902498897297317e-01
-9.311915578712948172e-01
-6.473850959762380564e-01
3.504363044458181364e-01
6.402136881380391387e-01
9.025964142091332798e-01
2.996344800799792263e-01
7.657133190351321783e-01
-4.301726099448396345e-01
7.572098773326346732e-01
5.486688320648642758e-01
2.406326571615878193e-02
-1.517565611351882060e-01
4.748780186737667774e-01
-3.806060679463141305e-01
5.578718008917085136e-01
-2.351366500718646280e-01
4.465476633002211093e-01
7.100668034016274777e-02
2.082154200559142854e-01
-5.717838302937819916e-01
-7.698745995371436557e-02
7.427143054794241861e-01
1.997544393474610658e-01
-8.273778792587613840e-01
8.336138044395018376e-01
-2.488322134619846415e-01
-6.789229789230829537e-01
6.595617555824134781e-02
-8.205087741092959019e-01
-6.601352339064243679e-01
-9.028782858532190259e-02
4.936711090454894840e-02
-2.160381742672488337e-01
1.922461193387015321e-01
-5.894405456336214710e-01
-5.360740685326268462e-01
-5.326386855184209179e-02
5.503219559733221189e-01
8.534143131029473528e-01
2.782730231737216009e-01
3.515856140009420150e-01
-6.616420102181679030e-02
-6.146140287175699823e-01
7.655420617173145370e-01
-8.189127466210754935e-03
-3.134403862337559743e-01
5.539302559174787977e-01
-1.448309387127557080e-01
-2.064184342192340593e-03
8.033633403577857823e-01
6.765887012717379800e-01
1.809655285674633962e-01
5.680088120087962711e-01
6.528716669606818845e-01
-6.045517563239285463e-01
9.683742145996109274e-01
5.166810273675950249e-01
-9.252017137395214252e-01
-4.498573410004120809e-01
-5.388460465052923309e-01
-6.663507527440150069e-01
8.746770538374235016e-02
-1.274220935973170155e-01
1.610300133277938195e-01
6.895543640073610314e-01
4.294329470367524992e-01
9.710653296842876037e-01
-4.437260641757425628e-01
4.107716008694958232e-01
1.978907850239318700e-01
-2.377970942898532947e-01
-3.563457521392559557e-01
-7.951757358601793113e-01
3.269332992442294250e-01
-8.993420612541874748e-01
6.937550232664776440e-01
1.165570413021464469e-01
3.029908771871659412e-01
8.189067897664527029e-01
-1.639366745769730849e-01
7.455788436266624908e-01
-9.529980814766102204e-02
-3.959499515839010053e-01
-5.061504868464458129e-01
9.825184493456745605e-01
-8.811805963491687876e-01
-4.198110790240109358e-01
-9.931842791604611476e-02
1.965039310973082654e-01
1.000000000000000000e+00
-4.172657730114961439e-01
8.363055077794777636e-01
3.133689227889466800e-01
1.478797266884358530e-01
-6.080077792827053296e-01
7.791825513397754310e-01
-8.319196104382076129e-01
-8.132453543591653400e-01
-6.163195989884020509e-01
-2.821392010991151666e-01
-2.229245887756236555e-01
4.891872597620365859e-01
5.343757637025128293e-01
7.747883579298654455e-01
-9.076538888516231252e-01
-4.567161494686592382e-01
3.914751882156402019e-01
6.899389936850734983e-01
-2.519022109184849145e-01
1.469063204479655882e-01
-7.157003873640588321e-01
-5.488835759561501160e-01
-1.926654915159676518e-01
-2.773908743429179258e-01
-9.018487228186580218e-01
-4.138139264058050548e-01
1.944999016338626319e-01
5.668996830860805192e-01
3.059748598719557733e-01
-1.182508320945511449e-01
-9.257099605201779546e-01
2.744920622584254288e-02
-3.460096871707419863e-01
-2.326583499188554227e-01
4.561015717843614481e-01
-2.253844964748105695e-01
-5.844319195538538736e-01
-9.772275918194889277e-01
1.319197114522548953e-01
-8.977701171859691076e-01
-6.072320061561738980e-01
-5.813890837782875742e-01
4.631217215286586586e-01
-4.817346596426975158e-01
7.586667353703767658e-01
8.355395091730077883e-01
-3.718862686415155272e-01
-2.021448716596259063e-02
8.032855776282666893e-01
-2.250627659691525062e-01
6.882000808725173835e-01
-3.592952625231672914e-01
7.885200518056550978e-02
5.539389484195155200e-01
2.005162606512288226e-01
6.820912232719307244e-01
-7.332822481391675362e-01
1.711136104667887459e-01
-7.503923005673052149e-01
-8.002432248094801803e-01
7.921491898685769639e-01
-8.111742148163507693e-01
-6.956855634253843457e-01
-2.776271920084763534e-02
2.143977489619867116e-01
1.255196412490017788e-01
9.001441151383999806e-01
-2.307469493357731938e-01
2.207472993461447597e-01
4.458283350682830659e-01
-7.167031936129947267e-01
-4.894640560117423655e-01
3.839880767527815153e-01
4.034789489204823609e-01
-7.631402418892464790e-03
4.597955674363738421e-01
-3.925528081189466612e-01
-3.219039507341536765e-02
-4.659153100184509899e-01
-3.224684243832816044e-01
-5.281162451071037545e-01
9.244351573027567714e-02
-2.074094201163904916e-02
-7.157560273645783289e-01
-6.646066631077618414e-01
3.776654345124676182e-02
6.342929137374388182e-02
3.052163533750220162e-02
-1.073511891130499996e-01
-9.239952938116466896e-01
-5.148995037567601907e-01
4.148349801572227546e-01
-4.931294923734572122e-01
9.414158218918997623e-01
-7.817472237198939133e-01
-3.867416659587383232e-01
-2.289928325890268346e-01
7.743104874144869365e-01
-3.419715418424820186e-01
3.057055644620961798e-01
5.542005676030402617e-01
1.138197707090854160e-01
-7.878950400106674579e-01
2.051883520915490366e-01
-3.255276615156019737e-01
-1.759391656331378007e-01
4.849935026783522285e-01
7.504434313699394066e-01
9.653576828166146040e-01
9.217403909683125063e-01
-3.346524033063024567e-03
-7.536020269186971543e-02
9.493222499295710382e-01
5.269591399809310239e-01
7.906883221537869266e-01
-7.903119587179966432e-01
-1.238612588500312972e-01
5.992084278105778150e-01
-8.419719369011319232e-01
1.992574039004061104e-01
7.007350887669353545e-01
5.579474312965266858e-01
-4.920013194257459865e-01
7.671320815513447133e-01
-8.282669768725637871e-01
-9.435091715845816962e-01
4.571401354378256121e-01
-4.443122884202052036e-01
7.800653422485447352e-01
8.520627219832754840e-01
7.164865090862164720e-01
-4.743911997207875264e-01
1.287029457843152369e-01
1.756774124199477621e-02
7.881230357351038940e-01
4.104121946621963057e-01
-9.500509054737577008e-01
6.266207137100175961e-01
-3.878379471188870831e-01
6.876822383362627411e-01
1.952186016833273863e-01
6.988693244372269353e-01
-4.962516749174016306e-01
1.346058145393978500e-01
2.850771974985786272e-01
-5.188421900466111403e-01
-5.170075245311290396e-02
5.160844211601431919e-01
-4.324741456519255456e-01
-3.007275032149958061e-01
-3.976318178045397667e-01
