-3.356193321450218203e-01
9.952944651792393627e-01
7.841147236715836355e-01
-2.750699672462093570e-01
6.053663114524859834e-01
-2.352143452042480473e-02
1.433077973179283371e-01
8.129265184329315108e-01
1.908067657531448968e-01
6.480107990738586121e-01
9.929774752892192025e-01
9.616054921929753085e-01
9.867747113311837737e-01
7.093669517578985451e-01
9.830368557305331212e-01
-7.115493988196703867e-01
8.479042682605653081e-01
-9.323911685258609028e-01
1.795284135483681265e-01
4.753491033172543845e-01
-9.584954868303530162e-01
7.902137214157283207e-01
5.170316047002871951e-01
9.871683700067755973e-01
9.853196706700585450e-01
-7.380405747892908319e-02
-4.543148131344843521e-01
6.443009273594538788e-01
-3.587348541315256711e-01
9.844134159974806675e-01
5.100565187202571460e-01
-3.971189556698603296e-01
7.390625653772340264e-01
7.268880181159061982e-01
3.929601764212691806e-01
1.180037043810043401e-01
-8.715185255629032124e-01
-6.751783484628502974e-01
-7.928408672854421191e-01
6.293285791291355902e-02
8.924270434480054970e-01
1.105848972205043523e-01
8.801809503209151453e-01
5.756135641370489081e-02
9.565806647345446168e-01
2.260415100354863094e-01
-1.000000000000000000e+00
6.740142404639190565e-02
2.789154931651071645e-01
1.000000000000000000e+00
8.308088594228961732e-01
4.677905629089968431e-01
-3.845785944694888325e-01
-6.823815906692004551e-01
-8.541304398958312616e-01
2.148412820337790990e-02
-3.672880254634558472e-01
6.736709935219076240e-01
8.779699805279717051e-01
3.042125227653111330e-01
-2.203360263507888051e-01
-8.841789295030701989e-01
-7.779607375195140007e-01
-2.703078781627670235e-01
4.122750880501389603e-01
2.019281684560788603e-01
-9.955606769155774805e-01
3.490590076746701853e-01
5.137787804860620700e-01
9.569877265730565297e-01
8.232611808678727550e-02
-4.857080808310428877e-01
-8.403506386436127018e-02
-3.269936338111393836e-01
3.027060527554231717e-01
4.980880438787704256e-01
-2.995709621500596276e-01
-1.000000000000000000e+00
-6.063226510790105106e-01
4.670304767309933491e-01
6.664956313872942850e-01
8.777826899997552834e-01
-5.626083338350869045e-01
-4.956319250635704554e-01
5.097583374304751613e-01
9.632705743243846763e-01
-2.902738164462048687e-01
-5.480734858485593053e-01
-6.084656422618615057e-01
-9.656243147844904007e-01
1.000000000000000000e+00
8.926716652704280719e-01
7.990762654873205806e-01
3.404969148254610167e-01
3.628799156374554191e-01
-3.560641070258997454e-01
4.295574858770513926e-01
-2.833011454808142399e-02
-2.728432461207607185e-01
3.343570177511824837e-01
-7.660192355023826005e-01
-8.549289892153251191e-01
-1.188162569236095312e-01
4.443025271938992327e-01
-2.337083871311662897e-01
-6.867311048405572160e-01
3.639050751952729312e-01
-9.471117882348623063e-01
-4.573689199780969772e-01
-2.565508434908915780e-01
-7.411942068592354271e-01
-7.243814260759913193e-01
9.901025280264326156e-01
-6.692665525985647124e-01
-6.361708695810364134e-01
-4.552807383777949246e-01
5.679115897446542771e-01
-8.911330267127125504e-01
-2.241783406469171902e-01
-4.760479758888285229e-01
2.736937189583600327e-01
1.876556973057584288e-01
5.537039983892660944e-01
-6.472600226725806483e-01
-1.000000000000000000e+00
-8.193613760856969241e-01
3.042140556258031703e-01
7.321134892745363443e-01
-6.850244183841353030e-02
-2.587949933247374323e-01
2.881432976508576105e-01
-9.314355646864270755e-01
-1.629077394468305129e-01
2.384123003370648697e-01
2.953427684553788790e-01
7.787442275185253726e-02
1.276166443245730364e-01
-1.610382894436657164e-01
-8.110240236440876549e-01
5.655896033756429020e-01
-5.743602482942035126e-01
2.027635255454821039e-01
7.173257337956535640e-01
-8.176571946030214422e-01
-3.156870313844750697e-01
5.688371157347075213e-01
-1.908588625219533597e-01
5.993930224518646543e-01
9.753575987613029019e-01
-3.227217558118137264e-01
-3.505679899817964462e-01
9.759360623217718800e-01
-3.622012349626407279e-01
-7.896937160394319477e-01
7.123160603050063266e-02
-9.575778905509036987e-01
-7.795368616715555588e-01
-8.101949613445861287e-01
5.875516848026323125e-01
-4.084861389479806371e-01
-2.253426509970339331e-01
9.342010020571791529e-01
-5.417039426215950471e-01
2.337344742290576594e-01
9.425961295790558081e-02
-8.043914663081429550e-01
-1.000000000000000000e+00
9.767462691408095310e-01
9.849573151919177594e-01
-9.943220611462306735e-01
9.764476885883472956e-01
-5.984380093489437558e-01
-8.239469537911767727e-01
1.826042601896118445e-01
7.122819064125105459e-01
2.126977525791890200e-01
-3.531787173640155153e-01
7.882656799130335346e-01
8.455959247341257035e-01
5.536034552873327907e-01
9.037726099645640998e-01
7.587785493730579978e-01
-5.369790157678950848e-01
2.096923336730180110e-01
-9.123306375265315404e-01
-1.419900291164950812e-01
-7.389347273389348381e-01
-4.676489117419021513e-01
-2.564626832853157401e-01
-8.132034706696379400e-01
-8.956916413061042359e-01
-5.797289120024256004e-01
-9.955515840278487127e-01
7.887464725233986895e-01
1.346592084549496082e-01
1.662892425565489218e-01
-8.441362317418192873e-01
4.393805007947396701e-01
3.668728814584747977e-01
3.439228295712111749e-01
-6.597040493356987056e-01
7.125900920391492477e-01
5.802905505279700726e-01
-1.776047489030468107e-01
2.512630581437783617e-01
5.865799959257732565e-01
9.252667647204347867e-01
-8.048272579469617494e-01
8.886381227738421318e-01
5.094096385807245220e-01
-4.947900793903399486e-02
-7.864432185580280121e-01
-3.421877717513074901e-01
6.091874542504818191e-01
-1.694606738207366237e-01
7.168067901504637796e-01
5.945322464694251519e-01
-7.642255006275848750e-01
-1.694916539882825035e-01
5.733435455926693125e-01
-3.966628656243619266e-01
4.047363488601931070e-01
6.988060257818071719e-01
9.961693186173349313e-01
-4.161529378522730860e-01
4.467318777614253111e-01
8.863403746689947349e-01
-3.219874744297883118e-01
-4.259858882452273177e-01
7.105087474493363420e-01
4.210726964550741136e-01
-7.296374411403587779e-01
1.000000000000000000e+00
-2.694658504832078694e-01
-9.493730538313037703e-01
5.508187731928947395e-01
1.277812757749007336e-02
5.829167349260504505e-01
1.000000000000000000e+00
5.853998793611178142e-01
-6.792684171949221472e-01
-7.049878113142832303e-02
3.131185926365419592e-01
-7.655617111991296353e-01
-2.186909440219591411e-02
7.634213291814807567e-01
5.026069752752974074e-01
-8.486215728067182384e-01
-5.031651334938312958e-01
-9.993704943543172403e-01
-9.219103476175563028e-01
8.744352685460113350e-02
2.698409275060899004e-01
3.260019356265192458e-01
9.327216659442325586e-01
-3.352937643522201916e-01
2.031739946253287576e-01
-6.542063139317495502e-01
-6.493156943024650518e-01
-7.994670409388317245e-02
-3.095827847396980248e-01
6.314236066295746408e-01
-3.536689807588745404e-01
-3.483708297995323222e-01
9.685406260751154850e-01
