3.428620621507256216e-01
6.701461649696812684e-01
-8.850822879877515703e-01
1.959170762383288800e-01
-6.949507409719809514e-01
-4.496426276956529827e-02
-9.648908480438171675e-02
2.465030058248264266e-01
8.855833945481288438e-01
-5.738860953254886210e-01
-8.913161776156058869e-02
3.816065664245495981e-01
1.526389505362607535e-01
-6.477673075893687349e-01
1.475446803696198739e-01
-4.606710674874710532e-01
3.299431717597959279e-01
-2.146984126259790515e-02
3.495247421015882372e-01
4.220668089819212820e-01
-4.044463260088244083e-01
-9.068134092478374875e-01
6.676992104308052123e-02
-2.524112283653643374e-01
9.667345144477561270e-02
9.343233264239878544e-01
3.414361501502154450e-01
-7.126726736998514333e-01
2.616577498552620784e-01
2.779347280673002407e-01
1.469992560975416640e-01
-3.262865586489506753e-01
5.908959872675347835e-01
1.678561315517371755e-01
-9.523261045365595256e-01
-5.811107701101872469e-02
3.628696342758089971e-02
-2.601034039443383405e-01
3.006141703957085354e-01
4.782172401008650819e-01
-9.790716251090509914e-01
-1.918588151892512972e-01
2.869034655425972691e-01
-8.503365080208934446e-01
-2.286454336938531784e-01
5.885848122763015500e-01
-2.231240290576332885e-01
6.678214500708671286e-01
-9.418607005029556722e-01
-3.084680974308620094e-01
-6.136746696282878721e-01
-2.701276255517807146e-01
-3.065352463877075162e-01
4.914638039021679838e-01
2.582051246542764744e-01
-3.898336450126409503e-01
5.229069116834912379e-01
9.447961222065387465e-01
1.816658268377935592e-01
-1.209867488849038913e-01
5.164836896185256432e-01
9.700186138484929721e-01
8.470233252352052933e-01
7.761382986645527504e-01
-9.121732966659167330e-01
-6.149207505939666696e-01
-9.730134824604517174e-01
2.133369783112701867e-01
-4.013960551444915037e-01
-4.136631577285612704e-01
-8.074235307328071487e-01
9.027037021978889797e-01
6.822874513605751146e-01
-8.598014361301046238e-01
-3.267744259141301399e-01
1.000000000000000000e+00
-2.077936231332529887e-02
-9.535484603121395786e-01
-3.953362503248754045e-01
-8.584025895499590719e-01
-8.847226724142936982e-01
2.809243383602066935e-02
8.220462505171698409e-01
-1.000000000000000000e+00
-5.764142176391582328e-01
-1.052071406814074211e-01
-7.948218348857274407e-01
9.827464311957502530e-03
7.097570618714346136e-01
-2.904159742808279931e-01
9.856387015686887132e-01
-2.667970453820244225e-01
-6.399226463712077706e-01
-7.629910857336301699e-01
7.012206406181771268e-01
8.374162279240733309e-01
-4.167631170869768864e-01
-7.538248521161248217e-01
-3.649410412957994065e-01
6.679923355557926268e-01
-9.411882927367252183e-01
7.194778013168863229e-01
-5.322857074135115552e-01
-7.371990124245245135e-02
2.060014339893067870e-01
6.330896123158135103e-01
-4.185145352115545170e-01
-8.414899879188493248e-01
-5.761333167278726020e-03
-6.752923144715063941e-01
-2.825005471393742668e-02
-7.538603058468700269e-01
-1.000000000000000000e+00
2.330940152279579181e-01
-6.650731185461904449e-01
5.032527641276726693e-02
2.061772414842923812e-02
-3.356166317262573306e-01
-9.858030947772700170e-01
3.488586108287561327e-01
-2.269601080744542906e-02
-7.566067476374217504e-01
-1.973542067182462167e-01
-3.268819992115021972e-02
7.916005454537500263e-02
2.021185633796128422e-01
6.526346551134928342e-01
-6.560679856849589431e-01
8.370732959466726797e-01
-6.414338272670427887e-01
8.054168941649655356e-01
7.465776893024687055e-01
4.145402214800281149e-01
1.201414015959596238e-01
5.079331702186269393e-01
3.150821968551392738e-01
8.869303524028969710e-01
6.732109968121275934e-01
9.663654739507121505e-02
-8.888451884160804006e-01
-3.507217514785297974e-01
5.911723570083152746e-01
3.078993085709026967e-01
6.847989106547744953e-01
-1.724404957142045003e-01
5.492662729590487292e-01
1.687403064592215562e-01
8.467472152408569430e-01
-2.398787234180381756e-01
4.730633307739430249e-01
5.829081972134286804e-02
1.634214340343493888e-01
5.805702238499393930e-01
-7.991457585981129874e-01
-6.725381029436927616e-01
-8.527550381062961593e-01
5.901290975532905714e-01
2.723614234173243331e-01
-5.431723542354806034e-01
-2.827772931841179282e-01
-3.100959791815555144e-01
5.320026369126926724e-01
-7.975431910197285923e-01
-6.033085769320094549e-01
2.121437860599353353e-01
-5.164887652913945360e-01
-7.183590540096622679e-01
-7.692272622910332203e-01
-4.524362571619961471e-01
1.000000000000000000e+00
-6.974544438526493195e-01
-7.916741515201416446e-01
-8.020122313197031172e-01
4.821421617018548655e-01
8.128492807994854852e-01
-3.340979887672170801e-01
9.516948879222386637e-01
-7.929518206387726753e-01
8.888612765538894678e-01
-6.281857162741679712e-01
-7.820019829141718892e-01
-8.769304689821786347e-01
4.419572567549035491e-01
-5.710954221663372410e-02
-7.962658335031733703e-01
6.097799896302497080e-01
7.779113446416203725e-01
3.938509759238474350e-01
-2.809343777321258173e-01
1.000000000000000000e+00
-1.197337578549289572e-01
-6.185753693353960303e-01
-3.321196909436745504e-01
8.119576591080375216e-01
9.948277793178754713e-01
-9.581923218752681493e-01
4.341638107934198132e-04
-9.079783781618522287e-01
-6.839150678536511929e-01
7.904277127029215588e-01
1.423689373271409542e-01
-5.214504964646669016e-01
-5.655636936934204106e-01
4.700990451662768743e-01
8.793146282028281302e-01
1.049894479024856692e-01
-2.680562931677217264e-01
-9.110899058306406451e-01
9.247723243483544353e-01
5.622466272762132178e-01
-6.617497707698379861e-01
4.797490518896243561e-01
-9.090813947746284596e-01
8.230957768277344933e-01
2.917244482643893133e-01
-2.337898224200585240e-02
-3.458019090721006217e-01
8.849012223424741475e-01
-1.000000000000000000e+00
-9.605096399672671259e-01
9.248247783696434965e-01
-5.279819064348101332e-01
-7.028601548106584440e-01
-3.679182947033661777e-01
-4.124446708959570440e-01
1.745803278555632665e-02
5.571119112576820021e-01
1.514048516169386183e-02
-6.659793599237516792e-01
-1.160737495037035827e-01
9.465554799193420799e-01
7.407145120810130212e-01
-7.445084811923310397e-01
8.382580964054247019e-01
-2.207741584996671946e-01
-1.213867106775271959e-01
6.757076504011123586e-01
-2.885159806818831107e-01
2.276640829406504363e-01
-2.829270167436065408e-01
-4.352047082500567488e-01
-6.632813473974999985e-01
5.203604647220494428e-01
1.101354877890626527e-01
1.649873058980808049e-01
8.172966817607116852e-01
-5.901903982890054357e-01
-1.000000000000000000e+00
-2.069282061575530296e-01
8.222439789383320097e-01
6.313412476836994802e-01
-5.624692832071417348e-01
-6.345048896728747723e-01
-8.310401476495015149e-01
8.798227814609840269e-01
-8.341893856117237327e-01
4.858894610124306901e-01
8.327835544468338291e-01
4.310030163015866056e-01
-2.025513105010508241e-02
-3.819223291903305895e-01
2.205932318576467321e-01
-6.915926222022806824e-01
3.253688238708420805e-02
6.610833870401707779e-01
