3.196528683272032989e-01
6.701461649696812684e-01
-8.846115972348002066e-01
1.959170762383288800e-01
-7.239510909665147764e-01
-4.463741880650707455e-02
-1.009677411668267882e-01
2.465030058248264266e-01
8.805250893385162536e-01
-5.507925281215216851e-01
-6.598768830431728238e-02
4.014720547787766214e-01
1.804244110629441011e-01
-6.477673075893687349e-01
1.649571526583320236e-01
-4.606710674874710532e-01
3.120143525538347506e-01
-2.146984126259790515e-02
3.740425887906321245e-01
4.220668089819212820e-01
-4.055959707771935596e-01
-9.095541276722025614e-01
6.074216871659504635e-02
-2.610880672091593913e-01
4.433752839464543544e-02
9.249093696915060558e-01
3.493424016812660682e-01
-7.047932174903769331e-01
2.779043854359503629e-01
2.708055271951772536e-01
1.492696334461511565e-01
-3.413936336796372650e-01
5.908959872675347835e-01
1.569948450918979277e-01
-9.633946527749490674e-01
-6.308135963235116106e-02
3.628696342758089971e-02
-2.601034039443383405e-01
3.935753193618232171e-01
4.782172401008650819e-01
-9.805012599386115912e-01
-1.681332227693701498e-01
2.869034655425972691e-01
-8.666979929031721763e-01
-2.286454336938531784e-01
5.472252324745329188e-01
-2.070629523059604737e-01
6.987586819053365206e-01
-9.418607005029556722e-01
-2.853808914060823598e-01
-6.184105036631099006e-01
-2.743745409325242801e-01
-3.663311947370015975e-01
4.914638039021679838e-01
2.689912503398320109e-01
-3.856981133747869883e-01
4.945769361801627961e-01
9.399072439278748359e-01
1.816658268377935592e-01
-1.209867488849038913e-01
5.164836896185256432e-01
9.761453895969363082e-01
8.241841681200422487e-01
7.576224734042710240e-01
-9.178490856102523576e-01
-6.108464067090634275e-01
-9.586173829754269793e-01
2.233186006133068557e-01
-3.940497266964895218e-01
-4.123492378713594642e-01
-8.045507351747543945e-01
8.632811951450019006e-01
7.494557052960165722e-01
-8.516344531775413840e-01
-3.267744259141301399e-01
9.971829571750008281e-01
-4.995986536737491435e-02
-9.423094691780937726e-01
-3.953362503248754045e-01
-8.584025895499590719e-01
-8.783460035043180181e-01
2.809243383602066935e-02
8.139314556327951200e-01
-1.000000000000000000e+00
-5.764142176391582328e-01
-1.052071406814074211e-01
-7.016714403147030765e-01
4.191896730758588874e-02
7.337463747985626394e-01
-2.766651705450394738e-01
9.856387015686887132e-01
-2.713065103146296009e-01
-6.399226463712077706e-01
-7.686227115099264484e-01
6.991363218538347857e-01
8.455133351778827411e-01
-4.167631170869768864e-01
-7.613256700479461569e-01
-3.758835568019410212e-01
6.404697447580999237e-01
-9.449887941909361766e-01
7.272618871489677783e-01
-5.364497283019722396e-01
-1.101460061647559358e-01
2.060014339893067870e-01
6.330896123158135103e-01
-4.025543544560122866e-01
-8.414899879188493248e-01
-2.282200229712321587e-02
-6.652081371390544673e-01
-3.170487510764827960e-02
-7.308801942023981368e-01
-9.973495811244532661e-01
1.911523879720940788e-01
-6.504061140999034540e-01
3.554697411740399826e-02
4.726111856959777646e-02
-3.356166317262573306e-01
-9.934269365426319220e-01
3.511081951295093040e-01
-2.269601080744542906e-02
-7.566067476374217504e-01
-1.665920658379477504e-01
-7.617036575968644252e-02
1.289801374085993990e-01
1.945363771221799709e-01
6.526346551134928342e-01
-6.532797952389842733e-01
8.334837245571105058e-01
-6.893511487190355780e-01
7.750716101129239144e-01
7.465776893024687055e-01
3.841768249567049653e-01
8.234695818260687195e-02
5.293401087034722563e-01
3.143001183679724475e-01
9.119274440918418989e-01
6.512782956392850764e-01
1.123231824549518337e-01
-8.888451884160804006e-01
-3.507217514785297974e-01
6.314998273855648714e-01
2.953602146155576702e-01
7.588471781326205923e-01
-1.435396274023735819e-01
5.404155733085683755e-01
1.444447468087310948e-01
8.027333358311800060e-01
-2.377839366004766142e-01
4.905210533086977187e-01
3.168306509732057852e-02
1.717247733566565904e-01
5.402678249802819188e-01
-7.674865385540128315e-01
-7.187155024853759677e-01
-8.665652727928410126e-01
5.901290975532905714e-01
3.062124732444754249e-01
-5.431723542354806034e-01
-2.827772931841179282e-01
-3.100959791815555144e-01
5.058051432367499656e-01
-7.888879970378043227e-01
-6.051175225547701375e-01
2.148651939941363942e-01
-5.246898228431426947e-01
-6.992682215319450112e-01
-7.650906203484938439e-01
-4.524362571619961471e-01
1.000000000000000000e+00
-6.990510290315005149e-01
-7.917779694496069887e-01
-8.155531071111258301e-01
4.821421617018548655e-01
8.128492807994854852e-01
-3.261841632893835996e-01
9.322451758594673121e-01
-8.076406358654510953e-01
8.888612765538894678e-01
-6.354751927419707291e-01
-7.820019829141718892e-01
-8.769304689821786347e-01
4.320819063929866588e-01
-5.710954221663372410e-02
-7.944639493654703788e-01
6.097799896302497080e-01
7.779113446416203725e-01
3.867425752314317955e-01
-3.017522355707129011e-01
9.497777601078221110e-01
-1.298445474358628504e-01
-6.319646936669097714e-01
-3.321196909436745504e-01
7.900622364454672475e-01
1.000000000000000000e+00
-9.368734807014098553e-01
4.341638107934198132e-04
-9.374464992433493293e-01
-7.037220924224798502e-01
7.767974919680268320e-01
1.730727219430800434e-01
-5.224984060675876840e-01
-5.971833099271469658e-01
4.777523567345901556e-01
8.868677245184699576e-01
1.257245619862887298e-01
-1.995753978746337975e-01
-9.254436275889060814e-01
9.081586899235651877e-01
5.659310287432506303e-01
-6.682379855255191625e-01
4.736402193919472814e-01
-9.090813947746284596e-01
8.230957768277344933e-01
3.227948361839996227e-01
-2.634994674729065553e-02
-3.681560841149019159e-01
8.979503570520290801e-01
-9.778581161761323859e-01
-9.725541020006107651e-01
9.120464255706333123e-01
-5.214953077211107457e-01
-7.028601548106584440e-01
-3.770624614022889953e-01
-4.260922451173316805e-01
3.915085250930911559e-02
5.396390516615418020e-01
1.277188532109467707e-02
-6.565670539583443599e-01
-1.257122735109478529e-01
9.399300396226272225e-01
7.192239292553419538e-01
-7.336594695779836695e-01
8.382580964054247019e-01
-2.396132658089897005e-01
-1.154931058562966295e-01
6.949530083362770450e-01
-2.708490535948396838e-01
2.268817622837155656e-01
-3.192530850376096851e-01
-4.148217230200041405e-01
-6.632813473974999985e-01
5.203604647220494428e-01
9.557156120896694029e-02
1.913237216548163977e-01
7.905901918327524758e-01
-6.625755104950580288e-01
-9.839075402283030680e-01
-1.860783900737870977e-01
8.002819105007177303e-01
6.263028068484775002e-01
-5.919353521075312319e-01
-6.345048896728747723e-01
-8.119246100413083367e-01
8.798227814609840269e-01
-7.982905414009353606e-01
4.858894610124306901e-01
8.083732139538726269e-01
4.310030163015866056e-01
1.004944452002090073e-02
-3.819223291903305895e-01
2.344310566309184551e-01
-6.915926222022806824e-01
3.253688238708420805e-02
6.610833870401707779e-01
