-5.627832616262717913e-01
8.733927016432476709e-01
5.429606373606992165e-01
1.395548823948865036e-01
2.383292999904008114e-01
5.064229271169395918e-01
6.229944574880137420e-01
-5.198986636914024739e-01
6.919564086826747173e-01
-9.162966658223548055e-01
8.440278117502564292e-01
-1.000000000000000000e+00
1.984005567017030902e-01
8.411734087164135509e-02
-2.628091793643239082e-01
7.075849504573099580e-01
-8.723635073236506443e-01
-7.507864979174769249e-02
6.301581944216219089e-01
-4.704708295772219717e-01
8.161380140044920406e-01
-7.103028320459812139e-01
-2.003424916963597591e-01
9.302869129816047078e-01
-8.757021955726451701e-01
-5.453386336494217002e-01
3.383718131326458600e-01
6.100934252120209234e-01
8.863898932687013232e-01
2.844806689066819994e-01
7.047284075348883015e-01
-4.134183666362291065e-01
7.433114869959904780e-01
5.686839324564875175e-01
5.423729028224084231e-02
-1.800402838442179410e-01
3.914729689755869213e-01
-3.623326531238653114e-01
5.838555775528381231e-01
-2.056727085020038093e-01
4.431784141137726785e-01
1.052031791719452158e-01
2.156700505865169482e-01
-5.929497250050880242e-01
-1.169490922922378218e-02
7.674473860519304136e-01
1.972227185709640729e-01
-8.101780446204441821e-01
8.071072918235784321e-01
-2.656685599760955085e-01
-6.722438160547477004e-01
9.341178765701285691e-02
-8.317055047317551963e-01
-5.762542481814947326e-01
-6.112015144299023928e-02
8.340521477925220278e-03
-1.921401937971749518e-01
2.222888051166569401e-01
-6.222617507235539414e-01
-5.397504805218646950e-01
-5.782680256890193604e-02
5.423664174800535420e-01
8.705683274629930635e-01
2.381770488856664869e-01
3.814643888611491951e-01
-1.121371698587925181e-01
-7.157152753349382834e-01
8.151358774210839542e-01
-3.433743091323870900e-02
-2.899467700025706307e-01
5.646502017143228969e-01
-1.854297952747135936e-01
-8.389153515818836837e-02
6.961901804424230900e-01
7.636701141234847334e-01
1.766214094383229405e-01
5.622735850352260645e-01
6.709460255253314465e-01
-6.612943041826095936e-01
9.687019481256029518e-01
5.319043362684587883e-01
-9.078687112955936556e-01
-4.874291199609517289e-01
-5.811322549581808827e-01
-7.017021989984049135e-01
1.199737470069248690e-01
-1.183206379334722502e-01
1.562480029345625354e-01
7.715090598886074069e-01
4.294329470367524992e-01
9.548624735469735114e-01
-5.055425595209743772e-01
4.329183979004851412e-01
1.793610609333147199e-01
-2.514553847866602965e-01
-4.160323631939739641e-01
-8.146803239122888396e-01
3.359518112456703065e-01
-8.986730454489286757e-01
7.608190959839979950e-01
7.248392016935999160e-02
3.038752045295732840e-01
7.539819733836383708e-01
-1.916152866946294331e-01
7.455584735853644229e-01
-1.020092196700715104e-01
-3.443194853031941172e-01
-4.082105755780144896e-01
9.169752539236255551e-01
-8.471140097051007567e-01
-4.008708942389107577e-01
-7.490241246180377732e-02
1.965454260822630528e-01
8.700572889767661522e-01
-3.923393979674822951e-01
8.165143837285615547e-01
3.133689227889466800e-01
9.058013843742851456e-02
-6.410677339965363819e-01
7.400922399250331463e-01
-9.111560133737552913e-01
-7.978866215122937255e-01
-5.828904623363877491e-01
-2.809024565535051532e-01
-1.847772841630548057e-01
5.187349182217630972e-01
5.471730693199613471e-01
7.678184501016154240e-01
-9.383465543877689274e-01
-4.971961522679219092e-01
4.465720886943007617e-01
6.971283538979438088e-01
-2.135077925715456182e-01
1.559686079879714082e-01
-5.839965859404564474e-01
-5.717007026162841399e-01
-6.451843916249083710e-02
-2.347437727473855318e-01
-9.092807859469648202e-01
-3.383262080795199633e-01
2.156810756465421530e-01
5.537884466450493370e-01
2.850378345211170839e-01
-5.654694033538853332e-02
-9.614743016790678887e-01
2.316931437936231575e-02
-2.842500326219168927e-01
-2.012809610994233667e-01
4.134060153949641325e-01
-2.265665155465177438e-01
-6.171860436767721003e-01
-9.571677019200457437e-01
7.246879080438306531e-02
-9.043336619785692365e-01
-6.129581721664443261e-01
-5.359040448642791166e-01
4.733575185775655836e-01
-4.889292728456883785e-01
7.728881156388467399e-01
9.333347109459930735e-01
-3.343484608541448244e-01
-6.586399323135494477e-02
8.181998162752606163e-01
-2.147020964396388343e-01
6.644456141918342329e-01
-3.143050684281937790e-01
5.910127379491639243e-02
5.646347516899121732e-01
1.367050468216390868e-01
5.888406756060553526e-01
-7.510130262436729431e-01
1.337136374841876307e-01
-7.613246412560723542e-01
-7.509042231358300512e-01
8.137462388356946352e-01
-8.342952894037678480e-01
-6.971425737502332520e-01
-3.012957965482043754e-02
2.776817045398931594e-01
1.099239534355289649e-01
9.248741693784010565e-01
-2.413966610032483584e-01
1.824658931363092873e-01
4.535552207475919140e-01
-7.697064838963906253e-01
-5.813284101995945807e-01
3.891820643969728932e-01
4.013343070903907517e-01
2.703898065769005932e-02
4.190006888174093724e-01
-4.940328402942495423e-01
-7.075399705055371302e-02
-4.839695176792437881e-01
-2.987363549760899684e-01
-5.258097290408663138e-01
1.085759125305918171e-01
-6.795506288111319293e-03
-7.389102234527227253e-01
-7.006428439148406628e-01
4.325203372520292078e-02
7.774222345432864334e-02
8.382580252585652980e-02
-1.489543309018404038e-02
-8.765427312078128974e-01
-5.366394169554752347e-01
3.919159008655985765e-01
-4.011382559974037698e-01
9.304082101688746498e-01
-8.072513682557573844e-01
-3.920923694020163608e-01
-1.985135944535439401e-01
8.212612339887942481e-01
-3.316774640866504420e-01
2.419065994464465741e-01
5.254715966164629215e-01
1.182415930840704094e-01
-7.909879243317050612e-01
2.366270563324070209e-01
-4.053737246122061100e-01
-1.611321566756960255e-01
4.651389827966114776e-01
7.253564427680014859e-01
9.934554023965497249e-01
9.083514307063766946e-01
1.336089436980048006e-03
-1.379010233886252546e-01
8.220002880382988319e-01
4.212467709135052640e-01
7.300797824824096782e-01
-8.238963977780855430e-01
-1.335778089521409973e-01
6.560525710032728552e-01
-8.628603328499826475e-01
1.101904329777347868e-01
6.926713596395801531e-01
5.598984660198869090e-01
-4.809298082759441151e-01
7.888047125493291567e-01
-8.444602758060277825e-01
-9.168796273503331262e-01
4.418495658052056241e-01
-4.629527673426512280e-01
7.946732487418011193e-01
8.808973035510256899e-01
7.336677940798936870e-01
-4.636094330428605081e-01
1.517423270680349212e-01
3.625695405460608450e-02
8.131885613428633253e-01
3.925809673692013391e-01
-9.893440416286127803e-01
6.425649617399007418e-01
-4.316258520329008253e-01
7.171286252861854837e-01
2.266631559728120582e-01
7.661887701229028735e-01
-4.851116391002323613e-01
1.780280426779783376e-01
3.568384173508045709e-01
-4.972464305335113632e-01
-3.348430983072075290e-02
5.516475743685422817e-01
-4.296139602860398199e-01
-3.154269939484830587e-01
-4.223464919857750077e-01
