3.196528683272032989e-01
6.701461649696812684e-01
-8.850822879877515703e-01
1.959170762383288800e-01
-6.949507409719809514e-01
-4.463741880650707455e-02
-9.648908480438171675e-02
2.465030058248264266e-01
8.805250893385162536e-01
-5.507925281215216851e-01
-6.598768830431728238e-02
4.014720547787766214e-01
1.804244110629441011e-01
-6.477673075893687349e-01
1.475446803696198739e-01
-4.606710674874710532e-01
3.120143525538347506e-01
-2.146984126259790515e-02
3.740425887906321245e-01
4.220668089819212820e-01
-4.055959707771935596e-01
-9.068134092478374875e-01
6.074216871659504635e-02
-2.610880672091593913e-01
4.561443755445691861e-02
9.343233264239878544e-01
3.395357336782251489e-01
-7.047932174903769331e-01
2.522811352018370923e-01
2.642323017638238403e-01
1.492696334461511565e-01
-3.413936336796372650e-01
5.908959872675347835e-01
1.569948450918979277e-01
-9.633946527749490674e-01
-6.308135963235116106e-02
3.628696342758089971e-02
-2.601034039443383405e-01
3.312975571350620374e-01
4.782172401008650819e-01
-9.805012599386115912e-01
-1.681332227693701498e-01
2.869034655425972691e-01
-8.666979929031721763e-01
-2.286454336938531784e-01
5.778836810662082435e-01
-2.381822689005897442e-01
7.170455421548337371e-01
-9.418607005029556722e-01
-2.853808914060823598e-01
-6.184105036631099006e-01
-2.743745409325242801e-01
-3.663311947370015975e-01
4.914638039021679838e-01
2.689912503398320109e-01
-3.939546248322672861e-01
4.945769361801627961e-01
9.399072439278748359e-01
1.816658268377935592e-01
-1.209867488849038913e-01
5.164836896185256432e-01
9.700186138484929721e-01
8.470233252352052933e-01
7.576224734042710240e-01
-9.121732966659167330e-01
-6.149207505939666696e-01
-9.730134824604517174e-01
2.358788043186772487e-01
-3.940497266964895218e-01
-4.123492378713594642e-01
-8.045507351747543945e-01
8.632811951450019006e-01
7.274457227763087008e-01
-8.516344531775413840e-01
-3.267744259141301399e-01
9.971829571750008281e-01
-3.608728553187245253e-02
-9.423094691780937726e-01
-3.953362503248754045e-01
-8.584025895499590719e-01
-8.783460035043180181e-01
2.809243383602066935e-02
8.139314556327951200e-01
-1.000000000000000000e+00
-5.764142176391582328e-01
-1.052071406814074211e-01
-6.808593838395405884e-01
4.191896730758588874e-02
7.097570618714346136e-01
-2.766651705450394738e-01
9.856387015686887132e-01
-2.570420967262330159e-01
-6.399226463712077706e-01
-7.629910857336301699e-01
7.012206406181771268e-01
8.455133351778827411e-01
-4.167631170869768864e-01
-7.501635569756969213e-01
-3.758835568019410212e-01
6.404697447580999237e-01
-9.509142109826794753e-01
7.221067578832234268e-01
-5.322857074135115552e-01
-1.332657035644628785e-01
2.060014339893067870e-01
6.330896123158135103e-01
-4.185145352115545170e-01
-8.414899879188493248e-01
3.824523051255950684e-03
-6.652081371390544673e-01
-3.170487510764827960e-02
-7.372677818409859585e-01
-9.973495811244532661e-01
2.105845127365866265e-01
-6.504061140999034540e-01
5.032527641276726693e-02
4.726111856959777646e-02
-3.356166317262573306e-01
-9.934269365426319220e-01
3.488586108287561327e-01
-2.269601080744542906e-02
-7.566067476374217504e-01
-1.983305637517238651e-01
-7.617036575968644252e-02
1.289801374085993990e-01
1.945363771221799709e-01
6.526346551134928342e-01
-6.532797952389842733e-01
8.334837245571105058e-01
-6.815311722273663664e-01
8.054168941649655356e-01
7.465776893024687055e-01
3.841768249567049653e-01
8.234695818260687195e-02
5.293401087034722563e-01
3.143001183679724475e-01
9.119274440918418989e-01
6.512782956392850764e-01
9.663654739507121505e-02
-8.888451884160804006e-01
-3.507217514785297974e-01
6.294483038203082526e-01
3.078993085709026967e-01
7.588471781326205923e-01
-1.724404957142045003e-01
5.492662729590487292e-01
1.444447468087310948e-01
8.225186509408042301e-01
-2.377839366004766142e-01
4.905210533086977187e-01
6.825422245717382985e-02
1.700462663994667667e-01
5.721255187968806721e-01
-7.674865385540128315e-01
-6.993028570618274875e-01
-8.665652727928410126e-01
5.901290975532905714e-01
2.888121542265852937e-01
-5.431723542354806034e-01
-2.827772931841179282e-01
-3.100959791815555144e-01
5.058051432367499656e-01
-7.975431910197285923e-01
-6.092022066912201606e-01
2.121437860599353353e-01
-5.246898228431426947e-01
-7.126126545491996422e-01
-7.650906203484938439e-01
-4.524362571619961471e-01
1.000000000000000000e+00
-6.974544438526493195e-01
-7.917779694496069887e-01
-8.020122313197031172e-01
4.821421617018548655e-01
8.128492807994854852e-01
-3.261841632893835996e-01
9.516948879222386637e-01
-8.076406358654510953e-01
8.888612765538894678e-01
-6.500909003478386738e-01
-7.820019829141718892e-01
-8.769304689821786347e-01
4.419572567549035491e-01
-5.710954221663372410e-02
-7.944639493654703788e-01
6.097799896302497080e-01
7.779113446416203725e-01
3.867425752314317955e-01
-3.017522355707129011e-01
9.497777601078221110e-01
-1.191789463639432445e-01
-6.319646936669097714e-01
-3.321196909436745504e-01
8.119576591080375216e-01
1.000000000000000000e+00
-9.368734807014098553e-01
4.341638107934198132e-04
-9.079783781618522287e-01
-6.958301095589635166e-01
7.767974919680268320e-01
1.656232472211761342e-01
-5.214504964646669016e-01
-6.002898952613414663e-01
4.622441265657844522e-01
8.868677245184699576e-01
1.257245619862887298e-01
-1.995753978746337975e-01
-9.254436275889060814e-01
9.081586899235651877e-01
5.659310287432506303e-01
-6.617497707698379861e-01
4.736402193919472814e-01
-9.090813947746284596e-01
8.230957768277344933e-01
3.227948361839996227e-01
-2.337898224200585240e-02
-3.485713930229262791e-01
8.849012223424741475e-01
-9.778581161761323859e-01
-9.746178538748233589e-01
9.120464255706333123e-01
-5.214953077211107457e-01
-7.028601548106584440e-01
-3.679182947033661777e-01
-4.260922451173316805e-01
1.745803278555632665e-02
5.396390516615418020e-01
1.514048516169386183e-02
-6.565670539583443599e-01
-1.257122735109478529e-01
9.399300396226272225e-01
7.192239292553419538e-01
-7.274752124956027632e-01
8.382580964054247019e-01
-2.341829776844681077e-01
-1.154931058562966295e-01
6.949530083362770450e-01
-2.708490535948396838e-01
2.268817622837155656e-01
-3.192530850376096851e-01
-4.352047082500567488e-01
-6.632813473974999985e-01
5.203604647220494428e-01
1.101354877890626527e-01
1.649873058980808049e-01
8.172966817607116852e-01
-6.625755104950580288e-01
-9.856648082204101380e-01
-2.069282061575530296e-01
8.222439789383320097e-01
6.263028068484775002e-01
-5.691661110829924208e-01
-6.345048896728747723e-01
-8.310401476495015149e-01
8.798227814609840269e-01
-7.982905414009353606e-01
4.858894610124306901e-01
8.083732139538726269e-01
4.310030163015866056e-01
2.298512538450852433e-03
-3.819223291903305895e-01
2.438437949697552232e-01
-6.915926222022806824e-01
3.253688238708420805e-02
6.610833870401707779e-01
