-5.443930451560536898e-01
8.718910957861464306e-01
5.197774319399415255e-01
9.281142150037198502e-02
1.876171771611647165e-01
5.208939504775009777e-01
6.422029593785554269e-01
-4.513634279324992837e-01
7.133846964801983104e-01
-8.699526159220102306e-01
8.197414963566418411e-01
-9.876178450436976508e-01
1.793518685787585942e-01
1.305832388421957480e-01
-2.520271638551288551e-01
7.207311262907153404e-01
-8.943369925793213104e-01
-6.178935674214312834e-02
6.290227082282797699e-01
-4.642256226701741983e-01
7.145882013522810716e-01
-7.103028320459812139e-01
-2.270781137589039100e-01
8.878470365444903756e-01
-9.436700397843091892e-01
-6.822152928024040053e-01
3.385462823741353655e-01
6.100934252120209234e-01
8.684608606707492351e-01
3.047957507283479139e-01
7.304685436083873107e-01
-4.030019194279769179e-01
7.680774683540327885e-01
5.486688320648642758e-01
4.026036217867332012e-02
-1.648586832527326185e-01
4.511784480217458926e-01
-3.690964320651561326e-01
5.578718008917085136e-01
-1.577861187710931090e-01
4.453985803573421998e-01
6.576332787651402445e-02
2.143604544153523694e-01
-5.629961994733626574e-01
-1.109667908358491148e-02
7.356243989112360993e-01
1.652636759223069796e-01
-8.368986405637289794e-01
8.089671131277035299e-01
-2.580314233974643212e-01
-7.109489058134388362e-01
1.473182482686599681e-01
-8.538534178155444687e-01
-5.707657386957687429e-01
-8.652237774385385105e-02
9.306710859761004040e-02
-2.160381742672488337e-01
2.003831989256568413e-01
-6.088577122457772273e-01
-5.579490137355607171e-01
-4.954882855524112700e-02
6.367452276398368749e-01
8.506872198022163989e-01
2.538656605461532823e-01
3.515856140009420150e-01
-7.065066265340408380e-02
-6.228750725810109357e-01
6.756767204278690819e-01
-2.167469864118539910e-02
-3.264933767328706549e-01
5.546136333616218383e-01
-1.572243587112733543e-01
4.010024380855998702e-03
7.467804330376632826e-01
6.761207219788986089e-01
1.683056702314258135e-01
5.439836547642136200e-01
6.560307636334383741e-01
-5.930464994443935822e-01
9.638396336558487931e-01
5.017585437515835745e-01
-9.205216238923412675e-01
-4.515027842724669838e-01
-6.033951198464626575e-01
-6.763785481577034853e-01
1.061879280625432215e-01
-6.874560630497784930e-02
1.691701362084236659e-01
6.669989738968232773e-01
4.356266169947320965e-01
9.708432526318179212e-01
-4.437260641757425628e-01
4.107716008694958232e-01
1.533434155787099518e-01
-2.435914166275442994e-01
-3.232382131169875272e-01
-7.699615324217448098e-01
3.283362254420674753e-01
-8.993420612541874748e-01
7.112860726030966196e-01
7.590000428352103312e-02
3.052589548704227052e-01
8.189067897664527029e-01
-1.804637616476875150e-01
8.226761445034681541e-01
-1.143954874868599869e-01
-3.791009494227430832e-01
-4.968901706785537331e-01
9.351487317001472288e-01
-8.469542874194706528e-01
-4.480841875865291257e-01
-7.071215092050497919e-02
1.763136033196210928e-01
9.669631299597312157e-01
-4.124920018882316519e-01
8.172849476705694727e-01
3.081301610310011041e-01
1.439830618336843948e-01
-6.119953860972092707e-01
7.665793303113748181e-01
-8.543544242827567636e-01
-7.913154880314955397e-01
-6.033403267277752668e-01
-2.867330858001446714e-01
-2.145637448776848144e-01
5.093010283673522487e-01
5.409784910560689886e-01
7.751399688044628977e-01
-9.176092907349100436e-01
-4.971224457201000035e-01
3.811817271904484605e-01
6.331517233744284878e-01
-2.321709873674820679e-01
1.469063204479655882e-01
-6.624811525717182459e-01
-5.859014171105041413e-01
-1.998050433629050271e-01
-2.276702671838602976e-01
-9.206988241586088195e-01
-4.226401622168047822e-01
1.988707639362677360e-01
6.036691348373146582e-01
2.722051054093351796e-01
-8.911369542094604856e-02
-9.457451631951835358e-01
4.205090657658880349e-02
-3.460096871707419863e-01
-2.326583499188554227e-01
4.137396795593739629e-01
-2.361331687736740459e-01
-5.869690318487390535e-01
-1.000000000000000000e+00
7.246879080438306531e-02
-8.962625425907201349e-01
-6.160188506823653931e-01
-5.925747869930261258e-01
3.967870571005229219e-01
-5.045733173905534441e-01
7.819308344300397451e-01
8.619030102569915641e-01
-3.718862686415155272e-01
-1.008878443475917132e-02
8.107343866590307480e-01
-2.323161917910026297e-01
6.757562592563166604e-01
-3.719674243635988087e-01
7.047026318820329149e-02
5.395348341034811313e-01
2.039417083374821527e-01
6.179843393961425013e-01
-7.431530471702483265e-01
1.720260973267046800e-01
-8.153068745632083836e-01
-7.571371492452529939e-01
7.524740912945697691e-01
-8.394423318728353456e-01
-7.028476657237868741e-01
-9.712863942903472714e-03
2.898422101175775478e-01
3.726855108240465647e-02
9.754094242161185369e-01
-2.148190773388103381e-01
1.792821949801526871e-01
4.327135784860525747e-01
-7.398959457096618841e-01
-5.747995995535026825e-01
3.998084026919300760e-01
3.898790744050917301e-01
1.931263440485286517e-02
3.820954550389771276e-01
-4.385781085840311788e-01
-5.544166592493825207e-02
-4.657547491750378965e-01
-2.927768811669674287e-01
-5.345268193016891045e-01
1.072362924987708410e-01
-2.074094201163904916e-02
-7.118437681951850227e-01
-6.646066631077618414e-01
4.222897930779654502e-02
6.309118933344379232e-02
3.161532923505246812e-02
-1.253610290376784286e-01
-9.122007601573282054e-01
-4.731708397854101356e-01
3.868689796443188222e-01
-4.893342640004413324e-01
9.471780043246011971e-01
-8.004039469720234390e-01
-4.022063577535396894e-01
-2.229822435437479045e-01
8.049625215179625481e-01
-3.419715418424820186e-01
2.472750296874785536e-01
5.424734264166158892e-01
1.074727356463016509e-01
-7.842648393473291568e-01
1.726307152688469349e-01
-3.525113252589014978e-01
-2.047351738050876280e-01
4.792962613667646754e-01
7.001060123225801846e-01
9.375756636450958137e-01
9.013747311591950861e-01
3.793735633836232274e-02
-1.173129038868871710e-01
9.328204729655737992e-01
5.178488033729088391e-01
7.360636961755641083e-01
-8.067757258750428706e-01
-1.398958852084534465e-01
5.851116342445652485e-01
-8.396089845316612177e-01
1.368152830014181809e-01
7.170342423227529238e-01
5.501759317449981257e-01
-4.683335073446743824e-01
7.747278700142390395e-01
-8.518755110680434894e-01
-9.435091715845816962e-01
4.794022546922093730e-01
-4.466134755019870450e-01
7.758677519333281314e-01
8.678491371524810205e-01
7.127938899122695515e-01
-4.517034902021024312e-01
1.112067816129326814e-01
5.511099933637640669e-02
7.870590674635501438e-01
4.127627396996985665e-01
-1.000000000000000000e+00
6.030157727457695627e-01
-3.987120187889162670e-01
7.132943809241480970e-01
1.882745606002173278e-01
6.965819549556011570e-01
-5.485135960351503748e-01
1.193986028239750197e-01
3.123196478632638273e-01
-5.133727136174084382e-01
-4.440485482076561574e-02
4.897766401781837864e-01
-4.122337068789148629e-01
-3.258966332281063583e-01
-3.842681731208633100e-01
