7.790245747075703608e-01
3.844289695786569649e-01
7.751599350871796190e-01
7.411398365469388239e-01
-9.462091102670162623e-01
-6.451319522451517408e-01
-4.903922787204798572e-01
7.430032341929249107e-01
-1.892654363743873080e-01
9.542648377601291587e-01
-6.834263132706204225e-01
4.043050930886054051e-01
-3.622506549701319800e-01
-6.700999847711944235e-02
1.000000000000000000e+00
7.435280722074384396e-01
-3.332183454682890456e-01
-4.987240688219890528e-01
1.124079650994656843e-01
-6.946233795496870034e-01
5.001567486428223352e-01
7.392858584136874356e-01
-5.009982867135696072e-01
5.049148109152498121e-01
-1.009282034496052360e-01
2.606185710841139591e-01
5.248148179967275784e-01
4.267457266165047836e-01
5.718752845347609970e-01
-1.221384442585670554e-01
3.693232963932784885e-01
-5.984385687101434481e-01
3.549179089910274865e-01
2.063176183293759514e-01
4.299913733539005856e-01
-8.159675286045544595e-01
3.464895466890515752e-01
8.545301871007335848e-01
2.812988117882832539e-01
6.843412430297906024e-01
-6.766061596791077548e-01
-8.235632122010285716e-01
-3.589250104150187859e-01
-6.004548014243600296e-01
1.813062815919549431e-01
-5.298644364165555620e-01
3.215554068976455016e-01
1.745272435989246862e-01
-7.673849541632414839e-01
3.515950638414351292e-01
9.159922431139577714e-01
-6.667607898135610167e-01
-9.501223093465341329e-02
-9.850822905610039371e-01
-7.562100677529244308e-01
6.539461695859307699e-01
-3.706271441011703693e-01
1.745825844843718055e-02
-8.046646508366348538e-01
-9.774544444005562882e-01
8.279908497078170004e-01
4.755683613502268425e-01
-2.951808052919513425e-01
-1.000000000000000000e+00
2.450815377468226752e-02
1.673502213753556567e-01
-9.173328880285028797e-01
-9.990708734619424547e-02
-4.776018482301657708e-01
-2.036357279217892724e-01
-5.204606570949059652e-01
-3.288148435418966065e-01
-7.439939279069714972e-01
-6.417249214604356933e-01
2.708820586274982567e-01
-6.778650808290166696e-02
4.547880464012162838e-01
-7.069821849805735248e-02
-8.913590823757006065e-01
-4.113119090121044596e-01
4.754452313263821672e-01
-2.498653536862615598e-01
3.163190814771859039e-01
-3.303043424781238468e-01
-6.807659979018410024e-02
-3.309696980964971225e-02
-1.168829544680561328e-01
-5.312594482923427286e-01
2.110561731705399291e-01
-7.538870093279411710e-01
-9.142867465948203987e-02
-9.442319763523686627e-01
6.594357667187716876e-01
-3.873316457547356095e-01
7.985831236760176921e-01
-8.873495296517809328e-01
3.567038726056808162e-01
-2.289529616666032830e-01
-9.050539442870459972e-01
6.275816675408854017e-01
-5.479364886174934446e-01
3.973967712765238414e-01
1.000000000000000000e+00
2.431570755619655300e-01
4.429066237868444222e-01
-6.687276268243274036e-01
2.885375280063103842e-01
-9.806529069775955509e-01
-6.050927899510868402e-01
-5.452992126633047221e-01
1.195694353558399980e-01
5.072347476808429789e-01
5.641643284756350241e-01
5.993266146527551630e-01
-7.187149044078363636e-01
-3.083688775227422241e-01
7.971477662269220721e-01
7.860300524543983869e-01
6.148102341423243855e-01
-1.644363733272982131e-01
-7.424989854260481970e-01
-9.619833888461244431e-01
7.384344648006861966e-01
7.502205678564615177e-01
1.000000000000000000e+00
-4.391096114868501266e-01
-4.020247241653694403e-01
-5.868544017736587043e-02
-3.506262122193137820e-01
-3.453327368105418849e-01
-5.292704771655771800e-01
-1.166442570285019242e-01
-6.164332220316834920e-01
1.289649078568253643e-02
4.024765778940042615e-01
6.167493294586653407e-01
-2.463649497967455027e-01
-3.070735620107448716e-01
-2.905542681926963008e-02
3.860554119463088796e-01
-5.677994957552274791e-01
6.209609672538181080e-01
-2.167630501430057866e-01
1.000000000000000000e+00
-8.695449592281219164e-01
-8.750505292655222922e-01
7.942778447203145964e-01
1.938117978634348593e-01
-2.652001756790558495e-01
7.043582573941731262e-02
-5.047094060069268195e-01
1.680609015922174265e-02
-3.541567903574531773e-01
5.615338365793822728e-01
-2.931981856355979077e-01
-1.152438632423924414e-01
-3.508186336322118848e-01
8.057042475933067216e-01
3.434235769395752591e-01
2.489885977383984317e-01
5.376862004764765279e-01
3.148813192845533182e-01
2.990945549682956783e-01
9.233796921564516591e-01
3.842008593737022415e-01
-3.719611099245277996e-01
-8.874771817815373387e-01
-4.282502678221010717e-01
-2.437652306778774758e-01
-5.701505042988117555e-01
5.886596987924183622e-02
6.643772175710207506e-01
4.571570706067968892e-01
5.548388471631080510e-01
5.676953036710072897e-01
-7.149045405932971109e-01
1.000000000000000000e+00
-4.098387823663041107e-01
-2.930011446752379678e-01
-4.542174660150499754e-01
-8.668436446838031495e-01
4.228995652619206291e-01
-1.506482880437837180e-01
8.077637672337507624e-01
8.826076288991178131e-01
7.863440205842691100e-01
-7.849048467173318500e-01
1.232180326058260889e-01
-6.130508140770575265e-01
-3.169808033455279173e-02
-7.620029022187916334e-01
9.071575240962367337e-01
7.333904517768885523e-01
5.575502165397283605e-01
3.046495685684726951e-01
4.813304073545514039e-01
3.065987886398222617e-01
5.889210804160868173e-01
4.285649362457029099e-01
-4.348610459892440772e-01
1.970388644337821571e-01
5.428132894768882277e-01
1.302297862617539659e-01
8.216720543626740980e-01
7.730933350295985385e-01
-8.904753909050230343e-01
-8.150582848360940491e-03
6.927815259738049347e-01
-5.329624898777227671e-01
-9.145882817387392949e-01
3.495354523550552317e-01
-6.541747296014883695e-01
-3.863269185832263197e-01
8.845958415525605467e-01
2.771646495812095656e-01
6.888362491641590868e-01
8.240005061255462060e-01
3.022189543869391315e-01
3.779652256090326734e-02
3.551266748453256739e-01
-1.000000000000000000e+00
3.046769216777533984e-02
7.578167284676239346e-01
8.551482519155595430e-01
9.656685447556142554e-01
-2.628572214781739191e-01
-1.919882717092261937e-01
3.430059887167472010e-02
4.743448982353050680e-01
-2.010593072024711159e-01
-8.406739833292263819e-01
-7.656436231825502342e-03
1.889218604694790082e-01
8.755086679381274273e-02
-1.685521251905208739e-01
-1.140735138381083758e-01
-8.495413399705589175e-01
-5.670146911624176500e-01
-8.508848102478352438e-01
-6.133583891313589831e-01
-5.061670148936851799e-02
8.797154899225297919e-01
-7.945308340072427811e-01
-5.262591398196674319e-01
-3.777104880053834823e-01
9.258223051352658661e-01
4.241308996157431288e-01
6.960895044691663980e-01
-4.759987644176850718e-01
6.457749404123087622e-01
-4.898639253284302608e-01
-2.370078101263597414e-01
8.472460309849840776e-01
-6.904476240669181752e-01
-5.758278994127515871e-01
6.359474576168345772e-01
-3.882118188095440292e-01
1.000000000000000000e+00
-8.651253766622681862e-01
3.048060714001029625e-01
-2.440988649501721341e-01
-4.031468114362372068e-01
-8.035345260071866669e-01
-5.712123150826508011e-01
1.295839234015782604e-01
