-2.525067264998970273e-01
6.282465463433215547e-01
-2.997314703527227397e-01
-4.527398673285954467e-01
6.210891613810366474e-01
-6.118798461008881917e-01
5.125676594777666129e-01
-5.777683603342787660e-02
-1.985707448992926616e-01
-3.999676034815279890e-01
-2.705541604680662959e-01
6.283484326800384268e-02
-2.374145564365794381e-01
-6.299563840996844633e-01
1.000000000000000000e+00
-3.256215188289726115e-01
-6.083008396215176805e-02
-7.821770255314838272e-01
-8.841452632360119468e-02
-7.303696168792447319e-01
5.331296126358308074e-01
-8.198701179574485742e-01
5.625739347712681582e-01
-2.829571368913202933e-01
8.165642017633671923e-01
4.256590245719760190e-01
-8.459134973751085695e-01
-1.683070377022273800e-01
-4.805395230699912590e-01
8.735804443497428018e-01
6.962885087767571868e-01
-1.431633432739519984e-01
7.139513717792327352e-01
-5.892265358578020473e-01
-3.803943002044272159e-01
7.348642508480085489e-02
1.000000000000000000e+00
-7.910285745252583212e-01
7.419970169286441708e-01
7.730573614744083999e-01
-3.385093312637361684e-01
-7.590129794126165841e-01
6.305374027759960143e-01
-5.936891411222976478e-01
3.234696390026474133e-01
-7.825048891629318160e-01
-8.779986080683163108e-01
-4.261571482336298233e-01
-3.318283913678484742e-01
-1.763241731959760972e-01
-8.454632120554252950e-01
6.097881833544342989e-01
-5.731508321514001691e-01
7.634493833115267580e-02
5.523460346659070375e-01
5.223377523291592439e-01
-1.862231511895831026e-01
-7.700881017893372871e-01
3.997099125754486892e-01
2.756921491723326456e-01
-7.145906492848889124e-01
-6.903327734274053995e-01
7.160891580077880514e-01
1.000000000000000000e+00
-5.762076686610662080e-05
4.953240643915121089e-01
4.420810364942806547e-01
-5.441712358788812764e-01
-4.602536771640941549e-01
-1.926122865770685810e-01
8.865355363023535995e-01
-5.227053501384105738e-01
-9.702726458832650058e-01
7.072702743473202602e-02
-9.511024379072015034e-01
-3.573850625797068276e-02
-4.182110828826512972e-01
-2.467378530693000172e-01
-8.302479468998802403e-01
5.431111031946094236e-01
-1.591921553264943889e-01
-4.751949217862407870e-01
6.668463416758337869e-01
2.517969968493343202e-01
4.321548512058047131e-01
-8.655287113452714287e-01
6.103746915215924052e-01
-1.111845592186777310e-01
4.029577312689760493e-01
-1.684765486363204723e-01
9.734907084126298571e-02
-5.475167842599191204e-01
8.946942276516154369e-01
-5.131654588993285193e-01
-7.142264873457513374e-01
-5.699092876892644099e-01
6.987643730075925319e-01
7.360062356301854125e-01
-2.364107651053011239e-01
5.712341046696893798e-01
-5.007534583573078901e-01
4.420864730044042901e-01
2.439549292310679574e-01
8.527898829696529681e-01
4.341267916015486561e-01
-5.101377539231449765e-01
-4.792937334297077134e-01
2.485421311909359332e-01
9.054180223047753051e-02
2.351993121680230892e-01
-9.010531906612364583e-01
4.549818695850973427e-01
-7.756541129291213421e-01
-1.000000000000000000e+00
7.884720149660545685e-02
2.262592395569198722e-01
9.134792101847017953e-01
4.709865662148434717e-01
-6.383829744980203946e-01
1.874589949647052778e-01
1.149281865139822056e-01
-5.464564908541260646e-01
-5.733210302772692724e-02
-1.134527742336386702e-01
-7.946049552356420076e-01
1.875453218590047988e-01
1.000000000000000000e+00
3.156299792080836664e-01
5.262082403782141204e-01
-2.339789020295320043e-01
5.792078128371231927e-01
1.000000000000000000e+00
-1.000000000000000000e+00
8.814772543169286934e-01
2.494179943511797004e-01
3.870272991317802447e-01
5.257555297878623302e-01
9.887470987860537130e-01
6.061291550722294197e-01
-8.836628633223985174e-01
5.841803931074556200e-01
-9.558955435920717392e-01
3.039131267563806027e-01
-1.653577979826604538e-01
5.784971506588966195e-01
-5.027007693620499928e-01
-6.972650756168339292e-01
8.385637988363844331e-01
-1.000000000000000000e+00
7.336099895573855445e-01
8.299733810076974638e-01
5.740286412610390299e-01
-7.122289110750379404e-01
-5.801700683605215403e-01
-9.428756358529112314e-01
-3.762067131144421483e-01
4.317231507661917211e-01
3.737967864712214427e-01
-1.249285225494625173e-01
8.219936421704243656e-01
6.335506524083469593e-01
-4.918221474984094677e-01
4.813560099410125193e-01
-7.637028256687212746e-01
3.988560867636046225e-01
-8.214101527174785811e-02
-8.938993954582190593e-01
-4.545904761308114383e-01
7.338368575144370576e-01
-4.039742585604069181e-01
-8.951649651703010857e-01
-1.840373657699675980e-01
-8.353475448933072034e-01
-5.509213929106293595e-01
9.132697302600245592e-03
3.972083575556594748e-01
2.202966313573980761e-01
-4.391979937586573124e-01
2.836964519777418481e-01
-7.773397481792297670e-02
5.385494535374096836e-02
-8.257101425683295304e-01
7.513057821577918682e-01
-3.311040967160432391e-01
-6.018739541935855808e-01
2.875147969858717900e-01
6.339080070029310399e-01
-1.089301838459978966e-01
4.909779942632376826e-01
-3.108764134923780453e-01
-5.758962419773093755e-01
-7.904946885047999805e-01
2.224331445201324919e-01
6.054071456487354341e-01
-8.280907983478136281e-01
-6.999667321262423858e-01
-4.256333241012642821e-02
-9.049933933433923494e-01
-9.421459966590522983e-03
-3.903069841868987977e-01
7.327464145451951794e-01
7.542813392218861157e-01
2.726844346288139764e-01
-4.516294364976944919e-01
-9.856567253944603646e-01
-1.000000000000000000e+00
-1.882786700913865463e-01
9.894805652079227132e-01
7.572378434509569045e-01
-5.210663215149320404e-01
-3.734970558470478430e-01
4.260965782764838949e-01
-6.403171939770453402e-01
5.790790284516049713e-01
1.145371900181603592e-01
-9.238898070146492891e-01
1.806511180136442518e-01
6.990300332776968606e-01
-6.623583291120989092e-01
-6.976262678294714581e-01
-6.565171373518999820e-01
2.216500720713912576e-01
7.926663490225864805e-01
-6.708971351676638051e-01
2.262796093994700608e-01
6.104370054143819502e-01
-7.214061293957949594e-01
-1.607899379374492788e-01
-3.576182892915647504e-01
-8.016280543303022643e-01
7.422917316725773096e-02
-8.960493700638088033e-01
-9.608371186520706098e-02
3.162852319682807334e-01
2.444488303198553147e-01
-1.086795797807905140e-01
7.956527515375251269e-01
2.292989430339038848e-02
-4.158251859776804227e-01
-3.105069169390457517e-01
-3.007306434165566422e-01
-5.129929740757962486e-01
5.439102805270504826e-01
1.016921017523349513e-01
-1.854810053542024217e-01
-3.954717631461912575e-02
3.918433477778963669e-01
6.878798189737426183e-01
8.159135647797232105e-01
-6.249021958896077145e-01
-8.026527653193504808e-01
3.044332186198639434e-01
-9.366647041062723389e-01
-6.902939128105030075e-01
-8.835658298437381042e-01
5.525967091628875005e-01
9.101606279757832318e-01
-6.138115993735052817e-02
-1.559955226900593128e-01
6.501137376582917238e-01
1.000000000000000000e+00
-6.526149902724437402e-01
-9.395473298949983398e-01
9.955449812256550457e-01
5.910550568846103525e-01
