-3.419623947503875327e-01
-9.043389015532909969e-01
-8.599335663258086959e-02
1.788419113657271353e-01
-7.291064359643197879e-01
-2.434655410412036591e-01
1.000000000000000000e+00
-2.584170527789105831e-01
-8.206837543288805770e-02
-7.918731352355536934e-01
-7.729373443034730506e-01
5.758287401661984495e-01
9.619428956800434305e-01
-2.872014870373491569e-01
6.729570673724254437e-01
-8.981749060601258439e-01
-2.622589966863275168e-01
9.146355043671845486e-01
-7.364236295025615719e-01
7.437069233487167974e-01
-9.710782468455991800e-01
-3.478176812039965871e-01
7.648472874837670687e-01
4.823574920073410155e-01
6.592518543796457853e-02
1.110119692410198172e-01
1.224118060357113347e-01
4.949905178474751644e-01
-3.742674406771130391e-01
-4.213534066508952680e-01
8.594279345730928554e-01
9.752714647291974570e-01
-5.383219363167560667e-01
9.290622009173064022e-01
8.842021245253570694e-01
-8.288189581627924962e-01
5.699044868624970617e-01
-8.521931789178454064e-01
-4.422773602291812933e-01
6.832613730838751342e-01
-6.494982789208142426e-02
1.916316941359956227e-01
-7.146522027688080314e-01
-3.440912698423058691e-01
2.936417793995740877e-01
5.701638112187703555e-01
1.900577665913980308e-01
-2.799638859213051667e-01
2.531443366280474172e-01
7.563426949630072116e-01
6.576620399291690511e-01
4.262012900508422852e-01
2.223915111866695826e-01
8.560475100106769153e-01
3.308249532422902761e-01
-9.570024907817278326e-01
6.561397147021716392e-02
2.790556764303677162e-01
-5.054268979045863919e-01
1.720895023018906289e-01
7.915935670353969611e-01
-7.029101080972069426e-02
2.944386279643247395e-01
5.823615178450718410e-01
3.614891093758266227e-01
-2.784529792628528955e-01
-5.578306803656904456e-02
-2.202810921786206855e-01
-5.528274451046871762e-01
2.970497494350624601e-01
7.218450553410060699e-02
5.643115466493775489e-01
-4.790304642968226112e-01
6.634470326774342119e-01
-2.765587019082345055e-01
-4.046341347745423533e-01
4.304290663308048548e-01
-2.820529020063807235e-01
-3.199833075644506475e-01
-5.626655320649114334e-01
-9.445769662008072221e-01
5.238480514681584932e-01
-4.335049930813737740e-02
-2.179303864824767289e-01
4.901205122772211986e-01
5.968475101527930260e-01
-4.860121211489035198e-01
-8.682113896860583768e-01
4.501614786085789133e-01
-1.488357007093628614e-01
-8.216403015295730139e-01
-2.332910059893312793e-01
8.908676639635531025e-01
5.127381251864201461e-01
-6.114134004742997064e-01
5.621939040712775615e-01
8.403821878895330055e-01
6.242534291226726761e-01
-7.842019914077372755e-01
-9.207694151687099149e-01
-5.901844442439085903e-01
-4.947498628650455477e-02
9.664485783609456648e-01
1.692835221846401006e-01
1.000000000000000000e+00
-7.669665529747580202e-01
9.126682843743714191e-01
8.365514247838909401e-02
1.000000000000000000e+00
-8.025996130632191417e-01
-1.000000000000000000e+00
-2.303304489470659189e-01
-8.411693316862585146e-01
-4.470783357923728552e-02
-5.714261712670563043e-01
6.835162834792257724e-01
-7.082371518505786723e-01
6.678889992303962408e-01
5.688116953352020388e-01
-4.633603754523585305e-01
-3.565707387064029898e-01
-6.139760063106568522e-01
-8.674351634149314316e-01
8.936638174812709945e-01
8.357764645374092805e-01
3.937349493571923875e-01
-6.682502623133413922e-01
-5.591088416350138424e-01
-4.260207712245445144e-02
-1.797052376249229089e-01
6.733235557888961331e-02
-5.595440131552468221e-01
1.589693278867461979e-01
8.961335883555965331e-01
-5.234765478204230771e-01
-6.516643302271039051e-01
6.376921364481131782e-01
-3.803412213830923427e-01
-7.208166518594579797e-01
2.959705899894663483e-01
3.104698756591586228e-01
2.657861175536059273e-01
1.057159481234135751e-01
-3.171523534341902928e-01
-4.043680959039801515e-01
-4.644059809761955648e-01
-1.000000000000000000e+00
-1.000000000000000000e+00
-2.503275554311963913e-01
-2.996642695444708959e-01
7.004466593159621723e-01
-5.792357821829771103e-01
-5.572853799552319742e-01
5.989780352399356467e-01
-4.307111078305039253e-01
-7.050263143782774522e-01
7.704505114271646971e-01
9.744325364358882302e-01
3.879603096457909794e-01
-7.445694203203881978e-01
-3.419349609480332730e-01
-6.839372028073072984e-01
8.754880232183581690e-01
-6.566523021571560870e-01
-6.919555264761020341e-01
2.130684143613947590e-01
-4.135451399174520093e-01
-5.989000207518582197e-01
-7.800067949273323809e-01
8.911343464906600342e-01
-5.277496691689279595e-01
-2.358469677451504320e-01
1.000000000000000000e+00
3.551397769468381260e-01
9.711799913634102666e-01
-7.213055139173394359e-01
6.388709747196739119e-01
-1.000000000000000000e+00
2.739961064609389152e-01
6.510933383592367729e-01
-5.660977404726604822e-01
-8.926163139722819162e-01
6.270366679804087462e-02
-5.143852165100163409e-01
-4.243979230331140773e-01
-8.920742189420214352e-01
7.242197322888597188e-01
4.643144172245715628e-01
1.859691388892174280e-01
-8.611167670493677928e-01
6.330302850584503815e-01
-3.178370613262297972e-01
9.287486118798882195e-02
7.892637861311312397e-01
7.047512580907774882e-02
-5.104357240108191585e-01
-2.986033598061891281e-01
-4.962038971408616606e-02
-2.150744049246549605e-01
-6.271366697326126172e-01
-5.574547990816707266e-01
7.393352425404735306e-02
-2.797799835671563873e-01
-3.956614111769845010e-01
-3.812973244919481419e-01
6.335375174020158040e-01
2.111858810509600337e-01
4.506657426017123269e-01
-7.330679541031046575e-01
7.834513612395016535e-01
-8.070842773047754992e-01
4.740003753274578124e-01
-7.761722029879574158e-01
8.392686563383465748e-01
-5.270199122553053117e-01
4.065632853987626860e-01
7.601697027046683264e-01
8.061292455251373168e-01
3.720608030751329509e-01
6.691567674286638123e-01
3.198328812414037436e-01
6.699422534749043256e-01
-1.392399411938963216e-01
5.356701279822565498e-01
7.710361797448275767e-02
8.428366856576978705e-01
-6.199332497118502650e-01
-6.395752947148258816e-01
-6.633494594326464489e-01
5.658702293942272643e-01
-9.200161731486994343e-01
-2.741388980265352382e-03
3.373501221020374086e-01
7.025906980960801018e-01
5.078857776992360407e-01
-6.181669425740582424e-03
2.481073567457182244e-03
-4.058856079527261018e-01
3.572316431390477609e-01
6.252164003850054774e-01
5.880361583646133150e-01
-1.733380654720446667e-01
-2.207584335906805362e-01
8.349370843317851509e-01
6.877648480754938731e-01
-7.493214760889804760e-02
6.404986246575622433e-02
-1.000000000000000000e+00
-9.730341584994743886e-01
-1.000000000000000000e+00
9.605872476641816871e-01
-9.485401369838419861e-02
6.815318038246221954e-01
4.571882646276403950e-01
4.731638791571401992e-01
-5.470285841455269082e-02
-5.516227900365247017e-01
7.096041800080503670e-01
-5.163646168261418756e-01
-4.160020660631149614e-01
4.861070469976299657e-01
1.666591285893223237e-02
-4.393121882132912104e-01
7.967339984724433055e-01
-8.243382945089701153e-01
