5.004220541600143957e-01
7.144880091171380565e-01
3.767533999930968158e-01
-4.598909740923381451e-01
5.408305206944697963e-01
8.286309414886284808e-01
1.359809827682928740e-01
5.734402005720200535e-01
3.635037695876085495e-01
9.699869020238855999e-01
-1.020537259684929365e+00
-3.491141658579260398e-01
2.448754012535024269e-03
2.161913825399016109e-01
-9.590836768787331934e-01
9.010368762499055828e-01
2.099080097763873776e-01
6.308984266469259694e-01
6.454391165291532007e-01
-8.902349141603392857e-01
-6.559614368164291553e-01
-7.439394233808170609e-02
-1.010184093709277420e+00
3.983892284810835460e-01
9.140781819318116730e-01
1.017424602249128451e+00
-9.273361486628676209e-01
7.064225568987623216e-01
-6.216241760946263906e-01
-4.576475549354280109e-02
-7.158453396592591167e-01
2.443452249828640677e-01
-8.653093435447424264e-01
-8.534048101177821311e-01
-2.721735352582174694e-01
-5.983991586101709004e-01
4.936856196967242538e-01
-6.741631057865832277e-01
-7.199004628202393397e-01
-7.890166194452968851e-01
9.785335113543156549e-01
8.521076565139509285e-01
-6.228035599210736128e-01
-6.788597261861244458e-01
-5.038830042870476866e-01
1.844116166763247466e-01
7.919052183502403031e-01
-8.081507593784220678e-01
7.679457266316047637e-01
5.659937057702178406e-03
5.635677027519573334e-01
-8.384716263308552575e-01
-5.384918942337791892e-01
4.763014297786891116e-01
9.720861615204349215e-01
8.154066629791211218e-01
2.869474996153293933e-01
-8.763846112978809222e-01
8.147526172838335246e-01
-8.093859939066306852e-01
-7.066373810343757889e-01
1.406145638976389056e-01
-9.877109588206067770e-01
-7.075282531517547158e-01
-8.874632883224465862e-01
7.563773596370108043e-01
4.835604277549789276e-01
-1.207444558181849231e-01
-2.579630139775551112e-01
-9.712694304592254246e-01
-2.789236174242945010e-01
-7.868279991314137689e-01
7.273315539725562495e-02
3.256439867007692723e-01
-8.734950532626176711e-01
6.954575720653219939e-01
4.509760198404739184e-01
-4.769104693273155671e-01
3.630300903987482286e-01
1.425938676285531670e-01
9.128933772650953404e-01
4.046871055740142165e-01
-7.438074645276636643e-01
-4.765908708763095802e-01
-2.415735257428184291e-01
7.054056152069672070e-01
7.119043228335890650e-01
-8.342208320489693518e-01
-8.961632512268961070e-01
1.090626579659322443e-01
-3.917083194027003862e-02
-2.556769096583931811e-01
1.011623460297205596e-01
9.915061368190768443e-01
-3.591288591739584812e-01
8.652700464166219740e-01
3.559677982967096588e-01
-7.820311146077504327e-01
9.498106069289617981e-01
4.192090527571876168e-02
-3.702602159459412179e-01
7.503633952962011078e-01
2.428348423072496931e-01
-7.547679368411229772e-01
9.542599832047383712e-01
2.787890248721215380e-01
-8.498395815408533727e-01
-9.162768926983778928e-02
1.253559968566669569e-01
-3.643705573099452755e-01
6.170210581385777715e-01
8.359013711678039416e-01
-8.645475254177396041e-01
8.843340460852180396e-01
-8.194487798980991666e-01
-9.936312823303276032e-01
5.113809469827413912e-01
-9.329328412069662901e-01
6.748285488493342976e-01
-5.864142055248739993e-01
7.078305087543134144e-01
-1.087099143220104369e-01
-6.736118440738299018e-01
-4.315062445765164428e-02
-1.325379728115878841e-01
5.085237181043089638e-01
4.007428040616514142e-01
-1.725417141230522200e-01
-9.926916505665804857e-01
7.722704769991683982e-01
8.255978642758696751e-01
-5.261904355867445815e-02
3.456860558765902786e-02
-3.482097218692858376e-01
-1.116354912477193623e-01
-1.925176142245124955e-01
-6.952005617844787544e-01
-4.186781627133427941e-01
-5.041489947780203318e-01
9.768404223623027294e-01
7.977204878087590378e-01
2.156860526245174894e-02
-6.737677474468874161e-02
3.839090875418306181e-01
2.958387784701518863e-01
9.596073069894277552e-01
6.571023519189791440e-01
-7.666611652795465512e-03
9.684098831775286853e-02
3.389730539238980378e-01
1.016662476431412943e+00
1.852787491361685412e-01
-7.026241081128277166e-01
9.686772620545374135e-01
3.040688716150798943e-01
-3.406804679599145791e-01
-7.700537446129173125e-01
9.300429835324664288e-03
2.749314872777098850e-01
4.941985677580031933e-01
7.480262351160696932e-01
4.612468586275352833e-01
2.087685950288402648e-01
-5.315750251679681737e-01
-8.362533053896805679e-01
1.288819607996587735e-01
-8.022842353207969568e-01
-1.020907725390044041e+00
6.927796085877804266e-01
-2.172482210121153556e-01
-8.002637618493217975e-01
4.008841339825574557e-01
4.352155201145090357e-01
1.411930324272621384e-01
-3.972314340195908788e-01
3.516990129778145291e-01
-9.501474760615046256e-01
6.720622397047447683e-01
-9.412501991430296533e-01
-2.511488449112894150e-01
-5.838687256897674427e-01
-4.898035639482327674e-01
1.373774918035283177e-01
-7.423513800201102519e-01
-1.096902571156335576e-01
7.169392521970722187e-01
6.669626206346153108e-01
1.007713207926401289e+00
-6.475050436120529662e-01
1.723885003891415246e-01
9.600470312660595029e-01
5.362829178490409188e-01
-7.992645830942349816e-01
2.997479368214361339e-01
9.993377009411412715e-01
9.321279208693098450e-01
-1.001252025759326258e+00
-4.893990241067591174e-01
-4.637406780120280625e-01
6.675458808838150571e-01
-7.738620471701960213e-01
6.070997868419977239e-01
-1.724806064142352935e-01
-7.775528742802269300e-02
-9.113568696616510811e-01
9.798929128080449136e-01
4.801114651784738063e-01
6.072269333076654174e-01
4.987163357753904847e-01
5.679333831760235984e-01
-9.021495309628670967e-01
-6.122183866739349112e-01
4.626710086638165520e-01
8.783723597127972571e-01
3.034547569444792647e-01
7.546668587459904876e-01
-1.109401143581063703e-01
-8.284482081390909247e-01
6.113690827299471664e-01
9.803625154860686752e-01
-7.184040847612402914e-01
-5.605491278470360328e-01
6.223921382072661324e-01
-4.071118463885009531e-01
-7.358814595873010012e-01
-2.898741323242847168e-01
5.590931304704018778e-01
1.529847086890477603e-01
6.615055008575529971e-01
-1.224814106516839973e-01
-9.464272650172642631e-01
6.695773207371581437e-01
6.496266596686469663e-01
7.799679754528331121e-02
-6.993228091247640776e-01
-1.020087896775974556e+00
-8.649310705586288339e-01
9.649559539846304101e-01
5.963972502931724762e-01
-8.632012923635070667e-01
-7.754842755001096766e-01
1.425918662041675833e-01
6.952377970867565926e-01
3.588531802316740627e-01
-7.135206711399846857e-02
-4.413133683766912174e-01
-6.400650065164725788e-01
9.113775563497225063e-01
2.693730584162254416e-01
-3.146850446080070030e-01
-3.205812872747434289e-02
-9.043885431973506250e-01
-2.502239062608361264e-01
-5.553696715672755690e-01
5.807593734733235147e-01
-7.331522042019159024e-02
5.813115036090378274e-01
-7.905530652256924640e-01
9.328427357055828484e-01
-9.754544905282380718e-01
2.902369274291273504e-02
9.814864603466768589e-01
9.170058479160884124e-01
-2.856624164244261910e-01
6.265873829328834077e-01
