9.358365322852496559e-01
4.793830743274235529e-01
-8.238187835463149922e-01
-1.140260082478376930e-01
-5.083143857378982222e-01
8.788312363148154116e-02
-4.391619292537997099e-01
-4.117233638607837309e-01
1.490619136907638809e-01
3.160730449901352768e-01
-6.361586268477386064e-01
-2.019424693825764283e-01
4.848513916687020586e-01
9.807868806849491250e-01
6.844267841914761785e-01
2.755895046220287470e-01
5.396629133963328773e-01
-3.420008611607313620e-01
-6.968219078062045657e-01
-7.543850850259026242e-01
1.248730577874078707e-01
5.822248000417022951e-01
8.238482711434675920e-01
3.608195485097606126e-01
-3.485225832826768233e-01
1.880311723846109229e-01
-6.450017344384866291e-01
1.000000000000000000e+00
-8.836077751653902412e-01
-7.341801646473671283e-01
-4.295890159206311454e-02
8.753866379237534856e-01
1.877030991230950810e-02
-6.253928745842409764e-01
7.272985897652709530e-01
1.826847642423536922e-01
-6.467366200464088610e-01
-4.519812221880264297e-02
-8.658003816656093532e-01
-2.587835149733085371e-01
-3.891527771837118843e-01
-6.862374898266585532e-01
4.807885606864263917e-01
-9.392397923273527738e-01
3.251851229327865633e-01
9.320308248573163645e-01
2.627533212976441712e-01
2.611634180705175723e-01
-5.632272917780483112e-01
-9.522550948025056972e-01
1.198481651719294772e-01
-6.155239378430596986e-01
8.401306408768339784e-01
2.382734320589600385e-01
5.034725811846850752e-01
-5.005162023289890794e-01
-1.061216618115440047e-01
4.867482302516126236e-01
-1.263578936491247806e-01
-1.311003190903792248e-01
7.076578017883919935e-01
3.936387916183097246e-01
-5.785181680514713820e-01
-7.813040301599836202e-01
9.303180015385436041e-01
-1.082438068497278694e-01
-9.355190755123705681e-01
-4.752742593673339733e-02
8.334325437897240896e-01
-9.831046837020372964e-01
-1.890901489397630031e-01
7.337767940463366667e-01
4.434603096655516108e-01
3.513534532961932189e-01
-8.690698247440786783e-04
-2.138925958282271167e-01
-4.938976859236559047e-01
5.293680377430352024e-01
-7.256017008084825193e-01
-1.000000000000000000e+00
8.737010668175915207e-01
7.496485462459251403e-01
1.444322684416570191e-01
-1.051866642568493049e-01
-6.177344579637897848e-01
-4.860589263268040860e-01
-8.399028363702956135e-01
4.895596339335610003e-01
2.775254960606342025e-01
9.803834589727441484e-01
-6.871291994262218594e-02
-3.486792195375283954e-01
-6.747883872630985325e-01
5.208783010718813777e-01
3.031543985166920141e-01
-1.963688529152662621e-01
4.565914786376307211e-01
4.213405453343709306e-01
7.635139875799008546e-01
1.266432461628911876e-01
-4.033806782818583070e-01
5.655255189035225394e-01
-5.020814806745913655e-02
-8.439650266897873454e-01
-1.000000000000000000e+00
-1.000000000000000000e+00
-7.179777931737629793e-01
-6.909630190252309401e-01
-2.176522383886915490e-02
-3.689351210473785225e-01
-9.009824872519630601e-01
-1.435615783714174198e-01
-3.410721534951259848e-01
-9.007522957058831103e-01
-8.567933504226160624e-01
2.916231280363779099e-02
-6.187288099470638070e-01
5.649534832401298390e-01
5.205398497915524336e-01
4.061065870640062636e-01
2.236509966180091069e-01
-5.965237778508534205e-01
-7.073424007880717568e-01
-2.529030791477206164e-02
1.701166867066957744e-01
7.903110886925444056e-01
5.803938573690430314e-01
-4.461722473331304895e-01
8.006524833096300142e-01
-1.797564008254239620e-01
-7.230826125133551496e-01
-1.000000000000000000e+00
-1.000000000000000000e+00
-8.809283619885122096e-01
4.908945505188688774e-01
-9.772771287775049442e-01
-5.497073845851565554e-01
-4.600347743660962996e-01
-3.842465435346963387e-01
-6.131628733500572581e-01
-5.054469205132169907e-02
2.779904164541121547e-01
-5.781289492511155759e-01
-8.807288445654862796e-01
-8.240882288674091782e-01
-2.773964433372549387e-01
1.000000000000000000e+00
-4.023732780514441276e-01
-1.120984816946100915e-01
-1.000000000000000000e+00
-2.417095804454035546e-01
-7.496474285290435358e-01
3.040416553981573067e-01
9.950654698818548471e-01
-6.791521896749650455e-01
-2.878947816641732604e-01
6.132712596954149609e-01
1.640687306306437276e-01
-5.046531978070638580e-01
-1.220886953397887775e-01
1.105694147324046278e-01
8.548579586691147369e-01
-8.731495965048271524e-01
7.427273103654914443e-01
-8.510745714625266301e-01
3.577691380946206312e-01
5.523805897961711064e-01
-4.999361035854450463e-01
-2.448977528006135440e-02
-8.347450022506223144e-01
-1.189928810215436922e-01
2.439936992708096608e-01
6.714803298946985244e-01
-2.111494770097975537e-01
-1.489287056527426878e-01
6.872235421818529977e-01
-9.886066191503077860e-01
1.743735997280413397e-01
4.688274787573158964e-01
7.437898540704487305e-01
-2.543269622378210859e-01
4.717575092897904332e-01
-6.368416122252446021e-01
8.323589721371780215e-01
7.778520407120209645e-01
-3.284461579281078847e-01
-5.209150865377304429e-01
2.330391878090194990e-01
-5.698437356355781080e-01
3.132227520880074834e-01
7.204721302865180199e-02
1.987538840422768682e-01
-5.242616177002342726e-01
9.831199327563007462e-02
5.019769247241108179e-01
-1.791970758218179582e-01
-8.055093812851499280e-01
3.988340141284151263e-01
-7.311142538791233214e-01
3.941769126981148341e-02
-1.676137225869203384e-01
-1.000000000000000000e+00
2.659490189137143079e-01
-6.129750805361663391e-01
-2.543887207362409419e-02
7.073756236182427992e-01
1.005482782498732519e-01
-1.348789708846612201e-01
-6.958792273935114903e-01
3.482240323337417731e-01
2.523363858237872570e-01
8.971869362590469965e-01
6.781785892487880441e-01
-5.466258924300506639e-01
-3.808436162025904403e-01
6.729800278804335401e-01
4.063402154085740126e-01
-6.088510835303891922e-01
2.053967688603814123e-01
-1.454822755749991814e-01
-1.351898330409539439e-01
6.381167527969300313e-01
7.826255752239530405e-01
5.899637967182648213e-01
-6.395006606194101328e-01
9.299440577974182887e-01
-1.000000000000000000e+00
-5.251374645964769217e-01
-7.872967244724236036e-01
9.659472515750132660e-01
5.990868772943199749e-01
1.570832913889161353e-01
-5.645418124058574350e-01
-4.741245925717605392e-01
-2.965107009859080378e-01
-7.943445744408080822e-01
-8.779314286298608438e-01
3.483062548778138590e-01
8.732153641507154340e-01
-5.257906540075466539e-01
-4.851422268026068241e-01
4.888278647543487510e-01
9.132380682015093232e-01
-8.796910308979603854e-02
7.303972096115276535e-01
-4.147574027696375176e-01
1.001829139265969365e-01
-9.231333303334365858e-03
3.033772776704536378e-01
4.994083332517718077e-01
7.368475229989160935e-01
-4.584471054983746408e-03
4.932765687470129778e-01
-4.900498814737175302e-01
3.339166718230139885e-01
-7.505170531341415208e-01
7.406516118728978526e-01
1.382773044615892288e-01
6.643316950770007390e-01
-6.615715810807956121e-01
-5.114556245792634126e-01
5.279178801256740883e-01
-6.955829525645591538e-01
9.545851981921995577e-01
-8.322640309986345519e-02
