9.101348674746178036e-01
-9.438390660470125093e-02
-9.279632841242898555e-01
1.436168634520281762e-01
5.128445701990995698e-01
-1.259962052483274420e-01
7.976710626228623591e-01
-3.811637019975466778e-02
-8.526387154685806102e-01
-3.178352086027423917e-01
-2.273617534948606245e-02
-1.000000000000000000e+00
-9.384352256092746147e-01
4.425700378942479252e-01
2.825805592482341644e-01
5.831262755337494053e-01
-2.471801841289688884e-01
9.959152533648722994e-01
5.492427105417073685e-01
3.708403698261042991e-01
-8.472695894221035084e-01
6.900993945061415502e-01
-5.855069290706303997e-01
-5.431362921872294747e-01
5.114668186351228885e-01
8.555250786297426968e-01
3.158474916748579275e-01
-1.000000000000000000e+00
8.707664566492262503e-01
-8.956769760151087612e-01
1.000000000000000000e+00
1.322869359951872603e-01
-4.252253794833379952e-02
4.831245730916337577e-01
-7.386176599186294878e-01
9.532314242752182309e-01
6.357308766580399562e-01
4.863857483832095818e-01
5.198462057271739933e-01
1.088953558251718190e-01
4.188157182477574847e-01
-6.707893517971480479e-01
-9.174762027327934555e-02
9.175659030966936136e-01
-4.038696075971142108e-01
7.103034124091335277e-01
-2.524466822623098738e-01
4.047580511244823764e-01
-8.633341648468048635e-02
-3.152453631496476838e-01
4.010010156582737850e-01
7.414734790024132272e-01
-3.313152778682437738e-01
1.000000000000000000e+00
-4.592278291646135768e-01
-2.717875405119127286e-03
-4.442306832222103763e-02
5.416480327566157715e-01
-1.268454578365752483e-01
-1.469325106734787820e-02
2.168140152725123726e-01
8.862527530440990065e-01
6.846939216591617638e-01
2.781095058138732257e-01
7.299648045175706201e-01
3.386964778272361087e-02
7.635894841970265468e-01
6.254952326836242804e-01
-5.037627188125545219e-01
9.826589425165975777e-01
5.617761967074549334e-01
-1.444513427461456834e-01
-4.943353508665375429e-02
1.000000000000000000e+00
-1.005258756774943252e-02
-4.019376567626896657e-01
6.936207792260181693e-01
2.409219686621763001e-01
-4.207281622827581669e-01
-7.334306752426433818e-01
4.119824884253784347e-01
-6.628943019432955719e-01
-5.116035026278924480e-01
5.162072784113355128e-01
-2.499572557820734509e-01
9.963936275739528892e-01
-7.409252271083945907e-01
-3.766253456465107896e-01
8.967971220022811218e-01
-4.248036412901404213e-01
-7.605602735532485115e-01
-6.568499855078425986e-02
5.335611547259189180e-01
7.614356538644739825e-01
7.724031285567674043e-01
-7.198506074032753888e-02
-5.553163916512355858e-01
6.443967329364702623e-01
9.016261149782173190e-02
-4.130960193914676726e-01
4.003217033033361072e-01
-5.023342745760783767e-01
5.243622742521484303e-01
-4.589469349481767324e-02
8.798233170960229055e-02
2.617680344454464958e-02
-1.000000000000000000e+00
-2.204435558851055021e-01
-8.827097093247204818e-02
-3.739010530321292824e-01
-2.790179816708052707e-01
6.255253114138408232e-01
-8.866224121287645810e-01
2.671789084487854460e-01
-1.409350963370847032e-01
4.559909329560809521e-01
1.084027308358925662e-01
3.201308756214647500e-01
8.422411192314622763e-01
-3.460756562887323251e-01
7.437467581571696740e-03
1.901107656329205642e-01
-6.229683816207135516e-01
-2.554965722890114588e-01
-2.457990695684690585e-01
-4.374295635053093712e-03
2.031539170795966798e-01
7.970092968652962018e-01
-8.403148009762332338e-01
-3.541324994325263376e-01
1.420194847138093741e-01
-2.931751101229010392e-01
7.602788089661685067e-01
-8.733516693515636087e-02
-1.081020395736063677e-01
7.614861967185974079e-01
4.763791618396976402e-01
6.899403528851433265e-01
2.847438945914998465e-01
2.517266746325174664e-01
-8.845591184541247154e-01
-5.414422820702959049e-02
-1.589690729730830476e-01
-3.700576340067643355e-01
9.290143592448116827e-01
1.687577504111283100e-03
-8.273883187407355955e-01
-6.227882078275530642e-01
-2.127905658987964688e-01
-2.915756628178146070e-01
-3.667086458290014922e-02
-2.357549577745837177e-01
-1.696247422631258772e-01
8.515019667508889611e-01
1.000000000000000000e+00
2.190707908544775873e-01
4.276904227412220427e-01
-8.273283176923793558e-01
-4.816724576773370181e-01
-2.986624562842518094e-01
-2.408016988301429628e-01
-5.704970981223260740e-01
-9.630601494261790130e-01
-6.110532666406950364e-01
4.881615714017289442e-01
-1.451965954216625221e-01
-3.500542446226655446e-01
8.382208061419209322e-02
1.428429855754965727e-01
4.781762831616909737e-01
7.224175797363374674e-01
4.694703132659382994e-01
-2.215428937241361862e-01
9.004355580770238010e-01
6.241431062035873722e-01
-8.654705109196070278e-01
8.549899333203632157e-01
-2.443392106995199986e-01
6.038950831566007871e-01
3.440233951877954555e-01
4.862720012930609736e-01
4.983541808362469405e-01
6.154430453375939747e-01
1.320216081575403544e-01
-5.526896048852343313e-01
-9.150776222136031146e-02
-3.536332749187265367e-01
2.044161515655423811e-01
-8.946517767262904819e-01
5.324678153526701818e-01
-6.229554532952369383e-01
-7.423871043214743670e-01
-5.486160660642032116e-01
-4.796796470277100988e-01
1.636057271607602726e-01
-2.384325643443253526e-02
4.028095854851337365e-01
7.207910154768237820e-01
6.755917223692220475e-01
-2.636825016876747640e-01
-1.686025755652832414e-01
-9.804357439899227256e-01
5.605934793238588343e-01
-4.701308989386319970e-02
5.985510786101992942e-01
5.355273908811677419e-01
2.355200253720682313e-01
9.309383685081726312e-02
-3.801368893819936368e-01
-5.155542455634922749e-01
-8.414996793500632011e-01
-1.806587311852992928e-01
6.468298970974852846e-01
9.027823514067667698e-01
-6.204040563256476570e-01
9.070693747617427638e-01
-1.000000000000000000e+00
-4.432900170897949854e-01
-2.643887966107521525e-01
-6.643864280122876442e-01
6.336612681052457008e-01
-1.000000000000000000e+00
2.626227718490249385e-01
-6.740740208588320570e-01
-7.295024739773612321e-01
-8.026349429395202018e-03
-1.000000000000000000e+00
3.569750523076147264e-01
-2.839230377438290431e-01
-6.123489764389871137e-01
-2.224214423002517371e-01
-1.959476829641060847e-01
9.764201282387450220e-01
7.607548474918892634e-01
1.731351962819660528e-01
-1.000000000000000000e+00
-7.144866496568011982e-01
7.567183324938437927e-01
5.807251925740468668e-01
-5.948809447189741251e-01
5.554851664736402128e-01
2.959102370746827249e-01
-1.771300226894809704e-01
8.844632623063825028e-01
7.460793778797596421e-01
-9.747788236518251104e-01
-2.413358553287795472e-01
4.788004198706805603e-01
4.007920728651926945e-01
8.440841947999022654e-01
5.907096840137192606e-01
4.323745161131644088e-01
-5.618449711966122528e-01
-8.845737798136299457e-01
7.255805009368442304e-01
-3.617945764220025229e-01
9.032048286372356127e-01
9.856200951098130769e-01
-9.788077537888519863e-01
-6.772468187188672717e-01
1.000000000000000000e+00
9.189669988595924321e-01
-2.227216739381211383e-02
-7.970442520453648871e-01
-2.391892280374590118e-01
