-6.418498894184141434e-01
6.196734394286482761e-01
-3.519689800860468232e-01
-7.522454815634984637e-01
2.656763773219565916e-01
5.607360780769262698e-01
4.871225837641021128e-01
3.369370302795471339e-02
-6.641749796123841421e-02
-3.697520669433485008e-02
6.966305745320577891e-02
-3.451792203086480049e-01
-9.298150018107149695e-01
2.899684296361066949e-01
4.932782094608957890e-01
9.952793357959417442e-01
5.978387188481408820e-01
6.396416068023562662e-01
2.264183532978423230e-01
-6.817760094272837801e-01
6.160506364467874807e-01
6.508297608145210411e-01
9.382863751384142859e-01
-1.625311471769428362e-01
-5.273825856336609164e-01
-9.184975393122170040e-01
-7.693110579736376353e-01
-6.445203761813989018e-02
-2.773706830971867099e-01
6.344349744616701869e-01
8.748236961324090677e-01
2.016574707045228898e-01
-2.068055050566173225e-01
-3.911241747951578196e-01
5.939131319378374574e-01
9.964680626020587795e-01
-1.079353499563305174e+00
-9.867990838607954007e-01
7.123269195006691756e-01
3.675912513555874561e-01
-6.729555495054269088e-01
-8.437822666131702398e-01
-3.862466425614199395e-01
2.121388839399406812e-01
-3.325865755289616477e-01
8.522273531191864038e-01
2.211304964966425146e-01
-2.955653981527274210e-01
3.428355493231364237e-01
5.268662371119838816e-01
4.022592466505092723e-01
4.975549994695749323e-01
-2.906588669530947300e-01
-8.192866691125546552e-01
-8.192543941426433385e-01
4.042899371333670278e-01
-5.829488893087790835e-01
8.559703951274058031e-01
6.491763073687843999e-01
-3.844666054671428412e-01
6.255106739559107565e-01
-2.659817932093893056e-01
-6.384706540032925037e-03
-8.758213755649029153e-01
-7.121517784066937473e-01
-6.856088097133850034e-01
7.234026413730192395e-01
9.792605076392162378e-01
-4.243169060628861067e-02
-5.891587496673307278e-01
3.973628138335768556e-01
-2.424755214986180629e-01
-5.210285858311400897e-01
-4.742366205182919625e-01
3.304852709462855476e-01
7.082569949959804934e-01
-2.931151088215138145e-01
-9.088911142831122003e-01
5.452672391401467422e-01
3.734105316345430747e-01
5.260985365063031161e-02
4.735603159466084122e-03
8.285160585538340339e-01
-1.219006437164569245e-01
9.701869271946668150e-01
-3.853864778571615690e-01
1.220381853664722765e-01
8.093280620118625812e-02
-5.874950068240933909e-01
6.261184188108248616e-01
-6.867459933801804972e-01
5.929210964080993129e-01
7.343016181272243870e-01
-2.417556534890343001e-01
7.972050581633125521e-01
-1.977922797597187754e-01
6.688756738754153552e-02
-4.198446863684002217e-02
-3.653509725850230261e-01
5.901121441536514300e-01
-2.238118565392994697e-01
-6.276154114835117426e-01
-6.549097796791381043e-02
2.954271569077722148e-01
-3.907682416231068601e-01
-7.019132566102344040e-01
-8.895925067118888308e-01
-3.719839151333474980e-01
-8.948312308780974611e-01
2.221235345888459278e-01
8.902193438893679645e-01
9.394204334643183607e-01
-8.720824561401694375e-01
-1.071536154583472289e-01
-4.927627395119273945e-01
-7.382875782860931491e-02
5.013077216727435115e-01
-8.729899882852651949e-01
-4.026614383268431463e-01
1.490308233168355923e-01
6.535307046315781410e-01
4.551081120710187555e-01
7.313416165172983430e-01
-2.212804602335454729e-01
4.925061024237018525e-01
-7.731932377723151895e-01
-8.030735232824246506e-01
1.998661690144400982e-01
-5.553788624019999620e-01
4.157718681541167083e-01
9.122669962689655687e-01
-9.301681362339826453e-01
3.059759240611459319e-01
-7.509207465887661748e-01
1.868737107017319765e-01
-8.095503046300493999e-01
6.784934178922072956e-01
8.740327087301482667e-01
3.804212607939247981e-01
5.813510740480843930e-01
9.785729781189481113e-03
-7.401852698066900826e-01
5.397188006979916075e-01
6.512915338912560470e-01
1.022360036573026765e+00
8.304480639998468305e-01
3.510331226186579889e-01
5.003053383542099830e-01
4.267584412332858790e-02
-4.760986471409751064e-01
8.244773818664462572e-01
-9.700391801167657091e-02
4.130949130280797132e-01
-8.238893012805386107e-01
4.027060254140681916e-01
5.237391679120708687e-01
-5.821695584024864090e-01
6.013298166109037890e-01
4.854720538740173730e-01
-9.253563484211513313e-02
-5.555113947368834904e-01
6.282565823466530475e-01
-2.662650983997452703e-01
-6.653577010970781469e-01
-4.786346451146556991e-01
4.613635070101262947e-01
9.708036665841326407e-01
2.995742201693998297e-01
1.986635455226959390e-01
-2.286572602968186541e-01
8.782677701237779910e-01
3.173604966510742420e-01
-7.895715675712078330e-01
-1.045836755781204941e+00
1.651462798160032719e-01
-7.270248821578144671e-01
-2.565266894166964295e-01
-6.513955303458225377e-01
1.869731955038975713e-01
5.147701900035912548e-01
9.283626756952050307e-01
1.819821001702939256e-01
4.391219182920735875e-03
-9.669977758861845185e-01
-3.896723058662732164e-01
-5.677513112841254816e-01
-1.002720758123528677e+00
-5.237620147685564387e-01
9.214618038248174603e-01
-1.145430724001397227e-01
-3.386001593751803984e-01
1.671889567953503963e-01
6.988969484927465281e-02
-7.236451793606792915e-01
-1.495732976907060419e-02
-9.776950262763981492e-01
5.253820516104917848e-01
1.197201929389195563e-01
2.462620416014571489e-01
-9.930241619784677676e-01
9.152359089990395047e-01
-7.579945580483795631e-01
1.627693548414794744e-01
-6.522544266228762488e-01
9.600890924660498982e-02
-4.344149780153174767e-01
-2.608755392737032164e-01
-7.033520469290421850e-01
1.002383399251943474e-01
1.695455019929617557e-01
-3.441601297543437354e-01
-6.148670235440589771e-01
3.079065870482933232e-01
3.466849978080263073e-01
-4.773627886310947144e-01
-5.290081469529952507e-01
9.475863868240829158e-01
-4.512513728249545331e-01
8.436454959577943669e-01
-3.620166087484482098e-01
-8.912239260597352164e-01
-9.258368943683525920e-01
8.928348800964427401e-01
5.187875855941708192e-01
7.127834603594758178e-01
-5.295450590667536428e-01
-3.890557491806876378e-01
-1.595621469151488059e-01
-7.695222431073880376e-01
8.129515070360762152e-01
-9.729337906049750906e-01
8.966970266182072713e-02
5.130321344849431142e-02
-8.441624928845512521e-01
-7.305954669397147772e-01
-6.634367494097069551e-02
-9.450280284807616171e-01
-6.614023453369179961e-01
7.296536999970733017e-01
-3.669977112850169032e-01
6.193875573158830194e-01
-3.540810021115406991e-01
-3.166897961376184956e-01
9.164731127077890838e-01
1.005658144337057969e-01
-3.071575509826161010e-01
9.995950921345864160e-01
1.006467370378604453e+00
-2.338792953697499399e-02
4.705949226231882498e-01
-6.819968742414941332e-01
-7.164198687558764878e-01
3.053951054716896873e-01
6.593437221787719071e-01
-7.317548234915594030e-01
-2.547040796656181438e-01
7.789273969429624245e-01
1.983586294004782147e-01
-4.862285011669703616e-01
-8.744164826774367683e-01
-4.150292235549049580e-01
3.529634713252951528e-01
-1.684949908656541151e-01
-1.025813630519906289e-01
8.920184622498497085e-01
