-1.534845014842041167e-01
5.605652644662766360e-01
9.226005223109585707e-01
-8.589261797702512080e-01
3.768046590630858006e-02
-6.767489516529344440e-02
5.162524655625724268e-01
-5.188887097208864096e-01
-6.335441461921917927e-01
-1.548622596490445424e-02
2.510606792763315775e-01
2.712232670484566732e-01
1.000000000000000000e+00
8.145951745538826394e-02
-8.139098260621375758e-01
8.856470649008487683e-01
5.440854914366866080e-01
6.534315330484252726e-02
4.314849725140401659e-01
1.375302221635679167e-01
4.535724145750846259e-01
-7.764239504713995599e-01
3.646757551057855373e-02
5.863553965437204862e-01
5.641192792348379004e-02
5.389877581934047202e-01
6.778065028348153609e-01
1.777400635568955334e-01
-9.835717797847141064e-01
7.268442513650794634e-01
1.381532830759381048e-01
4.254877942839363492e-01
8.327088263179005523e-01
-5.879289032342789323e-01
-8.005946826061607347e-01
-2.372169759592708260e-01
9.024488490526709761e-01
4.134487514665187713e-01
-9.831099863941084038e-01
7.336950636100207923e-01
3.803979836040354279e-01
-1.194211538258603544e-01
-2.284747864955640750e-01
3.436546615167219709e-01
-9.476790523482503392e-01
-7.897088437298522834e-01
-3.708181139582575891e-01
5.378469487096175783e-01
5.854321782109708217e-01
-6.964262994688306119e-01
-8.695816888225100794e-01
5.963664018534633460e-01
8.446282096340598233e-01
-3.787640333379531654e-01
7.928555657801129586e-01
1.995035968805149995e-01
1.643442336664273640e-01
2.597879466662662562e-01
-9.670566216456888409e-01
-4.301151387845121299e-01
-2.774770409213802441e-02
-2.121965185682077593e-01
6.871607881109680072e-02
4.213405730321803100e-01
-9.112078761595832077e-02
-5.595952310429339605e-01
-1.946003914435223692e-02
9.387607909794870586e-02
-1.262207061287399235e-01
-3.241397609738896346e-01
7.675966800486988539e-02
8.803782155300441392e-01
-3.069232825293408684e-01
-9.259328845011953746e-01
1.000000000000000000e+00
-8.153871806720526250e-01
6.186569702248394531e-01
1.402922015979946035e-01
9.352017911564536323e-01
7.592977727616867512e-01
-5.686399520478513381e-01
1.438848436553763488e-01
-9.562099382149165105e-01
-9.496674478186959423e-01
7.207860685053761873e-01
4.648188004768847303e-01
-6.302299409250637918e-01
-9.267119807797113973e-01
5.187420251132773830e-01
6.188436407945474560e-01
-9.464251876363185545e-01
-2.608778215017587554e-01
-5.295336056181514373e-01
-6.121404764384497099e-03
-4.575486612232532724e-01
7.616414458091540496e-01
6.875437981271061982e-01
-4.096361703772197771e-01
1.020870292484499231e-02
-7.941859703942409920e-01
-4.065131773846619723e-01
4.231681778434281949e-01
-5.444702908921287277e-01
-6.826478371655986255e-01
2.183135143238797982e-01
2.863896333409046147e-01
5.108080971793478309e-01
6.858542924597851309e-01
-1.569873927289930915e-01
2.435951737454820076e-01
-6.742225515718442974e-01
3.056493161928730551e-01
-1.610118250843135534e-01
5.226840531305667614e-01
4.679817341363897709e-01
5.590463318281149174e-01
4.290720152570401957e-01
-4.304917892805111279e-01
3.325363050603713511e-01
-3.740026398417357623e-01
5.893175374459236338e-01
-4.607700725974701594e-01
2.443724105182096817e-01
9.612876080939207757e-01
3.918449175458131595e-02
6.962309611560227873e-01
-3.016185154774531085e-02
-1.363193357274563589e-01
-2.578340104601704041e-01
-1.003164737637336490e-01
9.012261595981236884e-01
5.204803480028052931e-03
5.196588878691701385e-01
6.532450942250001003e-01
6.872101556195121530e-01
6.357292929145392790e-01
-6.568047656640167986e-01
9.962363070251036845e-01
-1.000000000000000000e+00
-5.656561366243817446e-02
9.968731333199978284e-01
-4.349680844211055164e-01
-5.371194453144543246e-01
-8.142578253151300238e-01
-7.747118249076077046e-01
-3.424709138740488767e-01
7.027274741734841346e-01
3.960468147468430011e-01
-7.238647770115913538e-01
-3.393475253987670026e-01
-4.424927006909433747e-01
2.846668005658822276e-01
-3.082110977315052902e-01
-6.487513359575134420e-01
7.998384132446958450e-01
3.313916378031176446e-01
6.488308197832790558e-01
-1.817655981764334516e-01
-7.558875511009047199e-02
-1.000000000000000000e+00
6.588812771962167247e-03
-2.169395866478130153e-01
-6.699705872016187280e-01
-7.532467433346066166e-01
2.357823247387659804e-01
2.205882573298784122e-02
2.325768571358755032e-02
-1.768958331988814692e-01
-8.078246575087222325e-02
8.898121632475719522e-02
2.220294187739184633e-01
-1.951813518208381226e-02
8.016065832877997122e-02
-2.501199890497753930e-01
8.151753825928554908e-01
-5.419256238929269776e-01
3.043264872389970233e-01
6.386765276320364171e-01
-1.031554744062254253e-01
7.999247092937911141e-01
2.500403830636150904e-01
-7.281569506446179396e-01
8.504085869051590807e-01
8.237081117924952567e-01
-2.574985959869873220e-01
-4.126785810210482630e-01
1.553386307035881098e-01
7.373188578427779527e-01
9.951064602013669491e-01
-3.968790437394236204e-01
1.805324569969913029e-01
2.270833470577460211e-01
-3.535520263628277871e-01
7.395104573743398468e-01
8.428320846130559207e-01
6.292765097718380218e-01
-5.060193113210569305e-01
9.397623811264741445e-01
1.002855873959549449e-01
-3.362034761007626771e-01
8.801402355530729693e-03
-7.265767683136916677e-01
4.204805647753684372e-01
-2.683147675162044776e-01
-5.552266292536418568e-01
-7.226404685825834617e-01
-5.394066497603814403e-01
-8.282832538209554674e-01
1.000000000000000000e+00
3.329802891278400012e-01
-1.448411783314449974e-01
2.221990904358976948e-01
7.332241518729967211e-01
-9.244798874528452615e-01
7.012878906672255219e-01
-9.766322632112358626e-01
-5.665724330779389195e-01
9.353922494330730864e-01
-7.918236584283793178e-01
-8.361663139072844642e-01
-3.643487720779658989e-02
-7.831770756440188386e-01
6.580918811648346356e-01
-2.278210309636321540e-01
7.991867583690153154e-01
-9.894421228030245707e-01
-4.031667878944051875e-01
-8.968070543636542657e-01
5.345831701179655226e-01
-8.975597171004434660e-01
3.697639308311782558e-01
-5.992124925417019465e-01
-3.181988029733031631e-01
4.593913047435974617e-01
2.882554464197576993e-01
-8.579781005400939353e-01
-7.169063101444499431e-01
-4.103417399221924722e-01
5.982009371525274233e-01
2.344278623513740278e-02
-9.626395008809645049e-01
-8.508630313684930613e-01
5.520732578270309832e-01
8.790173149123221563e-01
9.732531951455427599e-01
-8.461590516420447461e-01
3.657978881845300734e-01
9.963112671048761637e-01
4.454366916506091734e-01
-6.970558518426981376e-01
-3.578226684078965603e-01
-6.554429709923585978e-01
-9.619533780644622389e-01
-1.313304536372383868e-01
7.163924334580478170e-01
-7.856122420634545911e-01
7.336830288119593479e-01
-3.577621300011215588e-01
4.644300080060226321e-03
-8.269679770322992951e-01
-4.058565642666694950e-01
1.561115255102414334e-01
9.395774837202082175e-01
8.997610012802208512e-01
-1.648612378411906665e-01
