-4.868878120997982561e-01
6.029149398542088534e-01
7.093232271374687592e-01
-6.945632026789358981e-01
9.029728379445559616e-01
8.114030217743228857e-01
-6.602831737320376260e-02
-4.979965471059210613e-01
-1.903618351138933740e-01
5.909629175331551076e-01
-9.284844743736828665e-01
-5.626030352440420934e-01
-9.898422984007848591e-02
3.536104594301674453e-01
9.691928298825991384e-01
-4.837627505318872756e-01
-3.802551266880433434e-01
8.942138241178092528e-01
-2.676738998976938011e-01
1.896884056518195194e-01
-3.774366017206762791e-01
-9.401069857113311112e-01
-1.619927627171837137e-01
2.130816079724540402e-01
-4.537360445346813043e-01
6.202092950292933393e-01
7.450120387251059351e-02
1.241534748126090354e-01
-6.850246477131671785e-01
-5.466660878614078012e-01
-4.263231173738458724e-01
-3.010622576406166706e-01
-5.135192931138364836e-01
9.911904418412746942e-01
-5.828981611321823464e-03
-7.408485753241899063e-01
-7.952986367301253523e-01
9.525329472873181880e-01
7.457454705870918410e-01
1.147003315306400206e-01
-6.123237031153740961e-01
-4.379899678592102941e-01
8.083504899288924683e-01
8.594800793229527835e-01
6.897134462486858020e-01
3.614139910722782290e-01
4.007012518765839526e-01
4.669420398441543330e-01
-3.227884281411211864e-01
4.735592214055779348e-01
-9.849033736671995998e-01
9.465522073870787922e-01
-1.622064649985764384e-01
-2.446268873561887880e-01
-2.120339663799004626e-01
-6.572047963047901176e-01
-7.972226776879169918e-01
-4.146982342884768524e-01
-3.425398023765010569e-01
-7.929161824386125046e-01
5.504439135886614043e-01
-7.182748820506881238e-01
5.529402147105528798e-01
1.041227188029128850e-02
8.255017724262415646e-01
4.294409526865312215e-02
-9.227233230612091885e-01
9.469860756602070939e-01
-2.180851224447620806e-01
8.606287124238688468e-01
1.039704932849460639e-01
5.417883521881345921e-01
-6.458412167571435658e-01
5.679387516694195392e-01
-6.226033927066617624e-01
-6.191411146169134572e-01
-3.463453884868794574e-02
9.736107194523692110e-01
9.027807853170732866e-01
-6.724682229225708019e-01
2.315635407804210733e-01
-9.021957157953994222e-02
8.822002653428122620e-01
3.830411986935726709e-01
6.161342196437460395e-01
3.179930477091350571e-01
4.669496399605506665e-01
-1.289541994152338944e-01
-8.948061827113550359e-01
-2.406696296216710440e-01
-9.426139677588878385e-01
-3.088786170546641285e-01
6.216423999547018298e-01
-8.696582666295541442e-01
6.960412492043464017e-01
1.852536144598863621e-01
-2.155911037668387653e-01
-8.625396261352054061e-01
4.338800068798598919e-01
7.751500069094596768e-02
-7.420975146088752972e-01
3.820891697249402530e-02
5.241506569667973153e-02
-6.014858227183039752e-01
-6.013017777483373738e-01
-4.728500150246483513e-01
7.663907311173194792e-01
9.159797040096726573e-01
-3.259681203839360775e-01
7.222335121783453049e-01
2.589875746138416979e-01
4.037372849144145737e-01
7.819955228849316820e-01
-2.967565286807750669e-01
-7.511046294883827468e-01
8.079254382414116642e-02
8.528658826643540358e-01
6.491479526621852791e-01
-3.381547779728955733e-02
-4.899818213323858807e-02
-8.981059758006395555e-01
6.367626809962930734e-01
-9.621181023618619044e-01
7.251089116624359621e-01
-8.109707152338107017e-01
-9.978122013579737715e-01
6.685184245675729331e-01
-2.459068747749483808e-01
-8.820906777034303037e-01
3.126099486943227923e-01
-1.309820902305116608e-01
5.300092712561866870e-01
4.648435327686289420e-01
-5.970948350542145538e-02
9.372008175454361600e-01
5.926599803783797471e-01
5.679517815699372529e-02
3.086683623356787365e-01
7.626865724636019417e-01
8.654220970469259644e-01
7.253470425045112080e-01
2.917458447586736003e-01
-7.546340425519322270e-01
5.590796709070312565e-01
2.938337094551832784e-01
-3.048108244788973881e-02
7.719031945907084413e-01
7.254622930944720771e-01
9.758339601025597387e-01
-1.432166248618243765e-01
4.989413528432675160e-01
8.986196447953241906e-01
6.996992248351206756e-02
8.654381593711412135e-01
-1.655493735770363906e-01
2.827170847079827354e-01
-7.156152139415833391e-01
9.666223591764304679e-01
-2.492135391052647531e-01
2.614058615139547292e-02
1.844438783052423231e-02
3.249335654520503491e-02
-4.466498315029886479e-01
-7.031562214560902468e-01
-4.321434175925643051e-01
9.316086494626127923e-01
9.331094026687876131e-01
3.624525181458866374e-01
1.095752158598015807e-01
-9.491274869075920773e-01
4.573938863300431312e-01
7.722303799245620048e-01
-6.055862607870625691e-01
-4.751000108867750038e-01
3.514706404838801035e-01
-6.730189524864309270e-02
-1.378768556577680549e-01
3.019842976739209872e-01
2.012579594031793651e-01
-4.721525410665620148e-01
-6.677023944006063028e-01
2.042587313182257780e-01
1.752112652710932639e-01
7.391240668692741211e-01
7.631668450600601616e-01
-2.968567943041101193e-02
9.790784775620038349e-01
9.731809565334947898e-01
3.350076139507908723e-01
-4.587947728451046148e-01
4.347198235996876936e-01
-5.903989896015707783e-01
-9.362920637461145112e-01
-6.758071910715739428e-01
-3.435212704631937508e-01
8.721716171584645849e-01
-4.807209871687628810e-01
2.264085990454778319e-01
1.662327834979149543e-01
-8.782260369565474400e-01
-6.427038051661519980e-01
8.661487555355281698e-01
1.533217708877459839e-01
6.744242190825597838e-01
2.025607838699374774e-01
-5.633856819043803199e-01
-8.218032293175485670e-01
5.878337794541701466e-01
-4.809819085748598955e-01
-4.647825407525368324e-01
-6.777550627853899945e-01
6.502033092557830685e-01
-8.833346639015755564e-01
3.837202695845537415e-01
2.535545828913866595e-01
4.226969559147125688e-01
-9.459007680913683602e-01
3.248477688174757905e-01
-5.694250949385359917e-01
9.242097444819517837e-02
4.872359782930006933e-01
-3.772896947936038581e-01
9.108658873100742293e-01
7.919049081683171565e-01
-8.045297086906940676e-01
-9.166236653596104844e-01
-3.543931147178397412e-01
-9.913689736232550453e-01
8.762948220011332889e-01
-2.685573809514934518e-01
-8.386709731018431035e-02
-6.136344491535978829e-01
-3.421963142934923985e-01
4.454452112803963804e-01
1.595017997734540782e-01
6.186420883537613324e-01
9.436962868130021054e-01
4.577451232204306497e-01
-1.040640886861108304e-02
6.591303663954761749e-01
-5.617899193062063368e-02
-5.530124794039346092e-01
9.988207248275685624e-01
-8.572300924034457204e-01
7.320126821703194508e-01
-1.013815849578468542e-02
8.525347419191053877e-01
-4.330151161809806526e-01
8.785943372849419619e-01
7.650594451775122318e-01
-2.450074636330694944e-01
5.451409547618741858e-01
-4.820089860526652892e-01
-8.123743953806745743e-01
-5.389726542733677128e-01
4.069695109769159158e-01
-9.193132082338800748e-01
7.847265717855766987e-02
2.552455027753820493e-01
4.848443973722249556e-01
8.959514450752924519e-01
6.311202670070669152e-01
-5.255380973750651830e-01
-6.341984527854952480e-01
3.367017723020341857e-01
