-6.334902956988253120e-01
1.159884051157465401e-01
2.451521761720083514e-01
-2.730385832681423430e-01
-3.622177000943880287e-01
9.005059576922489484e-01
-8.981562070132855791e-01
6.220810504872275049e-01
4.594878118234539954e-01
-7.487758788850347180e-01
-9.916557856586678543e-01
6.764541040301035313e-01
7.054674176681434705e-01
-1.439020141011313758e-01
8.070456778652950192e-01
8.295289845783877514e-01
-1.803469490786584473e-01
2.351949376281892157e-01
6.085414199650500677e-01
-3.163418515115471452e-01
-8.474952995328537408e-01
3.887642987743959999e-01
3.292336798493018524e-01
-2.032377602804067429e-01
6.124007726703222243e-01
-4.688708028884174817e-01
-7.775043426675969371e-01
3.587071580781088231e-01
-2.643317852746054908e-02
2.942748899949664820e-01
8.171341979504622710e-01
-5.273147910252484749e-02
-1.778886453090774145e-01
-3.759811908585890539e-01
-1.251294267155383944e-01
9.336823972864860544e-01
1.557828425465919708e-01
-8.961520758755006089e-01
-5.355370408580255592e-01
-8.640593645398819689e-01
1.075124300078214301e-01
-8.109020549021535018e-01
3.843615928070178711e-01
9.977307166341142786e-01
-5.266350200446721086e-01
-4.385383439161438801e-01
-6.894201363170171515e-01
-7.189542870809605413e-01
-9.229084219540690803e-01
-1.451150907262488410e-02
3.658288714483154402e-01
-7.162578782046841175e-01
-8.048032208658160158e-01
-4.074254547304736462e-01
-1.041128890689007047e-01
-8.289161895056280649e-01
-1.750393830099004067e-01
-6.298598198934812764e-01
-9.843396856346364743e-02
2.402460890427173812e-01
-8.274596437639765156e-01
3.377912688887551029e-01
-8.290995029790102500e-01
-3.997138452386863605e-01
-9.860857707242500769e-01
8.104434035583811813e-01
8.848704524360504475e-01
3.903362708856625285e-01
-8.478508882501580857e-01
-3.264943557414619058e-01
-5.263251141938428690e-01
8.336289783250592222e-01
-5.122568326277345818e-01
-4.656217512257911917e-01
4.978143123480846532e-02
-7.352442886453771642e-01
-5.506748722404324337e-01
1.976562842115483498e-01
8.980727124092238167e-01
6.815344013689490776e-02
-4.196672996404376965e-01
-4.726549160557893536e-01
-3.645585626878321273e-02
-9.469349286126114151e-01
3.217230801140605889e-01
6.714297125462221905e-01
3.436878467863597741e-01
-6.775746163851561477e-01
-4.959244008808478821e-01
2.946475403978391361e-01
5.168402481963049189e-01
-4.479742164662130488e-01
6.422403238700116201e-01
-6.719510909404020627e-01
-9.332122199402073104e-01
-9.227628460416861245e-01
1.228034757171844599e-01
7.720280412419813221e-01
8.190690460084503188e-01
-9.394557324722458969e-01
-7.548695087401160464e-01
-1.172261042275475340e-01
2.530593199616378852e-01
-7.108505122890783623e-01
-3.449244250156153213e-01
3.807188703216168868e-01
-6.024786790647063128e-01
-5.941183822806139769e-01
2.165253995696494460e-01
5.445285513148248047e-01
3.821509017022943766e-01
-9.296761056567990344e-01
5.245439454874849527e-01
3.994003791539810222e-01
-2.977242167035112352e-01
6.452746928455825870e-01
-9.177720616291470401e-01
5.414529757080839278e-01
-6.327730587625659542e-01
1.000000000000000000e+00
3.492888762268852032e-01
3.304708535787415080e-02
-8.688745553796686227e-01
-5.483624543737567469e-01
-2.632381881469139095e-01
-1.958498327283581530e-01
6.904513982427276098e-01
4.958608387963243658e-01
-7.332843267150868094e-01
6.972775703962166283e-01
2.373040162703332623e-01
4.851473088748197160e-01
9.657654518932907717e-01
7.964457167596887821e-01
5.965848941055958976e-01
2.396864574808745818e-01
-4.062677390009030720e-01
7.236601814636068886e-01
-7.571690465133351644e-02
9.154208885596053502e-01
-1.726476138801689708e-01
-9.296053810303599452e-01
-5.376616748987592675e-01
-8.439790941646987399e-01
2.945223290156480100e-01
2.224690907027548070e-01
7.161195378649456433e-01
9.710811265568921602e-01
-8.365345655130833613e-01
-8.361335545105268441e-01
-7.570715540614467720e-01
-7.434058398922416266e-01
-5.145485491519370402e-01
3.656642177573339314e-01
3.779310573936321416e-01
3.059188184157795032e-01
2.168293948429869944e-01
1.116450418002949974e-01
5.656657044997654982e-01
-8.337088676251662722e-01
-3.963775262396109778e-01
-2.207847313045643300e-01
-1.115687308174557746e-01
6.132455450928193663e-01
-1.686341092558782950e-01
8.986227194786016170e-01
-8.439753201423856321e-01
-5.854958617208574218e-02
-1.721514133778808131e-01
-5.920107208895308837e-01
3.223095289099827676e-01
-9.622509027161991746e-01
-6.508999877513270693e-01
4.816732326312649359e-01
8.689618150101812155e-01
-5.435336094289884290e-01
5.624862235692360546e-01
-1.642295560246549435e-01
-7.970083325657133511e-01
-3.706923687410597079e-01
-8.201522550386879384e-01
-1.000000000000000000e+00
9.277208184843991345e-01
-3.333114060834996284e-01
-3.922571045257269295e-01
-9.657969144934743788e-01
-5.766536996384562519e-01
6.029133297665880686e-01
-2.302083674554923631e-02
-2.440125461012299934e-01
1.639261406001486510e-01
-7.371533505292706678e-01
-9.140842672812259373e-01
-3.204957150238356700e-01
3.632791769080532251e-01
-1.000000000000000000e+00
3.801338974107635327e-01
-9.274101475123452953e-01
-6.676452488685837849e-01
6.992106380270990407e-01
9.086391713472499188e-01
9.714632558403637486e-01
-4.247368686002499505e-01
1.000000000000000000e+00
-1.569945604645719417e-01
-7.472490826727066215e-01
-1.197484805144957698e-01
-2.779305380367560474e-01
9.513376082110008847e-01
-1.576623009413775645e-01
-2.677818739959372252e-01
-5.072213341749274296e-01
1.794273703842215184e-01
-4.153557760159883039e-02
-7.204136637970710577e-01
5.934265715643627370e-01
-4.444089986624137900e-01
4.055841544540572663e-02
-4.584018307311606422e-01
4.229423819848161514e-01
-9.279390068067971953e-02
-2.387381794099852073e-01
7.212031754918092341e-01
1.347028351390555656e-03
-1.360342493697206112e-01
-9.321967832847282143e-01
9.467349578523862608e-01
-2.013823454555543346e-01
-4.481278992461697197e-02
2.010466610957837297e-01
-7.061978418065321117e-01
4.622703066213247336e-01
-1.969062017033123280e-01
-2.756248842483133288e-02
-8.581074426864587767e-01
7.358494697467465873e-01
-6.398355782547963111e-01
-3.207283415289725603e-01
-9.672940018272829787e-01
-6.551502172979639660e-01
4.630027625525854340e-01
-7.055140119489741179e-01
-8.399232317258437108e-01
-7.951839565636369400e-01
4.423275195657068171e-01
2.297678673692306051e-01
-3.571356200467767916e-01
7.123016238875268247e-01
-5.208546302185796950e-01
-3.742634507105105923e-01
-4.489142446790267971e-01
7.235039503637272773e-01
1.920043551304681240e-01
6.663846606986214560e-01
-6.152748213641120456e-01
-4.700758927724175695e-01
-5.783079826155879122e-01
9.775262578565627747e-01
2.784735020158491392e-01
-9.073624214023905399e-01
2.901687477424940709e-01
3.392780396234185147e-02
7.809726620649738438e-01
7.083839191588765516e-01
7.597795016833421844e-01
