4.987987554995936268e-01
1.269630382401684687e-01
1.867169917908352295e-01
9.232362782668088741e-01
1.000000000000000000e+00
4.928903076717592313e-01
-4.603376492343942417e-01
4.361135769745655977e-01
-9.842450389098995889e-02
-2.086466947846886133e-01
-8.498033242228392181e-01
-5.607304827116572632e-01
3.610207267451777113e-01
-6.704395789853976328e-01
-7.526069314713393910e-01
-7.461337178220833755e-01
1.171139333781832936e-01
-5.375823109103106123e-01
-2.513985402582007422e-01
2.123788775683779773e-02
6.167249330693886922e-01
-9.646483403731735962e-01
9.566173017254016031e-01
-9.362469433364538629e-01
-1.000000000000000000e+00
1.084578014475314212e-01
-6.495979284011818011e-01
-1.787492521203882523e-01
7.956479331516316256e-01
-3.537677656217887434e-01
-5.544962505888038073e-01
1.000000000000000000e+00
4.293282551882656173e-01
-9.095058904962532997e-01
8.854502719439915071e-01
-7.705933494235305270e-01
1.469784467855143051e-01
-9.112245193724943793e-01
-2.441386817526263742e-01
9.089260122527821339e-01
1.000000000000000000e+00
2.493031649344219225e-01
1.605941939751801828e-01
-9.319228706395608075e-01
-4.471331523775634587e-01
9.034516416622444535e-01
-6.818323089935119929e-01
9.890382686585437177e-01
-3.316697378136673757e-01
1.680305790802531785e-01
-6.819933226077612431e-02
8.304863882343466175e-01
7.015713668909405731e-01
3.735089011646853807e-01
8.687571722879129377e-01
-7.394135898511425831e-01
1.600150549054601135e-01
9.792887686148337156e-01
-4.310246024011769039e-01
2.019173644871931350e-01
-1.526991126998139200e-02
-6.112896238672282240e-02
3.558590675176828144e-01
3.449964017381818571e-01
4.662180988156221506e-01
-9.482551778409994414e-01
-8.521155434044028198e-02
4.400593261493233599e-01
-4.587975988116740900e-01
4.035637698813579477e-01
-2.745449930413525197e-02
1.000000000000000000e+00
5.434066298610820134e-01
4.817998584160144704e-01
-9.398952820209754977e-01
6.407070839379330751e-01
-1.000000000000000000e+00
-5.139884239782279707e-01
-7.221413311594100382e-01
-1.000000000000000000e+00
-5.275945111148629962e-01
-7.161747781172713712e-01
7.532959024498313283e-02
4.421149757774161526e-01
-6.800521209052292626e-01
-1.216959612182538786e-02
-3.427292858607100534e-01
5.118706734725944063e-01
-7.742924213293803648e-01
7.101508699627619992e-01
9.465621100052046266e-01
9.174478751859224124e-01
-9.660188929266004809e-01
6.542194653246020675e-01
-5.456483098298012813e-01
1.000000000000000000e+00
-5.214472405084575879e-01
9.393406816474622612e-02
3.478677293005008608e-01
-5.036235221293090536e-01
-7.973186774657452514e-01
8.395746000905043305e-01
-6.728445268863096906e-01
7.736345897669039129e-01
-7.150059321284485403e-02
9.431797938153847483e-01
-1.000000000000000000e+00
-7.106270182311869021e-01
-8.138632255856310671e-01
8.418929428957043770e-01
8.620823752482740243e-01
5.736736903043937463e-01
1.970227827135076493e-01
-3.417535467439827834e-01
8.375881385502457199e-01
9.310703071906235584e-01
-2.847290060997547667e-01
1.672904695171201217e-02
3.562128598697525406e-01
-1.043029525052160539e-01
4.693921542678480274e-01
-2.206985732926986521e-01
-2.507206994298956659e-01
1.426432558339900125e-01
8.654341708145998346e-01
-1.000000000000000000e+00
2.372632232262940621e-01
-3.966944421878363936e-01
9.576364323914662302e-01
9.872141884274036050e-01
-9.853912681692895692e-01
-1.157260410844481585e-02
5.635476729513666516e-01
8.513921939024221563e-01
-1.000000000000000000e+00
9.076655851105235318e-01
-6.090931303311885037e-01
-4.676493322926725954e-02
4.877676214273566485e-02
-9.176459904794466160e-01
7.218013552390261101e-01
-3.457102474808512738e-01
-7.490018314897270990e-01
7.629809658157598040e-01
6.444010504176271859e-01
-1.748765658644165499e-01
1.000000000000000000e+00
-8.313103156858544507e-01
-1.669344190691455510e-01
-8.994880164617605756e-01
8.141943488405052332e-01
8.655945780714359161e-01
-9.238546779443920220e-01
-4.144955784914945429e-01
-4.813841483143254663e-01
-3.327154804151457590e-01
-5.703546274092068380e-01
8.373163377912501426e-01
-9.374192517930799440e-01
-4.139377152025223161e-01
-9.297084872951256740e-01
6.357744835666875316e-01
-2.247505496123101965e-02
-6.556394320652773056e-01
-3.845846314421030865e-01
2.502646408942303946e-01
-5.400021964671347652e-01
-9.721646958057890142e-01
-3.758449704268443381e-01
1.477946458830119436e-01
8.031842776865270039e-01
3.212070495849785323e-01
3.710578079189164047e-01
-8.473955708427297617e-01
2.941947116584268246e-02
-6.277661260946917343e-01
7.955055581616989890e-01
7.221707500141183456e-01
2.624096113616442016e-01
5.794699905177846944e-01
6.727783034073886448e-01
3.063814418023577124e-01
3.616482519374226712e-01
-9.551980294114945647e-01
-6.172473767352506524e-01
-1.383700784697901032e-01
-1.000000000000000000e+00
-4.784576688222411112e-01
-9.285358303086433951e-01
9.668592313551628292e-01
7.967586047046635311e-01
-7.479502266988209414e-01
-5.170304324127581452e-01
-7.514041579959119810e-01
8.307321950241213226e-01
-2.043734370709933135e-01
2.283459498278966326e-01
-9.689700590870975461e-01
-7.446057787775423042e-01
-9.595749579665048268e-01
6.822004775092651574e-01
3.463418440571640056e-01
-4.139526442579535281e-01
5.240712855146467675e-01
-9.080778370547959444e-01
-4.287608470327262666e-01
-4.432903824084059030e-01
-3.476840223980460359e-02
6.883430864461119736e-01
-9.084610803856041361e-01
-9.161787039029534174e-01
-4.573993741314760220e-01
9.261808615528710487e-01
-3.920884427185007959e-01
1.679966928582482533e-02
-8.654719766587676277e-02
-8.586946980466539370e-02
-5.411512585757041194e-01
7.798483376061869921e-01
4.576713927610553956e-01
-9.915466414663734462e-02
5.266941694863386259e-01
8.633728764861395844e-01
6.352126170266013672e-01
-2.637017121795037777e-03
-1.000000000000000000e+00
1.000000000000000000e+00
1.097463178201685541e-01
6.275211189693432612e-01
2.548733967734534978e-01
-5.361078755787239691e-01
-1.000000000000000000e+00
2.657471678468729115e-01
7.497332547925987800e-01
-1.128346191244793684e-01
-8.990837493965827543e-01
-1.000000000000000000e+00
-8.726418239786415398e-01
4.737872567196705909e-01
-9.151367468116278214e-01
2.157004909020315275e-01
4.456622923935245062e-01
4.575823529195973682e-01
-1.863222382211973116e-01
5.361701077080167632e-01
-5.062978934675069764e-01
-4.879421351601394008e-01
-2.028724490811995296e-01
-6.111291831670679908e-01
-2.744649476047156256e-01
-5.722177681943421690e-02
-8.135842393743920598e-01
4.468727246230795314e-01
-6.870149702253225410e-01
8.256810134264371825e-01
7.731108419579271196e-01
-4.069626024173557122e-01
-8.637442411982401147e-01
5.771058876450716468e-01
5.123453533173714103e-01
-8.596338871494706158e-02
2.585780051889908782e-01
-9.332812186904165808e-02
3.283804350061902411e-01
2.429178584691612519e-01
