-7.118251698401605321e-01
-6.511124892998549907e-01
8.934631294496577780e-01
-6.455209107372696931e-01
9.232222059129540082e-01
9.432314291244017213e-01
-1.338992833719514497e-01
-4.705058484745895386e-01
-5.638549086122467413e-01
-6.969473100960900391e-02
-7.471637407926663421e-01
-7.634122928721279733e-01
-1.432332918391573673e-01
-4.173936182086893099e-02
2.208798970172413667e-01
9.315203283857316219e-01
-4.053940680279685682e-01
9.086170364042858161e-01
-5.460113634254177839e-01
1.795076455187061271e-01
-1.593167142638093892e-01
-7.977201069790147425e-01
2.681237234477965026e-01
2.781507776032118850e-01
4.932695769274637043e-01
-7.068280622697519222e-01
-9.489786655257301806e-01
3.121751489547723857e-01
2.446642626912366170e-01
-2.220961394072105688e-01
9.367700870322852591e-01
-7.714015981421358248e-01
-9.749191196884109401e-01
6.098025732323926196e-01
-1.747471778575503676e-01
-3.391408784700319368e-01
-6.563759842491063701e-01
-5.852549850224600947e-01
2.851345839452174014e-01
-5.529674828738769810e-01
-5.957970408611333868e-01
-9.088007504262261005e-01
3.325379829999388082e-01
3.175105309570095402e-01
-3.641077607157089946e-01
9.690660971260002254e-01
-5.242730467344997036e-03
-3.416127063831233546e-01
3.980501837256126829e-01
9.960725811068776858e-01
-1.321622296319645007e-01
8.830998821718637481e-01
6.966350884039007596e-01
4.877558853486388957e-01
-2.269078029641288241e-01
4.707287719693215022e-01
-1.632757728174692446e-01
-6.804787234786235928e-01
-2.832724990779098007e-01
-2.458307585363599390e-01
-1.000000000000000000e+00
9.336256911381505263e-01
3.009603578718909600e-01
-2.034032194912589186e-01
-2.172038878033256126e-01
-8.943350115975337022e-01
-5.746479891293092557e-01
-1.651514265673190984e-01
-2.276699924063149139e-01
1.568104602329641328e-01
-8.849837446827030218e-01
3.886236780208985886e-01
6.376458281441476084e-01
7.725033514368766507e-01
1.608560713344716342e-01
-7.027527355090099070e-02
-5.831033192721449265e-02
7.309567073563274509e-01
-5.296330448016628445e-01
6.399365029650435632e-01
-2.125997332842954335e-01
4.887764967838171826e-01
-4.520353334585857086e-01
-7.891696082412942292e-01
4.605416382253702534e-01
7.388700179710963045e-01
4.514129289763076369e-01
1.776115838791691992e-01
3.165821441000524761e-01
-5.454568241733338541e-01
-3.276397525921295184e-01
1.729670143496724322e-01
-6.584459715806003643e-01
1.971002506908265395e-01
-1.395117177024054744e-01
6.874831378264768811e-02
4.717164811120227452e-01
1.849569567388575919e-02
-3.107934812400121039e-01
8.489200756020844896e-01
1.152768629072233736e-01
-8.141149175531761095e-01
-9.523415787352876860e-01
-8.595372704105297412e-01
-2.754218221031365377e-01
7.261460997277237039e-01
6.712085516164612020e-01
1.707062751577148596e-02
-3.181217738435443421e-01
7.287093156381220238e-01
6.136824330792718385e-01
2.044472270311623041e-01
-5.525939355958611188e-01
8.950333481513128575e-01
7.529722004901184818e-01
9.098483648506809907e-01
7.379930171845580089e-01
4.091038812180683992e-01
-5.552225056341639764e-01
-9.113879543777660963e-01
-8.009414082190677298e-02
6.424201629662967816e-01
5.794639954153181227e-01
-6.457000750264055844e-01
2.993579959033036975e-01
9.440633485549098092e-01
-5.429264737411203523e-01
1.156621623196795734e-01
-7.604936695358748278e-01
8.884533386019766166e-01
-9.719173710670412358e-01
7.431035838611478594e-02
1.138019912559211089e-01
-6.110498867642606413e-01
3.723614022214262187e-01
3.607639520837513381e-01
5.703344212553620451e-01
-7.587273871686440740e-01
4.437701600089214993e-01
-7.823971251513538450e-01
-5.124930197387695952e-01
1.000000000000000000e+00
2.062409741267916541e-01
5.449354088909835747e-01
-4.357331607219422365e-01
5.533242539983477259e-01
-7.466299196060237620e-01
7.924578229434088295e-01
6.131392105978863971e-03
-4.431903003248358064e-02
5.034995950780218887e-01
-4.304650746525096050e-01
1.664179848305454013e-01
-2.791025791258857636e-01
5.936571002446588974e-01
8.675491896897714605e-01
4.636463437743535421e-01
-5.732773577122391995e-01
3.969775757873035271e-01
-5.066048668987507830e-02
6.332302549442325734e-01
-8.744143466965181855e-01
-6.875567433522637717e-02
-8.414790598864871907e-01
-2.947466657683225355e-01
6.716984365837430637e-01
4.246299377122570995e-01
3.226467947303596207e-02
-2.168441841604593634e-01
-5.378590894240753428e-01
5.180223180275822514e-01
2.737900318896236973e-01
3.295126506230794949e-01
2.743486563947230561e-01
-3.543143162655505440e-01
-8.371985320040848944e-01
3.053247850853235690e-01
-6.285556288955616022e-01
-6.267925439267980625e-01
-8.383289698461392492e-01
-6.485977445731024860e-01
3.430937320948614921e-01
-5.709442025721951364e-01
3.747297044025484358e-01
-8.391121118889097730e-01
-4.068516215742568609e-01
4.397641457236190488e-01
8.283254795998004072e-01
2.958322335619882892e-01
5.369267256632230811e-01
-5.210116730588608691e-01
-1.138994995094644164e-01
1.000000000000000000e+00
1.970265293137364315e-01
-1.000000000000000000e+00
8.657895944360284313e-01
-7.779891139694330437e-01
6.444281244419435284e-01
4.739854936587231116e-01
1.000000000000000000e+00
6.005534212299024066e-01
-4.641073383836785693e-01
-1.531599321037225847e-01
2.155882404562613486e-01
2.119672773359939366e-01
2.325709992828040029e-02
1.000000000000000000e+00
-4.394309919996948199e-01
5.555427634114507018e-01
3.259913366879435559e-01
-6.410835744565567262e-01
-3.052348301706346578e-02
1.762327651853246580e-01
6.418920745580634080e-01
4.982416996254532271e-01
-3.120154986443015033e-01
6.356139677395066245e-01
-8.259919306080349966e-01
9.694614098792669887e-02
-7.604645112468445545e-01
-8.054322746681978895e-01
-6.076833203207414602e-01
2.344821828986384527e-01
-5.812580726673989284e-01
-3.430731835989253020e-01
1.000000000000000000e+00
3.002830625157245636e-01
-6.805414278024712882e-01
9.686510934107437354e-01
8.403749699657020455e-01
-9.776203363105047117e-01
-4.664447778233537512e-01
-3.199769701489581508e-01
4.875466450177414757e-01
-6.076848548762048968e-02
-4.968241221359687154e-02
-1.000000000000000000e+00
-1.587142316067154113e-01
-5.427040788292017415e-02
9.475049460606864704e-01
-7.175514576183464888e-01
5.280861152498834699e-01
7.528426391615757884e-01
9.900099073921718729e-01
5.597208244401641331e-01
2.820022721477338790e-01
-8.962962200467431417e-01
-5.541673497125934045e-01
-6.781845383648884562e-01
-3.950866274786019733e-02
-7.673983090554441500e-01
2.768361486598593380e-01
7.718959294288226802e-01
-2.993098684674890819e-01
3.183636845228906553e-01
7.018260028862668420e-01
9.731723154385583108e-01
-1.536383934609491797e-01
9.413399319402854237e-01
1.573163538009668128e-01
6.874692928029740857e-01
1.202308337060722931e-01
-1.885832891796923316e-01
-6.845571933164526501e-02
1.000000000000000000e+00
