-2.804901049457035889e-01
7.669460661011517910e-01
8.733429517327191416e-01
-5.771964079390821123e-01
5.215541310307663103e-01
-5.633108703162043041e-01
-8.365898909754980739e-01
7.624336611945745634e-01
-1.417973718224332380e-01
5.454232822627603783e-01
-4.021627653925051171e-01
6.649711697638034380e-01
3.446575533747855413e-01
6.572871662643542390e-01
9.232315306630808349e-01
-2.610524724161732424e-01
-4.639625977836243087e-01
1.000000000000000000e+00
-8.389183586186447217e-01
7.699050889831502431e-01
-1.864598943415123888e-01
-5.567579624400618155e-01
5.734176060967539623e-01
-5.941829621074928847e-01
-2.566382660152399797e-01
5.421258560379172975e-01
-2.681233909360078993e-01
3.758342119802804415e-01
3.683376959390136790e-02
3.297038560210485691e-02
-5.513907375931772492e-01
5.319625302156130164e-01
-7.658763726013323447e-01
3.252732173086973488e-01
-1.130282202050796325e-01
6.731501933113290814e-01
-1.000000000000000000e+00
9.980034377988770133e-01
-9.960172679787715477e-01
-2.639724624719663737e-02
4.710040134271653578e-01
-6.011880370026312370e-01
-4.056171987096104381e-01
2.031218517062816642e-01
5.359621993165770981e-02
6.632972340267759837e-01
-9.136864148382861650e-01
-5.849840019861582974e-01
8.195362061849826851e-01
2.018074767702205952e-01
-7.901551367731530773e-01
-4.836932483816177575e-01
-4.144786178253440645e-01
6.692565333924549442e-01
-2.177098321129796732e-01
4.624878630312655448e-01
9.435014883060999225e-02
-9.137111768725708627e-01
9.862219823148483666e-01
1.203906340245891327e-01
1.000000000000000000e+00
-6.476658240795185595e-01
4.712815843688680228e-01
-4.940943961861901101e-01
-1.242527757869396343e-01
8.253074337842297714e-01
4.170902745846892801e-01
3.462255797149337289e-01
2.683161109315977955e-01
-3.205438237106633670e-01
7.237916414298516399e-01
7.415552380308341185e-01
-3.642000328309047408e-01
7.319487837568370292e-01
2.753671390526363227e-01
8.555805168910280978e-01
-9.841793030849664836e-01
2.553867574614409053e-01
-4.215692868694097539e-01
-1.249499812773859769e-01
1.581155090440611310e-02
2.366438402887769965e-01
-3.793575001896176135e-01
9.427486658082153692e-01
3.450446671961420742e-01
7.100696118281516478e-01
-3.131696446525371602e-01
5.049285499300644187e-01
-1.000000000000000000e+00
3.001310048859366364e-01
1.933259591376763897e-01
1.642356988709993693e-01
-5.091175650266639430e-01
-8.441186544323094898e-01
-5.215287882747365877e-01
8.016393232164615856e-01
4.636733652173097298e-01
8.004978231164805447e-01
4.673870973031279963e-01
1.374270706400503722e-02
-3.347272100804307704e-03
6.697300571567157412e-01
-2.455143549099345068e-01
9.750317833797406131e-02
8.519794231007976615e-01
-4.473953507907019733e-01
7.350575935827765583e-01
6.086120102429509737e-01
3.302834634968799810e-01
-5.871884986369987347e-01
-7.968617076342819905e-01
8.032826846730574122e-01
3.906904185485777781e-01
-5.378176372644247749e-01
8.335811613271136844e-01
3.802888169608181212e-01
-3.323283925344019396e-01
4.656971786521522105e-01
2.682215686316100078e-02
9.623874182902097951e-01
-1.882148203013538912e-01
2.394905322584747198e-01
-7.410721030643818708e-01
3.138317258159227519e-02
-1.377398837837800205e-01
3.844299463394706962e-01
-1.295456888156969466e-01
-7.515545973800634716e-01
-3.475570214061323576e-02
8.787931901178133720e-02
7.409157949373702812e-02
-8.155111170853648339e-01
-5.363821578307683691e-01
-1.445888813942931284e-01
1.569333215058246189e-01
2.700720059514246651e-01
3.419496427323783228e-01
7.784307404244486528e-02
-9.144645344086879124e-01
1.733445834694982146e-01
-7.848972880580203926e-01
-4.970917976519264037e-01
-2.469510600460497751e-01
2.802678708410960007e-01
8.297426005048127440e-01
4.657954996417502658e-01
1.769221480603620777e-02
7.540140959503797147e-01
8.302799622539047686e-02
-7.480801593648206405e-01
5.181689979064549867e-01
4.756747645643076283e-01
-6.091372500151150948e-01
2.232375957974577496e-01
-2.559879717097397478e-01
-1.108683662944105336e-01
-4.416803491366627088e-01
-6.157598760265248217e-01
7.845276179763663871e-01
2.090037089294101147e-01
1.000000000000000000e+00
-6.644116526923723454e-01
9.894929274821552267e-01
9.288113300432609964e-02
4.312718507009226654e-01
2.876302594300464976e-01
5.862879464771580951e-01
8.470955246339648692e-01
1.198200010356398060e-01
-5.171885490591524026e-02
4.816483567657282583e-01
-3.468742044529138369e-01
9.229874366848797029e-01
-2.507103180898626604e-01
-5.070083320545860639e-01
4.342693641688508688e-01
7.114483103277030596e-02
8.408366714404468256e-01
8.213280830476417105e-01
3.033402086355118654e-01
-9.762523211418021596e-01
-6.578988795829449066e-01
-8.777104168710235799e-01
-3.179628606508821953e-02
-4.421840840093476110e-01
-8.290147816818328463e-01
-3.579317128478101129e-01
-2.192325593393700256e-01
8.553679746346921908e-02
5.570197112644761361e-01
1.076392740115819507e-01
-9.692512444658245574e-01
4.367396695884910862e-01
-2.148851489433032391e-01
6.033501304630770612e-01
-6.835322039419781115e-01
4.728127340270673051e-01
3.271640023379576157e-01
-3.557519534124520266e-01
-4.458176450219879516e-01
-4.698655012633993211e-01
3.239488823662819983e-02
3.112844803061344257e-01
-6.370351812066524233e-02
5.180508137717027006e-02
-7.700753722628648212e-01
1.185987550055537659e-01
-7.074705118329760456e-01
6.812430737075416687e-01
-4.405227337171725988e-01
-9.323682311986681848e-01
5.921175500753597110e-01
-6.994361310807680754e-01
8.707126359106454050e-01
-9.641117393370042254e-01
2.220586268898281090e-01
-6.159386785869251923e-01
-3.138033799472662588e-01
-3.343845838618201283e-01
5.776993694550405234e-01
-7.552505927392170193e-01
-2.769242237846658572e-02
4.397264387527213270e-01
-5.768113260823353183e-01
6.390689577335683103e-01
-1.000000000000000000e+00
-8.678121003173553394e-01
7.849949125619204437e-02
5.346274124737595557e-01
7.842298227109067987e-01
2.119034600432106452e-01
-2.915592883658303935e-01
3.271867893142030304e-01
2.521617406841861198e-01
-4.092115283109200030e-01
-1.003167093899841600e-01
2.454198150930007039e-01
6.607312922711398029e-01
-1.320469396782381899e-01
4.048367793523574010e-01
3.813595047968281748e-01
8.677002448644136612e-01
-7.275090471724204866e-01
4.434239999781399155e-01
2.138494048068636522e-01
4.024799215925723567e-02
-8.086034553619383392e-01
-9.388631770595812220e-01
-9.355905128267227866e-01
9.630574219102130407e-01
5.603976525354430471e-01
-4.431853405509109667e-01
2.355383519529362368e-02
-8.676224753362595798e-01
5.365419339952930411e-01
4.551965691878949172e-01
3.351687843251527354e-01
-5.771403646410864230e-01
8.961546803949924644e-01
-5.635690269138480257e-01
-9.132182351579504198e-01
-6.533551649569029340e-01
4.936185902912131329e-01
7.150897399093436579e-01
-4.643247323446428321e-02
