1.268048891499467812e-01
-1.000643926375625048e-01
1.188730333709814430e-01
-1.443321698390785945e-01
1.998298569636442756e-01
-2.543635247830488555e-01
-1.811256290758013199e-01
6.445532309252700598e-01
3.051847699691205285e-01
1.258340951018075415e-01
1.184018673832597790e-01
-1.405798229676892275e-01
1.929654731507136900e-02
3.656606697349775725e-01
1.231309294555885114e-01
5.349459424804813290e-01
8.857696883933872112e-01
3.367128861229355952e-01
7.592449858345491631e-02
-1.888962841307068596e-01
-5.268773386196585751e-01
-6.043771496044711977e-01
-4.832028257212552247e-01
3.427429474891005579e-01
-2.671910892476401789e-01
6.007011640735646640e-01
-4.713128252303470656e-01
1.962969595291900737e-01
1.831124235792664368e-01
-2.813336818530409733e-01
1.888425200892396294e-01
-2.986918626213984004e-02
-2.091930820927604961e-01
-5.644380188665300280e-02
-9.980508776154278783e-02
3.604849870994737693e-02
1.495890465118281942e-01
5.813207898636273130e-02
2.130387052208498888e-01
1.231981720824021215e-01
-5.518463441921939161e-01
-2.898187422703921157e-01
5.039314355381970811e-01
8.859720053365174319e-01
9.181973679309053393e-01
2.008373503333820420e-01
2.721557499866773533e-01
2.970899898481563772e-01
3.140846336719714249e-01
4.342198250890990652e-01
-2.477077826977281405e-01
-9.446258137764708407e-03
-9.176226706191287219e-02
-3.705242260942481769e-01
-1.602648055229161095e-01
-5.722872846289693560e-02
-4.316170033743863543e-01
4.670926890330256986e-01
3.930749031715657926e-01
-2.192480214017058504e-01
1.588920838450232353e-01
1.460858084098594911e-01
4.869494229121672235e-02
-5.557992336295862756e-01
-3.934096619495084934e-01
-2.579495081089571151e-01
5.078050764423652774e-01
2.570333050237995631e-01
-7.774487998706466896e-02
-2.477276361350912864e-02
-2.813543924296795229e-01
2.793829875998252166e-02
4.095639830923470531e-03
1.678423259761185338e-01
-1.542410120555291475e-01
-1.112076228915891696e-01
6.809051456875158115e-01
1.474233511773919980e-01
-1.872256100961839365e-01
2.555586742183059146e-01
4.818696104534639924e-01
-7.874158632293105919e-02
-3.703216579850177603e-01
-5.751856132492662033e-01
5.014224007076489853e-01
-7.903372836086614006e-02
-6.826052006823258855e-01
-1.145338639067471909e-01
-2.963449714354414732e-01
6.110698460336710935e-02
-1.005953734144710357e-02
6.249917900512531599e-01
-3.545376727557478236e-01
-4.181131309150094566e-01
-3.671921594756177853e-01
5.881096008659054686e-01
2.173575502783237079e-01
-3.125376430926198323e-01
3.081522214284592165e-01
3.024031403523187445e-01
-2.602127584035348606e-01
5.363160765584714662e-01
-3.668590730963129376e-01
-6.154317344102399057e-01
-4.884059849548165744e-01
-2.909734582428944588e-02
-3.133159939157710849e-01
9.638718067716234295e-02
-1.910886713856128558e-02
-4.141794925581564202e-02
-1.126192462676843670e-01
8.946250458395893501e-02
3.540505762090541686e-01
-2.730089482339099760e-01
-3.746803389117226990e-01
2.753634444401824033e-01
2.628707389311724096e-01
2.303123968209267736e-01
-7.460255094789431940e-01
-5.722890317793040416e-02
-2.924248786971835878e-01
1.009600928389026708e-01
-5.439541869074326907e-01
-1.218041544256091291e-01
5.005363454497173681e-01
-1.505118585669540376e-01
3.691691841235276716e-01
-1.495947579844847386e-02
1.782401834090367732e-01
4.731312480819092198e-02
2.883696293283362633e-01
4.111487487253497886e-01
-6.844102231834563455e-01
-2.564355961148843122e-01
4.187112498114986536e-01
6.779686821670291019e-01
4.754335678665574383e-01
4.451989771590051381e-01
1.619432031182314047e-01
-7.293022044315110308e-02
3.820130705570304319e-02
1.358412955679194067e-01
6.209664250258741802e-01
5.561643661015264195e-01
2.293117062114804205e-01
-2.805179661285262527e-01
1.420635833357067057e-01
1.556502020330555180e-02
-2.159221031624809495e-01
2.794116789256688715e-01
-2.029746080735592706e-01
4.407643818765405452e-03
5.911462159900371383e-01
5.067179809732011986e-01
2.923650122276872931e-01
7.143203973580698474e-01
-5.352532125245549333e-01
-2.964659659627126853e-01
-1.834554724775932788e-01
6.949289853128464145e-01
3.095260465433216646e-02
8.540757054347394850e-02
-4.371562713413386647e-01
-1.295963132123578165e-01
-3.601380566110775061e-01
-3.513572128614560475e-01
-7.132981114278142964e-01
2.060203455791793370e-01
4.160519846072220362e-01
-4.123866678783755235e-02
1.616213784518915342e-01
-3.476260451630220905e-01
3.986907131232670931e-01
1.615878737286468858e-01
-4.642284464381427611e-01
2.717404365300879476e-01
-3.945388286226972352e-01
-3.253520863847677025e-01
1.442419027731552394e-01
5.319848063687652173e-01
-1.653460943342904832e-02
1.527230088815674236e-01
5.979552401226474467e-01
-6.576380640073577200e-02
-5.249391503983421581e-01
-3.233462497029272464e-01
-2.716375806795604531e-01
5.034908266553463907e-01
2.131277267745085302e-02
-1.884643319619777602e-01
-3.139102471716564979e-02
-4.821157721741081703e-01
3.411939110722682633e-01
-5.266547531324041742e-01
1.331272483515585914e-02
2.288151275263450024e-01
-6.203628426787034522e-01
-4.801091148242468964e-01
-6.147405476608164276e-01
-2.427157183679911068e-01
-4.085339289087500658e-01
2.232197381520578672e-02
1.102855407487692840e-01
2.331390692259360520e-01
-7.155337334560002427e-01
5.886308555315320490e-01
2.103105155158911665e-01
2.676552719907550060e-01
-3.716264211672603013e-01
2.323670017664120069e-03
-1.366312833596700638e-01
3.800782983773555168e-01
3.516779649449598422e-01
-5.831833067117833669e-02
2.614581923077915482e-01
8.927530056436623618e-02
-2.958207438206613138e-01
3.120122118825859880e-01
-2.423192708828378616e-01
2.221421443673083085e-01
-3.617514935167925882e-01
-2.675625793147720088e-01
-1.574401467416575162e-01
4.121400470498710056e-01
3.898214292687911531e-01
-5.020512651074074961e-01
-2.835158714090734167e-01
-5.202975641524690831e-01
8.048807667805912835e-01
-1.114123535350124011e-01
-5.836593711312491189e-02
-3.021334466973157884e-01
7.362916522915918804e-02
3.352215263462741124e-01
3.321964417963187421e-01
-3.803237199443957328e-01
-1.837036280454563131e-01
3.804307848924447510e-01
6.900891974640958049e-01
3.014589885652066981e-01
-1.860353911428849483e-01
3.454085117999254884e-01
-2.467362040157734249e-01
-8.352522459971017943e-02
4.122374546063977130e-01
1.933672362863745608e-01
-5.496441775207157043e-01
-4.680962996939095344e-01
3.292254837157532754e-01
4.293293242045463920e-01
4.237362187321315754e-01
4.521993466703191911e-02
-7.570524326729328735e-01
-2.097643691316874726e-01
-1.909934309129544538e-01
-2.818387559390952424e-01
-4.081271218015256053e-01
-5.705515000892065203e-01
1.037017159821738421e-01
-2.871234716086090710e-01
-3.895515353473513742e-01
3.948528797695757264e-01
3.932136936723215070e-01
4.860330080033334332e-02
-2.380593452898290552e-01
