3.968956764701215834e-01
2.474217516975918130e-01
-1.310974675492029839e-01
4.076838313663613267e-01
-6.190950504175082303e-01
-9.667495548056576071e-01
-5.933295342402904460e-01
8.584027256917687865e-01
-4.336869288204101558e-01
-2.112895099872856286e-01
6.172141071109168431e-01
6.191879895797294253e-01
7.807756235429292868e-01
1.000000000000000000e+00
3.510276267038808795e-01
-1.565475026013617987e-01
8.894869809140106831e-01
1.394940401901620941e-01
2.888379086253600181e-01
-9.738313982148737169e-02
2.790120953090908795e-01
5.007355107778099779e-02
6.295032389781896054e-01
-8.826395371076423135e-01
-5.718820989312585201e-01
6.995546257121139366e-02
5.321776867615152229e-01
9.469447544470729894e-02
-6.349748568862526588e-01
6.345535431372228974e-01
-7.626343644914548303e-01
-1.237129557945984559e-01
-8.272359408948054549e-01
-9.449988054806386373e-01
-5.846982529323213607e-01
1.514496897105348516e-01
-9.321058821683528839e-01
-3.258084259830305029e-01
-7.155328549231685376e-01
7.612658037203615669e-01
6.799758037364083130e-01
4.690299801733979757e-02
5.203588017923380660e-01
2.263286415163194842e-01
9.564739266636906878e-01
-3.709706658533518109e-01
4.330700425060060588e-01
-9.760121980148711573e-01
2.983921322987929670e-01
-1.211173265473318716e-01
8.937576738228520945e-01
1.228993215812774764e-01
-7.433572966064976306e-01
7.589181585369108030e-01
6.468362193632108681e-02
-9.959911089063877565e-01
-3.049219983953430080e-01
-1.855450510257507235e-01
8.671044428386306402e-01
3.084313654891937539e-01
-5.463361137668770739e-01
-1.346306089368356773e-01
-5.653165553697724333e-01
-2.922406687647289836e-01
-3.550535276977933585e-01
5.423968342792790942e-01
-6.615472720860695599e-01
-3.740480780567390084e-01
5.596409449985393358e-01
1.000000000000000000e+00
-2.037757020809911196e-02
8.363620319065590003e-01
-9.582200669574137963e-01
-1.766747746721560597e-01
4.739523509062082418e-01
6.587990505482564652e-02
-7.283024123985722964e-01
-4.963493056775331730e-02
-3.478793562738383138e-01
-1.220278604621242852e-01
6.064704420116147077e-01
2.249591954155843454e-01
-1.804047813958286617e-01
-5.428853836999196769e-01
8.361950530982682483e-01
2.740226942487412609e-01
-8.775779801075225262e-01
-5.770116298526973830e-01
-2.767462359118932902e-01
-3.924519717943797947e-01
-4.570203367628574709e-01
7.973819094701997123e-01
-4.530190036885651250e-01
-1.037892861327180533e-01
-8.806178268810348486e-01
-3.844349812299012181e-01
-5.326540086500388682e-01
-2.492568743320872082e-02
-1.995777182947681694e-01
-1.511061743111023759e-01
7.943146878090571184e-01
8.277395402259272172e-01
9.866160009595894564e-01
8.225654791766889851e-01
4.925079095034147758e-01
-5.201724229821068635e-01
6.816730574442154689e-01
-6.891655241336351878e-01
6.073433955336987600e-01
9.302690818202231648e-01
6.867381162482377732e-02
5.133389842486375532e-01
6.417237546058318642e-01
3.428554296695314751e-01
-7.944734952459201471e-01
1.858135726968128953e-01
-8.599557484597241119e-01
-4.612457273960930970e-01
9.639290838477631018e-01
-3.666387938888481801e-01
-2.780357519677084666e-02
4.247372887451928980e-01
-6.921382490738188231e-01
-2.740796780025306356e-01
9.812682742550590254e-01
8.027306478517178823e-01
-5.747702776825196480e-01
2.645382273030902898e-01
2.957300968968830657e-01
4.826706213643426890e-01
-4.935768881917615980e-01
6.269590511889457929e-01
-9.731052628358980439e-01
4.018625718937252067e-01
-5.352465408160500537e-02
-3.542580280028404527e-01
3.897394576064817651e-01
6.130839865848569659e-01
2.384680552257631148e-01
-4.261261368606312216e-01
7.422454036317218673e-01
-2.145109093219448870e-01
8.230996362003843991e-01
2.486727561121948316e-01
2.057532419735260201e-02
7.258879257805008756e-01
5.670525072293126634e-01
-4.006204844036215934e-02
7.753194210217075888e-01
-8.296557388941241395e-01
-9.831108443103231398e-01
4.384113978311101611e-01
-6.451251991998511182e-01
9.807554119011448190e-02
1.680281335196140702e-01
1.662838930146671446e-01
-4.865269708728179321e-01
8.540314072836346915e-01
9.416582840013594247e-01
1.695082781588059806e-01
1.966409575494581508e-01
-3.199065588463815279e-01
-7.216236225888836842e-01
-4.033644038521048691e-01
7.834155735488921302e-01
-6.722397141865861236e-01
8.900606767547653009e-01
-6.974810255603434150e-01
8.160358775767189154e-01
-5.627902777526244682e-02
2.165509674884152636e-01
9.059435185120373601e-02
-1.599476251102279478e-01
2.999188623644342133e-01
-1.384650482638629665e-01
-8.491186173701715800e-01
-3.853636882826008692e-01
2.606041457175800047e-01
4.680884921889579831e-01
-1.293504929289987782e-01
6.247196933191524471e-01
4.566354243151057313e-01
-5.310064622668340117e-01
8.396388013580100562e-01
9.114349104413204117e-01
7.352460882365569050e-02
-7.338404255167925161e-01
-4.026417703104133161e-01
-8.760267114558420998e-01
-4.687614530524225609e-01
-9.366325954522701780e-01
-7.417968780098975756e-01
-7.323857334773591354e-01
2.371990845210228960e-01
7.612374266985686422e-01
-2.056245532488662209e-01
5.840303281565670801e-01
5.221357563957317316e-01
-9.495022915897541882e-01
9.592495225809624659e-02
1.616680330738214100e-01
-3.011686873243096807e-01
-8.738626688028006129e-01
-5.860657988335773450e-01
-1.784568127178395580e-01
4.318241327723965073e-01
-1.777161888367352616e-01
5.979796732967381789e-01
-3.736779554768099310e-01
-2.253597800702801801e-01
3.703712186664374073e-01
9.388350301317768820e-02
4.322112503491667423e-01
4.792157568409165513e-01
-6.806003081524314435e-01
6.989159624504978630e-02
2.947812359732716048e-01
2.189014158539159816e-02
1.341915447516309479e-01
-2.877776673430541554e-01
1.873520671496081980e-01
9.611016277158304089e-01
8.356716950460155724e-01
-1.018396195345235844e-01
8.070925724165586290e-01
1.067337843335298547e-01
-1.026799956405935743e-01
-6.310672632407224869e-01
4.605676448967048753e-01
-1.919736408853478793e-01
9.708729350486446918e-01
-3.787235254348164659e-01
4.357127879806483306e-01
3.632947091100126036e-01
-4.316284979739949956e-01
-2.347524278744291260e-01
-9.991054921223632701e-02
-9.412291248605686445e-02
-3.129549154275433342e-01
5.882099524523239920e-01
-4.226482727416457919e-01
8.886145660070876584e-01
3.450424964745153478e-01
9.945144558760398157e-01
-2.817316192947999509e-02
-3.186944069467412266e-01
4.426338535640179095e-01
6.628049075899663523e-01
7.763334187089280247e-01
-8.952598418074430020e-01
-9.807156299893869944e-01
-7.456347109341499024e-01
7.898624986641321621e-01
7.913203337974009655e-01
1.105326330172298754e-01
-4.900122510281145760e-01
-1.111122521385097262e-01
-3.167104259480655881e-01
-6.778043451174757816e-01
3.385487043823645625e-01
-2.620443944675156511e-01
6.958669417716670802e-01
9.594476323595891865e-01
3.613377230081095681e-01
7.030052259900465561e-01
