-2.256392067995491857e-01
-4.144207075530015327e-01
9.948884309802856762e-01
-1.505203500552306228e-01
-4.712233529946406319e-01
4.462917011536204903e-01
-7.063456236521248321e-02
-5.115737129194930510e-01
-1.034101567579032571e-01
9.684469249754161790e-01
4.679646167894817022e-01
7.594910796201654879e-01
-5.251357457564810316e-01
4.975593550045723790e-01
-5.120595928680504727e-01
-9.494774121793211341e-01
1.266241932735420739e-01
8.924114858126435124e-01
4.980211399428778885e-01
5.623633074332231585e-01
5.014975790678918299e-01
2.959955104419866312e-01
2.127739259987468656e-01
4.103324162652525198e-01
2.916352419028605050e-02
-3.374450270540554353e-01
8.089784510565982689e-01
2.189476066707368163e-01
1.000000000000000000e+00
3.648515459136489336e-01
7.985847989794920831e-01
-6.941308534533412455e-01
4.031464195405054518e-02
3.634234358654199193e-01
-9.820590017289257401e-02
-7.811943819180443560e-01
3.127886843907228265e-01
7.324621194580124284e-01
-2.273863097815638779e-01
1.944737771384635883e-01
-5.466448283498748228e-01
-8.953185211124409237e-01
7.155365374610840323e-01
7.040504668071632111e-01
1.214296207130849403e-02
9.311901767682130293e-01
-4.540915535271330961e-01
-1.844372098953519779e-01
-7.937590080290972683e-01
8.421714441479918323e-01
-5.489775736722742883e-01
-7.668055154297290787e-01
-2.585248434058835532e-01
1.370105377576368022e-02
2.076392776927540318e-01
8.252544879011949330e-01
1.582532425295160305e-01
-2.545179633765870530e-01
-2.601824806518137079e-01
6.203547673555476205e-02
-5.463789904764400074e-01
5.137018609672368008e-01
-5.310147700825874617e-01
7.955862972140652356e-02
-6.830205504494735180e-01
-8.956039360009238059e-02
1.867953737891789867e-01
8.973422542000835112e-01
-7.282399225151964250e-01
3.850968638476895411e-02
7.909063459836185306e-01
8.712149315579566233e-02
-2.330827521981574113e-01
5.744640607570288271e-01
-3.207071574874965636e-01
-6.912087279186585054e-01
3.199858003653188732e-01
-8.482971499086290612e-02
9.194230469896352842e-01
-9.657480779135841908e-01
-6.942149979031125850e-01
-3.244982592556757695e-01
7.050678204626421586e-01
6.445618405984848698e-02
9.058631908226032481e-01
-1.966322462458026110e-01
8.682223118469123424e-01
-7.837775456288045284e-01
-1.000000000000000000e+00
-6.033872962723543232e-01
2.383363318132155351e-01
-8.052582323241249673e-01
4.602194240101886713e-01
-1.002062129308250032e-01
2.679389726376660841e-01
-4.959664797452013607e-01
-5.787358671198077342e-01
-5.001637853658309485e-01
8.567151046659808866e-01
6.871582203664756694e-01
-6.453874790935428818e-01
1.047422600601448511e-01
-1.000000000000000000e+00
-5.401080131481085234e-01
-6.070891582715067791e-01
6.092919885033970528e-01
-4.416340283432593772e-01
-3.210459290493138940e-01
1.000000000000000000e+00
8.298281574504189351e-01
-1.260004912346216477e-01
-5.832656290677026290e-01
-1.000000000000000000e+00
5.177742682993755619e-01
7.958613951508763940e-01
7.750115104959267587e-01
6.961040590098991343e-01
4.845405360272445616e-01
-2.946615110455508280e-01
-3.554090557558750030e-01
-6.278307844626441758e-01
-4.644522512136286529e-01
-1.000000000000000000e+00
-1.310095434455565977e-01
-1.007751872658986803e-01
8.610517669664065066e-01
5.280297231275388192e-01
2.574121249759440122e-01
-8.701975519279032678e-01
-3.073520299119845145e-01
3.511437494316342889e-01
1.000000000000000000e+00
5.004724455004316841e-01
8.350662745058071712e-01
1.814106139630200509e-02
9.916119496405845224e-02
-9.236339770718080544e-01
-5.640749835554759173e-01
1.093494564213182002e-01
3.065419208933397588e-01
-4.472419085029237240e-01
-9.353913727288998281e-01
9.561128674473162725e-02
-7.113584454783083988e-01
1.048084246776010003e-01
7.271841865482815415e-01
-6.972531641711551265e-01
2.267435524732237528e-01
-4.559221434070487855e-01
3.799708277659331612e-01
-5.590056261942766280e-01
-6.805259096054543377e-01
6.609845303008369255e-01
5.481081946782377923e-01
4.856548235007199232e-02
3.670524280871652056e-01
3.125346314601131631e-02
-3.700764123235656400e-01
7.727669820037129655e-01
-5.370054814540206056e-01
-8.234079537343100830e-01
1.148724185219047733e-01
3.670599871999945529e-01
-2.006643653407680361e-01
4.791569853532262058e-01
-5.556191958886005366e-01
8.992467949642833913e-01
-7.546066351064624200e-01
-4.090369928418282619e-01
-8.768387989281481998e-01
-4.745010813366878355e-01
-1.796381801891236696e-01
-8.807551265631904380e-01
-5.713808877858786994e-01
4.385925246052584381e-01
6.586709389901307388e-01
-4.568164395579823456e-01
2.158249805760512063e-01
2.232946689055664569e-01
4.396212652190336634e-01
9.548432927188504893e-01
-3.860942915237648432e-01
-4.203718025774454969e-01
-6.363705722979851043e-01
1.000000000000000000e+00
-3.080890689463844367e-01
-1.000000000000000000e+00
2.570555216849679248e-01
-9.123581272659275765e-01
-3.384378156925696435e-01
5.694370020468687565e-01
3.515040640206703593e-01
-4.818107824972975295e-01
7.666791465341906697e-01
-8.093749998548019908e-01
4.897010469074977168e-01
-6.548630881726981157e-01
6.074094971846446533e-01
9.076395160039181231e-01
-3.331444472994428696e-01
-6.711218271725871709e-01
-1.274598066877771774e-01
-2.830933635261474457e-01
-1.149973674673376856e-02
1.348792308736610490e-01
3.834583881315264953e-01
-9.734560784443795356e-01
6.639576348486715407e-01
1.990428981489405502e-01
-6.864887025414035948e-01
-2.976455139140962020e-02
3.590435463601779897e-01
1.688411794473603789e-01
-8.529974201140064771e-01
-7.467497123559591055e-01
6.149129316774555321e-01
2.053934496769313500e-01
8.151841303258777760e-01
-5.629524657472405602e-01
8.082901352294495911e-01
-5.187141174777774033e-01
-1.849705493883004870e-01
-4.110232246203342488e-01
-5.865545314123034037e-01
3.787045783578865676e-01
2.633735923013682534e-01
2.217607793842402975e-01
5.895716124715383311e-01
5.245744331204874600e-01
-2.231895527570781357e-01
-3.013419540430883892e-02
-5.000558950609742537e-01
1.187599527472637251e-01
5.970468222855943585e-01
-3.478274626329453945e-01
-1.659057607293759617e-01
-9.623498628637617847e-01
6.918965975608459829e-01
-2.067611882799966772e-01
-3.159678898391585777e-01
-4.310339461421929252e-01
4.423580916121708784e-01
-6.628406587093143010e-01
7.632555665099842734e-01
2.283283572525534599e-01
-7.626626830016094427e-01
8.880627187282208457e-01
8.454500950223242661e-01
-5.962349089016073522e-01
-8.061463930150671864e-01
6.529778620905419828e-01
-7.872642655573789394e-01
9.050762660541287197e-01
4.631273217941449527e-01
6.847279892779321031e-01
-2.307934419517407576e-01
4.528693486415491520e-01
-4.948226980130822072e-01
-9.059860656706376636e-01
-1.836831090359438423e-01
3.767075641748859338e-01
8.164606020547277021e-01
-2.337166624331230569e-01
7.653034531545074293e-01
-4.591934977850783417e-01
