4.821170412789955728e-01
3.841172565882034484e-01
-6.542699048775791892e-01
4.815372130151783503e-02
7.685633185413275337e-01
6.539229922551994534e-01
3.486011829514154003e-01
-1.992760935263084288e-01
7.656907922616533746e-01
5.068275735161923423e-01
-1.262777591924039156e-01
-9.097585768466107670e-01
8.134069000219068535e-01
-4.804016920342293329e-01
5.404910410686848410e-01
9.011751201142456091e-01
-7.258654001361162234e-01
-9.013544452364521398e-01
5.673567454676118338e-01
2.185137837310346942e-02
-3.417290672933276374e-01
-3.055116495707750901e-01
-8.076357211645146528e-02
-8.787557405598057647e-01
-2.421793095700835174e-01
-7.606902635527573731e-01
9.361035635978964820e-01
6.889835809170783421e-01
-7.605246754885727212e-01
-6.187088378202351135e-01
1.172262671080499530e-01
-8.376496328680409498e-01
-4.262741635744274893e-01
5.498671499471552426e-01
2.113066287378604635e-01
6.591905981914241153e-01
-6.145028082142101056e-02
-8.580147360780564503e-01
4.674682308657260310e-01
2.891451283576552123e-01
-1.567227397472981121e-01
3.564349615378797353e-01
-5.217987388880243049e-01
-7.635466345014887413e-01
5.290911543498435510e-01
6.099498408396674121e-01
-4.157098213208992865e-01
5.254691566881671827e-01
2.206375975092407515e-02
3.450173366542030884e-01
-6.341337342447235237e-01
-4.573826348677614284e-01
2.825704791035601460e-01
-6.139465975730755698e-01
1.148992087774540483e-01
-4.739769959258234300e-01
5.674841181877758878e-01
2.709890821001779693e-01
-1.967692127412667968e-01
-2.076820980129999994e-01
-6.363549836593471731e-01
4.655195213795234460e-02
5.449520117542959730e-01
-6.803480971355075901e-01
1.241113533331821839e-01
9.065669427709186490e-01
-7.024144308657704894e-01
7.280835972001482581e-01
1.947906460943233109e-01
9.529990856376852060e-01
-5.924980304992880642e-01
-2.124442835440695232e-01
1.500624796290890850e-01
7.293710792990651948e-01
-3.972808201054785493e-01
-7.392943660574294862e-01
2.522831566053038710e-01
-5.218038683718269066e-01
-5.588852997407304235e-01
-6.081740358349954634e-02
3.784998604841335323e-01
6.621660448789313813e-01
5.430858471392900899e-01
6.032704032714363285e-01
-3.597616861329473448e-01
-5.005471366832912883e-02
7.020843746155125409e-01
-2.244795856689393854e-01
-4.560448725030677997e-01
5.967089079638404625e-01
-8.765572367361300632e-01
2.646678106724079105e-01
2.168370732932466127e-02
4.593561280858551310e-01
2.378991422484766360e-01
-9.709776426691425488e-01
-3.591095534643957699e-01
-6.899797485696773647e-01
8.734433999190976960e-01
-5.716990556523423583e-01
3.280199285533249576e-01
-4.183615782607658651e-01
8.211920652005992860e-01
-1.000000000000000000e+00
6.434689003069338220e-01
-5.994460362137020715e-01
5.187477672793334715e-01
-3.961435504531384821e-01
6.365204868770544255e-01
9.084876362014768780e-01
2.758795503163049556e-01
-4.458381774736104308e-01
-5.957297302724872123e-01
-8.116081591992027056e-01
7.000388037899292204e-01
-6.640535930321206370e-01
-3.045033518752384150e-01
-6.511360706099704743e-01
-4.904178921355327181e-01
8.716651205123879809e-01
-4.594065392526721081e-01
5.967499601048453783e-02
6.099343819327724958e-01
1.318673640333926089e-01
-5.265748247025193729e-01
8.534232286510147203e-01
-4.656473646075319217e-01
3.572290283237462005e-01
-1.840767187219626289e-01
-5.615964127158350472e-01
1.018554800473428917e-01
3.129912724972803151e-01
-5.066135710588972607e-01
1.530769503871833581e-01
3.245056870431283214e-01
1.288625517585162139e-01
-2.526131368118137432e-01
-7.353484810391814896e-01
1.616328177289359791e-01
1.948428875462795695e-01
8.780223283502974763e-01
4.924164399060737551e-02
-2.858358519637407835e-01
8.568307946163562505e-01
2.946412532634434811e-02
-5.706195380841269094e-01
6.885258166898846621e-01
2.801059161580332635e-02
7.415081507896714719e-01
-1.831209777656208071e-01
9.362833645589778708e-01
1.354044799654559872e-01
9.153696049591408812e-01
6.674349336823511836e-01
6.321666888295263131e-01
1.000000000000000000e+00
-7.924226102492873958e-01
9.228708460629539978e-01
-4.971157923851990401e-01
2.674841523217118544e-01
6.674465068119711519e-01
2.207707497345043901e-01
3.771775051318975724e-01
-2.465503088963331979e-01
-3.561085502398887437e-01
3.513292575755905811e-01
5.409688490515147663e-01
-1.063177913584167633e-01
9.420680246972792382e-01
-4.954890379854400284e-01
8.032107400806913766e-01
-2.474050837394477509e-01
1.837429041079046699e-01
3.883735443894383854e-01
-1.000000000000000000e+00
-8.005169720690442636e-01
4.837077164131832752e-01
-2.108015020329707112e-01
5.157596527226819827e-01
7.749197579821304194e-02
-6.584493158724612494e-01
9.079927853400482363e-02
9.137544425347092769e-01
-3.374168033723025650e-01
-3.449526177368327229e-01
-6.074977015019145110e-02
-7.376022220362745685e-01
7.127164877613593186e-01
6.898631665329760798e-01
-2.812235480197378124e-02
2.855257645803195299e-01
5.712571350942884374e-01
4.475369717224415012e-01
-1.552189457842725606e-01
8.974744434834731610e-01
8.273812300841206779e-01
-1.038648770568058599e-01
2.501640124846675750e-01
-5.377897499691803862e-01
-1.000000000000000000e+00
-8.684962807174994026e-01
8.097208608855047673e-01
-5.535633096994915237e-01
-1.036942939007389208e-01
-2.488240308861182082e-01
-7.078056417411919821e-01
-6.140338346852082241e-01
5.602983805529602179e-01
-4.624452391523411476e-01
3.164132525027211207e-01
-5.627813539608104154e-01
-1.504371412875437075e-01
8.985207267391964736e-03
1.698443280630705932e-01
3.158462772842844934e-01
-4.276256154362452211e-01
-1.516005963452516370e-01
1.143090726347340130e-01
1.455463756776239626e-01
1.199537977910941633e-02
-9.413666326574325963e-03
-2.379876606511729387e-01
-1.000000000000000000e+00
2.770559577827850228e-01
-2.036695329258235987e-01
-4.667888117090543409e-01
6.882029710037652626e-01
-9.886537834539059766e-01
1.051750366646137802e-01
-9.184202084810628719e-01
5.210757526586402566e-01
7.049721807849771427e-01
2.311463918789122829e-01
1.000000000000000000e+00
-2.685721953188898725e-01
-7.391722805853350176e-01
8.276251819757780570e-01
6.701268958457923253e-01
-2.324781630903526297e-01
-7.488251730613296742e-01
-2.361288542650069044e-01
-7.518617027807154157e-03
-6.251662171123442135e-01
-1.124904134565922476e-01
6.870040721385046734e-01
-4.127921776043352864e-02
1.378368191246012453e-01
-3.303153735978673899e-01
-4.136723566884632497e-01
-3.658575021214471867e-02
-4.252682895581516576e-01
-6.217591328694003217e-01
3.220264965756224895e-01
-4.109918379024884993e-01
-8.163599240394110446e-01
6.766004757955795812e-01
-8.095429545432267782e-01
5.605303079959255141e-01
-1.560084735640251408e-01
-7.651835187337009403e-01
-6.179919138814882196e-03
-2.733678680189196020e-01
3.382649430058179973e-01
4.189083811357651177e-01
-1.786751524911326938e-01
