1.872962659301457000e-01
4.402456558810028397e-01
-3.981616770007762596e-01
-9.161199665701920403e-02
-8.339368106805153946e-01
8.425499824569152585e-01
6.002112315592218472e-01
1.018276068931012746e-01
-8.190735712302492644e-01
1.600457876166934412e-01
-8.717937994836721938e-02
4.094699807094200894e-01
4.429689147125389637e-01
-4.348269765884815730e-01
8.233739782228860493e-01
-9.695807943002095197e-02
-4.093299971076376220e-01
2.718153419203408472e-01
-8.157932784241774815e-01
8.148394071434299502e-01
9.547873255672901793e-01
5.579294851189847693e-01
9.095364237489855785e-01
5.884500048189592047e-02
9.750476590502377139e-01
-9.735731115616846898e-01
9.041854189081210968e-01
-8.597010998481863231e-01
-9.299105987828238939e-01
8.949827653306372532e-01
-1.473015012955830941e-02
3.782737012793061515e-01
-8.479694225277324415e-01
1.057368175909903785e-01
8.980192937038111722e-01
2.839664288732888786e-01
4.990282859759350709e-01
3.214701246248246047e-01
8.060037638525066050e-01
-6.802696781153776406e-01
-5.042150699560288274e-01
-9.999564751344706126e-01
-5.127288511487063660e-01
7.629012832732297023e-01
1.898075891732871057e-01
-4.921068447762544928e-01
-7.480975798540591137e-01
5.430658565993495834e-02
9.327307927832531043e-01
1.110384647545121228e-01
-4.030976118508544093e-01
-2.092916783570696604e-01
-3.908805022004568364e-01
6.469366621781001969e-01
-8.112270524111420134e-01
-4.175813958421902838e-01
3.419674108577626659e-01
4.176629194248637766e-01
-5.658240790828020783e-01
7.592078625109237588e-01
-3.142341046732719523e-01
-6.036319745590833508e-01
4.114042179588631720e-01
6.298276908102160565e-01
1.304096909406624871e-01
3.926709440273402629e-01
-4.538437053091101681e-01
-9.402127632236813026e-01
3.555613148584170213e-01
-2.874844773408197773e-01
4.356989641554716020e-01
-9.988595157282146308e-01
-8.779968740087960022e-01
1.662820449243920459e-02
-3.761566295005848160e-01
-5.425742750042170659e-01
-4.034646733920214112e-01
2.809291213708893231e-01
-9.939062528353628245e-01
3.137675955847829545e-02
-3.305716590520665910e-01
1.952381715164634157e-01
-9.143446495339390134e-01
-7.033506074109174833e-01
9.967639125620025853e-02
-8.896189228591261378e-01
7.710011548653376012e-01
-8.036901617159231126e-01
1.000000000000000000e+00
-7.428240466976170353e-01
-7.226982571567149849e-01
-3.717335782996070148e-01
9.790862155583635040e-01
1.017139593815051951e-01
-1.188588956549056358e-01
-6.470395458778680498e-01
6.324595258210941040e-01
-7.098668570988277970e-01
-9.717648622157825863e-03
9.520520869035762335e-01
-4.335951403287797989e-02
3.486071343563196256e-01
-4.628260265198296253e-01
-8.016665425741336115e-01
4.167842240598125247e-01
-6.965416443738975394e-01
6.652839930204074159e-01
3.921608721701395073e-01
-1.209173066115420553e-01
-2.712073614800589172e-01
-3.332720582411990984e-01
3.874843985867822971e-01
-3.532210861088874720e-01
-2.768625703750412503e-01
-6.702891248432391036e-02
4.413275438398295836e-01
7.805891552028794145e-01
-7.500940037407650696e-01
9.735173909467164099e-01
2.429323760595426540e-01
-7.704808158956564235e-01
6.494470161499790173e-01
-7.725132197882149665e-01
1.133431334949030339e-01
4.933149864784105998e-01
1.427199357566546478e-01
-2.564597790330241378e-01
4.883881707008378426e-01
-7.597123005933970052e-01
-7.818762397317255974e-01
-4.468111934075116864e-01
-9.539632218338807423e-02
-4.072717095297631040e-01
5.355000107117424690e-01
6.894323771858437144e-01
-2.091081571695515562e-01
4.863026636707551420e-02
4.085111922246664196e-01
9.093322056783398333e-02
8.250655847024562783e-01
-5.853092451255856865e-01
1.580611752924875602e-01
7.533309758410475787e-01
-6.957942718430836226e-01
2.955274986162758077e-01
-8.950738236137157910e-01
7.734926363372052194e-01
9.769765396297686033e-01
1.207961244543234031e-01
-9.209407067032171490e-01
8.017705667327806873e-01
5.999399463264832866e-01
9.588062863661591662e-01
6.279235600395672856e-01
-6.337585080031534757e-01
-5.902239862630320744e-01
-1.660904361075268842e-01
8.386054828113612691e-01
-8.272559686016931479e-01
-2.449955894893893205e-01
-6.754083868820959236e-01
-1.173904908608060516e-01
7.841752355619728831e-01
5.062266427321200357e-01
9.290534081356920382e-01
1.542342950475867891e-01
3.030241702976487761e-01
8.215304927544551106e-01
5.035773826518858964e-01
-3.969674642492419525e-01
7.914947463383691095e-02
-6.050627766200167290e-01
-1.363397179817941729e-01
-6.876168263497974831e-01
-8.514107763154736830e-01
-8.803442499498367324e-01
-1.812004603018704252e-01
-3.780830905293786626e-01
8.698130608817109533e-01
8.665210016927229475e-01
-8.729498273707096967e-01
8.121442681408101993e-01
9.194664873810994843e-01
6.390784931259136936e-01
4.918194130329590630e-01
1.000000000000000000e+00
-1.555025220888536786e-01
-7.492840812685858110e-01
9.149631556282575851e-01
-3.576975238361804754e-01
8.895020203664488756e-01
-3.578142142590740038e-01
-7.690601257304010563e-01
3.566893853776971768e-01
-8.693906015955069622e-01
-9.526583690201375632e-01
9.500492782986558193e-01
3.987320873963463019e-01
-4.064323586358001839e-01
-7.173189196039685411e-01
-4.702683126649213063e-01
-3.521495291873910638e-01
3.403028978549544337e-01
4.804457328775141867e-01
-1.787734397946854070e-01
2.054690253907113795e-01
9.482712837474321921e-01
-9.941888031951554572e-01
-2.209027010224471621e-01
-1.411014873093424382e-01
9.686049263688192301e-01
2.304256976901080944e-01
3.767350347231040453e-01
-1.975535193572115489e-01
5.467639225637033196e-01
-6.574957754122785492e-01
5.931223883368600402e-01
-3.624244581092471718e-01
-8.981987912824962450e-01
1.629293957862475439e-01
8.620594782313791837e-01
4.965556366982221137e-01
-3.577800069210351763e-01
4.269538068129748454e-01
-8.254267441858826881e-01
4.296553280019768106e-01
6.108989432807770958e-01
2.377888227744087424e-01
-4.450508964992655470e-01
9.483561649401056615e-01
1.779724071773306493e-01
7.843391748789699802e-01
1.000000000000000000e+00
6.511643302365721642e-01
-2.367210055840719141e-01
-9.023936243020095338e-01
-4.107865116224241331e-01
4.748563270861829722e-01
9.035569997097571138e-01
-4.299228610701260472e-02
5.880659280735965888e-01
-9.275148895666358584e-01
5.320139484181395373e-01
-9.669447651451527070e-01
6.149370252869613696e-01
-7.504307884350397417e-01
9.695261915994848323e-01
5.839436447346275649e-01
-1.713990301567757391e-01
2.511517065692447370e-01
-1.353862122594781670e-02
1.860308678583263986e-01
1.409969583798190984e-01
-1.449483043146630457e-01
3.190264389920994814e-01
-8.722256529630199040e-01
-7.020018527205337255e-01
-9.343487044565347288e-01
-3.796470386809638886e-01
-8.298316312258117167e-01
-6.274672156014484692e-01
7.893573584901762696e-02
-3.289273905570898049e-01
9.397966716077451599e-01
4.652982643663908235e-01
