-4.109978315928118631e-02
8.850239006860032703e-03
-4.838066134425991205e-01
4.070977489318577947e-02
-7.251972968641264006e-02
3.364576816965765271e-01
1.318762496360361691e-01
-4.130753393058269607e-01
4.454286850723243596e-02
7.877257806400694840e-01
-5.843746394485634932e-01
-2.069311368961432307e-01
5.562780587827496070e-01
-6.481936848160719800e-01
-1.652191955188918315e-01
9.385055622976135048e-02
-5.380772113840580628e-01
5.724825547646911206e-01
3.648045910698622940e-01
8.001322954419167743e-01
7.808940760395158831e-01
-4.331377291110163341e-01
3.437262231484279340e-01
8.708515397068464226e-02
-4.600465815171692618e-01
3.080041511792002140e-01
-2.618274913107205837e-01
-7.501470851039191423e-01
-9.808179589283410049e-01
5.178760984553757440e-01
-1.000000000000000000e+00
-1.717031703668946696e-01
8.931879809507567991e-01
1.316082322236429292e-01
-4.179843620244845792e-01
9.057181165066311435e-01
-4.745533170856750527e-01
3.538594810956877112e-02
7.651372002192800004e-01
1.533772916868116620e-01
-2.983902266482261201e-01
3.383116584129886029e-01
7.824134522031961358e-01
5.707725710187542267e-01
-3.945348430010492402e-01
-1.421434971378051637e-01
-9.511136768171351008e-01
1.000000000000000000e+00
-6.907258496380954682e-01
-4.789205221724984196e-01
-2.974346488342870520e-01
4.346109683142352909e-01
-1.159839147757155686e-01
-1.661653880658019999e-01
5.756507263201768865e-01
-3.194142142560681408e-01
8.565624150910478019e-01
3.699033808243230581e-01
-3.323985049530293612e-01
6.211210116547196680e-01
2.298736642814558362e-02
-2.756825714433548957e-01
-6.133029359254904556e-01
2.636212844283458701e-01
-6.139121692430703492e-01
-6.669909768950472717e-01
-8.441095541807143166e-01
-2.400867639933955966e-01
-4.657655033068400785e-01
-6.303900513319340426e-01
5.989662246352344122e-01
9.672138868695020486e-01
-8.616033584576218152e-01
-8.584898474262054879e-01
-1.344886190062699050e-01
-7.046662914757209073e-01
2.444071986870467450e-01
-8.921980178302050257e-01
-8.577687378522048656e-01
-5.194685436346448970e-01
3.079788494412318833e-01
2.597610105782426348e-01
8.621653454186930521e-01
-1.898812200298464203e-01
1.915723842512804254e-01
-5.224101254397619520e-01
-8.168667752830501838e-01
4.314874202289735727e-01
-2.270542958525068322e-01
-1.081321910637585149e-02
5.437500436789053371e-01
-6.941690233922573894e-01
1.612167911314031365e-01
-6.083094665756871855e-02
1.000000000000000000e+00
-9.367090527404968725e-01
6.247048964720296471e-01
-3.870675301306407690e-01
8.067848228922835929e-01
2.001460201083236634e-01
6.594721735652346872e-01
-6.413440430633740030e-01
-8.289356233615904346e-01
-4.821709517894146035e-01
1.211338713117933175e-01
7.471628260669754829e-01
9.137956650978119599e-01
-2.833407382269051977e-01
-7.155622755920214573e-01
5.249307907418868657e-01
-4.441330514368303506e-01
9.509292306851649945e-01
3.825716309528779391e-01
8.210162481347821339e-02
1.120234401886392728e-01
4.667706878229539447e-01
8.187266097960957945e-01
-8.608130678182299711e-01
-4.508483135433725142e-01
3.493953976257708205e-01
4.462993714231907050e-01
-9.904292002761517777e-01
-9.755213376286930860e-01
4.298823240901674114e-01
-2.111373891420116888e-01
-2.322495886808974563e-01
-8.498189973300747102e-01
-1.000000000000000000e+00
-1.807636488796868779e-01
1.877452816109682898e-01
-1.000000000000000000e+00
-6.386426824757590603e-02
9.971683440169023527e-01
-2.959535459521622780e-01
5.179618110255898022e-01
1.157370840866592254e-01
-6.138203886982147583e-01
8.916311448559577357e-02
4.444133914181043199e-01
7.110809955031777152e-02
9.884680091562579873e-01
8.465930787874714758e-01
4.325371546953344914e-01
-7.226732346790718520e-01
9.142197050912015399e-01
-7.124529970176397553e-01
-1.378831006378948287e-01
1.092381189029099087e-01
-2.379079055993515435e-01
4.959604803831211828e-01
4.531747826938263835e-01
8.781005784809530201e-01
8.108055430157108390e-01
-4.021414689612146098e-01
-1.841922522943593155e-01
-1.414261715311297685e-01
-8.708076755874770702e-01
-1.000000000000000000e+00
-1.046076404186000730e-01
-1.617355467567189731e-01
1.936281401919075495e-01
-7.666041501985065842e-01
-3.901577622745837359e-02
3.074213315290240112e-01
5.418952394154203933e-01
8.835997876370766946e-01
-2.838313663801177444e-01
5.484289751335154062e-01
9.626709778028440523e-01
-4.194023698673460254e-02
-8.127979979925967768e-01
-4.188842772568179273e-01
4.971188452601622565e-01
-3.333734403232138654e-01
2.706758133839328173e-01
3.069241475071632363e-01
1.488971279847465246e-01
-5.227010023770302105e-01
4.913340091773034657e-01
-3.192870402348385594e-01
1.622422972894627669e-01
1.587877226534940012e-01
3.112336471558330708e-01
8.185274944595098967e-01
-4.348430261408519626e-01
6.283457426889986763e-01
-1.056202730662500477e-01
-6.269537613664473152e-01
9.272250616788135780e-02
5.108783096823257264e-01
9.520387205622894422e-01
4.846743724104830564e-01
-4.213726505086936580e-01
4.693908929922806506e-01
-1.000000000000000000e+00
1.000000000000000000e+00
5.301412773386392219e-02
4.211612915187269435e-01
-6.213456428792237807e-01
8.787097932035584646e-01
3.622447141369510015e-02
7.120029446805898887e-01
5.802479886108555807e-01
1.416743240092908918e-01
3.470739588918853591e-01
-6.849196004009570071e-01
1.000000000000000000e+00
-3.849623073190708844e-01
5.415775889778440266e-01
4.209163777660058781e-01
-5.590547743430018812e-01
-5.589633877500315151e-01
-1.386016718265612457e-01
-1.262160472600873939e-01
-7.927689765794723176e-01
-4.860447001627256070e-01
-5.264551225148553781e-01
2.264850164044380498e-01
-2.638454262598710631e-01
2.615366438487815026e-01
8.314484252089915373e-01
-7.595911110318922521e-01
-5.618912761836285935e-02
-6.614710433937975864e-02
6.572880058022617655e-01
-4.750402482040644303e-01
7.990470000893568070e-01
-4.252431029994894196e-01
8.608176872203644470e-01
-3.504993667963363091e-01
1.406930648691778196e-01
7.935347353136382176e-02
-3.312927267382550500e-01
9.365960083789419688e-01
1.026913104210622762e-01
1.446501344965750446e-01
3.349778818726290019e-02
5.549832995867062246e-01
4.972839230866096250e-01
-4.527297866133960236e-01
-1.048570809285545580e-01
-5.891319767102265459e-01
3.749319407180662367e-01
-4.008588263738711577e-01
-5.536949937334633143e-01
-7.145110446832885209e-01
-1.979708020757601772e-01
6.434025183899172440e-01
2.711395193372552193e-01
9.608949244960517388e-01
5.597949864208195958e-03
-5.563074292702809842e-01
2.925824096895479620e-01
-2.664357517063724590e-01
-3.496264066673110404e-01
-7.387486231469850839e-01
-7.384591495864539779e-01
-8.327760322016775074e-01
2.840551986415295049e-01
-8.802423568383357932e-02
-8.456762925813918752e-01
-7.162673909785227666e-01
1.822925513036177114e-01
-4.237811758435671150e-01
8.563489516119621170e-01
