-4.537478400832557490e-01
8.471300301705166902e-01
7.678435619390793221e-01
3.241103816891577338e-01
-1.249056236592822611e-01
6.884205804357552694e-01
4.349439591972090735e-01
9.785790231137134754e-01
2.469371806074511511e-01
6.899253145739461246e-01
-4.231737611654411424e-01
-5.173091254947620454e-01
-9.154640690474105114e-01
-9.162284289665372228e-01
-2.742464616074284933e-01
-9.858739783257575162e-01
-2.174341331596587323e-01
5.209244320050637755e-01
-4.089554459117874519e-01
-4.667193396718563037e-01
-2.587091417720028819e-01
-4.391868584631792860e-01
7.512971961311181168e-01
3.167216239689993884e-01
2.336687659369118819e-03
6.591212526013855433e-01
-1.654455743259062306e-01
-3.951898209461064404e-01
6.074032434095766320e-01
3.312206829136503661e-01
-8.466892037069742027e-01
-3.755542964411298090e-01
-6.131034405825981359e-01
-1.251699426455630260e-01
-3.004662746564115139e-01
-9.097350633552194754e-01
-8.435155410897101635e-01
6.152478685774032119e-01
-1.762933990085695513e-01
8.590837736423293514e-01
4.201602519280747128e-01
9.617148976456248999e-01
1.323943761307566636e-01
2.763638397312981887e-01
4.535042607889490096e-01
-5.337384682524218826e-01
6.061636293973509115e-01
-4.656280608588512782e-01
3.142031722951242889e-01
2.958556943406609463e-01
-1.491617723289766495e-01
-3.315745024867213786e-01
7.960343954677626677e-01
9.078843499986803955e-01
1.472316194841905013e-01
-7.494764449631050596e-01
5.017075012231335673e-01
-5.007814894034252617e-01
-3.951263656695824800e-01
-3.880633567528302130e-01
9.028342303611649466e-01
-3.547359833868624079e-01
-3.919358765157463509e-01
-5.619691845791510154e-01
5.150029888608906870e-01
5.379847620712192580e-01
-8.831226353703856002e-01
-5.138379993809669699e-01
-2.229251789473374323e-02
-5.555817427911490247e-01
6.886521541833345861e-01
3.723331168422665538e-01
-9.601109628915023286e-01
-1.665504322887971789e-01
9.072779023640948903e-01
4.222864259658507535e-01
-6.550059347392629405e-01
-1.816937728367924443e-01
5.494885613379163480e-02
-9.773070596560673451e-01
-9.396273954665748107e-01
2.367378309563947791e-01
-1.075296883016823024e-01
-6.056631695440024554e-01
5.867058469921990760e-01
-3.476641474912451901e-01
4.726529491763440394e-01
8.411063577132349423e-01
5.452212274120356028e-01
9.566317349555488736e-01
-3.979115257855714294e-01
-2.622947507488909702e-01
-7.880494886816793443e-01
-5.641768416010370935e-01
-7.377833117070591307e-01
1.414821550674867368e-01
3.120742700332619357e-01
1.602846222373033314e-01
9.540285076314367618e-01
-9.482793332615087056e-01
-8.322035818910760163e-01
-9.194885608548288847e-01
-1.057321128305944491e+00
-4.103927173084793711e-01
6.628310067550275964e-01
-3.354436146184887058e-01
4.935275077573486602e-01
-2.296940381756999994e-01
4.086860873273634454e-01
6.430951620700975369e-01
1.605678216949302239e-01
8.519834969491490995e-04
-2.560291952381881231e-01
-6.509642456186744974e-01
6.798007752761112688e-01
7.592460535520362264e-01
6.828479608852298099e-01
-8.588049411658098542e-01
2.255015157107376211e-01
-9.944198740369940559e-01
8.079591466820184031e-01
1.741427934962835877e-02
-2.914519483783978848e-01
-2.849324858417690010e-01
-9.656624767036481316e-02
-8.319807413072020097e-01
-3.459257276680283155e-03
9.396609665785071730e-01
-8.705312790864572214e-01
1.118553554600409949e-01
-4.895079901493213370e-01
7.532099723669083424e-02
4.206148414337145258e-01
-1.370200040129692098e-01
7.634629404674306841e-01
-6.914539961871244422e-01
-7.042697161965472130e-01
-1.055811766424423759e+00
8.960441543028774269e-02
4.956317520098869611e-01
-1.358802708669266668e-01
5.237844561521387554e-02
-8.331431439937886374e-01
-7.127238455354898417e-01
-2.292498980754631432e-01
5.150138691813728187e-01
3.817326147054302954e-01
-3.896289930533936019e-01
-8.804053693961615412e-01
1.969863554451494192e-01
4.889508506092705709e-01
-8.492598897007310743e-01
-6.523703502317270697e-01
-5.229466973622554082e-01
1.670619651067564160e-01
-6.206611102280309433e-01
5.396458448618279835e-01
-3.127156202901744120e-01
-3.131527831154287123e-01
9.981834714367843198e-02
1.925134550137335143e-01
-2.372707738156225044e-01
-4.259267012995180957e-01
5.643929184407172617e-01
2.153346993112132957e-01
-2.996850630912790692e-01
-8.400032247815354403e-01
-4.207845032694966791e-01
-6.910580011605016448e-01
5.463100103695168741e-01
-6.192026046602949751e-01
7.788822160156461116e-02
-4.988475728497423489e-01
5.546304259618344279e-01
-1.779233641444211145e-02
4.990257977610719209e-01
8.310424806412208820e-01
-8.117035955367721822e-01
5.750220926347933137e-01
-1.086769995065062222e-01
-7.127953230157713094e-02
1.213276626977069783e-01
6.731226944226949005e-01
-2.744832550393523363e-01
8.487511975552779475e-01
4.372458157943324153e-01
9.173480707019600056e-01
7.230379898695171725e-02
9.688123277829969737e-01
-3.410638142712909548e-01
-1.964334441840406842e-01
-7.655716580549529748e-01
-8.083500215393468746e-01
-1.119661149636251157e-01
-5.773374299286027078e-01
3.368742296141968851e-02
5.209203883579072158e-01
3.636097513801443970e-01
1.908026460221813325e-01
-9.905627976485946729e-01
2.822083900884884144e-01
-7.275795146387651346e-01
9.553531555909278161e-02
-5.000733153096574846e-01
-7.515749577429944317e-01
4.707959861470720764e-01
-4.108092738919051912e-01
2.724203791909540762e-02
-3.197984452009314804e-01
1.015109644051634952e-01
-5.498084957669784334e-01
1.140028820069840521e-01
4.820670025244804258e-01
-7.625119944444209708e-01
1.981670024397703678e-01
-3.052283463366523009e-02
6.442742150738389739e-01
9.166509718470332579e-01
-5.458069197379955551e-01
-5.814559878550475958e-01
-6.866453322673329307e-01
-9.423091785837089951e-01
-9.550800893544451053e-01
2.377055432915975430e-01
5.775795852861749236e-01
-3.589644662630120386e-01
4.231846826955648622e-01
-2.058307002727384205e-01
-2.235306429154313435e-01
7.759499393320303806e-01
-8.538294935786718831e-01
1.285360062619254062e-01
8.050551678806534550e-01
-6.474734197592477702e-01
-2.805950780546695444e-01
7.407692182118230662e-02
3.093462166244744793e-01
-8.792772468677179099e-01
-6.041244053251850765e-01
5.781778125368641774e-01
-4.787373346230623383e-01
-2.381717674976859822e-01
9.784076238005907644e-01
3.036975826216102292e-01
-4.066732795350622709e-01
8.622650419833668423e-01
-5.688497904968712326e-01
-3.152892558600299822e-01
-2.272059853247210270e-02
-1.662022315392630567e-02
-6.275051617810878390e-02
-8.648751390371667291e-01
-4.632873672751338656e-01
9.870660590418030012e-01
-4.048928206363099913e-01
8.974161006691574460e-01
3.056942266534288244e-01
8.774469920319083460e-01
5.608252708453886903e-02
9.886115544176454772e-03
4.599460398108983217e-01
5.436086566966586986e-01
-8.472865393730275585e-01
-4.193548549453749441e-01
-5.851242603270718767e-01
