8.012703195019279523e-01
-5.355207505255801248e-01
4.652135715918682135e-01
1.288813875477236026e-01
7.901766612110189270e-01
-6.714446952950426928e-01
-4.214985674251833792e-01
7.877471370886948154e-01
-9.457488734176495715e-01
-7.013323307878936985e-01
4.663288543487904558e-01
5.286330955930244879e-02
-3.932913226575398546e-01
-6.288519575423665575e-01
-5.381391585650379117e-01
-6.490918708540399651e-01
5.986268481886539705e-01
-1.835374465460490323e-01
-7.807144578671658675e-01
-3.003940325553116075e-01
8.896725541979721985e-01
1.096186614779552038e+00
-9.823710062412875921e-01
8.987920718138615594e-01
2.192819428522487513e-01
7.742459189397088437e-04
3.378947540129788596e-01
8.384429916120468285e-01
-7.736940729605901179e-01
-2.287141381679627106e-01
8.941878445329106695e-01
1.023314352724087550e+00
-5.566137031496387610e-01
5.131304606317654837e-01
9.873518892495294352e-01
-3.756191859243691034e-01
7.679684338288984558e-01
-2.176444962879720002e-01
-3.016185817748450182e-01
4.531855166253042633e-01
3.209191986933054297e-01
-2.550236353241783771e-01
3.009678957427845969e-01
-5.414233629784734880e-01
-1.715457112469340739e-01
-9.812401380303346077e-01
2.505735374453777475e-01
-8.581489707212357487e-01
-4.031420737219149064e-01
-4.689451127910106987e-01
5.399085555288219984e-01
-4.014951970651031155e-01
9.308125074144424360e-01
7.852079926651021058e-01
9.067883458700509713e-02
-9.973776518424863902e-01
5.613062340414702867e-01
-2.338627476346784306e-01
2.018097513801140330e-01
-8.330948045198159624e-02
-7.012499249081225461e-01
6.638520753452210599e-01
1.940968826038743517e-02
5.458704647354112316e-01
7.377127028329155678e-03
-4.454783443781863417e-01
2.051615894411029373e-01
-9.981570641798360732e-01
-7.879967110200462033e-01
-9.733281505156221591e-01
9.029380949660169575e-01
3.781957248065028754e-01
-2.392156534438813764e-01
1.842488238448335841e-02
4.004815013173279592e-01
5.314030389646428043e-01
7.378297924757415416e-01
-1.474037832797479020e-01
2.722348918083003153e-02
-2.593520271452189885e-01
-6.730019943390671555e-01
-4.676432782503923691e-01
-7.490267446407141705e-01
7.470436321887573561e-01
8.766057664914354008e-01
8.116564203504432751e-01
2.167518569742957757e-01
-8.697328020862762354e-01
-1.878403033448905468e-02
-9.469638936321941314e-01
-2.170737921939011605e-02
-1.931651687983785282e-01
-1.140433989992077624e-02
2.655198213871425295e-01
-6.249772467861862690e-01
-2.262461056390495107e-01
2.886023725500004300e-01
5.538583796530229808e-01
7.252314092515763644e-01
6.555055467456250007e-01
-1.334381021094797060e-01
8.388555235407089139e-01
-5.559765476516986826e-03
-1.226295316737430474e-01
5.774603915686842281e-01
-4.206082634542844256e-01
-7.568522397094579190e-01
1.374227761534272396e-01
-2.274953537790014302e-02
-8.196845883144391331e-01
5.126652815900294424e-01
-2.932125918203078441e-01
7.809188029807914155e-01
3.870068221945360820e-01
4.153227328999197637e-02
-1.102544740630757580e-01
2.670666975536507559e-01
-7.780155080122533318e-02
2.691964213316027088e-01
-1.656309839422083208e-01
-3.862765287490315114e-01
-9.026545922868425276e-01
6.010673349622221995e-01
5.706196229761373306e-01
1.603085004117540957e-02
1.966766300265514467e-01
-5.766966014723120537e-01
3.877564991271066352e-01
5.542471244568549782e-01
-6.973773707147610246e-01
-4.360993189917294899e-02
-8.570370246353034016e-01
-2.852035946297014624e-01
2.885582531369323966e-02
6.372196408077774876e-01
-6.983122690614564920e-01
-7.751964244397639980e-01
9.949843857552778115e-01
-5.089840680880917123e-01
-3.962294014380827178e-01
-2.639608240707217446e-01
-6.409428078559131770e-02
8.366353159281267882e-01
-5.221311686884757552e-01
-5.991677577915134334e-01
4.089478713665761767e-01
-5.290967660262030359e-01
5.692643653552864613e-01
-3.061472444497643219e-01
-4.892821941407596853e-01
4.983212928074937098e-02
8.368706639062548636e-01
-5.889388780419085867e-01
-4.253199483878877807e-01
1.624390249802665220e-01
6.499768817061035708e-01
2.554434249808263391e-01
-2.022923701791156936e-01
-4.882889851192270814e-01
1.800025563082146007e-01
3.001453253798307408e-01
-4.462362170490317137e-01
1.772730303345277925e-01
-1.880418243486783325e-01
6.585503877120587601e-01
8.032114220996786624e-01
-3.607539596360326284e-01
3.497855930106851807e-01
-3.762481015310537025e-02
-1.022114908777614906e+00
9.498791513268581843e-01
-6.307412281752555749e-01
2.905428404431278366e-01
3.711088192610163539e-01
-9.067277253461158981e-02
-3.467114771156984410e-01
-8.755066088674056113e-01
1.006720938196085768e+00
-1.540821933565088564e-01
-9.459482100144396277e-01
9.335999741298977028e-01
-5.852724866917150548e-01
-4.522227124727092873e-01
3.798150349425990502e-01
6.676922741154480700e-01
-4.164339844309874472e-01
-3.827608058594677565e-01
-8.832231345775405362e-01
-4.257422618506623291e-01
1.051261692605321985e-01
2.565279037378377369e-01
4.487771946294831782e-01
6.977783214842456783e-01
5.182686860585123956e-01
6.964171853412681745e-01
1.151362076197610662e-01
1.215901049861907168e-01
1.887714423197572877e-02
6.468364306172078582e-01
8.908855770272150476e-01
-4.223326655239589833e-02
8.341637049323455955e-01
-3.900351433243995358e-01
9.342983491501288817e-02
-5.425659321744666919e-01
1.172617810835452357e-01
1.085865099242743631e-01
6.348545140702022138e-02
-7.889769199833849278e-01
7.539335140996230589e-01
3.158241434255959490e-02
-6.302805970006630787e-01
1.122488331481750479e-01
-5.614183719169081321e-01
-3.390985126873413691e-03
1.782669636880249708e-01
1.303919591656490518e-01
-3.506632311084201259e-01
-6.861175782145375601e-01
6.489649258133221021e-01
-3.284220995620713013e-01
1.340108536421509289e-01
2.607232387021725106e-01
2.815866239036917129e-01
-9.452101019556987671e-01
7.979774013850982062e-01
-4.614242020881888506e-01
7.007721702673951336e-01
3.960350060081210821e-01
1.025645245431541452e+00
-9.645393339615534467e-01
5.502131504284408781e-01
-2.796526226651190328e-01
3.933407560728863217e-01
3.824451964611652599e-01
5.706547100892871427e-01
6.464062463227818744e-01
1.316164929337324541e-01
2.316804143589303866e-01
-8.087077975133276642e-01
-5.937185947106673467e-01
-7.778644805474077550e-02
4.858343878716757658e-01
-2.562162946476611095e-02
-3.486003662450083418e-01
-4.143542783794094131e-01
-4.463928911408593381e-04
9.499042306015815784e-01
8.127649470815890842e-01
-6.507642590790182480e-01
-8.571258318071957039e-01
-6.289926255933435684e-01
2.270638265268914435e-01
1.164710513215777343e+00
1.482764565528024991e-01
-2.093943320402216202e-01
-3.955306624373815527e-01
6.221206087850512656e-01
1.669237471241968862e-01
-6.725185170696628134e-01
-7.837527769988819060e-01
-1.520549169025759983e-01
1.157339658745573097e-01
4.749123246206068405e-01
-6.884376884724541235e-01
