2.526948815497934153e-02
2.802330288701836980e-01
-3.452775291797822721e-01
-9.171747145101483145e-01
9.899490114416991116e-01
3.744218403836928055e-01
-6.110460325579908369e-01
8.520196700583460014e-02
-2.529665374025527047e-01
3.432012490288339213e-01
-4.478125110070412251e-01
4.272395316145700672e-01
8.348603383771927566e-01
4.964012067436173181e-01
7.657993582499424967e-01
9.422808051363530391e-01
7.990697896624554541e-01
-3.608224852577907038e-01
5.017939571988203618e-01
-1.936426833645124024e-01
-7.489878512256573639e-01
9.817573490051797469e-01
-2.897651705935390121e-01
-2.675624600432693900e-01
5.358590173232657961e-01
-5.573571569655207114e-02
5.486037161062642387e-01
3.154596192858183934e-01
-5.485455883883754158e-01
-5.254179897840303148e-01
-4.195302568558023637e-01
4.283330048247124128e-02
1.000000000000000000e+00
-2.260138250148019390e-01
-2.332362208530131542e-01
4.463484261616736948e-01
2.951571854675079098e-01
7.907967333666859888e-01
-2.913571830900213988e-01
4.747260782965571080e-01
-4.489282257260283071e-01
4.947744045161291404e-01
-7.050130908262586260e-01
4.413107999925107161e-01
-5.319840754006932571e-03
1.000000000000000000e+00
2.999994827367220562e-01
6.209446228566487536e-01
1.037723075158031999e-01
8.561797894115055207e-01
4.908250399249892149e-01
-5.765604100152084410e-02
-1.000000000000000000e+00
-3.080576959997998188e-01
8.694213122563156926e-01
4.101335778793706588e-01
-4.710477208941551974e-01
5.599853510291035175e-01
-8.980010304325743986e-01
-8.156889224958009388e-01
-6.478540226140289127e-01
6.891733716657560960e-01
-2.259901035948592707e-01
-8.969027757426835112e-01
-9.405788161176371620e-01
1.000000000000000000e+00
-7.118670009912388963e-01
4.246467341253410410e-01
4.813672570867938427e-01
-3.080768299228938134e-01
-9.773168888575574087e-01
2.149191691615892630e-02
-4.166958363030357493e-01
-4.224878845930632454e-01
-5.551916255369462316e-01
-2.454724236441725438e-01
4.191853337527819412e-01
-2.740692773994169995e-01
5.314350997466880111e-01
3.178750187852760201e-01
-3.603935088753211780e-01
-8.903969890726337599e-03
-4.955379947168109256e-01
2.527932833718494199e-01
-7.960030031109821547e-01
-9.348763353870431780e-02
6.804629618953936809e-01
-4.404870145620723987e-01
9.539069567686192519e-02
-1.005115684546706162e-01
7.744203833737060005e-01
-9.312372933154577925e-01
9.411896601620455272e-01
-3.870092239882055862e-01
-6.560465015097229902e-01
2.626749482121437662e-01
2.805158303629606831e-01
1.739750140429849323e-01
7.237507956933542097e-02
-5.413148720927241087e-03
3.998236666467955835e-01
-3.220759452983432691e-01
8.922640966658633710e-01
-6.580699918680583682e-01
-2.072345032913702201e-01
4.287693457648598105e-01
-8.688316312906656513e-01
-3.429716378588657660e-02
3.477471942172860597e-01
-4.378598925079043025e-01
-2.862123713937649860e-01
2.377930019722722110e-01
2.261215205218327640e-01
-3.477382001110988774e-02
5.638769820633892094e-01
4.426968808224951979e-01
1.363729769883301746e-01
9.947954346608984810e-01
5.135452608745945113e-01
7.864616172772545544e-02
-6.173027962879964470e-01
1.000808574628118119e-01
-6.621174731023214965e-01
5.999912649990174485e-01
2.834209375330896674e-01
-2.327586644535498683e-01
5.633639237403877953e-01
1.000000000000000000e+00
-5.028116174039285458e-01
4.124397125436979339e-01
-5.887579569458407658e-01
-7.615107317923393015e-01
1.925044726621141233e-01
-3.174084462108084925e-01
4.062604172784771706e-01
-2.201985308163805499e-01
2.130276585575046344e-01
1.716458123240346134e-01
3.892756532226478439e-01
2.818857962998583266e-01
-1.018848188044400860e-01
1.766891095757726071e-01
7.595510214165466234e-01
8.164308497748236082e-01
5.136316923028478865e-01
5.444991096472195924e-01
1.375074924619987815e-01
-8.095127076505782560e-01
-7.636281210207050973e-01
4.869348196474519025e-02
-4.155234974812449522e-01
-8.558618686411292309e-01
7.872907344454951328e-01
-5.857326185670959362e-02
-2.712762263671182339e-01
5.587899297486724759e-01
7.181314369337215009e-01
1.880972155302203797e-01
-6.598449859398757278e-01
8.610336386073581538e-01
-8.871678684743053989e-01
6.996042361647967223e-01
1.813247918739268882e-01
6.009761842550154221e-01
-2.275849118207157740e-01
7.538962179997502622e-01
-5.772559508039143417e-01
7.806332554990452754e-01
5.461978895203010165e-01
3.871667279723693400e-01
-5.323279965609258868e-01
-8.694610883261945089e-01
-4.183227375123239611e-01
-8.650347987250189830e-01
-4.859617827650415389e-01
-3.114257463299525686e-01
-1.157143833401612643e-01
5.166571763471086154e-01
1.000000000000000000e+00
5.147777129398458662e-01
3.998200580650880243e-01
-7.707757603146984104e-01
6.925082122747854285e-01
-9.649176196689670526e-01
1.000000000000000000e+00
1.072804029876919391e-01
9.352081298061540870e-01
4.344596190674669955e-01
-1.202467608692837919e-02
3.566838740413397768e-01
-7.863247920401632562e-01
9.772865273532320707e-01
7.460925065065726614e-01
5.507858970405354881e-02
-4.911473228976966920e-01
5.436431360766057902e-02
4.743957974588860482e-01
-1.822845449596670608e-01
5.628657624469420862e-01
-3.274799580818769096e-01
-1.657711586580537244e-01
8.266424018350936320e-01
-9.138900687530202571e-01
-5.203336452407310020e-01
2.395662381867585122e-01
-6.655431275612171405e-01
-8.473598296373173744e-01
-3.872218049182155619e-01
7.717967785712204210e-01
-8.054359173416678619e-01
-8.953013933516963396e-01
7.911142336751283421e-01
8.066537419127647324e-01
-1.034227695092832938e-01
9.076935886654341479e-02
-6.026449210883164653e-01
-1.281096375011507582e-02
8.387377886187291631e-01
9.014349756981068218e-01
-8.118199110708155253e-01
-9.747809032528585993e-01
2.335915528183413747e-01
2.436435966370209816e-01
6.377479894876543209e-01
-4.180661487012218291e-01
8.716930204933994730e-01
3.608892156037293852e-01
-9.787372345286957653e-01
-1.000000000000000000e+00
4.715372759705688255e-01
-9.420420772548554478e-01
-1.356561832283815772e-01
1.481491862245853386e-01
8.513539568666453894e-01
-3.040513908304717239e-01
-3.780932567358044616e-02
-6.663196755637625923e-01
-9.704666671719559545e-01
-6.630649257227425597e-01
-5.063935764695793873e-01
4.036652287166553332e-01
-5.861064139797249606e-01
-3.628003879930332687e-01
9.608624264616150157e-01
-3.660108886190600597e-01
4.791590291728339279e-01
-6.109330189472248485e-01
9.113041914092527840e-01
3.092069715946335062e-01
-2.981497462218496430e-01
-6.023807055444018177e-01
1.982082514755423019e-01
-4.321998158249809041e-01
-1.189881371078178873e-02
-4.522514327239379739e-02
-8.427531187041029659e-01
-5.674270758445170149e-01
2.135866764434430909e-01
-5.777283135485955512e-02
6.319899897184297344e-02
-7.737944033604768901e-01
5.346641179094172580e-01
6.856022366148343261e-01
-3.704297904288018639e-01
-1.560555048408066858e-01
