-3.695910439628782851e-01
6.564190812683043941e-01
-6.013567498911236431e-01
4.277075516010682144e-01
-6.170522104250129036e-01
3.525942938526371861e-01
9.854059701244846092e-01
6.617334287893986700e-01
-2.193243029374503938e-01
4.525453354894104496e-01
8.352073642602039216e-01
6.745375084428177903e-01
8.864906079511936099e-01
6.875759973856417906e-01
-8.120716283155415827e-01
1.681077191871225285e-01
-9.073829934782452478e-01
-9.256483090418865523e-01
7.023673947297114362e-01
4.255416993197758124e-02
-3.244630042860530139e-02
-5.620000879905836522e-01
5.284685848154042631e-01
1.603325560064455813e-01
-1.047859482751322124e+00
5.572786310875238458e-01
-8.805590098573201630e-01
-9.492404798137883404e-01
-2.168613789642025447e-01
-4.037206423192474247e-02
-2.497532672549416244e-01
-3.521786686941186240e-02
6.552626412919961840e-01
4.363436963135089997e-01
-1.963824176580022396e-01
5.446960330149285268e-01
5.226711682757047006e-01
1.904067362135293262e-01
-5.238226681145432551e-01
6.953888427209051759e-01
-8.014843352008788058e-02
3.271750140148440567e-01
-1.116824063361106650e-01
6.573942700221090396e-01
7.083631211630969648e-01
-2.817852841513401874e-01
-7.583653004166013289e-01
-3.197701685739176569e-02
-6.369317709870765398e-01
-8.851705631254840334e-01
-8.289823516023115957e-01
-4.896452958047818327e-01
-8.677269782321284097e-02
5.757041928728290348e-01
4.719994712963322403e-01
-7.680162667131673615e-03
7.816474603991846459e-01
9.644741910469802060e-02
-1.103875652769994442e-01
6.860974778790314144e-01
-6.632145892744938376e-01
8.046297777956203934e-01
5.515783610919846591e-01
-6.271033773935503763e-01
9.877151452788659469e-01
-8.100074567936321746e-01
2.765329201431168116e-01
-8.852697119400954051e-03
9.665205385786190817e-01
4.144307573980703374e-01
-9.195164647730371676e-01
1.086389464663416016e+00
-1.053734719953736132e+00
3.630735928729583173e-01
3.989838065155870694e-02
8.354514796255524400e-01
7.504267844231051754e-01
-8.218809721865860674e-02
-2.186605657219778953e-01
-4.935053475301615644e-01
-5.436417553470004327e-01
6.237231373431912917e-01
4.639484967537126914e-01
4.346368284083114153e-01
8.965846405203004021e-01
3.627414257921256213e-02
-4.573680715996641943e-01
-8.263940362190007605e-01
-8.199183759731214494e-01
1.765930638278520037e-01
-1.660991365800488784e-01
2.503559220739667301e-01
2.008545874348008908e-01
-1.015089188407632070e+00
1.434226836984651143e-01
5.094405365504139915e-01
-1.872222605794542361e-01
-3.102799591275999247e-01
9.238570312072291735e-02
9.797217238600122169e-01
-4.507773130165978470e-01
-5.005935319615104628e-01
-6.716324997954962184e-01
-3.869686011100108569e-01
6.926933201415430563e-01
8.241437315965134680e-02
2.982169683227040569e-01
8.757790156559241979e-02
-6.002444131760946711e-01
4.244161212763795099e-01
1.610234646830241423e-01
2.657939811771170557e-01
-6.853125536197119949e-01
7.086434458716837081e-01
3.857908103242788656e-01
-7.487255032386483933e-01
1.191063128591900583e-01
9.612440600592080386e-01
-9.826044550183690163e-01
8.221650104308575457e-01
4.131990748031457716e-01
-5.799677911780112272e-01
5.223819453702776006e-01
-4.014920468989782165e-01
-7.748235888104049174e-02
9.578607711640785283e-02
4.578286150310435509e-01
-9.918610138073351568e-01
-1.109751010016515327e-01
1.868834206996741187e-01
3.741722013902950006e-01
2.406230021165836064e-01
1.700308818120286336e-01
2.456893391241543601e-01
1.243889663161663467e-01
-8.681721362040966117e-01
-6.008156079888173906e-01
2.414275106533017023e-01
-5.521236174137009733e-01
7.989916143143049876e-01
7.801130189302958318e-01
-2.103757450591889622e-01
-4.395921637144353245e-01
8.036014653405640917e-01
6.243518343468321685e-01
6.192681144956362349e-01
-4.955142383925963401e-01
-3.433261591986869199e-01
-9.284769610278382768e-01
2.184236203609930538e-01
2.796772414558308384e-01
-7.925307157670369307e-02
3.569278520478415540e-01
-2.101393877214308148e-01
2.104170458313856240e-01
4.037568991621912629e-01
-3.545643772997566501e-01
5.284046194520286566e-01
-3.291046051936713512e-01
9.583991754305625221e-01
2.070220584722053114e-03
-6.926415681701978411e-01
-7.287823654466174528e-01
-6.641110451947005444e-01
1.197527747833807346e-02
-3.496807545476150469e-01
-7.523705011722040537e-01
-9.485977487611474412e-01
-3.524972609559156034e-01
1.343362733046435387e-02
6.900686953054755435e-01
2.628981764624738204e-02
9.599803605746992652e-01
-1.541585873870743306e-01
6.230369461600437919e-01
3.020841354404688595e-01
1.134136464057172278e+00
-8.158405761264964084e-02
1.615551208256922333e-01
2.755098217001994421e-01
9.438966380936704148e-01
6.151742092200863654e-01
2.362037957952165257e-01
1.779979632755114560e-02
6.761745581516237502e-03
1.150278633192076683e-01
-3.053099086128028272e-01
-4.436439159061840165e-01
-8.007770182502176315e-01
-2.196596155190554123e-01
-4.750928235840349290e-01
-6.093206798673733715e-01
7.402499772722741511e-01
-7.768794378863170813e-01
-6.294765046419084076e-01
9.970076866129868876e-01
-8.391068494747975226e-01
4.043677235709757234e-01
5.778955874241807900e-01
-3.250362681908325335e-02
-5.232974781110599771e-01
2.244309426570028632e-01
5.033905206432739421e-01
8.456611953014785410e-01
9.813179436668937328e-01
-7.296508051475791845e-01
-9.573027380678073017e-02
-9.433068962139387614e-02
-9.611904579478450783e-01
-8.380066208251406579e-01
6.659013893118779226e-01
6.821469787738441148e-01
-1.555461058108228989e-01
-1.808951054082361121e-02
-6.635594170327604457e-01
1.183885896039933439e-01
-4.700086572512240934e-02
-1.011651650507904954e+00
1.717941784914907011e-01
-6.899767913762963056e-01
-1.239829916744487337e-01
-2.970656920569705317e-01
1.206631421234743984e-02
-3.083456890991715937e-01
5.703228073757640182e-01
-2.336394250853723875e-01
-6.596102593644124212e-01
1.889545467819445934e-01
6.541058522917335694e-01
2.110002455970813040e-01
-7.691969107070899536e-01
5.949660585002553015e-01
-8.639647199145394918e-01
-4.948225223001178064e-01
-2.368801880691848716e-01
-7.786256398765092346e-01
-7.699464303765578554e-01
-5.324570456042763134e-01
5.839778932634256403e-01
-7.793882882272180623e-01
-9.403127788614600302e-01
7.297510127691038129e-01
-1.578081220103149662e-01
-4.258441258044922684e-01
2.411146237762555877e-01
7.881613290462701205e-01
-6.016800654040878049e-01
2.695000460696602151e-01
-5.817895703846041044e-01
-8.652722445091654002e-02
-2.497862693277421720e-01
-1.022162399636384000e+00
2.893000890564983996e-01
6.692865304314543629e-01
-8.690909857846282893e-01
6.807743492352100745e-01
-3.828406207644947656e-01
-2.677119779428870916e-01
-2.002520305071009421e-01
-1.421380518789636671e-01
3.117668122062708380e-01
3.155440103900497562e-02
9.328878500899533410e-01
7.386189347711951125e-01
8.688059544913688814e-01
