-3.107645532627564267e-01
-9.645593553604721038e-01
-6.319133194878701065e-01
6.366163860516113604e-02
-5.958459212219424650e-02
8.333891939847112296e-01
4.908747738483212886e-02
-8.718002320186354348e-01
3.552337576047244205e-01
-8.511717977191275430e-01
3.766273167890576423e-01
8.554417221054815279e-01
2.475683972613815509e-01
3.904402023794743548e-01
-5.456289842501602649e-01
1.014417625080194174e+00
-1.179964315027276639e-01
-7.385033332089925295e-01
4.748229847393846126e-01
-5.738391986878288442e-01
-3.919082810085261492e-01
5.322100574915706872e-01
-6.936622711454673573e-02
4.871348804658306997e-01
6.119402688259809597e-01
-1.250520647347979075e-01
-6.650446854165188437e-01
-7.925107299380107495e-01
6.986850766711365512e-01
8.950608674493207850e-01
1.462315464189691827e-01
8.585658616931974851e-01
-8.471078949502733879e-01
-8.115881891257700209e-01
-3.743296075955532265e-01
-1.870407506494391192e-01
6.417703161735328621e-01
7.508053064885817918e-01
-8.769671649401077351e-01
-1.589449009213036446e-01
9.952031881230202215e-01
-3.109284480976409748e-01
3.348729303056234285e-01
-5.817663580655674238e-01
-5.400865095207538769e-01
3.253924664372991327e-01
4.218918334355347133e-01
5.684742558529440881e-01
2.904688581756637578e-01
2.104125928495770292e-01
-8.298014364762776873e-01
5.743568431490124748e-01
8.486474821163750848e-01
3.217903488944326984e-01
1.127388597287659611e-02
2.720691295222665840e-01
-5.655712259981331425e-01
-8.341004202003232670e-03
-9.126900244711192434e-01
5.653549644747537517e-01
-8.995225330073667314e-01
-8.257077055565569257e-01
8.072754614716102228e-01
-5.175196737030586525e-02
-4.974244339040250207e-01
3.105450680892660187e-01
-6.370941754752222907e-01
1.037769921279678487e+00
9.200723663649371664e-01
2.147886548586367683e-01
-2.046307059793160965e-01
2.236182311109762288e-01
-1.209798591267832873e-01
-1.044527181124857540e+00
-5.848619428531942610e-01
-3.015550330660341505e-01
6.199157210125798567e-01
8.812564993924999479e-01
-4.941506907377121172e-01
-6.320278038459409276e-01
4.547520413990692456e-02
7.651736710073099579e-02
8.853443751493674796e-01
-7.400161798851807582e-01
3.167907719271985112e-01
-6.272496533772189409e-01
4.370556442403960018e-01
-5.923005525150886186e-01
-7.405089669353667192e-01
1.163031932981212435e+00
8.794876800539548345e-01
-7.337325458304383430e-01
-6.897006244424137567e-01
6.181773218843583662e-01
-4.928722286005984277e-01
-5.097396086983435604e-01
-5.534620704193690122e-01
1.398186602238489229e-01
7.356815292126551720e-01
-4.688378816205016064e-01
-8.214391546661554688e-01
-1.481938607672945718e-01
-4.376297031995101533e-02
9.035421063633743144e-02
2.567759595026286035e-01
-4.581275729691078880e-01
1.152589949308555073e-02
-3.614287816020432809e-01
-3.602711259973134794e-02
1.785719369710325466e-01
9.690215243963442582e-01
1.898846952057460513e-01
7.251436296655230374e-01
7.870470371607461990e-01
5.000445471059011826e-01
-5.566382635674448354e-01
-1.923548744150038181e-01
7.475072299108933560e-01
-2.054212135308764453e-01
8.892108516345795799e-01
7.087791115316179891e-01
5.056072302628260573e-01
-8.105009323358087769e-01
-5.234069268698968713e-01
4.855165670197438832e-01
5.326635428997521515e-01
7.481126321098084953e-01
-5.065451705889782996e-01
8.843634002708780084e-01
-7.544038293066867018e-01
4.790470941062099364e-01
1.315413077719916890e-01
5.099197960928212314e-01
6.168608733899558771e-01
4.301394931460522653e-01
6.983855394111441184e-01
4.281001354621492561e-01
-4.001192792090081940e-01
-3.707602148589704272e-01
-4.608560373656178655e-01
-4.839648467912714414e-01
-7.875822133082243104e-01
-4.386627194431974575e-01
1.064217548842988137e+00
-6.703252507762991197e-01
-6.051462253723982609e-01
6.710571986516588039e-01
9.413888796357772204e-01
-5.701758181616938259e-01
1.598896125888398245e-01
-4.115909142564426748e-01
-5.751779598142509053e-01
9.015621814944012602e-01
-1.180087271527068826e-01
7.999142444441514899e-02
6.950355515838053666e-01
-1.067826322362242619e+00
2.894268087281737234e-01
-6.583707408510468539e-01
-2.287894931800287246e-01
-5.490171689381634357e-01
-2.726222614370861219e-01
8.373736833206552044e-02
2.083293448460576958e-01
5.453513044003812649e-01
7.810709346279108845e-01
-1.629487494328110964e-01
7.565362970391020792e-01
-8.133800390642511591e-01
-5.289430104940817667e-01
1.205163137529147444e-01
7.886366317057925679e-01
2.511342839270032101e-01
-2.026361596832970680e-01
-6.754409182005327583e-01
-5.828169737940769313e-01
1.384252003975399437e-01
1.052443468162160611e+00
1.437643446482669563e-01
-1.195582601522624522e-01
-1.955052220236936922e-01
-8.271598336702681298e-01
2.934853393549390344e-01
-1.235973476355403111e-01
-3.189416873501084437e-02
2.041776014300689113e-02
-9.090201548883989346e-01
9.254217860187012867e-01
-6.335555036671490781e-01
-5.213342574958491626e-01
-3.997228701950574226e-01
-1.296997350824131701e+00
7.496451081903756641e-01
-1.362103365274911493e-01
5.601184448387337422e-01
-4.919387565603332568e-01
8.261548795884873231e-01
-7.670081202466227932e-01
6.844873635646195886e-01
1.784261984967510095e-01
4.247652036734644865e-01
9.123222864261673060e-01
9.715869744262306540e-01
7.241627588238723767e-01
-5.527000038005562832e-01
-4.454721869080890961e-02
-2.060045054923332342e-01
5.546482584941325733e-01
3.214262391988630119e-02
-2.658755693955723309e-01
-4.379254956807367982e-01
-8.966294717484470933e-01
5.161669685375547267e-02
-4.153426033209672297e-01
5.509559086254592897e-01
6.890093165000975572e-01
-4.732554828213628717e-01
-1.926091682096631175e-02
9.773602110558747835e-01
-3.637398543015353258e-01
3.263800989242877648e-01
3.821825195846485501e-01
-1.305500879474348341e-01
-1.305858884498086736e-01
4.321958553373787815e-02
3.154345212991467307e-01
2.594601228392336423e-01
2.772248841422553234e-01
6.719473559033017906e-01
-2.569057085929258299e-01
5.714063390832764266e-01
-8.300155272399274697e-02
7.989592582340856453e-01
5.256530869202939993e-01
-3.115803775538351639e-01
4.484620604411446720e-01
-3.375583534441182199e-01
9.884816411559689264e-01
2.654152641739982998e-01
-2.853150303670237142e-01
-9.649151422600328321e-01
1.416553235926837073e-01
2.888233899328315202e-01
4.974093743966101488e-01
9.354255693959683260e-01
-6.565890094149356981e-02
-3.816750946340679573e-01
-3.711351242985527765e-01
-7.595530308798914554e-01
-3.710032942873020545e-02
-8.567752309504248487e-01
4.944127126767693392e-01
-3.064056269956445810e-02
-1.602014254689168304e-01
2.603946617123747281e-02
9.236867019683021596e-01
-4.806590728549524627e-01
-2.906390538865252782e-01
-8.993783803713807645e-02
-2.264560503007995163e-01
2.287934896079104607e-01
-4.663675022240614254e-01
7.684541547116263693e-01
-5.059414991894071179e-01
-8.595033026262894893e-01
