7.950801825358326802e-01
-4.546486932764901567e-01
-4.971523730056350843e-01
2.135070704481678572e-01
-9.114024480947926499e-01
4.320041473109901276e-01
2.219431437322558764e-01
-4.962001373865166931e-01
7.695602679170776561e-01
6.207947454857939418e-01
-8.214934366761978968e-01
-8.711193771204044367e-01
2.032326119953458132e-01
8.119951331792319982e-01
3.460276609696196215e-01
2.572478317963647343e-01
-9.069859726801632327e-01
-2.810031263099048715e-01
-2.091075992410202089e-01
-3.779423919811622512e-01
5.781406797987450608e-01
-3.859556526361473949e-01
2.470203728710227420e-01
-8.317005082717172648e-01
-4.229622616068242635e-01
9.802691251188311305e-02
-1.272156282904058321e-02
-2.021023945982416414e-01
8.559290125956817707e-01
-3.748794457749479170e-01
-3.619475926602830906e-01
-8.268254034176478751e-01
-9.518035956999058023e-01
2.135615689090266667e-01
-7.083333719026524422e-01
-9.228840402516080843e-02
-8.236878439436621235e-01
5.581102510787390170e-01
8.188230033490164761e-01
-2.540746097853523455e-01
-2.849056669637615169e-01
-7.455483475708782892e-01
6.163763553715582155e-01
2.902058123380404364e-01
5.393700127657752308e-01
-7.719365150329806635e-01
5.928470515888968340e-01
-2.695111599297373428e-01
8.545997920697534500e-01
1.534192533863962815e-01
2.117607339512699305e-01
-6.764296845252424362e-01
3.352909598102296052e-01
4.959590839579490762e-01
-7.285764503460778752e-01
3.264628509508135656e-01
-6.335849258883965995e-02
8.466036053913311710e-01
8.253226490869756127e-01
6.220565467871337351e-01
7.362479610402954400e-01
7.739828055584664357e-01
-1.189552853643100067e-01
1.168691121582740577e-01
3.078942345121131741e-01
1.036690307433262959e+00
5.322516292403715044e-01
-9.327854506192861939e-03
-6.016090792529338316e-01
8.176260274884578072e-01
-5.917813330418840723e-01
7.509565031418883319e-01
2.961222147222482004e-01
6.078265986485109629e-01
-7.841294777069902633e-01
1.686873764096687156e-01
-1.985159105005688818e-01
1.097526513158480155e+00
-7.907720355740455176e-01
-1.957513973545882413e-02
-7.148075212612501339e-01
5.007369258981446691e-01
6.275132784505112193e-02
-1.091559670967308104e-01
-7.801038274756748603e-01
2.361410399816237238e-01
7.674222509320699492e-02
-3.562129439320980973e-02
1.220594228891751509e-01
-2.713920383017823235e-02
-9.412323312726891267e-01
-7.968390190921146310e-01
-4.745447835570684170e-01
-8.810314565434007594e-01
6.845870672614601249e-02
-6.351608735665562611e-01
-1.570084393071143058e-01
8.006587426300839638e-01
-6.275275692042568965e-01
-6.013500972811186562e-01
9.318190757504412058e-01
8.647159451988488676e-01
7.543495252635825654e-01
9.159859557655111173e-01
8.109928917975846030e-01
4.769992917757407414e-01
1.012464811264141007e+00
-8.097871233100892852e-01
-6.830011950512504537e-01
2.478020342829971856e-01
6.953193326326687629e-01
6.696068576014546636e-01
-6.718443538941354376e-03
-8.058644759754999276e-01
4.348708455616409618e-01
4.255455124129334799e-01
7.232488121383802149e-01
-2.943171027918395355e-02
-2.727023414040256055e-01
-6.728491116952690643e-01
-5.909227788017168415e-01
-1.179513169200074874e-01
3.235239860570733317e-01
3.796416904018007910e-01
4.396302023094833533e-01
5.591946421221859476e-01
4.328944326676282817e-01
3.877643889055563675e-01
-8.738806725991202784e-01
1.601197718766646516e-01
-7.481871312533538987e-01
9.270308004666396595e-01
8.221364306243916786e-01
5.147872475431272132e-01
2.469196299881167844e-01
-2.082876332181031742e-01
1.079038142168952330e+00
-1.110415995539958123e-02
-1.535990255071657540e-01
-1.027688221134429453e-01
3.241709815340569345e-01
6.856855590350954266e-01
-7.912815446342287284e-01
-9.735715825739370555e-01
-9.021841483355484970e-01
1.462661163152656485e-02
-2.800535312426151724e-01
-8.249172281683111452e-01
-3.595570409271882373e-02
3.786752274020613873e-01
-8.112280496728498935e-01
-1.784530759076377593e-03
-7.961817225779312945e-01
-2.686296712174204293e-01
-1.941234644292916811e-01
-4.279521882254255782e-01
-6.215370894719751682e-02
2.677973655049789015e-01
7.669246599140400189e-01
-7.816589893967168523e-02
-4.427947691886435777e-01
1.341062427040476956e-01
2.063923401650702705e-01
-5.548571201663698993e-01
-2.139374508898005400e-01
8.532303147740355476e-01
8.533090388546674676e-01
1.517331769281727860e-01
7.499964766493285584e-01
-4.800271300324613355e-01
-3.998091202736447913e-01
1.120948088819848643e-01
-5.050748980086048334e-01
-9.406505804880316290e-02
4.973363636046798097e-01
-7.271842565605284303e-01
4.867345444748173988e-01
-7.476257251365494572e-01
-3.508575097437225954e-01
-4.643331441569868989e-01
-3.960363672419902059e-01
3.748104956013542655e-01
-3.786955772130786574e-02
-3.479895878693979316e-01
-9.879613234016940693e-01
1.599543339167652234e-01
1.386388293394130167e-01
-4.492796806963856859e-01
6.092147796173438268e-01
7.536128409912994375e-01
6.111313573474346228e-01
-7.839600508526818334e-01
-1.183134774710215692e-01
-1.933778674779633722e-01
-8.651864886195110849e-01
4.712644962411207672e-01
5.558962394304698407e-01
1.937290158126878659e-01
3.320848901909296269e-01
-7.900080279257352123e-01
2.773990499976024537e-01
-3.714933704748978882e-01
-4.172298171364304253e-01
-7.208815275307370873e-01
9.793015538036861645e-02
3.031680158186984553e-01
1.329403086771710762e-01
3.665600352632047976e-01
-1.005753485385443291e+00
-1.303773317191394832e-01
-2.175812792947006413e-01
-2.710931074073842373e-01
9.924984590750813851e-01
-3.529151498034656664e-01
-7.151213819731786492e-01
-5.495901491371804060e-01
-1.093097371980924937e+00
-7.362727306084024814e-01
1.547374767899007963e-01
-3.666004281901293904e-01
9.480041723615455496e-01
5.616439220484077399e-01
3.992001415496304606e-01
-8.819628656818258028e-01
-2.452291497105375251e-01
-8.479924510686658312e-01
-9.797161665495178751e-01
6.460047223916065562e-02
-1.220641215267767449e-01
7.687900736034647409e-01
1.277537709384158338e-01
-2.738777558409167256e-01
-7.987708727513040396e-02
-2.367252258749073524e-01
-1.252109140314699165e-01
-1.840062491847215265e-01
-1.882586870510563060e-01
-2.361688820873297789e-01
1.063909654514507974e-01
-9.086754648774613141e-01
-4.216052414645587998e-01
6.267877967408226336e-01
4.751572488200468958e-01
-6.132349640135630331e-01
-3.446277920610111845e-01
-6.348944884696345881e-01
-3.504084261902165043e-01
2.737504476140566467e-01
5.825839174668751008e-01
-1.633239448756409473e-01
-3.037728333768465183e-01
4.064687209530036816e-01
-2.283320768748151597e-01
5.878791927939310824e-01
-4.947974341967669165e-01
-4.307718077655406930e-01
-6.915705003685764796e-01
-8.618517135003374019e-01
6.582844998932009251e-01
6.458887549928820082e-01
5.883402005440277471e-02
8.267511124383666310e-01
3.194348662453103671e-01
1.413681355536015594e-01
3.182851748530770020e-01
