1.836085280366840378e-01
9.400707188604628950e-01
-1.682914878423222849e-01
-4.786888527691190998e-01
-8.967729014492187289e-02
5.060321166158756601e-01
8.408845721666866613e-01
-4.897060335540381892e-01
-3.962536072711304591e-01
7.988180271785084718e-01
5.510307990306987369e-01
3.643848980493301637e-01
-5.104609902782866193e-01
7.430515570165703298e-01
-6.649372946449758626e-01
6.470070535593557270e-01
6.056811464213436302e-01
3.376876885967234898e-01
-3.593363588330946712e-01
3.239327753437273305e-01
-1.141853236289927409e+00
4.137319225838653747e-01
-2.891747456835113139e-01
-1.391836212924996985e-01
4.111879032670001655e-01
3.945237874766636121e-01
-4.644840356461276132e-01
6.195388990820027697e-01
4.604745163254717610e-01
-6.658317905882675802e-01
-1.846115934879621889e-01
6.220305807536614662e-01
4.470944885107397404e-02
8.114094825696758218e-01
6.929009489480875139e-01
-9.339409767415338681e-01
-1.295511182643704906e-02
3.317939724172614402e-01
3.823765284117717211e-01
-6.354274202775127556e-01
3.549106473930747629e-01
5.508907561251441543e-02
6.994556377675125169e-01
8.384372988349761968e-01
-9.605297959996011992e-01
-5.742542122281215633e-01
2.832036242279138971e-01
-2.197333160488554871e-01
2.402389255928955858e-01
-4.313935981308010259e-01
-4.867486341398117866e-01
-6.774947875766359484e-01
2.296402233825260986e-01
-2.598580376710941664e-01
-1.931060753307478617e-01
7.042287769988957447e-01
-8.912120137622130400e-01
-4.340721332080130779e-01
-9.809718140798393549e-01
5.953924397548968628e-01
-9.571874730587288660e-01
-6.271540459733633277e-01
-2.380454392715882217e-01
8.537532513492027686e-01
-3.318213716351989806e-01
-3.189537674523957866e-01
7.200683600782786797e-02
2.963480570319907415e-01
-3.415653055566134078e-02
-8.505087001177493722e-01
-1.700560788114559851e-01
-5.916808703480191944e-01
-3.291481900907390346e-01
9.498573102056120376e-01
5.805231925834946072e-01
-4.231707703831943945e-01
8.159983358543081433e-01
8.548379051312854360e-01
9.298863252758138298e-02
-8.055932019486967688e-01
4.097717803251936797e-01
-6.058250545627043016e-01
-1.232925904967494962e-01
-8.770418240491227868e-01
-2.888209742328324836e-01
-3.222583794609583663e-01
-2.079506984466387709e-01
-5.342696688895475221e-01
4.702447142391896762e-01
-5.880804509092860677e-01
3.353717450236610720e-01
-4.596612364048173749e-01
6.003396647533958408e-01
8.794873164427418066e-01
6.169445585778174923e-01
-5.717969970629056542e-01
6.649520293897765999e-01
-7.266362349444517310e-01
-9.126674118661661783e-01
8.578053457906016366e-01
-1.420649958084518882e-01
7.737528314097832371e-01
2.203954516357140569e-01
5.327633921031068587e-01
-3.290615303225905564e-01
-8.857594235083341427e-01
-4.953958202966890489e-02
-5.530282732080142871e-01
-4.863813002021482035e-01
-5.108327937699802535e-01
-1.893595040347899605e-01
5.922569326012109281e-01
4.409784371101695410e-01
-1.710665860361913759e-02
-7.909861055336468993e-01
-4.845912380939998432e-01
-1.399512312652382295e-01
-5.529159733500748075e-01
7.559858141478875693e-01
1.183484067121628874e-01
-4.278545405462634843e-01
-6.691162851104954790e-01
-1.904978723054926437e-01
-3.717088497674844172e-01
-2.971042440854297917e-01
-3.253093473621104792e-01
-3.494855018161486804e-01
3.158291038731543265e-01
1.312254361848754769e-01
6.317271523523420029e-01
-3.435396401907644948e-02
6.747691561404611793e-01
-7.604939836283031163e-01
-1.069926587671289481e-01
3.418423881494052630e-01
8.163202672091967038e-01
-1.465035248750668206e-01
6.849572006427724347e-01
-8.167097016433605416e-02
3.490197264637426855e-01
7.509257975897808413e-01
3.395952628070590951e-01
2.064100994169070502e-01
-6.654340593512042545e-02
-2.893307269505089874e-01
1.492688470619105701e-01
-1.238749817698641120e-01
7.625543765753350911e-01
2.696213935639388826e-01
-2.628263261476093682e-02
6.974478840333956375e-01
4.653532119967991321e-01
-1.084534662824687690e+00
7.884617238400974948e-01
7.880810722991455908e-01
-4.799400935590976691e-01
-1.590028122422471046e-01
-3.683950186904018653e-01
-8.572230159043101594e-01
6.074327528664978937e-01
-2.397588860426140556e-02
7.196398724992962848e-01
8.900878609308719991e-01
-5.795511926733776242e-01
-1.010845469755966564e+00
1.789998685709006943e-01
4.308213150875905839e-02
-4.020990772983534800e-01
9.355577403756976107e-01
-7.898240993962102330e-01
-6.004916904512915821e-01
-1.408511162443191189e-01
4.894001364195101900e-01
-3.616181089177226138e-01
4.552557969045499253e-01
-1.265752833213432960e-01
3.539777603910765347e-01
-8.010101799271852618e-01
-8.225792579549695560e-01
5.807264549205495285e-01
-5.202540205819595753e-01
8.612948358917458247e-01
3.224814461142704869e-01
-4.132756606129528443e-01
-8.787176969434208340e-01
-3.236575022263011303e-01
-6.380105854759028361e-01
-5.456084917204093720e-01
-9.217330853005512026e-01
7.434382991196093471e-01
9.005318161461510762e-01
-1.384443260419123134e-01
-9.759231577675608893e-01
-6.241927792209954751e-01
-7.248313237569814493e-01
6.270534015348318002e-01
5.534555508618173025e-01
-5.942263220390929523e-02
-6.294248568521623177e-01
-8.677828489937362555e-01
8.756324894983267271e-01
-4.073239437113512218e-01
5.034227826348809387e-01
7.527688263573635297e-01
4.286688614076575310e-01
3.608983817811362016e-01
-1.898564450988708963e-01
-4.860652601300354814e-01
3.285436942787586800e-02
1.115435873427087221e-01
3.681134799506238231e-01
-7.937599205734062746e-01
8.679387218239220658e-01
-3.398013567417390579e-01
-5.889187204574461987e-01
6.165747731229156425e-01
-6.361315212967864063e-01
4.018075281381039976e-01
8.772999740014483239e-01
5.791070321496336604e-01
-9.071160225756225159e-01
-7.678335537389857635e-01
-7.506479943303313584e-01
-6.519548959820415934e-01
-1.107447503067432448e-03
8.863739551795060123e-01
9.204261282556236434e-01
1.020683676445151011e-01
7.544926365209438934e-01
2.883281355097435661e-01
-9.460085034285026229e-01
-1.414751680665933264e-01
2.479386387056392027e-01
7.616681391961209746e-01
-6.228472313764243928e-02
-7.707536887319030305e-02
6.209499073516908663e-01
-8.438232488392625186e-01
-7.115212870440945636e-01
6.630393871551294449e-01
5.294682621885244966e-01
9.617464173891341339e-01
-6.948277543877192652e-01
-5.789796819271272321e-01
-8.637393668353581244e-01
2.801047392467581609e-02
3.369037016339611057e-01
-3.440742081188413737e-01
1.023711895020350759e+00
8.090863656739963883e-01
8.652129956513496811e-01
5.253706660185022415e-01
-6.380146513469862057e-01
1.255116449438729020e-01
-8.972437409758893256e-01
5.869783638626869804e-01
4.054973430509395405e-01
-2.768785360124872419e-01
-6.348645727879576039e-01
-6.885304991033152078e-01
-3.237849868434911071e-01
-6.288605080462188468e-01
6.053081228278955894e-01
6.241516444302974698e-01
-1.146626164941673132e-01
