-1.725448219210959366e-03
-3.133595209031108109e-01
3.685371103392487413e-02
5.602149231435793464e-01
-1.611022554652490335e-01
8.559023034165982313e-01
8.142084391786600372e-01
-6.157482346597727974e-01
8.693737391472413645e-01
5.940927091458237941e-01
3.929174945194322532e-01
7.325933099416030991e-01
-3.429904168401050057e-01
3.343662813542414014e-01
8.867375327404949381e-01
-8.578171913421963612e-01
5.371818488997371910e-01
7.680638797177901100e-01
2.620107346614296007e-01
5.796954340623940993e-01
-3.580202095924935324e-01
-4.498658501605573568e-01
1.645380439131213790e-01
-6.286688898252329460e-01
-2.734069398407481533e-01
3.303654109533349370e-02
3.664429423925353868e-01
6.604966571603980707e-01
-8.137570273524155073e-01
7.427322245734182538e-01
3.387796207736846754e-01
-8.938607153795457005e-01
1.428557502885276220e-02
6.740619100622623483e-01
3.522182206843229579e-01
6.717168748396702693e-02
4.113601934967628937e-01
9.102716735867338871e-01
3.316058527526057759e-02
-5.214428055164781473e-01
-2.563084047514432307e-01
-6.719918836460683220e-01
2.613645109861689186e-01
6.367699729688052201e-01
-5.405782562644043665e-01
-4.767885447916970776e-01
7.251949000511968002e-01
8.722282982795133144e-01
8.177097155355120273e-02
3.081630364186325188e-01
4.464462383833282810e-02
9.019069877895748988e-01
-3.472225474156724889e-01
9.343408634555728787e-01
-9.941848580046083739e-03
1.343053305163885991e-01
-2.788770050496103270e-01
7.589011510623746570e-01
-6.231248656888505044e-01
4.450201511904103291e-01
-8.726884936527020686e-01
6.051590559050702423e-01
-4.432651090744392786e-01
2.673816968151170315e-01
-6.481230676782290256e-01
-6.777966157612502762e-01
-7.958553578917952898e-01
-1.468104193924687495e-01
-1.770849795777225122e-01
-2.755585781066144380e-01
-7.559477301554482498e-01
2.560204452795562524e-01
1.153480071557748121e-01
1.112234140622613277e-01
2.874292442806316572e-01
-3.405243415979911648e-01
2.066032952184049809e-01
-3.622246861758123271e-01
-5.175327225762182959e-02
-8.528738942714041427e-01
1.923736183972849512e-01
6.777369042575221991e-01
-9.649316666618801275e-01
-9.852216965532578641e-02
4.935334439653693006e-01
-4.229162821000230776e-01
-2.802742536233138737e-01
-2.077161604626708291e-01
4.731805450758097553e-01
-7.157438062143203217e-01
-8.308732215012406552e-01
8.301685938376854867e-01
-2.797790868896132821e-01
1.247017338292051025e-01
5.456182919658468800e-01
3.386189986182697176e-01
-1.000000000000000000e+00
6.694419391596571067e-01
9.835601519165302342e-01
4.040674425837695316e-01
7.199611432578646442e-01
-4.145771324362853560e-01
6.912959770475679555e-01
9.424474397259148262e-01
1.094178543958763128e-01
-2.714216590853985589e-01
3.682986247712235484e-01
4.061661235167428607e-01
3.947991889109501162e-01
-5.516260741265625045e-01
-8.090193780214190999e-01
-6.131515968947687245e-01
7.952537122038021433e-01
3.071331154367383243e-01
-3.621430912304899330e-01
-8.003093833452317174e-01
-6.385457193490819972e-01
5.283555324149890042e-01
-8.152485342035202809e-01
-2.594062801783998395e-01
8.038256964207810551e-01
-8.741825650581720453e-01
-7.688478781934120487e-01
-8.939854138365277425e-01
1.919484229319912139e-01
-4.760289985606983021e-02
1.311770369884957543e-01
-3.522251057479678926e-01
-7.289920404919734143e-01
-4.869377941580854685e-01
-5.876329521413929946e-01
-2.086983639438042548e-01
-3.904991290076850752e-01
8.100999375572831562e-01
-7.902568789251489534e-01
8.236648562500463733e-01
1.435534670902507415e-01
-9.449584970434429243e-01
1.400939490710200186e-01
-8.453515919329097628e-01
7.593136644176259331e-01
8.401131383408104447e-02
8.621283762697022901e-01
-6.125829584380577675e-01
-9.309838836146189234e-01
-5.044140115741855279e-01
6.010942491331785487e-01
9.592943417187221877e-01
4.329956528196231558e-01
-4.469765919397545861e-01
8.021257045549829989e-01
1.717726117361134675e-02
-4.166137519645372045e-01
-5.223255481589683669e-01
4.497718608440350041e-02
-4.841924988503424898e-01
-3.792122808944431434e-01
3.432542328438583645e-01
-7.757977708046506216e-01
-4.156185901456586063e-01
5.951871914943425157e-01
-7.459330095623415424e-01
-5.531005982865757620e-01
-9.864424487739305025e-01
1.062629061305540024e-01
4.533762334085837953e-01
8.461094816355257953e-01
-8.511123011604240229e-01
6.201949798337172970e-01
-9.163979944022012658e-01
4.589103837194883906e-01
6.462040681682322818e-01
-6.544112058868889470e-01
8.740428436970907322e-01
9.688363308291287890e-01
8.078036258817792303e-01
9.878042769366772724e-01
6.669101692386929514e-01
2.723728859796694657e-01
-5.821387816630927414e-01
-9.417023276932465214e-02
-9.987889045470277338e-01
1.461191677273384337e-01
4.092598030784911356e-01
7.362162770183511284e-02
6.484569250117711015e-02
1.523977160030586808e-01
1.000000000000000000e+00
7.286734937548491331e-01
-4.052833932495955027e-01
9.656466328487012252e-02
-3.505319906259047880e-01
-9.785252822950192275e-01
-6.156906269296313905e-01
-3.971879038038339527e-01
1.450505370758475299e-01
1.094879183006148421e-01
7.608309449209171849e-01
1.000000000000000000e+00
6.746316505027979415e-01
6.653527413424042969e-02
-5.089300718230714837e-01
1.000000000000000000e+00
-9.844398070149300572e-01
-6.065525616942113452e-01
4.579550386389652505e-01
6.296484396943285988e-01
-1.000000000000000000e+00
1.050407077517232501e-01
8.149147560200507012e-01
-6.605990027415720167e-01
-2.364518940848351902e-01
-1.792307882410881237e-01
-2.533251592762746363e-01
6.566723585343490210e-01
1.521765146561527005e-01
2.551541143820748592e-01
6.723913341260004950e-01
4.064075438835008658e-01
2.159047697480080963e-01
-8.940657990355527218e-02
6.152959453933010137e-01
-4.843758415566343234e-02
4.573505415123229056e-01
8.556197211405969227e-02
-3.621445667205365204e-01
3.437390217911565071e-02
3.248576032807058978e-01
-9.105504778440824953e-01
1.642560324616195722e-01
-1.080204444621664650e-01
-1.693335805579918585e-01
4.826506650151188293e-02
7.228154390560384002e-01
-1.000000000000000000e+00
-3.736574507906340603e-01
5.642349153672001627e-01
1.869538455166964430e-01
7.820792724384070249e-01
-3.661219198641370021e-01
-5.162448036663140893e-01
-3.064447228573305981e-01
9.359882687500468146e-01
6.772570000991849914e-01
1.330262897168971725e-01
-8.433238321213986088e-01
1.928542846695187052e-01
7.936493939395222741e-01
-4.528574356316323879e-01
-1.364964206647971967e-01
7.856258888384666239e-01
4.434413908870304399e-01
6.606591175688298900e-01
-2.756080471100505469e-01
-1.807714703538432222e-01
8.605926219818946787e-01
-7.192964375699717472e-01
-7.185337296986704647e-01
5.259976318605379397e-01
3.413272651656401036e-01
2.147543625759196495e-01
1.674883804488518368e-01
7.130833590156221424e-01
-5.650737976545254782e-01
-9.615884771849638746e-01
