-4.028124932829316718e-01
9.458625761741107363e-01
-7.177152676159468392e-01
6.340285508136230819e-01
-3.301575711021562665e-01
-7.092230461549599019e-01
-2.230590951555097012e-01
3.792519869151303458e-01
-8.479435361234703983e-01
8.952599897439572629e-03
6.299886410826107674e-01
-7.739120826982454071e-01
3.879669441245556794e-01
-3.989495870301063563e-01
6.430685841072096842e-01
-3.211232155632671170e-01
9.245226626595772768e-01
-8.299178326798313243e-01
-1.500469753354784774e-01
-7.720385025101142995e-01
-4.498118180480475403e-01
-3.111636081978502166e-01
-7.108187399612320156e-01
-7.327175936762557740e-01
-9.635570130119066601e-01
-8.442609086394361473e-01
-2.822548584305495378e-01
1.940391092230803471e-01
7.083495634583498735e-01
1.431550855628330177e-02
-1.857376132333030117e-02
-1.000000000000000000e+00
-9.046771187542964610e-01
-3.257840192600451878e-01
-5.880317486004787986e-01
4.638663384660176026e-01
-7.456735798695032225e-01
-5.171052211009370403e-01
4.608631141143628152e-01
3.285047105916599763e-02
-1.000000000000000000e+00
-6.385286537696648335e-01
1.179795884795814265e-01
-2.939602926891234369e-01
-5.872095023910415268e-01
6.901824449767750280e-02
2.204450020303018801e-02
6.288919058341992940e-01
-3.930509770458365804e-01
9.266096481944665619e-01
-5.071023608677101002e-01
1.000000000000000000e+00
8.071033718659343936e-01
-5.423652926492814608e-01
7.987077456089396454e-01
7.421809322647540119e-01
-1.390351933404086471e-01
7.068066495920720671e-01
-3.820327317261763000e-01
-7.874276822876584703e-01
2.910964435542483519e-01
8.292641808413143689e-01
-6.370912655042928474e-01
-2.988287405797993568e-01
4.035622446051629897e-01
-2.769627170854277454e-01
-8.256079935370220779e-01
-3.344421150875668269e-01
-9.149096609078974929e-01
-3.351964162310031581e-01
-9.239669537739501060e-01
2.136379357464970874e-01
-3.122871191849583838e-01
-4.958433941808974565e-01
-2.957347705867026111e-01
1.071033986197366117e-01
4.338625990150377087e-01
-6.581944575365608063e-01
5.867778194916148937e-01
1.138823469297864932e-01
-8.822053463739302215e-01
-5.502288095156038228e-01
2.287925093406251997e-01
-8.074311039139675517e-02
9.011242871940509103e-01
-3.903643727130376995e-01
8.018763609938179826e-01
-4.812239820691002201e-01
-5.935430289580344299e-02
-1.130492364935802296e-01
7.229707370314202297e-01
8.720295199650155427e-01
1.988083688677961258e-01
-7.563395849802266868e-01
-1.992896669810506893e-01
5.153380812457953875e-01
2.039763175729544520e-01
3.187081434388793766e-01
7.644826752019296956e-01
3.480057532534959197e-01
9.265661542613116142e-01
8.726564554081051028e-03
-3.950878649751113914e-01
-9.878904243374746486e-01
-8.377536814399039189e-03
-2.837153963062592488e-01
5.763544505516204897e-01
-7.858339914252794323e-01
9.465054104338819219e-01
1.998182671434720059e-01
7.800597215885463065e-01
2.787415113097099217e-01
1.946305869426865065e-01
-1.242031583478359624e-01
7.408947535366158244e-01
6.074907971135223850e-01
-7.090533166422151590e-01
-7.525004070277414581e-01
7.187018909285631807e-01
-1.100429325697734328e-01
2.379364650146880145e-01
8.295014166621115237e-01
1.175195469344447186e-01
8.198060190024052396e-01
1.584590790281151795e-01
-3.378658597701076904e-01
-3.149088644950126525e-01
-7.319765355182918931e-01
4.707096224701536880e-01
7.403400995635636139e-01
1.261512895967873971e-01
-7.940082984896840168e-01
-8.197903475847432286e-01
8.985370702665530507e-01
9.323922694614577011e-01
-6.895701225054197137e-01
-7.596490521805026042e-01
7.425136870180287785e-01
-2.920716954826239609e-01
8.443806857397528898e-01
3.194924019161868856e-01
2.815144035458252425e-01
4.112789407258590768e-02
7.960342701660267917e-01
1.250836748207599936e-01
-1.928492837894877632e-01
6.191993605870379502e-01
8.734946719924754910e-02
5.559858462764910580e-01
8.099011047005149067e-01
-9.079225096582331789e-01
5.962907609874373849e-01
-8.796391621609233047e-01
6.903458083442712834e-01
-2.279390088617727628e-02
-6.888081243600997494e-01
8.877822939682697978e-01
5.797486227225352451e-01
8.758871523465635578e-01
3.982227585356311050e-01
9.401281712735016782e-01
8.432325635079077064e-03
3.411502348806917939e-01
8.615844065972324550e-01
7.504044219044819775e-01
-7.655093507045427348e-01
7.352456337757132809e-01
9.815428404853036026e-01
2.373961692694672720e-01
-8.456902190324004920e-01
5.727062405745806384e-01
8.283798631450982608e-01
-9.238094038855873547e-02
-2.500144206517871392e-01
3.025455394205344706e-01
-7.671430234586412711e-01
2.008095342639046044e-01
5.439291488243350736e-01
-7.548096407756348381e-01
-9.748196845895628071e-01
-3.534154257125802223e-01
-5.776360805545971422e-01
6.829569161948896294e-01
-8.668010668881582781e-01
7.366969245558101231e-02
-2.842126167466531572e-01
7.365220559081820939e-01
8.497508371368582836e-01
5.616965242368192612e-01
8.057833396856416419e-01
-8.073890982495036672e-01
2.978377277934978196e-01
-7.176356301799047266e-01
-5.641115796747419031e-01
5.935781005787457154e-01
-5.155306832999153599e-01
2.238358455258290802e-01
7.716860831154308542e-01
-1.000000000000000000e+00
-5.221696941365678857e-01
-1.017282906047710378e-01
2.516389824874590841e-01
5.759024071746274842e-01
1.089705959288772563e-02
7.903682219420378116e-03
5.272677004501014064e-01
6.661222606935610080e-02
9.694571217282803577e-01
3.342639575821426678e-01
-3.875880700384537469e-02
2.820936106254826048e-01
2.130793847876533142e-01
-8.608748737274656282e-01
-1.722235740471109167e-02
-1.138435465994008522e-01
-2.425745533121379804e-01
-2.994393562625771166e-01
-1.000000000000000000e+00
-1.204535239374615596e-01
-5.894301774120536130e-01
6.625101782289893881e-01
1.810920522574485658e-01
5.498217932105944339e-01
5.006831078043730843e-01
6.797621631723101965e-01
8.338517098827434859e-01
1.000000000000000000e+00
-1.576275015730899121e-01
-3.238262325437756273e-01
-3.996301175603279576e-01
-9.244009399967262341e-01
2.710354042853686807e-02
1.957979164842678088e-01
-6.523232710473285678e-01
4.674831241218734834e-01
-5.764009897963134899e-01
4.232069243784442741e-02
-7.341196740501023665e-01
-4.736338758620363132e-01
2.650418749760018455e-01
5.452751600300649593e-02
8.505270326719789609e-02
-6.354805538032067824e-01
1.000000000000000000e+00
4.553644504507079471e-01
5.218424177473823811e-02
-8.052843018125436236e-01
4.617069817705482526e-01
-5.160358115099688003e-01
-6.139684680195361954e-01
-1.000000000000000000e+00
-3.309248217959732119e-01
-4.801199492013390191e-02
7.420296976539471068e-01
-2.972282484999200225e-01
5.001927707109430354e-01
8.349885029385577528e-01
6.545900649832152585e-01
-2.216302477338437660e-01
-5.057032338541864736e-01
-7.834106320975268156e-01
-1.631685645699850751e-01
-5.300957133862996828e-01
9.198113553471664039e-01
-8.273626279357316760e-01
