1.137435023917932053e-01
8.385408370189377791e-01
6.403328929863461028e-02
-1.665691237733615271e-01
-6.801261795055011383e-01
-5.442593710486547387e-01
1.930811799560816500e-01
-7.414438552785818093e-01
7.653921159202605740e-01
-9.154472365265848843e-01
8.985385353190793456e-01
-1.855718539163824232e-01
-4.457501292604693077e-01
-5.141229881788129674e-01
2.196850918630099958e-01
-1.577630357604100642e-01
8.581290007470516734e-01
-9.886171694276943978e-01
-3.195903442820731133e-01
-1.704299221963962996e-01
-1.341154164561522144e-01
2.109822679901567355e-01
-6.874869705882489246e-01
-9.912941048567476265e-01
3.053037891914938129e-01
-6.554383983565044147e-01
-2.107817939359020176e-01
-3.655831662310333741e-01
1.910041589574327237e-01
5.546697399317961352e-01
4.773798021912889489e-02
-2.617629561616556799e-01
-4.972559396154929701e-03
9.272606049401550532e-01
1.891844883303435143e-01
-5.343266667045625251e-01
-2.452181360614094086e-01
3.579551337036737113e-01
9.960476898776893240e-01
-3.063984478328405370e-01
2.500791749983490853e-01
1.384074538376007801e-01
8.374094558155849022e-01
9.185683227875878210e-01
-5.027910147169678545e-02
1.040920718874767115e-01
-5.764272842342366143e-01
5.308699155060678798e-01
1.168884476745142287e-01
-8.293570234739933156e-01
5.528288664392788654e-01
-2.564453207393913026e-02
-9.152185403172665712e-01
3.211360130383722478e-02
4.324786873648032159e-01
4.563289542801887144e-01
3.575146106208229035e-01
7.478316963549864749e-01
-2.673978547078477153e-01
-7.989158820725905663e-01
8.789100547579749012e-01
-3.678668327836194241e-01
4.580958525022646999e-01
-2.731019613179619387e-01
-4.760509662278584742e-01
-8.176186791550188460e-03
8.735270705170348204e-01
8.097326748182052114e-01
7.617121292361885843e-01
-7.767971716245367642e-01
9.598138438481624846e-01
-9.451950868054048716e-01
-9.401561647749452355e-01
-5.982541537534484810e-01
-6.432204242151098317e-01
-8.706806152424770850e-01
-1.435553955171648965e-01
-3.701199428170500738e-01
-7.707236816087825737e-02
-3.885096295391781140e-01
-2.279038115753293514e-01
3.979226592081142044e-01
1.626496562733334983e-01
1.548742994932095218e-01
-8.190138196022309636e-01
9.791974464481383311e-01
-5.124061513537676582e-01
5.687598321805165114e-01
-7.042586178240406447e-02
-9.866121203629107939e-01
3.297646051435654257e-01
7.943838733504799965e-01
-1.383039370367191712e-01
-6.967096961167826841e-01
-5.647161656698300725e-01
-4.945924513423349822e-01
3.801620018015234859e-01
3.281995071182539636e-01
-5.245882468056775050e-01
-6.310783729501918682e-01
-5.899707560964917441e-02
4.119787222434572183e-01
1.199114564070113964e-02
-3.780483346019807289e-01
6.688938290480632709e-01
-3.770190479241508630e-01
8.633536718475975924e-01
-3.185857480943006248e-01
3.028958039343598863e-02
-6.094622231487154540e-01
3.620588217375941831e-01
1.358760296783501076e-01
1.325370697462162628e-01
-9.927728874839445439e-01
7.530089951863296882e-01
2.382048381129233672e-01
2.511012001309944619e-01
-6.724657734515664398e-01
-1.767043561160375198e-02
8.126387797141114699e-01
-3.369943418355947351e-02
-4.687317725135404789e-01
-6.758311141359614194e-01
-4.766233599704079449e-01
-7.804400620515867804e-01
9.124972989733284301e-01
-1.743530881681290001e-01
-2.394283356702082699e-01
1.193697120391132849e-01
-6.130087185747745693e-02
-3.411058643348157116e-01
-1.877483786603117988e-01
8.987386914265778071e-01
8.120228518386440886e-01
-3.631977677241453595e-01
-5.121678080057467941e-01
-2.244270395792935524e-01
-8.995278692368977591e-01
3.089797370590319225e-01
-7.295503491947270547e-01
2.250151257694124052e-01
6.472058273664960115e-01
-4.405284228396819657e-01
-7.672742335358881949e-01
-9.974354881463447509e-01
2.509468282022890850e-01
7.727409181008444428e-01
9.246518735710615999e-01
2.076099045263364307e-01
-4.281495422813130780e-02
-1.198271040647607144e-01
-5.723254331168301512e-01
6.527264899599469761e-01
2.174993740570796419e-01
7.793612182982427861e-01
-1.686895451644441213e-01
9.622140451163123664e-01
6.206767674472206675e-01
-3.587900733166682343e-02
4.028684784123430784e-01
5.845744376601262893e-01
-1.502894212290104559e-01
5.270241887699753658e-01
-8.488852127001265124e-01
-2.423568791414885126e-01
7.696500857767516468e-01
-1.111917123202175173e-01
-9.921611494099233930e-01
8.770711294027988547e-01
-9.922299116977466582e-01
8.387633425482301508e-01
4.319087630227633756e-01
-7.791805480001383621e-01
4.406452879662487998e-01
3.996555262903973560e-01
4.101053534129195377e-01
-4.481611890432397605e-01
6.678681952346434691e-01
-7.757551709384782335e-01
-7.841157569271002270e-01
6.151764539309589885e-01
-6.063971393677622945e-01
-8.391337611967653043e-01
-4.170343782900611806e-01
-1.318306904331345564e-01
-5.524001812204426543e-02
-2.865094816595707972e-01
-8.638933609430388127e-01
-7.289171867588775111e-01
8.644099193142769089e-01
-5.768800112314667050e-01
-4.417495405706470812e-01
-7.340296675019608585e-01
-1.842344133827547026e-01
-9.002963026307027050e-01
9.746699086654888600e-01
-6.400498492591795152e-01
-6.691316711172934362e-02
8.224275393235511711e-01
-5.754372944148302693e-01
-5.123723589272024537e-01
-1.495295063057253682e-01
5.251706391444701527e-01
7.370830896667492915e-01
-5.876245995258895238e-01
-1.136880998353995142e-01
6.540467042669138031e-01
-7.504509606366938090e-01
-5.260492261638760603e-01
4.141788478832881815e-01
-9.601717880435860497e-01
-4.650978897274553603e-01
5.042745856951307282e-01
-2.126830200559188810e-01
-8.585165090266404508e-01
-3.515010622881398206e-02
8.400416600341631401e-01
-7.225911022285900209e-01
-9.698123391380319980e-02
1.463553252993015086e-01
2.116275004627667933e-01
-8.953419584792867703e-01
-5.450457141309421605e-01
-5.599763909080621715e-01
7.307727230661220652e-02
-5.297317282481528444e-02
1.791862670541477520e-01
6.730792696955512078e-02
2.086756775271934039e-01
5.660228155082429602e-01
-3.060089339928291352e-01
-3.320533018091387234e-02
1.983725292021931708e-01
8.473502205431975298e-01
9.842725235371936332e-01
2.220635069723446708e-01
6.548412179846756498e-01
1.375597515410003080e-01
-2.126054506955805667e-01
8.764406781111437894e-01
-6.747699314859179065e-01
-8.518553368056591690e-01
1.028414899615797129e-01
8.886607601671354661e-01
6.653301576632975056e-02
-6.203340640317065446e-01
1.635199908231350641e-01
9.319886380919160107e-01
7.174951054726845801e-01
5.035671124433089840e-01
5.479826508616671976e-01
3.143014643724435508e-01
5.876009909998713976e-01
5.034813920327168013e-01
5.240392145073637931e-01
7.560261411044437718e-01
3.429273941510913026e-02
-4.312202841254793029e-01
-7.294329699993105098e-01
-7.309033362831722780e-01
-3.258925671210035624e-01
-6.062391727561540211e-01
6.087223586797199104e-01
-4.337055172423549543e-01
-4.376585772895400517e-01
