-1.152850641970910583e-01
7.790897144951247633e-01
3.529573685286702123e-01
6.427247772171589268e-01
8.169432012396793397e-01
7.386759416821262469e-01
4.856909322166704790e-01
1.870013142493636149e-01
4.272330955048311285e-01
8.165341822505205460e-01
-2.977766074968266619e-01
8.493062690300288153e-01
-8.457030941933183499e-01
4.272514104635427579e-01
6.096185277894627941e-01
6.577116219622221038e-01
7.062881254236972328e-01
2.624823110404252979e-01
-3.211501076216289885e-01
-3.703099131833498259e-01
4.821442405415508059e-01
-6.612135565005581306e-01
6.737766155256661449e-01
-4.531927806828890404e-01
7.041112505575073399e-01
-9.152215292794410040e-01
-3.878386539608427164e-01
6.370359846272104498e-01
1.880607106493237257e-01
9.317668240885315090e-01
-5.854076858155516927e-01
1.471279485244969543e-01
-8.239220139549987554e-01
4.786099293352772399e-01
-2.364132281907065369e-01
6.248831600262476638e-01
-6.910882943942020518e-01
-7.475704514209602358e-01
2.002102379151740053e-01
1.931817095476409119e-01
6.306199231949860540e-02
4.372053879818837974e-01
5.657262084189031981e-01
-9.157772550436282799e-01
-2.560903539009291574e-01
5.478824404668931614e-01
4.507532802511662329e-01
9.715986037810442344e-01
-9.737430060689995504e-01
8.946052721500126204e-01
-6.860006982569368805e-01
-4.263209160890069072e-03
4.233632825827817747e-01
-6.001491461435068953e-01
-1.842527997915686111e-01
-2.630263175718634550e-01
6.557395004534205540e-01
-8.379346456379734853e-01
-4.868703599117196745e-01
3.886075569800093721e-01
-4.373911610548653073e-01
2.342087063546882675e-03
-4.391215914890171934e-01
-6.541027828714627290e-01
3.448381719165205528e-01
-9.524184571372305008e-01
-7.413843330493867789e-01
-6.756556726195226403e-01
3.023257185861778495e-01
-4.227924778538842965e-01
1.928068551052406487e-01
-7.194281894839229530e-01
4.189979971549879778e-01
-7.880238742179301870e-01
6.825120312687102953e-01
6.543915148051764330e-01
9.859622470466331556e-01
8.904132580337291714e-01
-6.420476026492045740e-01
-7.325218036274376843e-01
-8.731432445645244123e-01
-9.380419948758333959e-02
9.634877863431583478e-01
7.703250321983401427e-01
9.838194721501092310e-02
4.970637833381190696e-01
-3.502481989073471524e-01
-9.523362330410456433e-01
-8.919708466855615914e-01
-5.768972779390262318e-01
4.453909756358924721e-01
8.165626810391255486e-01
7.103404362815335382e-01
-4.448935224589509740e-01
8.292513580433933384e-01
-4.046002825584609219e-01
-4.143547319909819393e-01
8.515994077462893941e-01
7.482340995582379417e-01
-2.791081162791393400e-01
-4.932112422254781858e-01
3.541331791791404449e-01
-1.555628942747544485e-02
7.225912616929510701e-01
6.556297004063007527e-01
-3.765307817520366918e-01
3.491169955534312308e-01
6.576504133683418463e-01
-4.468333238309307731e-01
-2.764591951159258709e-01
9.549959852816911621e-01
4.748512740721930747e-01
-7.005486719032982812e-02
-7.225128990907681015e-01
-8.028636783364528906e-01
4.900034667204054006e-01
-6.345809730719402797e-01
5.544778562255943122e-01
5.383417081442565255e-01
-5.843208181750594310e-01
6.992944233008779875e-01
-8.811065850678130307e-01
-9.778555748950084059e-01
8.435027204216396512e-01
-3.977149983603229799e-01
-3.533967462128819736e-01
8.716902931579586511e-01
-1.142580460476696480e-01
9.092117302887503527e-02
4.122125366691207216e-01
-8.383563752271490088e-01
-5.253426122453852543e-02
7.283068775904479875e-01
1.544137910746177234e-01
4.577426796810668552e-01
-2.163526701393065910e-01
-9.072657391888578893e-01
3.021811792203092928e-01
-8.844199903223861625e-01
-2.722099599271659010e-01
-6.097611812159819955e-01
-3.113535374483706875e-01
5.441433776448143522e-01
5.385363731799095444e-01
3.102154394943923421e-02
-4.155299768563198715e-01
-2.030646659689516742e-01
-7.391153430351551368e-01
-2.898092857715877102e-01
-4.359641433105942987e-01
-8.354210176469334392e-01
5.086027290227836950e-01
-4.262529039207112458e-01
1.596718230136884298e-01
3.844768958649513735e-02
-2.039011323283210775e-01
9.944911453732734330e-01
3.812025040089359607e-01
4.686176062396927300e-01
2.698463979431982018e-01
6.602171016907378842e-01
3.868210618992726779e-01
-8.426584350293131465e-02
8.707400127153313019e-01
1.647595270758639430e-03
3.664668919666314029e-01
-6.034196143269010548e-02
-9.764508011266204157e-01
8.845357987295356939e-01
-8.958761374258650267e-01
1.445429184417346136e-01
7.521740968090002699e-01
3.939368263168854245e-01
-4.251575883115779053e-01
-2.176962572547154195e-01
5.317763633377281529e-02
-7.350431468800870949e-01
-8.006960121030703981e-02
-7.768948753931768092e-01
7.972854376211457872e-01
3.590867893898808116e-01
1.134270404963741985e-01
-5.886983156437377573e-01
-1.140021851539134712e-01
2.757693060795087803e-01
-9.719875725365618724e-01
4.922282543626406159e-01
-2.524063951070836254e-01
5.649879973323270743e-01
-6.601933413918825710e-01
-9.286400129801253289e-01
-9.177925797865291724e-01
4.422710392096922405e-01
-2.445951240941768301e-01
-5.958172280053708469e-02
-9.571674647276620096e-01
-7.815329954940524182e-01
-2.788786820683000212e-01
7.315434692607152289e-01
-8.868078808350861042e-01
7.734388278530786032e-01
-2.957173275122790823e-01
4.547872913742958545e-01
-2.954737899387442912e-01
9.813830979068094429e-01
-9.369898156825484659e-01
3.365412330577155497e-01
4.862725665888509852e-01
-7.331419587385272774e-01
-2.050412337472469204e-01
3.565566243404205693e-02
7.800385996086507401e-01
9.624274672750998683e-02
1.119442444601257414e-01
3.055413757517322360e-01
7.481723223481238083e-01
8.181082563749710879e-01
6.709226294767247634e-01
3.470999156994583057e-01
-7.478084926391592724e-01
8.453902799848578287e-01
6.855452288865631072e-01
4.180326073547246946e-01
-8.485188678474127055e-01
7.109689803942857989e-01
-5.863961579131722335e-01
4.510320134809269188e-01
6.966848533495593188e-01
-3.716530497989696258e-01
7.394031870137984797e-03
-2.136085304900539050e-01
-6.880639172960778538e-02
8.448205117875804415e-01
-4.740918701322511808e-01
7.565869581388164899e-01
-5.602589633265537827e-01
6.148813968149442477e-01
6.913471485520117366e-01
8.037421474903110319e-01
9.297103075905337466e-01
6.059009643001962431e-01
9.178692490133366633e-03
7.193469302213988392e-01
-2.423799828513031329e-01
2.226960526835661813e-01
3.344152271878959581e-01
2.657924323496618779e-01
-9.697583788068513400e-01
2.108658736212105644e-01
-5.080225479573394765e-01
-6.406198566138994188e-01
-4.340316543038791330e-01
-5.107333345247375700e-01
2.943796927345778691e-01
6.755107934556066063e-01
7.015010944508985880e-01
8.833357846540090819e-02
3.578843571425012193e-01
5.237089905865177641e-02
2.941665933854913373e-01
-9.477368754972039788e-01
7.899477530099630052e-01
6.447257363389382601e-01
9.149545086624621959e-01
-2.990052014253956614e-01
