7.391437470665855880e-01
-7.532168616709805642e-01
3.604564602969068110e-01
7.988948505775980147e-01
-9.789953179653064774e-01
9.761511974949400594e-01
9.800332543428005305e-01
-9.882467337268645291e-02
2.971955339293129716e-01
-4.088409112128551515e-01
-9.951822354202635168e-01
5.304724268079511473e-01
5.488124622234857863e-01
-1.000000000000000000e+00
-8.327614921497815681e-01
-8.651959149004122551e-01
3.506775107375245670e-01
7.027396312470961526e-01
7.499692142645123516e-01
7.520567626794649740e-01
1.000000000000000000e+00
6.679319911863512704e-01
-9.065551439887993279e-01
-4.326773363447290049e-02
1.802098398088750886e-01
1.000000000000000000e+00
2.690455161826418862e-01
1.274087192883494035e-01
-4.342849451005086348e-01
6.094586947408765498e-01
5.818884072866080670e-01
-4.424202100077993111e-02
-8.034415178858831386e-01
6.566968848341723231e-01
-9.751143557851937871e-01
1.000000000000000000e+00
-2.813573789925236657e-01
-3.104234892136637503e-01
5.296617278762445480e-01
-6.396549918602086882e-01
9.051596284405556414e-01
5.044830651289403667e-01
4.003875830962745908e-01
-1.000000000000000000e+00
-1.586884876710342451e-01
-9.372053920568375052e-01
-8.823166032854663499e-01
-8.543462586124024316e-01
1.408728539548343428e-01
-9.001336444497040068e-01
-5.016298773794808374e-01
-2.056372780563637745e-02
-9.770486090539598489e-01
6.003859416135663984e-01
-9.816659695566112287e-01
7.548543053505037959e-01
1.119433975324311270e-01
2.406257401964087828e-01
8.218251654715201804e-01
1.326859850484563563e-01
9.246540305359051137e-01
-3.701691012517906998e-01
8.014504421533757972e-01
-9.814100792637758808e-01
3.204191777471231406e-01
4.921700383268821088e-01
-9.429590188204806100e-01
8.736961219821136604e-01
-1.242556222739025495e-01
1.690044974427510061e-01
5.399450284337161676e-01
-1.000000000000000000e+00
-3.391859269024076196e-01
-9.706842058365965364e-01
-4.130470167566261397e-01
9.205474638049540026e-01
9.126942378739216766e-02
-1.797149481454723280e-02
9.017822480358212989e-01
-3.935972419327233296e-01
-2.302664158639142200e-01
5.605032676881016585e-01
-9.308287737879961110e-01
-5.101129433125695112e-01
-4.646557829199890466e-01
-1.000000000000000000e+00
-3.767492168466469171e-01
-5.913032071967733172e-01
-7.007793748976277604e-01
-8.100886129921849865e-02
-2.529987748272551906e-01
8.444154318607801635e-01
3.682053901675776397e-01
-1.016614064463562950e-01
-9.443831053816644783e-01
2.947797514667784835e-01
1.000000000000000000e+00
-4.905360774044288386e-01
-1.000000000000000000e+00
8.294105155545608912e-03
-2.267740154733120517e-01
-2.485355249717169368e-01
-7.519570554572331256e-01
7.717355427477265994e-01
5.656285481601328602e-01
8.905121548899370687e-01
-3.444539090417545468e-01
3.562643397658529776e-02
-9.114548447209838145e-01
8.162122266786825397e-01
6.993354003169064415e-01
1.000000000000000000e+00
1.000000000000000000e+00
-1.971788093838753309e-01
1.963101678532139238e-01
5.192425090799479559e-01
-4.564034453876961717e-01
-2.590085842089528967e-01
3.046987888542885270e-01
-8.595816386736856440e-01
8.642915220350795291e-01
3.487232168202720750e-01
9.915173572995193974e-01
1.000000000000000000e+00
1.434511357357258488e-01
4.754347923091428729e-01
4.090699822772225075e-02
9.849679080088326044e-01
-7.698752283300126509e-01
-6.096677573236870540e-01
5.137838406849772888e-01
7.463124520918379412e-03
-5.199644815768976747e-01
2.406362141596214976e-01
-7.612436774152893104e-01
1.722765180997563039e-01
-3.099751624860486166e-01
-5.237498298177155620e-01
-4.071124358617549954e-01
-1.846934345893036164e-03
-9.158170550779631824e-01
-7.128933667610726221e-01
8.935538698483612707e-01
2.112873103480882031e-01
6.691594944475195428e-01
6.401635236380109895e-01
-7.409318885316712455e-01
-1.260991830182819906e-01
1.000000000000000000e+00
5.617248780540394781e-01
-3.634459989646603439e-01
-6.192221941325707357e-01
-8.669323463452914824e-01
-1.231562945965071071e-01
-9.529380321029841117e-01
-3.666612273050240955e-01
2.734661673404426563e-01
-9.923733023580987300e-01
-2.457793223566019924e-01
-2.656011141607773074e-01
-8.004225532817000888e-01
2.111199148190466279e-01
9.818109327851909374e-01
9.495461091212110960e-04
2.213457120892117214e-01
-1.966036918954082724e-01
6.754650470261697182e-01
1.000000000000000000e+00
-5.759737115637882932e-01
-1.000000000000000000e+00
9.163073499852320003e-01
2.619934947249640267e-01
6.023715265062139501e-01
-9.625308896606314946e-01
4.309465268669178117e-01
-5.717864633172402566e-01
1.586397753001508037e-01
-1.000000000000000000e+00
6.163721397742525365e-01
-8.360971620737012167e-01
-6.880594000251670783e-01
-2.421922380421036303e-01
9.763546662320877756e-01
4.861623903923008583e-01
6.901791619495232233e-01
-7.788601303854263413e-01
6.368194515353066409e-02
1.000000000000000000e+00
3.496617821020187034e-01
-3.300634032006752872e-01
8.474302036215554113e-01
8.574482099319933326e-01
5.186982712162051534e-01
6.788861922186167908e-02
-6.609628437163042047e-01
5.641175711386342551e-01
-6.049735957299624545e-01
-1.000000000000000000e+00
-5.955145848051927177e-02
1.779496736605051810e-01
2.358137637317375135e-01
-2.119955770731069694e-02
-7.970752420716270548e-01
-2.032587504790829558e-01
5.597367836746451886e-01
5.694028801448675070e-01
-6.063090357057877577e-01
5.903346989700313241e-01
-2.539781758788141053e-01
4.041913269226491412e-01
-9.617601319153694650e-01
6.980806562933167259e-01
4.887960753013962378e-01
-7.067270449465513638e-01
-2.066353220815311809e-01
6.405463560750345176e-01
7.723412090023307197e-01
5.696583452503433120e-01
3.839692681644565342e-01
3.884832028345507338e-01
-1.561234822764223651e-01
-3.820199860377676004e-01
8.689392939620397271e-01
9.704860311109591020e-01
-3.041582626057579564e-01
8.340423149493813026e-01
4.992487062614943683e-01
5.162425070835188201e-01
9.387355263224885782e-01
-2.876676346983877974e-01
-3.426576955772154265e-01
-2.696248932667763554e-01
8.571580913615161057e-01
2.540538669534681548e-01
5.121746128565985989e-01
1.236980613833346399e-01
1.062819139965913429e-01
1.445927221460195922e-01
5.415725112422421494e-01
7.945186475213408261e-01
-9.951889781161038506e-01
9.222762356556925001e-01
6.084539665227624988e-02
-9.672581047630546269e-01
2.312377601139191663e-01
4.301228539143867047e-01
-2.416696663802822553e-01
9.683706058300048936e-01
-8.012373882492331845e-01
4.106364210689002481e-01
1.254916330489798046e-02
1.000000000000000000e+00
8.277551088781179844e-01
7.822633412436600375e-01
-7.595309456573403617e-01
9.643087599177416758e-01
-7.846737553206447613e-01
-2.379452185436455314e-01
5.069025025812857743e-01
-2.139641562770046024e-01
8.196242922938863362e-01
4.912479951770818976e-01
2.441390597894989578e-01
3.445278350058494921e-01
-7.645754791995574839e-01
