-4.741233144473533390e-01
8.920197572573076439e-01
-5.609033211608753788e-01
1.682084705842384897e-01
-6.128641201394635640e-01
5.378177764377944925e-01
-3.601416948585032252e-01
-5.044636393440472544e-01
-8.775253564964788922e-01
3.971519797796134732e-01
-1.000000000000000000e+00
2.448391613183269200e-01
-8.303129835317679674e-01
2.814124902197175926e-01
-4.843674192865957129e-01
9.620612277267496237e-01
4.434072757550442390e-01
1.000000000000000000e+00
5.073836257425488050e-01
7.372456323329930061e-01
-2.986277203437962546e-01
2.533610043153422531e-02
-1.000000000000000000e+00
-2.283712771577570688e-01
4.963439058370321955e-01
-8.212848649916504318e-01
-4.194647293320805104e-01
3.436808860820157463e-01
-7.318817711805301052e-01
2.778325891681382442e-02
8.503561127335177439e-01
6.655667066534824983e-01
-6.194758094513419522e-03
5.637643070543780777e-01
2.754853790071717934e-01
5.745071105991284011e-01
6.300477574421070592e-02
6.995598706043096859e-01
-3.977358009860567645e-01
3.920410396255691321e-01
-2.774389542460040659e-01
-5.981755810349638214e-01
-5.971280947277819440e-01
4.421596165739428153e-01
-8.991382692496692197e-01
-1.000000000000000000e+00
-6.346058893189117089e-01
-1.000000000000000000e+00
2.345964121930587121e-01
-6.283399103391942297e-01
4.266313009229775188e-01
-6.255233131546676928e-01
-8.340661027217664836e-04
1.963174331260043037e-01
6.269452463791927999e-01
8.036376765723315385e-01
9.752169586215320152e-02
2.691659532344792827e-01
-5.234266262171112238e-01
7.442524194131638904e-01
2.138064107424729188e-01
-2.844385035195745592e-01
-2.359543589970938826e-01
4.462686881305895081e-01
1.174780277424849889e-01
7.846448637264069603e-02
9.675322717446401821e-01
-5.510525194015736261e-04
-1.844199749312596115e-01
5.533572395324517501e-01
1.921033636874175943e-01
8.895855442386335632e-02
-5.536519559697170578e-01
-1.475944512372331374e-01
-6.742141422141209040e-01
6.395483211098456078e-01
2.886112044691265255e-01
3.412369263066069580e-01
-4.367072458757922382e-01
1.000000000000000000e+00
-2.524874351987753673e-01
4.172774659758519689e-01
-3.637708104617594085e-01
3.122002511109356893e-01
2.092155307506449180e-03
2.276692122870403179e-01
5.562319250035705487e-01
6.034694885408363740e-01
6.502360656285834928e-01
-7.310054656250791760e-01
8.525198087334859842e-01
1.779224977579399181e-01
8.898987573236945003e-01
-1.971993231887664844e-01
-7.008327315928550849e-01
7.746701383700449473e-01
3.137424167797415731e-01
7.249819471451548480e-01
-6.677508012786047553e-01
9.925340572459925292e-01
2.533225072366765418e-01
-8.914973181721111972e-01
5.618863809846257329e-01
2.246624364713443178e-01
-5.503504650023625100e-01
4.327713342783440220e-01
-1.314729070325213189e-01
-1.000000000000000000e+00
-5.056387114381815095e-01
1.000000000000000000e+00
-9.301587775187500906e-01
-1.000000000000000000e+00
7.805725068094213626e-01
3.308440244488397575e-01
4.882964801896164109e-01
-1.000000000000000000e+00
-8.444368517115585782e-01
7.894831544861358186e-01
-2.911363948742562435e-01
8.483349871925360830e-02
7.809132417310447050e-01
1.000000000000000000e+00
-8.116702193227423034e-01
-6.493578895795668049e-02
1.503653906655217920e-01
2.505822666787401731e-01
4.649603015103237480e-01
-6.823876600866072284e-01
-1.000000000000000000e+00
5.680805985283686743e-01
7.929717161795406533e-01
6.032018341933806926e-01
-9.178372497239457584e-01
7.872872452463749449e-01
8.839474156857543008e-01
-8.091866595302568133e-01
7.369658539063395075e-01
-6.811551560840634068e-01
4.305309968010617716e-01
2.925353175132286432e-02
-8.774070698539574442e-01
2.093953588190142767e-01
1.000000000000000000e+00
-9.018295781607875705e-01
1.424617265625676144e-01
-7.245958087487691657e-02
7.406713936270366005e-01
-6.818915396352751568e-01
-3.390508818388796586e-01
4.746562118747290615e-01
2.925647394938272194e-01
-9.170830080519299932e-01
9.381933359921535986e-01
8.430101008177347532e-01
5.754306495830345813e-01
-2.182430484664265591e-01
-8.695783981307161348e-01
-7.036470661709524066e-01
2.682053270930958577e-01
-8.749307862648086909e-02
-1.386718206731657466e-02
-3.427666947710107381e-01
-4.205562153965204941e-01
1.899995316291590297e-01
1.794845299490659407e-01
1.000000000000000000e+00
3.072604502379520097e-01
-5.252500525308346768e-01
1.000000000000000000e+00
-6.512137194781810745e-01
9.065615372497726199e-01
-2.613001965286396722e-01
2.749226923673819302e-03
6.549315305303973211e-01
8.989636062236021630e-01
4.965404231675074054e-01
1.099327693777252257e-02
-5.128258712889783855e-01
-1.285687005486747525e-01
2.864716683125114183e-01
-7.619905337826351488e-01
-1.000000000000000000e+00
9.787893289588138757e-01
8.286792613247672135e-01
-1.903600477036810901e-01
1.000000000000000000e+00
6.968650013367810869e-01
3.989220502413846070e-01
-9.069164392963928734e-01
-4.335913030668439028e-01
4.945597725646190268e-01
-1.000000000000000000e+00
2.959551511743333529e-01
3.294024159089410375e-01
3.617449595875814328e-02
2.703708162311825314e-01
-3.103905614490665155e-01
1.000000000000000000e+00
7.575973518999266076e-01
5.222840078740409453e-01
-8.398211407740869827e-01
2.857612686356055254e-01
-5.127923886916745388e-01
-9.611702096912624338e-01
-3.087352709704562770e-01
2.877394046153579077e-01
-6.190809825715029024e-01
6.755490930823795370e-01
-6.298546723714801843e-01
-1.000000000000000000e+00
-6.621939235416632874e-01
8.117701449802325331e-02
-1.000000000000000000e+00
-1.538385921194450612e-01
5.995624778739854221e-01
1.750688749641872710e-01
-3.329308999398243873e-01
-6.098168094243585635e-01
7.177341809245807447e-01
8.648141061600688184e-01
-7.067932887146829435e-01
-4.900032705331700544e-01
-6.944197161720168376e-02
4.927026975671728454e-03
-6.113726445899507755e-01
-1.434015370067926454e-01
-5.504615963307771809e-01
-8.898082348275258013e-01
2.584933941476790231e-01
2.591008567814296892e-01
-8.993218654656052191e-01
-3.751351485042855316e-01
9.988945496710186500e-01
9.672127968665561459e-01
-2.447590628063311957e-01
-2.466598498767690606e-01
3.116531592517297611e-01
2.687463843168846900e-02
1.216684374650406630e-01
-1.175402079814603651e-01
2.341048287354143831e-01
-7.400509897621136979e-01
9.502106350803669610e-01
-5.799010489354641251e-01
-9.020512998628298362e-01
-3.823352059329513941e-01
7.419179250469654097e-01
-9.294660326754311530e-01
-2.678923965927914042e-01
7.329441819905310185e-01
-2.730741076629374930e-01
-2.490099611127154500e-01
7.354644217606685075e-01
-6.433384193927524919e-01
6.775680538853707802e-01
4.469770079318428069e-01
-7.157475826598934665e-01
2.692105811124348991e-01
1.401530515092763718e-01
-2.801873080171450869e-01
-5.531368267421633567e-01
8.731843659539223479e-01
4.557117650986504120e-01
9.816192198175888173e-02
-4.616309796734541226e-01
