-2.310126606803253324e-01
4.161247456570637548e-01
1.155380977796949260e-01
-1.205849750709037937e-01
5.634551974439727662e-01
-7.890002046255830681e-01
2.587762119578735920e-01
5.962518808684806604e-03
6.153533381384923562e-01
9.105344694906691849e-01
-7.469897855405072118e-02
-1.550966808579834488e-02
-5.772611698306840955e-01
-6.349631422055111996e-01
6.217560927874172805e-01
-8.382320619970238251e-01
4.899588814185917851e-01
6.692740836444567298e-01
7.555517991961140378e-01
-8.073157948710673049e-01
6.478123084028484246e-01
5.625647973960589132e-01
8.402409796122121133e-01
-6.031851804353284274e-01
7.938765212119212045e-01
5.708425407179624766e-01
-4.246628680962593050e-01
5.255170692044042191e-02
4.612199714425848085e-01
-5.367843483498849766e-01
-4.476986952292012767e-02
-3.133056747887038584e-01
9.345605669587445652e-01
9.313192986367194726e-01
-4.279607261632067394e-01
8.006671533728328960e-01
7.725357641782980567e-01
6.530387689897989567e-01
8.246371242261224532e-01
1.000000000000000000e+00
3.560322407900696762e-01
4.048883651326784516e-01
-5.755008642057383161e-01
-1.000000000000000000e+00
8.978167854762714173e-01
3.444887873435685255e-01
4.209129109861664553e-02
3.342229649718853612e-01
4.361093653339401799e-01
5.284851600221726065e-01
-1.293386489020091901e-01
-2.029956318140080929e-01
-4.306361288080728933e-02
-4.024385348314232225e-01
9.796922679916559851e-01
-5.448716310499553961e-01
-3.547634881576842703e-01
-6.889229855967575755e-01
-3.846372879435404624e-01
3.601602335035572477e-02
3.679609557911170947e-01
9.004086538022763042e-01
1.000000000000000000e+00
-6.236434052980647236e-01
1.434596899725571750e-01
-7.257187947928851468e-01
-9.365024921389318857e-01
-2.373103071087982741e-01
5.463576584834717309e-01
7.292716140402468739e-01
3.597668159713200420e-01
5.189426152927411051e-01
9.066652428248973550e-01
-5.948673546798949330e-01
3.648141565454529056e-01
-1.335869212203213419e-01
4.226264635556937210e-01
8.185014618092334437e-01
-9.177910696584186123e-01
-6.447281801790849531e-02
7.666402941925645198e-01
-1.237662981940889639e-01
1.922626318448477090e-01
8.501030004226260983e-01
3.035071110154878293e-01
7.261003315108860434e-01
-7.539849892380176000e-01
1.000000000000000000e+00
-4.465545429035121527e-01
-6.208049559176113119e-01
-9.493776414706400768e-01
6.760684927979678793e-01
-1.702791840816495483e-01
-7.259187728753707658e-01
-6.966118819720246158e-02
-7.487142713318424292e-01
8.644561494266496116e-01
-8.317558221011436270e-01
-3.118542034219112247e-01
-4.294147800299037976e-01
3.264480921089332188e-01
-8.825251272412456549e-01
-1.509575214677166821e-01
7.682360272951456182e-01
6.437419667452468075e-02
-8.152076905939327212e-01
1.904865368852832752e-01
-6.417879653684867014e-01
9.051969221826730028e-01
5.284293009216347592e-01
1.000000000000000000e+00
-9.574612701767596379e-01
-3.678361994021845383e-01
-3.884514314436728899e-01
-6.501398313776854954e-01
1.209610457608170375e-01
-3.345527462031548938e-01
3.808465356581401950e-01
-2.104082349521152473e-01
-3.483144307375813931e-01
-4.697779007531560636e-02
-3.984589746692874801e-01
5.124493326345986866e-01
1.000000000000000000e+00
-8.600584446204296851e-01
4.536319936761652044e-02
-6.493868083344557229e-01
8.743467299440635387e-02
-5.963208090158811370e-01
-6.517726906350440608e-01
5.358363209752478040e-01
-7.211663542599946464e-01
1.021421953666803717e-01
-4.280371698443535822e-01
-6.096089713993515374e-02
-2.944531994972234834e-01
2.729160560911361721e-01
9.056174081686170219e-01
2.922940693780037291e-01
-5.354584458371502986e-01
4.825215578040074060e-01
8.294373892505610968e-01
7.023486772362900199e-01
4.424375201042640149e-01
-1.898290773164079404e-01
-5.868935042435375893e-01
8.582378856431025493e-01
-8.843668278616666489e-01
7.823975668646712123e-01
1.361446827225547967e-02
1.545001013043726390e-01
1.916668538104766562e-01
3.372549867534901935e-01
1.968352285447969585e-01
5.190215717026637199e-01
-7.903349579190226126e-02
-8.078976925927146002e-01
-2.307311419058052926e-01
-7.698255390922588148e-01
4.525425001461202967e-01
-2.540862468638308003e-01
4.076532591871813160e-01
-1.000000000000000000e+00
-1.944054422230023227e-01
-5.487158468102367737e-01
4.225587334952640717e-01
-1.749837730745526232e-01
7.319408556952706757e-01
-6.279546906615072199e-01
5.716282099337436362e-01
-8.732025439585384685e-01
7.718083315990061088e-03
-7.261168468776151297e-01
-9.735156752415579096e-01
1.733796710471826874e-01
-1.000000000000000000e+00
2.935792986413715555e-02
7.028552327422187274e-01
-8.291532775849437265e-01
7.479149214722523586e-01
-8.244510549901272745e-01
7.005427038475086077e-01
6.969544584732705328e-01
5.062093847118168677e-01
5.084282004168504121e-02
3.086056560373150459e-01
-1.000000000000000000e+00
2.111486303308549584e-01
7.875101564446772562e-01
4.391190952092975941e-01
-8.579929484807040652e-01
-1.214175146314599996e-01
-8.693956161803917393e-02
-4.971751071347592088e-01
8.461659273827329408e-02
5.529342781451983546e-01
1.340824230874283762e-01
2.383860995894825086e-02
8.170072166260631263e-01
-1.878696438985168471e-01
2.032249938638377440e-01
8.865211211013003245e-01
-1.000000000000000000e+00
4.308098499237709156e-01
-6.085172558342021309e-01
7.356700655722263338e-02
-7.193693112335595163e-01
-1.000000000000000000e+00
-8.804161827533858453e-01
8.554540087316681030e-01
-4.502548263074168666e-02
-1.416804375064495414e-01
-4.331046566624377481e-01
2.641289989026102125e-02
-1.618514477366710669e-01
6.756635631804239761e-01
-3.307985582637537614e-01
-6.445307652298256640e-01
2.953890588992107435e-01
2.035087911036821962e-01
-8.237420113590703252e-01
4.652297946673863982e-01
3.736296218433937666e-01
-1.430208201508812935e-02
3.392083889576700262e-01
-8.963314366039274450e-01
7.285519047246549196e-01
-5.164648387434925270e-05
1.072403837902577983e-01
-1.142715804421067238e-01
4.014876260065153302e-01
-4.939528883167235151e-01
-5.061355732661423357e-01
-7.995649690268938903e-01
-1.848231400215489262e-01
4.926543515583513000e-01
4.414513946034196584e-02
1.038783988681793169e-01
2.887048225673712887e-01
-4.834951857780975248e-01
-3.027637418391102009e-01
-1.364929543347887797e-01
1.000000000000000000e+00
-6.580674895162847982e-01
9.227146549624533067e-01
6.011751844694952496e-01
-6.759056433381399609e-01
-8.155281529938326335e-01
-3.999082468948327307e-01
-1.000000000000000000e+00
-1.000000000000000000e+00
4.355214851261691306e-02
5.639889020824875310e-01
-4.881187123577732101e-01
6.243386299907625059e-01
5.601183345306731676e-02
-2.249657480650255614e-01
2.048871795638782800e-01
9.708359515761522118e-01
-3.376004583459542574e-01
5.456339413246960035e-01
-4.788746409358274336e-01
4.020111699377674763e-01
9.063015168217569695e-01
-6.977197035117987944e-02
