-2.457332664776168407e-01
-9.631121948784446829e-01
-8.732539475460960876e-01
-9.573151082327036043e-01
-9.163177185786686163e-01
5.007662369126715252e-01
-2.032384114831027322e-01
-1.331042487530245122e-01
6.869093788441440473e-01
-8.349206308240917362e-01
-1.000000000000000000e+00
-1.000000000000000000e+00
-3.931731984160951043e-01
4.417428746184712818e-01
-3.951468570427807414e-02
-6.488561704739059799e-01
-7.586971646962801241e-01
-8.362078048785315243e-01
-7.764596529642304734e-01
3.843281842515569036e-01
-9.142485604698926682e-01
1.994145419094706106e-02
-3.954084251320939547e-01
-4.273914422666225121e-01
1.000000000000000000e+00
-7.746802148597524695e-01
-5.193815995810702191e-01
-3.242961496269591848e-02
-7.653438842838866663e-01
-3.132291697842943812e-01
-3.082044153285723453e-02
6.579925525473844239e-01
-5.958341389833836654e-01
5.921841923499207017e-01
-9.062517895096091625e-01
-9.254862174637923378e-01
3.448620825231609732e-01
-2.533369813585697461e-01
-8.105442051289788452e-01
1.607638793484136297e-01
-1.000000000000000000e+00
-8.139610556659562235e-01
1.135203078431374912e-01
2.318083318131717863e-01
8.524387752019215725e-01
-3.559187086056869731e-01
-1.321957749226849721e-01
-6.399587708646761186e-01
8.967420092651547936e-01
6.738579463075250464e-01
-9.202239856849114830e-02
3.894060565260433204e-01
3.867504936926400849e-01
-1.000000000000000000e+00
8.445263929705772998e-01
-7.928226144962253752e-01
7.799450975474473413e-01
-6.976338259617518300e-01
1.000000000000000000e+00
-6.475771187298322573e-01
-6.332957490577986182e-01
1.002208918312053054e-01
6.909204727706672600e-01
-3.000642944938443080e-01
9.009142708879287476e-01
9.378866082300647555e-01
1.951174467825775860e-01
1.170258821466836352e-01
-1.190246529712202239e-02
-1.246125415885657173e-01
8.923555405638994298e-01
1.012864091641321185e-01
9.353332121222690532e-02
-9.100759131413385106e-01
5.568633272747847140e-01
8.212570029292163287e-01
-1.000000000000000000e+00
1.000000000000000000e+00
-7.158429576497382651e-01
-1.636716356272427397e-02
-8.213660454892821594e-01
-5.735965846557473657e-01
3.432273614330274558e-01
9.038041187489649353e-01
7.599972861985074823e-01
2.918092207400138083e-01
4.735970444166965887e-01
-4.780905655335911941e-01
-2.916647344994967028e-01
-9.134297906292752067e-01
4.959152878537305131e-01
-8.006617624992072857e-01
9.250226937369030455e-01
8.414592916778846909e-01
1.000000000000000000e+00
2.015165717268121437e-01
-6.006477551096280898e-01
-3.857580110357528014e-03
5.061843218805350819e-01
-6.574005359399472948e-01
-6.883196229082224615e-01
-8.183708765202002411e-01
-4.558492061929629857e-01
-7.323648817558059410e-01
-9.615295584875456214e-01
5.782225804112159917e-01
4.261071172862784806e-03
1.000000000000000000e+00
1.187484881392690816e-01
-2.255305155453524169e-01
-8.693335495420282388e-01
1.875533229715441730e-01
7.911643501816920665e-01
-4.787697539066750885e-01
8.839300926141864245e-01
-8.235118857983385610e-01
4.969239093057642442e-01
-3.659264208481594061e-01
1.000000000000000000e+00
4.402767516597314579e-01
1.983115634856904563e-01
-1.000000000000000000e+00
1.000000000000000000e+00
7.342878029494812608e-01
5.627576519814172507e-01
9.434354844162400333e-01
2.970888136811948854e-01
-9.226648616061765562e-01
-2.174088826040030398e-01
1.000000000000000000e+00
-1.000000000000000000e+00
-7.574425957526496056e-01
-2.616399938667823832e-02
3.174006189833720182e-01
4.682340414979762055e-01
-5.913591147248917768e-01
5.576884407146067701e-01
-6.988818907776643830e-01
9.581863963572943010e-01
6.668649343055221834e-02
7.685435625786900538e-01
-7.895034955442281621e-02
4.102838630637197781e-01
-9.966559189769674809e-02
9.746375901712300838e-02
-7.663382351596559339e-01
-5.036279616434511386e-01
9.340361710752167479e-01
5.849609348403916886e-01
-6.661070798009949279e-02
7.642186156402099861e-01
-8.691088760693532755e-02
-7.595562811469978026e-01
-8.555764133798575699e-01
1.000000000000000000e+00
-1.385409635163594722e-01
-7.280141387879734971e-02
6.235786000168649368e-01
-8.490449330743627954e-01
5.007465767072358798e-01
5.240337588214849518e-01
-6.815402702686124137e-02
-3.070031457437056854e-01
-1.000000000000000000e+00
2.965157988939717271e-01
-4.411969702434638263e-01
4.717795191909424091e-01
-9.900949018318303541e-01
-6.282480286025342586e-01
-2.253424169296589508e-01
8.583584422149654891e-01
-1.711756142934424130e-01
2.226798695958243091e-01
7.930463118055484095e-01
-2.676890326334935288e-01
8.770364292492449643e-01
4.099683365469157792e-01
1.000000000000000000e+00
8.483792404817198651e-01
-5.572377852279830623e-01
-1.000000000000000000e+00
-7.372627251636343360e-02
-5.385866097930525065e-02
-6.539876445471393129e-01
2.495644083533667956e-01
-5.953196945245942118e-01
-5.841584885360913137e-01
6.557411209073538139e-02
-5.457143765378820177e-01
-9.209258729021778667e-01
-8.893507397666142733e-01
-1.626289071455619961e-01
-3.549062239158740084e-02
8.256236988093295093e-01
-3.227390234320415274e-02
1.000000000000000000e+00
-7.056676973438954503e-01
-4.240980774573266388e-02
-9.288122527575133347e-01
-1.577489858374570009e-01
2.434669582931872078e-01
8.053536104747740509e-01
4.648552862968413635e-02
7.315192762598301535e-01
6.398954249609203337e-01
6.879812633049835480e-01
-8.345197131918375977e-01
-6.741068828489114040e-01
2.712069982992773021e-01
-6.888275742678235947e-01
3.752091111804856105e-02
-1.000000000000000000e+00
1.963509634736568810e-01
-3.182241947002346638e-01
1.411701445446889025e-02
-4.233089885246712480e-01
4.146835400938864158e-01
-1.924164894316904295e-02
-1.000000000000000000e+00
-2.119236186191357785e-01
-7.597789904729583821e-01
-6.180763728100442389e-01
-7.763945778801848441e-01
2.562196104200220592e-01
-5.022597658039915647e-01
-4.887092960637406946e-01
-8.793472303528682144e-01
-6.794637330128467934e-01
7.522140104252337256e-01
-6.693681459940531431e-01
6.735748532942829048e-01
3.064958854265931176e-01
-1.803115608873218090e-01
-1.479353792057644945e-01
7.438980126728633735e-02
-8.366415722117024334e-01
-9.248766611926326764e-01
1.626983779841251199e-02
-8.380166392255272712e-02
1.782764243903385282e-01
-5.184360346942473718e-01
1.359223577158887863e-01
-3.709795491553440350e-01
9.538124186578034180e-01
5.140631276866292065e-01
1.529434266559392963e-01
-9.094427234624944401e-01
-2.929829104639414261e-01
9.160929833995914429e-01
-4.612371351749267046e-01
1.514515369095053021e-01
-7.759223780442843221e-01
3.364945129560823478e-01
-9.507294644110590998e-01
-4.082888371242665571e-02
1.344797846376570849e-01
-4.922565976136168420e-01
8.916595558105262498e-01
1.921049518972732795e-01
3.040578345657953818e-01
-5.969343861039586585e-01
-8.806661546467355883e-01
-6.669754888146484095e-01
1.000000000000000000e+00
1.000000000000000000e+00
