9.719489783259102622e-02
5.353977172270767415e-01
2.051564409081814144e-01
-1.423761477724103663e-01
-4.585842536402499059e-01
-5.868734690071319982e-01
7.302026559109513482e-01
2.696589737615993077e-01
9.974083780769915641e-03
8.948627448894919123e-01
-1.231152491167137875e-01
-3.666760955243975051e-02
2.150263345855319974e-01
8.685097542400155302e-02
2.301521880342310977e-01
5.541327344569020319e-01
7.245352670266808071e-01
3.402409283911410065e-01
-3.497412541752104032e-01
-1.528430399584312926e-01
1.532054543656187207e-01
-2.109249308351998087e-01
-5.852976892105108409e-01
-7.324084822679344242e-02
9.055579987654671648e-02
1.054677511360414544e-01
4.515291830871538958e-01
7.057023082937141645e-02
3.008627893212854065e-01
-4.352179407533826594e-01
-7.122653353769303752e-02
-3.705460186468738648e-01
-6.250764828796424588e-01
-2.403652361613742849e-01
3.039309628226627424e-03
-3.152722210895074761e-01
4.044987901830711663e-01
5.528083688654792383e-01
-8.762569518479159658e-01
4.493157181071070205e-01
-3.242829494576507932e-01
-2.975313722891427259e-01
-1.722601778934684802e-02
3.210945814048543623e-01
3.742287320763613145e-01
2.819942604166172373e-01
1.048494979120362380e-02
-5.117086952162519520e-01
-2.718588631682267165e-01
1.534390868065346192e-01
-2.322965524322164743e-01
-1.997329472207998169e-01
-1.404803662817288856e-02
3.800197811210263010e-01
6.196465491931140157e-01
3.241457617039995576e-01
-1.923805099595634616e-01
-6.584021095591373607e-01
-2.418839625908133506e-01
-3.441936055505171455e-01
-5.715508073858205362e-01
1.644538624022279238e-02
-8.670422305218701275e-01
2.800753237130395590e-01
3.879539345894809088e-01
-2.476545816136885292e-01
-1.691139524601281696e-01
5.497248580618874225e-01
4.889839459695055623e-01
-5.773780248142721394e-01
3.745033937879440611e-01
-3.424928012267396404e-01
4.674781910103951721e-01
-7.542325271025634992e-01
-2.361549659508248578e-01
-1.218283795883493004e-01
1.573303823548938274e-01
2.081918335854391344e-01
3.796594401990455170e-01
-2.156780621626330774e-01
5.072823043411490707e-01
-3.597285764672946695e-01
-9.075349544753845699e-01
-3.086434627443127021e-01
6.345842246706482337e-01
1.412545534584176421e-01
-2.473839354099790500e-01
-1.081498146469796195e-02
3.171153638446749246e-01
-4.056796721186779475e-01
8.016130806013959109e-01
2.037111053939771599e-01
-7.113126957857707211e-01
-3.650676691004394181e-01
1.417157072082952940e-01
-2.562632677957229488e-01
7.273986043031288595e-02
6.469555837118041719e-01
-5.297206236661606837e-01
-4.248352710726399639e-02
3.395037483972465076e-01
-1.103929515448590637e-01
-7.929066260757259288e-01
-2.429822401221210515e-01
-7.691919581054020849e-01
-6.112857224678208690e-01
2.071142530178046448e-01
-6.500108813369658289e-01
5.769190967082697963e-01
3.282292806982110012e-01
2.880125095729896278e-01
2.502938147567724814e-01
-3.036949377025590646e-01
7.233449873166375443e-02
-9.676206000642695315e-02
4.162133894893524921e-01
-6.017539269735178165e-02
3.478247761733974652e-01
-5.160248541611238693e-01
-3.661171008671743055e-02
-6.561515647889398783e-01
-1.719153348577773799e-01
-8.642495399157364977e-01
-7.455680469009366984e-01
-1.518988273168526137e-01
-9.568216151816277826e-01
3.385607097988059255e-01
-1.051136676028574524e-01
-6.064835020946609534e-01
4.870093550823175743e-01
-4.374401255585500525e-01
3.647256537121766895e-01
-3.212226084937707116e-01
4.636792777558939593e-01
5.399261471112282162e-02
-1.158014108596311376e-01
8.954084178372606617e-01
-6.792598527292218469e-01
2.503933640003293548e-01
5.619654431177198428e-02
-1.918259938171048562e-01
-4.186186403533579403e-01
4.100126616466083229e-01
3.218902791252046258e-01
-6.732399236671848808e-02
-3.081632901804536862e-01
3.707996804418689507e-02
-4.897586342483314370e-01
5.165615220500430205e-01
-3.636749129487063525e-01
6.893073814548607015e-01
9.999738365068178148e-03
-3.802545047300742720e-02
-8.965117212363538091e-02
-4.690966666433186716e-01
6.142709419062838405e-01
4.877262560165718241e-01
-9.922061216883859558e-02
-6.484109765970791361e-01
-7.543043812073892962e-01
-2.648295696427629964e-01
-4.253604134402085846e-01
9.424166654058578896e-01
-3.209981954421311512e-01
6.418040225438257362e-01
2.099652523702593143e-01
-3.222825834086140429e-02
-2.588509742062061747e-02
-3.206537578585154646e-01
8.616129961217557920e-01
-8.416162054564514383e-01
1.467201862246679533e-01
3.045955793661916378e-01
1.253870323964846323e-01
1.568250040440247184e-02
-6.945929786025333286e-01
-2.274237951035825711e-01
-8.337881208046935555e-01
-4.172610032855951778e-01
-2.452388645119940036e-01
2.553572091685482048e-01
2.241088986136807737e-01
-5.592726513585999371e-03
-3.881647804022058112e-01
-1.074332613337330433e-01
4.823322378310757053e-01
3.195266959288713959e-01
-4.498289864787985426e-02
2.873563564222386679e-01
3.059702070531599150e-01
5.237371013916056750e-01
-4.497811550472827768e-01
5.625473213763223512e-01
1.351025457778090022e-01
-5.474530542554206791e-02
-3.142844563617019360e-01
1.549534644976443554e-01
5.541243969494236143e-01
-3.432499130056710368e-01
1.994709796599406504e-01
1.132284360534379641e-01
-1.096164466844044005e-01
-4.118882672094794084e-01
4.813667292698855515e-01
-3.399681066817628050e-01
2.270153784044586509e-01
5.235035859697012572e-01
6.728413487539325333e-01
-9.660099811765152089e-02
7.600772262261060730e-01
-8.361079251850547234e-01
-7.086365250933918114e-02
-5.278310243518036238e-01
5.454981738823561077e-02
-4.718738596440198441e-01
8.747848984931044791e-01
-4.334848893581095819e-01
-2.012610323049178473e-01
-1.812144314491651587e-01
2.102870622837869075e-01
-1.739481154559372467e-01
1.508088774524896092e-02
1.685032642295490879e-01
7.718946565737616616e-02
6.832083687738146338e-01
6.695145182118487082e-01
-2.839663159026580841e-01
-2.560554643878392156e-01
6.769082924987872563e-01
-1.178186721542260895e-01
1.101382677903750551e-02
5.843961850574314054e-01
6.470250831622725851e-02
8.033274692061088684e-01
1.658815735821431159e-01
3.356588120826368149e-01
4.010863311032087930e-01
1.577835816317990636e-01
4.883076958011793867e-01
2.052818732030305959e-01
-4.152802959742196709e-01
-9.154552543116634133e-01
-2.443796966542333138e-02
4.855635384396561616e-02
3.676956599182781282e-01
-8.669693057528221614e-02
-3.950487228532294504e-01
8.806716097051130454e-01
8.692858538474268482e-02
6.137539159819362933e-01
-3.794290677852251159e-01
-7.065805449274989991e-01
-4.170738999564447269e-01
4.391571760639938482e-01
-4.042398308950873043e-01
-2.275966242243455950e-01
-3.689226082518817229e-01
4.806979125684021081e-01
3.006718637379177661e-01
-6.365786525355687786e-02
-2.645612547000349979e-01
-9.802447276184814151e-02
1.166783687492590760e-01
1.259561055631423510e-01
-3.402706975373780418e-01
