-9.903221707528909734e-01
-5.520045333536488519e-01
2.196183684205984255e-01
1.000000000000000000e+00
-3.709685308241780222e-01
6.173392688046757115e-01
-4.016344763363950687e-02
3.518828143934892294e-01
-8.184881208014606058e-01
-9.803167111156794178e-01
2.703603201058052408e-01
8.200887947687697244e-01
-5.827897063988592141e-02
8.943487710720693373e-01
-7.263065668420550791e-01
4.528471668175133580e-01
8.556204867116831148e-01
-5.099464107992280892e-01
-7.712448439900688735e-01
6.962251631426755183e-02
1.075460679253280732e-01
-5.377812355098995356e-01
-2.285495503171217913e-01
9.840343503650847978e-01
-8.696710237140676814e-01
-1.235068675612719796e-01
-1.000000000000000000e+00
-4.592701730731700849e-01
-4.066510663151421956e-01
-2.088655868274482130e-01
-1.737315591976076046e-01
-4.480550602500395496e-01
-2.519556462564563892e-01
-2.211461366051047095e-01
7.383134307623456793e-01
8.352319924541724838e-03
-2.916491002325576343e-01
4.426880834619970617e-01
-7.963897223624509802e-01
-9.770401463617650606e-01
9.889476015115677976e-02
9.740227038792886871e-01
-5.423181074577301253e-01
3.784815183916856451e-01
4.485104248762326606e-01
5.049838869973465316e-01
-7.857114278688540621e-01
-2.673321399128505416e-01
9.753794582618466880e-01
5.311888715055437249e-01
8.754529814425245915e-01
1.701524898976750633e-01
5.101633449769855666e-01
1.792966217175838428e-01
6.647565307060699924e-01
2.188328562613628750e-02
9.695824304370699309e-01
9.997871727897776895e-01
-4.592797618411612048e-01
-1.764685785956745523e-01
-2.518862705124293444e-01
6.793679614332270855e-02
-2.056568634897453993e-03
-3.259877477334784945e-01
8.413394996817210592e-01
-9.727208143350235536e-01
-8.994501499148634116e-02
-9.229796405104506718e-01
9.631772629807481279e-01
6.378129113562249763e-01
-3.722165056574789910e-01
-1.139238719382022480e-01
-1.850369684901541356e-01
-5.381460549286032347e-01
-2.910481508546539642e-01
-1.000000000000000000e+00
-3.087227224926626379e-01
-9.884643410464906133e-01
-4.466571176130920140e-01
-2.457291737431995804e-01
3.627167812232232752e-02
-6.176380960758579564e-01
5.054285486206206990e-01
3.166787585295769980e-01
3.771523200179839330e-01
6.263617200386085715e-01
1.000000000000000000e+00
4.462193567813156347e-01
-8.702593347532838752e-01
8.985996199309870258e-01
1.000000000000000000e+00
8.089805862072372289e-01
-7.417200188963010143e-01
-7.363686114395345816e-01
-8.499205262999444122e-01
-6.196176941439643926e-01
-4.287693341730720031e-01
8.574696263401105911e-01
7.123365185288027535e-01
-1.242911814488498468e-01
-4.975317001651122228e-01
-9.835697534081507820e-01
6.336172637164473320e-01
-7.311851447137887039e-01
8.661807282937574737e-01
9.801413451664291454e-01
1.347794566176982456e-01
-9.735750184680357355e-01
7.487454122283199176e-02
6.396404681656824298e-01
-6.524803776307716019e-01
8.830974324692110189e-01
-5.994234253393633249e-01
-8.473535766711202122e-01
6.282283620531079471e-01
5.283744482900175621e-01
-1.909314516923810157e-01
-8.433507534786521820e-01
-7.191636085040979953e-01
-4.852733904115730801e-01
5.616409626965752633e-01
-1.799394580059117399e-01
8.045078686014065505e-01
8.457221267460899305e-01
7.858833313058321002e-01
-4.748374812123427602e-01
-5.106926646938469982e-01
3.424460534139611712e-01
-6.443530303012525717e-01
-9.783876083357370135e-01
1.000000000000000000e+00
-9.996764539463326438e-01
6.728320917913648280e-01
-6.910684241023282159e-02
-7.847968228366748455e-01
-6.926317074604153579e-01
-6.942157244804455507e-01
-3.944298010944394806e-01
1.000000000000000000e+00
7.146872933929502292e-01
9.911950008417743652e-01
6.427965357253507817e-01
-7.623967315669479827e-01
-6.136240874867925355e-01
5.851718539524720236e-02
-1.434030038083051461e-01
9.909447172553887961e-01
-1.390748938522865241e-01
-6.982406027219727473e-01
3.858976810982328032e-01
2.037094392423581812e-01
-6.851155677805256250e-01
-2.783010665384508253e-02
-3.352372127498441379e-01
1.557902553137697488e-01
-5.957569106778357604e-01
7.634612835298364431e-01
-2.755635892675840637e-01
-6.855420094781879969e-01
-7.264380957426935792e-01
-2.673341550421935997e-01
5.847508989595208151e-01
-4.896549695824280457e-01
4.123376317830029780e-01
4.656204597077129304e-01
-5.540656946630749813e-01
-7.856728903699841116e-01
8.969197649678803952e-01
7.851199544894337246e-01
3.927034405535430039e-01
7.194978868588799426e-01
7.387652627085378176e-01
9.233011984877129708e-01
-5.567389670488740450e-01
-2.485214422132604184e-01
-3.706459978831911917e-01
-3.444819561313699485e-01
9.909324948953123213e-01
9.960853964674281080e-01
8.114302559481205712e-01
1.000000000000000000e+00
1.151067761177114457e-02
-2.816446651523499822e-01
-2.428692339236833975e-01
6.974508607689278161e-01
1.174227848002321606e-01
4.191744855427279592e-01
1.000000000000000000e+00
6.881900976604850007e-01
-8.836611508952876282e-01
-3.289386275871030926e-03
-4.402759097450963943e-01
2.499893242851857211e-01
-5.774156558635892278e-01
9.840483147368651595e-01
9.550100263740050055e-01
-7.692874858485537759e-01
-4.619233772888808320e-01
2.417896216843822832e-01
8.632321675455278953e-01
-2.839573063555863586e-01
6.045976217570590006e-01
-8.462556999352637277e-01
8.761883134420335173e-01
1.301140106634041393e-01
3.701960537047933597e-01
-4.783755678345026907e-01
-2.804898510136228929e-01
-6.986662108966767981e-01
3.738992333236581533e-01
-4.138081737135519411e-01
1.965916456018019787e-01
-5.251661210228335541e-01
7.402478416101846426e-01
1.230929704579624140e-01
-3.304136435457204479e-01
-2.431220556927518595e-01
8.074594044757921196e-01
-9.267384899686605948e-01
-4.260135885864927974e-01
-8.358317312339889060e-01
-3.088018104362703908e-02
7.883279577480576394e-01
-6.638494520946138788e-01
7.374222451346876817e-01
-2.168636467884056673e-01
-4.610228314565660845e-01
-2.772162989196387817e-01
1.337355959073828204e-01
6.583925519410707139e-01
8.650015260857062405e-01
-1.107102018561494788e-01
-2.721092021418548001e-01
-1.587579073661264106e-01
9.996248025668418302e-01
-5.851031662530306043e-01
-6.545443397574743916e-01
-2.383938496991310496e-01
-3.954289740388251817e-02
9.562569858437004466e-01
-4.617891720035268155e-01
7.839485399520859099e-01
-4.931251398633406668e-01
-7.353855911552811264e-01
8.182455252543533453e-01
3.808146994131575980e-01
7.382611656639785913e-01
9.132925523897756914e-01
5.374007088464580750e-01
-4.567838977182209215e-02
5.649902236805366407e-01
-1.795840703815241302e-01
3.157232836767805417e-01
1.000000000000000000e+00
7.171982430875828429e-01
-5.294300695438270976e-01
8.059262271791610699e-01
4.565902918101180097e-01
1.382973249825441564e-01
-6.530013178088360792e-01
-3.937019151644485238e-01
9.881975071508972697e-01
1.000000000000000000e+00
7.640996178435314201e-01
1.978357880063220109e-01
