-2.221541872854423394e-01
-8.794925625756002674e-01
-6.029352660712794520e-02
5.090297651567696896e-02
-3.224132535251375553e-02
-7.632026981210003891e-01
5.052711477537144003e-01
5.905909126594308667e-01
-3.742008810768454041e-01
6.515850098627912201e-01
-2.625107120577914455e-02
1.873882504039000030e-01
4.113258315787937658e-01
4.125581509105128442e-01
1.498664791211599123e-01
3.296836104271425039e-01
-1.000000000000000000e+00
-8.485180517212606022e-01
6.083454707768316538e-01
-2.726341454298289446e-01
-1.000000000000000000e+00
8.066579343805397873e-01
-1.690831433037368048e-02
-1.507187143655416839e-01
4.537486138522200396e-01
-6.729824885348421049e-01
6.960538010706592837e-01
5.323565064698325688e-01
-6.708795263639840689e-01
-9.373241223246574494e-01
-6.735937956267835647e-01
1.033141715544097505e-01
1.000000000000000000e+00
-7.252649455035743431e-01
2.978170433288653829e-01
-5.327466283366099065e-01
-4.338625193677768110e-01
-1.000000000000000000e+00
-1.402254126550160351e-01
2.706356624022983604e-01
6.566347545412334341e-01
4.550745276821804852e-01
7.191628263706321134e-01
1.169505187650928257e-01
-1.451644752468576050e-01
6.366644423061971203e-01
-5.637638603845844809e-01
5.406161466648515823e-01
-7.216383724187821480e-01
-5.148957735229804378e-01
9.955635000538187729e-02
4.297461916050757114e-01
7.331843873534851230e-01
7.282408392316999102e-01
5.831804914598358591e-01
3.511292488530552980e-01
5.732674472073991945e-01
5.316149542838981557e-01
7.758111242359740090e-02
-6.058173872330788745e-01
7.766938526530051679e-01
6.467437098362858183e-01
8.010234264286559824e-01
-5.113035266623987551e-01
1.304346976814630549e-02
-9.161354167720419106e-01
5.264782257003025601e-01
-5.591392443684343183e-01
-4.118355834944090188e-01
6.184429180471784360e-01
-8.508211125185114465e-01
3.616675189862588735e-01
5.579318690130385949e-01
-2.244287567197597588e-01
-9.041394171139831570e-01
-5.896526483782411621e-01
-1.515282125955249026e-01
-3.971946484581849734e-01
7.499521149060796033e-01
5.970237032811749334e-01
3.430477820292281432e-01
6.862707994052558158e-01
-8.603523350324326913e-01
-7.698884388756271901e-01
2.895785919452809609e-01
2.002478004131625910e-01
-3.339710470849412971e-01
-1.463240157557067489e-01
1.229279647205319681e-01
3.972151285435958634e-01
6.423160055601159213e-01
3.322794554131930367e-01
-5.263271229307028287e-01
-7.778302150234986390e-02
-3.632485814493678911e-01
-3.180174591987785515e-01
-8.922595571694197369e-01
-7.539426615970118428e-02
1.020319533834935788e-01
-9.646305263845268430e-01
-9.056639249413821480e-01
-3.967758304907059164e-01
8.786683355817259677e-02
1.000000000000000000e+00
-8.617027405076866931e-01
-4.040037392992059107e-01
9.464188182526049875e-01
-4.606615953545795117e-01
2.670447977818979357e-01
2.166656827533167684e-01
9.329261873631483626e-01
5.585282053897826504e-01
-1.984961537585371860e-01
4.314451639715218279e-01
6.288394961975614095e-01
-4.436010794938261004e-01
-8.140062582518247103e-01
-8.755825259242688841e-01
4.945151774222625862e-01
-4.780913583545235435e-01
-3.488515896908540026e-01
-6.817829280894091015e-01
1.000000000000000000e+00
8.513305264449160248e-01
1.263667126070159852e-01
2.851574599085747175e-01
9.855029864907633996e-01
-9.684292595705723539e-01
6.332896175418099016e-01
6.953461441591428649e-01
3.700841403651255468e-01
2.650399771881950528e-01
-1.000000000000000000e+00
6.684950461312544334e-01
3.908316441353454906e-01
3.917112219767232006e-01
7.836189461699338832e-01
-8.885005009938438114e-01
1.090708774021505872e-01
-9.297160343987986852e-01
1.107427024046879205e-01
6.906665574709354161e-01
-3.577657716764499618e-01
-2.607967706933866925e-01
-6.576100454438995602e-01
-6.178234617548408192e-01
2.808326440146071690e-01
1.000000000000000000e+00
5.531299710768791122e-01
1.473993149343303111e-01
7.512371282258840655e-01
1.653221857178434062e-01
-7.224435409503309202e-01
-1.000000000000000000e+00
1.740853049446339784e-01
-5.950555934418226833e-01
-1.362965094165241864e-01
4.729415414309713628e-02
-2.530984741566177920e-01
1.233579043735797548e-02
-5.548667402637307289e-01
4.487902136916449014e-01
8.259342725320097944e-01
1.767368330408413679e-01
3.195423721077010892e-01
9.912329682323554048e-01
7.816035533197455143e-01
2.748700935443025850e-01
1.895394221208374641e-01
4.811737792026351546e-01
-2.338400593535665262e-01
6.972602665533602639e-01
-3.958818445592185986e-01
-4.651525854172809948e-01
-3.351538296587346921e-01
-2.874791068195354238e-01
2.880282773447840894e-01
5.128120631427298681e-01
8.770937842906348925e-01
-3.657414892044186239e-01
-2.588583067328449894e-01
8.347788071404482757e-01
8.517527318532410741e-01
6.452608061108666693e-02
9.627580090525333922e-01
-8.455383249777519428e-01
5.004203646820601925e-01
-6.196375451151540092e-01
8.095517630762540939e-01
1.000000000000000000e+00
2.061700765204753372e-01
-5.139103185350145653e-01
7.953720399861269330e-02
-7.681629640952870597e-01
8.146919491678845660e-01
9.584382594772474784e-01
1.000000000000000000e+00
-4.622456519845696832e-01
7.271522156157534944e-01
3.075114064504674283e-01
-3.006168458956504641e-01
1.000000000000000000e+00
5.437983499722759406e-01
2.983003685784741954e-01
-9.805015424264352797e-01
4.690524089594628743e-01
2.251867663511477047e-01
-4.738846993396669816e-01
6.293663574866012467e-02
-3.726122175335211395e-02
7.437151443463018152e-01
3.982092932074344227e-01
6.234477784588617899e-01
1.000000000000000000e+00
-1.424124445621322010e-02
5.862031727007248616e-01
3.271141375211873425e-01
-1.641546826574011853e-01
-4.392451796660462038e-01
5.373766749941384369e-01
-2.935972186508211124e-01
3.797857946675229912e-01
3.176205562179776898e-01
-9.765466939390301526e-01
7.742779301357264332e-01
-1.588789494451883222e-01
1.763964479218346204e-01
-5.839051485805772934e-01
1.521752214025379191e-01
7.250860724493910503e-01
-5.070089155116157265e-02
-6.767683355735683026e-01
-1.200633924657193291e-01
-7.646071258722597630e-02
-8.139357272579621494e-01
-5.964121151615727756e-01
-4.707582511065244030e-03
-7.813221949074794503e-01
1.078188346830055017e-02
1.000000000000000000e+00
6.559542262784460176e-01
-4.479916068193477985e-01
-3.911892385595588939e-02
8.375863527982285728e-01
-4.789091877571596267e-01
-4.975117391611817985e-01
6.605034426915341594e-01
2.099206652136452467e-01
2.713361094992794431e-01
8.126639011068799157e-01
9.618997592132524366e-01
4.729264671446159474e-01
-8.388374383975705229e-01
9.038791042622373872e-01
-6.840021784037888519e-01
-7.763889771929332051e-01
6.584504479246856834e-02
7.686608038450069014e-01
-3.540231438320193824e-01
-4.105599304421820861e-01
8.476863360148639837e-01
8.743280782070073087e-01
-4.145585704152349726e-01
8.187589533501228312e-01
3.333385009970777357e-01
