6.351660338052295129e-01
-4.564423267332220480e-01
-9.428736577706375854e-01
-4.568143031789576591e-01
-2.697393066583317900e-01
3.761531270190027754e-01
4.244965902352616505e-01
-6.404776661180099362e-01
-5.803414711455467945e-01
8.755520790153553667e-01
-1.082408826037881244e+00
2.130221531458753037e-01
8.506918314107170254e-01
7.177388307662281308e-01
8.902473837645357158e-01
-1.034790082361995989e-01
-6.879988662181825143e-01
4.037561298083591765e-01
4.818184051447110261e-01
7.465490219894941326e-01
3.627262896739756881e-01
-9.146524130300037747e-01
-1.295048861202586221e-01
2.752052949396273096e-01
4.994314409032556412e-01
3.669618679502089087e-01
4.446189550960427117e-01
-5.740405823889431769e-01
-4.098684040923160354e-02
-7.559856417642896176e-01
-4.818904860764996467e-01
5.706531005381155763e-01
-1.674635827398970600e-01
-8.744562917579828953e-01
-6.565772041225119704e-01
-5.883154973696088641e-01
8.011538243198037534e-01
1.840229582529434027e-01
-9.165690942489156390e-01
-8.764306989238090928e-02
2.516599839824277263e-01
-6.746362554146347890e-01
-4.859274631236171205e-02
-9.947947240570678140e-01
4.664983100576560182e-01
-2.645784574986063675e-01
-4.904396086008182554e-01
-1.944119593611741414e-01
-5.680951044817844631e-01
-4.575173242953454178e-01
2.976089496048217597e-03
7.244779586733087751e-01
-3.727208477939853992e-01
-1.041392332176860336e-01
-8.379985707957677832e-01
-1.207776003392471154e-01
-9.833323062022067962e-01
-2.152555036193272431e-01
-6.629586487990669630e-01
7.387565597533098938e-01
5.175719309184569905e-01
-5.581800545137324265e-01
1.139062211642864808e+00
-2.698435809302103250e-01
2.008746262861071386e-01
-8.703849210593462837e-01
-5.269202065801764645e-01
1.401311689800609564e-02
1.211175741010550450e-01
-2.307382781637515312e-01
9.241465222497207144e-01
3.776586757452878862e-01
-5.254237945272510063e-02
6.270442480078604053e-01
7.613353693019457857e-01
-4.301019843591256664e-01
6.180663187678993031e-01
-3.971848346630941773e-01
-7.677943247582710296e-01
-3.486148934312060521e-01
2.239351006979400927e-01
-5.273514211431261645e-01
-8.720673997306133129e-01
-6.523727179289091627e-01
1.127978504392204151e+00
-1.320267602106435234e-01
-9.699046922425951234e-01
6.258281133053535950e-01
8.995542367763518232e-01
1.679603339772640924e-01
2.383901564573328025e-01
-2.380125283131728775e-01
-2.944946345507897245e-01
-9.186177543219413433e-02
2.686503511298399260e-01
-1.547828726023919022e-01
-1.212029835676050327e-01
-5.263777248437393474e-01
7.728963859427566696e-01
-8.217580588220393389e-01
-6.844068391147219987e-01
-8.393553844657413165e-01
3.537882272434412223e-01
2.470638340099335362e-01
-1.838209877093975875e-01
6.346911145197216275e-02
-2.275813326160509853e-01
4.357870075649821762e-01
-9.216199435368777060e-02
4.181709418968266867e-01
6.296009671596562995e-01
5.002201487039968919e-01
2.200117633417015273e-01
-7.180226397281532780e-01
9.029350865731290421e-01
-2.989297637489229942e-01
6.085648367797675817e-01
-1.366527385010301299e-01
9.509058729542041455e-02
6.341762917167229063e-02
-9.987155555992840439e-01
9.215999082248502727e-01
9.022604655593458034e-03
4.087584647701809626e-01
2.466764287588746329e-01
2.394159583361461507e-01
-1.133601973934527385e-01
-4.641551528713144803e-01
5.741101213616279786e-01
-8.055558158162312576e-01
7.101503033365735851e-03
-8.739622109281195428e-01
4.857817935920669683e-01
9.410406161177749251e-02
-1.940673628306167076e-01
-4.242382455133258956e-01
-9.174281175552838619e-01
-3.225160309663807068e-01
8.069500807700626943e-01
3.781454714770607350e-02
5.644559436364389171e-01
-3.305547530927235300e-01
-5.535689006904951359e-01
1.386631479579993886e-01
-1.297696442408892703e-01
-6.570836990878810013e-01
6.155490830126122415e-01
3.355664901950632384e-01
-7.682815964050404567e-01
2.155775387887259864e-01
-9.677423979347480332e-01
-8.765760732095478902e-01
-1.952675665223602142e-01
7.742659969211016513e-01
-1.413864402216716831e-01
4.459798283929043983e-01
4.826092659227514403e-01
-8.188384617984465486e-01
-4.950641241629685219e-01
1.723308245927689109e-02
1.239855414117266574e-01
-9.549805807535576285e-01
4.176731139468246590e-01
-2.170025861999855810e-01
2.364482507689455171e-01
-1.939163159390040053e-02
7.617193330567599840e-01
-7.172094320517845567e-01
3.780622098398752629e-01
1.519920708242539220e-01
7.613963189482191307e-01
1.662775545886101547e-01
3.901495731445607240e-01
-8.829793024359364750e-01
3.361547893343221349e-01
-1.210058080549374360e-01
-2.541787064519369643e-01
-3.151339452087195681e-01
-3.785982674936063663e-01
9.727303798046789129e-01
-3.650306505381084587e-02
1.999054426827435726e-01
4.138759205651092454e-01
-5.985301535385385147e-02
8.138925122918694299e-03
-4.805580089685974610e-01
-4.695127664745185614e-02
6.599440545850540074e-01
-6.346633485176563783e-01
3.204746758416031627e-01
9.279471661418492445e-01
-8.093364258004976941e-01
-2.706969618002518785e-01
-4.414706839685835216e-01
2.682400784568010899e-01
-6.506079529800838923e-01
1.346217230596546965e-01
-8.445243981877840200e-01
1.348669468894266310e-01
4.852618210094951645e-01
9.758886557896840896e-01
2.046658536516853533e-01
6.750185733435186686e-01
-8.681290702330430875e-01
1.122145394479346775e-01
7.348872734988656230e-01
3.434757739695651346e-01
6.163198625946102460e-01
-2.886289996151721882e-01
1.029559852034809708e+00
-3.083493114545003966e-01
2.939740801374319812e-01
-6.746056436488900854e-02
3.190657295737757693e-01
6.389473326950567689e-01
5.874100299377559287e-01
-8.698124764447170421e-01
1.094970852953727064e-02
7.526300945283481703e-01
-3.390121730288349067e-01
9.745776562286892486e-02
-6.688573130423149937e-01
-1.796977676989730544e-01
4.841603711754409733e-01
-3.787829382377783105e-01
-3.498082398171018514e-01
3.288492870181762839e-01
6.988170901271278934e-01
-9.550368803559183828e-01
1.466569713025431820e-01
1.119237457271362590e-01
1.251410431491345177e-01
-7.877003808024295450e-01
-9.230847273420264565e-02
-4.296327679039258496e-01
-8.449190092270131291e-01
4.371021923071184423e-01
-2.374644976167128441e-01
-9.143752153200983557e-01
-1.843075342209659073e-01
-4.553201807468961748e-01
2.610419266695153118e-01
-3.769148594093980620e-01
-3.101670521174459960e-01
9.731157263793035472e-01
-9.700711238004300352e-01
6.472490279205355135e-01
2.090462966337685025e-01
-8.642871354478637302e-01
6.658183213254878496e-02
-9.161270371621152986e-01
-2.284815064923167438e-01
4.655681815056158523e-01
1.302029110034383930e-01
-4.873978453539195010e-01
7.801464841593357402e-01
-1.014471873184071143e-01
9.845961490096732938e-01
-3.463964982436267825e-01
1.247938347073252741e-01
5.249879812557139980e-01
-5.640269598968825626e-01
-3.980236601343134506e-01
7.340071270924319879e-01
-4.090255345639208784e-01
