6.247531952894529450e-01
-1.051686937715653469e-01
-4.095898353974681272e-01
-8.508249997487687954e-01
-4.284983205381570071e-01
8.195847845653436714e-01
-7.958356914943437443e-01
1.000000000000000000e+00
3.651028945454461994e-01
-2.866604160032136805e-01
8.684926826883945239e-01
5.920183168550048336e-01
5.695729008078589395e-01
-3.929137355794690145e-01
-4.868848425398987767e-01
-2.984569035369193379e-01
6.914526528056911259e-01
7.434300022168964794e-01
-6.543240504757747988e-01
-9.457817709108978788e-01
6.960173864436762781e-01
-2.080464135848625329e-02
-4.346684483715061442e-01
5.500734188430068672e-01
5.664851177548579919e-01
6.251676994887144234e-01
-1.640849091237961410e-01
9.379147021885830826e-01
1.762915391644866436e-01
3.140915699152168616e-01
-7.626561999045383677e-01
5.010813736912082816e-02
4.404212582140648591e-01
-6.764828480453420889e-01
-5.955471003306149758e-01
-6.452558429362106329e-01
1.459964782402856376e-01
-8.794961433865515765e-01
-3.004063644066138350e-01
-6.080700055767514906e-02
4.690895863319380354e-01
5.670067702284581346e-01
2.750859114343994216e-01
-1.748065558068209457e-01
-9.211471644461525221e-01
1.183322147907867328e-01
1.717908248952029204e-01
-8.983743914414624721e-01
1.107303911053330731e-01
-6.762543672572951525e-01
-8.556303496253506724e-01
4.243088747752463696e-01
-1.000000000000000000e+00
2.621186802236552538e-02
-3.145718879135903645e-01
-8.536828159995307752e-01
6.343495331730264475e-02
-3.994224451273103993e-01
-2.258546509359931065e-01
5.983275816730189156e-01
-9.901187832601396899e-01
-2.543628391005904321e-01
-6.504425697396110095e-02
-7.354993772920844775e-01
8.673612887512151259e-03
-1.000000000000000000e+00
3.741999218181660813e-01
-4.989724606199421597e-01
1.820966002346768864e-02
-4.540383176253485198e-01
6.001106756182628121e-01
4.531020966987978627e-01
-6.839289018285686639e-02
-3.080362178759603053e-01
-3.777257509211667114e-02
1.024617870625579991e-01
1.000000000000000000e+00
-5.513542129437482009e-02
4.951289166786601026e-01
8.882555792513495696e-01
-3.270424481548117601e-01
-4.221949972779171500e-01
-5.923774511527050146e-01
-1.127171091360628374e-01
6.067346515764375781e-01
1.280581146567612016e-01
-2.581812437304099594e-01
-3.418638373015462362e-01
2.333155209227707749e-01
8.344606087336182698e-01
-3.785779632523113558e-01
-5.070279011523733947e-01
-1.000000000000000000e+00
-9.522982687440126881e-01
-8.669219283060154435e-01
-9.561929859710849300e-01
-2.983643029224157181e-02
-7.524300329916084884e-01
-7.131807826051457244e-01
-8.153063361348776850e-01
3.561926598818764278e-01
4.085247415924355696e-01
4.362217396573817713e-02
-3.707356404958129792e-01
-6.597086614118156112e-01
-9.594387466587932511e-01
8.850835193343572493e-01
1.454094907191424701e-01
-2.667081119488722285e-01
4.303231446074210487e-01
5.646983386858323017e-01
-7.129448717416654313e-01
2.300081086542181755e-02
-7.087937216245140393e-01
-3.145751325460870440e-01
6.068531581837917077e-01
-9.773892230398407710e-01
-9.687747328243756506e-01
3.535963604504383439e-04
-8.452646730917123818e-01
-4.222552524863033563e-01
-6.655222733981691619e-01
8.680477397538172157e-02
2.397997787217021615e-01
8.648795672987836802e-01
7.102226942349754157e-01
8.187311521600248998e-01
-4.240466164501401902e-01
1.000000000000000000e+00
2.058667465027719246e-01
9.805989755234196803e-01
-2.961052469241713947e-01
-4.032565663631371700e-01
-4.767568948576970667e-01
-8.589891892529077921e-01
-7.572170205524964004e-01
1.411910454721429786e-01
-4.088707248092030011e-01
-8.941315552235844510e-01
-2.417547335454493795e-01
-5.190764893475495745e-01
9.879988455935411196e-01
4.095568765979100689e-01
-3.972961232615239702e-01
-4.123082621699553085e-01
-2.788166358286870428e-01
-3.850335110720666809e-01
-2.729951258468878428e-01
9.031466802937964111e-01
-1.000000000000000000e+00
3.382229892492396028e-01
-6.722314977423844429e-01
6.579833686212545052e-01
6.700003752284556802e-01
8.859769833021641228e-01
8.162193277820485315e-01
-3.298078773487177900e-02
1.000000000000000000e+00
8.471330023276957277e-01
5.147022377497851853e-01
9.304213349484180551e-01
-5.465430645237314700e-01
3.785302827195076714e-01
1.000000000000000000e+00
-8.254632106618436937e-01
-3.378593091853047681e-01
-8.207331498655288105e-01
-2.619139359643776199e-01
-9.229106712359388398e-01
8.801066599827167547e-02
-7.155563704475478293e-01
7.289285728131271735e-01
-6.317777446711676514e-01
-6.074730207628455947e-01
6.733741443502492263e-01
4.223877653955867006e-01
2.106963322328457289e-01
4.666937274474906583e-01
-7.846197620863520905e-02
-1.828469880452287533e-01
-7.954186858097916923e-01
-8.369201198742154402e-01
-5.248180692331969044e-02
8.242368069384534701e-01
-5.509172240172188761e-01
-1.852580763483910598e-01
4.254695316821027196e-01
-5.907049767659604267e-02
-2.790429727016571215e-01
4.126391779047133834e-01
-2.739472279043498881e-01
-2.401146842846348939e-01
-1.920909492365468485e-01
-1.689372732560839863e-01
-2.119243895258255128e-01
-5.791164056047874986e-01
8.292572601205735472e-01
-5.597747994434413288e-01
-6.206890236332205379e-01
-6.183592085381138803e-01
8.981079259384616709e-01
-9.682048745885966090e-01
-6.549894123464697904e-01
-6.500387657736850233e-01
1.942580620541993486e-01
-8.200373693059489488e-01
-8.054974267842532343e-02
-4.920043854252614812e-02
6.700361426532199793e-01
-3.535313269528335689e-01
5.073658023192988420e-01
9.083169646487539994e-01
8.939356060205575494e-01
1.000000000000000000e+00
-5.572598822466008350e-01
-7.340734860832326403e-01
1.696478857404961627e-01
7.126390247751024365e-01
-5.959788702378504555e-02
-7.032039982706944636e-01
-9.949582889395791607e-01
-5.383166728461429296e-01
-6.610142993077340323e-01
2.014539430605202519e-01
1.575401346434119887e-01
6.075544617030582684e-01
6.502267243797659191e-01
-1.181093171295381078e-01
1.665244903118192066e-01
-4.133765860709679441e-01
-1.441931500122697329e-01
-6.777396379080360411e-01
1.329157971421106033e-01
8.287525025662810796e-01
6.875761610940026025e-02
-4.438618317995052243e-01
-6.365329772585506252e-01
1.360070549931445827e-01
9.826584453805109476e-02
9.716445541537926944e-01
5.210839609642423653e-01
-7.664884526817662413e-01
1.000000000000000000e+00
-9.264631059086976261e-01
7.668146332205165727e-01
-5.509511036636765002e-01
5.753444016441314757e-01
8.449527025963332605e-01
-3.838604760094393997e-01
-4.661686857508673398e-01
4.209055045901350933e-01
-9.672727824299718336e-01
5.579417274910639657e-01
2.578642014623275802e-01
-8.637142616557549335e-01
7.766561891666177164e-01
-8.444190930281624263e-01
-4.925471464777271824e-01
3.893014675498044364e-01
6.025944126016554714e-01
-4.613479182972329840e-01
4.131123129487131451e-01
-2.008691824468070153e-02
-4.925418845890227049e-01
-3.817869178309366562e-01
