7.262640346457001073e-01
1.204612538313980519e-01
8.222925216760677003e-01
-4.790064545647194638e-01
-8.809889263259771397e-01
-2.690233142965750002e-01
-1.923480715347027914e-01
2.065686001531097382e-01
4.387970500728528567e-01
-5.599582447532882590e-01
4.159793013241743775e-01
-7.507084610565246674e-01
-3.273834717037364950e-01
4.099719921336395512e-01
-2.892959190175503625e-01
9.733916910332351957e-01
5.592055374953466274e-01
4.262353432779741880e-01
-7.404416672653932885e-01
6.987701556461356489e-02
5.028247074643887871e-01
2.118391676007878033e-01
2.601501593908122079e-01
2.470534496044596295e-01
-1.705054123648390707e-01
-4.624909889545165687e-01
8.990101355374657821e-01
5.108101891977849807e-01
1.081553849987779703e-01
9.556613092162546952e-01
-8.162205306820802253e-01
-3.646954063601626217e-02
-1.734239397951462536e-01
-5.541666222791084007e-01
8.500037789919223652e-01
-3.437569422112352058e-02
1.586335232971645137e-01
9.555745170684706302e-01
7.632037807980558419e-01
1.633085706539041393e-01
-1.790953229881464548e-01
-3.336352690479238436e-01
6.896137887628694951e-01
-3.072177261986035468e-01
6.467528711142715991e-01
-5.789980836750308058e-03
3.799576623776503848e-01
3.644907712975995473e-01
-9.971002975168765659e-01
-5.416038681380006548e-01
4.165564943743960136e-02
-7.887020633218044807e-01
7.967348036632149189e-02
-4.505853529555055026e-01
9.123466540848976791e-01
1.861926655526040530e-01
1.805663984671177502e-01
2.221441464298192781e-01
-5.434823563228521337e-01
4.349526506358420974e-01
-4.648567248268238306e-01
-7.881392178572619311e-01
-1.119657150695838599e-01
-5.742941284253599843e-01
4.058881450712004124e-02
5.410670414159899355e-01
-6.603599536025033245e-01
3.472774191149310408e-01
-6.873234594418244914e-01
-9.141903881182003033e-01
-8.059538921257836108e-01
-6.168394996090835747e-01
1.668680072171562223e-01
9.144741702736109978e-01
1.159261193271254875e-02
9.896029095097909067e-01
1.458706868647545729e-01
1.030980173664914901e-01
6.915143144129125563e-01
-1.768386989364538753e-01
9.241325784385663322e-01
-9.032263009092211803e-02
9.070968516331590070e-01
4.657771922879863080e-01
8.732678531963695701e-01
4.801071554671241248e-01
-3.528298533813232218e-01
5.113288533516602286e-01
9.990969377605301016e-01
7.849683264987117326e-02
3.478577952127457351e-01
-7.898566151623365172e-02
-9.939638520837354996e-01
-2.199250477079695010e-01
6.793126377710621000e-01
6.431231870036002718e-01
8.979418944561492477e-01
7.132671079795847024e-01
2.826236175249507987e-01
9.097830849161603339e-01
9.640582088184084242e-01
4.750390075997659167e-01
7.575868654706836569e-01
-2.391631213397487077e-01
3.477096687097152028e-01
6.182476477535914228e-01
1.018307629216994581e-01
-1.721941822815484802e-01
-5.402321739573570092e-01
-7.097486450381176315e-01
-6.387483771190467507e-01
-5.471520205166366946e-01
9.935932222246688372e-01
1.049688129256074465e-01
-2.638121810576266046e-01
5.256500063176405835e-01
4.970072452707874344e-01
-5.404500922667188068e-01
-6.267905269536344637e-01
6.336878153643390466e-01
4.335601277874687742e-01
3.957038002784132313e-01
-7.383949353158354434e-01
-5.458420782174662200e-01
-4.040756528172197992e-01
-3.792786027115324643e-02
7.471214791762836871e-01
-2.659904023185042377e-01
-8.989731914120024925e-01
4.854128730460256502e-01
-3.893018522440998552e-01
4.330916240434468101e-01
4.694807978424853090e-02
7.230775164055189830e-01
-8.837211957696677889e-01
6.478343494387919232e-01
-7.521406109020740693e-01
4.301479146293636369e-01
-9.281578966415284793e-01
-3.472567426845705185e-01
-4.054574108880437677e-01
-1.021753248012127191e-01
9.200309050131154631e-01
-5.383690144198691740e-01
5.052645947502205637e-01
8.087176834650089408e-01
-2.218077368893425216e-01
8.538548105522434373e-01
5.549059166263266007e-01
3.952972287180753774e-01
-4.016420543936471965e-02
3.202691269042379218e-01
2.584878715667366933e-01
7.824281319204473562e-02
2.187807716042633466e-02
-7.920147382054771867e-01
-3.709475107286033246e-01
-4.228091263952094003e-01
3.996997654921961018e-01
8.631873027984371394e-01
5.315497502314989742e-01
5.999993689007390163e-01
2.383648453798234979e-01
2.457307655942431168e-02
-3.087301173461134418e-01
-2.264401192844078814e-01
-6.868110634435315998e-01
-7.292416775606396229e-01
2.059431992843274717e-01
-4.381040465005203721e-01
-1.490982515422223376e-01
8.885119879056644354e-01
9.561882302049320437e-01
-5.877237316648766807e-01
7.960177627075060158e-02
6.221612473303623769e-01
-2.309583462583548741e-01
2.192568120954494493e-01
3.977432460564203076e-01
6.563121157010198825e-01
-5.182125887725825830e-01
-4.772053351239771146e-01
-8.952610765360820011e-01
-6.263419861071741757e-01
9.100621948547178430e-01
-1.977258838127593510e-01
-4.920526896690085028e-01
5.890918959662367893e-01
8.074780405848069886e-01
2.766508422550879587e-01
3.734647714419536690e-02
8.710485142422719207e-01
-1.536693239120228149e-01
9.879175212613462431e-01
8.139321908705758890e-01
4.010584643499233160e-01
-3.412036221950456305e-01
-1.221461709375482041e-01
-1.883781417691368087e-01
-4.141492970722415734e-01
3.597082949865166857e-01
-8.088184126479784908e-01
-3.313452183167153731e-01
8.549646151504199931e-01
-4.004967135605173034e-01
7.242152416957201577e-01
3.288397534164047009e-01
-7.391022654314391982e-01
8.153538738611896264e-01
6.939042777890884750e-01
2.145796716783900937e-01
4.477666960814024044e-01
6.890695381668900943e-01
9.237808809219785200e-01
4.848145115189501642e-01
-1.226721355306346073e-01
-4.981223390283766594e-01
-8.336597488821311241e-01
4.935114196224754668e-01
1.429135987658982643e-01
2.110011664289273003e-01
-8.061083414601122321e-02
-3.535692658475837469e-01
-3.893004766185903520e-01
7.822972515294783769e-01
-8.635447095796799921e-02
-8.529614028786529634e-01
-4.804223178243030024e-01
1.537497379948518095e-01
4.763015679607871533e-01
6.393354278630933862e-01
-8.175833084967520925e-02
8.998331730575763743e-01
-9.063832932753053129e-01
-3.971459521952283023e-01
-5.711976685657993436e-01
4.998893927790535319e-01
3.215330899571118284e-01
-9.332488366466424878e-01
-5.850103683164993296e-01
-3.653623383159498861e-01
-1.311998369399685060e-01
-9.181297789980902291e-01
3.376666849888514399e-01
-4.718421019484311252e-01
9.714367129060776929e-01
-3.940996950660349274e-01
-3.770289248667952897e-01
-7.997111101283318479e-01
-2.479457176345833957e-01
-7.205658314859324509e-01
9.766083438650505766e-01
7.516468040899779712e-01
5.524519034901285153e-01
2.040518236694519594e-01
1.652740277429949334e-01
-3.390068079360311071e-01
-2.748388530713108402e-01
5.381199731798964603e-01
4.779346891857170210e-01
-1.748094038191445598e-01
5.064066099868591575e-01
-8.278321968664814623e-01
1.383394336282848247e-01
-8.922139159697091149e-01
