-5.965220342788914998e-01
-3.451521854307574855e-01
-3.738292634820722937e-01
-4.663112878313684095e-02
-4.051072450500773914e-01
5.952078068790531695e-01
3.953619538860260740e-01
1.049774356648066065e-01
-3.936761588485071517e-02
-5.784405991972563221e-02
3.974054050233316038e-01
1.141013117183235503e-01
-2.604174960519617943e-01
4.854396756952823466e-01
4.675800981765106945e-01
-1.311710232105638418e-01
3.363192812259818698e-01
-7.206866175225309368e-01
-4.602605868677223655e-01
4.395054363401255104e-01
-3.675270352994887135e-01
6.230615138702324529e-01
-1.305104479060753553e-02
5.733203714844004040e-01
2.804712869166328670e-01
3.135149035072756218e-01
-5.030003596654633591e-02
1.974753289486624319e-01
-3.747133208257906745e-01
5.352309871922619200e-01
6.798442016696777390e-01
-3.914443868841357976e-01
-1.465181753250474339e-01
-3.132859221884347622e-01
1.636849194380640693e-02
-2.764418578688603301e-01
-1.576937252006158363e-01
-5.843688649832026183e-01
1.208278790418012422e-01
4.711674218801514824e-01
-2.489032960648537851e-02
9.440035362877281511e-01
1.148231306298084786e-01
-6.946784855109814361e-01
1.349303536260298975e-02
-1.653659253263817797e-01
9.550967473139932995e-01
3.419455906313545457e-02
5.255058001487094010e-01
-1.254501881623735771e-01
6.934559867798258948e-01
2.056678387297800614e-01
-2.973667618532805923e-01
4.861096318193061649e-02
-1.012430157885252369e-01
-1.757672180963181230e-01
-2.584241118845586604e-01
-7.733167836050655608e-02
0.000000000000000000e+00
1.101713772358974275e-01
-5.838881285343036631e-02
-8.031404172789921025e-01
-2.596723109306409150e-01
1.027156423756089010e-01
-2.659788143007573713e-01
-5.194920640003759804e-02
-1.709624631707222786e-01
8.317003438107499758e-01
-4.301914715380217302e-03
1.036908296609812541e-01
3.866225878653850589e-01
-2.076590157452712360e-01
2.031474758710417328e-01
2.541171404645310439e-01
1.638279297587144911e-01
-4.192549544607799827e-01
-1.582090005223107387e-01
-3.724168895467225848e-01
7.946037083257800893e-02
1.870810568242727845e-01
-2.390704317279800373e-01
-9.518075214577008669e-01
5.877470836995918324e-01
5.137179990646272287e-01
6.666828442183075909e-02
8.376873516884025817e-02
6.634955942481790547e-01
9.736863146108134526e-01
8.538868139189259576e-02
3.295667984175421061e-01
-2.735124850403383157e-01
-5.692198016173880548e-01
-1.984036286308707431e-01
3.445705435361987035e-01
1.419504882884259356e-02
1.746372227710917824e-01
9.045795865788914814e-01
2.761124290540370452e-01
5.155263415191627119e-02
-7.330507585841066209e-01
-1.963486271736030186e-01
6.974883553003448089e-01
1.369454696334929111e-01
5.785201269915478395e-02
1.287955627165859873e-02
-4.867304798540362798e-01
2.109547867619241956e-01
-5.349946702718744174e-01
-4.227247382584357061e-01
3.526303360666015463e-01
2.635721772962253406e-01
4.646546051510675457e-01
7.134779749214369415e-01
7.156462951326449939e-01
2.304858420229241311e-01
-3.519432190014153417e-01
-7.813635162889897012e-01
6.339750652783582296e-01
-7.747724191776672598e-02
4.914410492152870846e-02
-2.152337104248157607e-01
6.335133846086804521e-03
6.564619101590599137e-02
-9.286838646345931814e-01
1.147745006567348902e-01
-1.383645354900898683e-01
5.919717672727486946e-02
-3.953438873030019896e-02
1.028086369264930022e-01
5.316235188904639974e-01
1.436655335016645829e-01
-3.434223480024877206e-01
-3.214044223489477270e-01
1.150278863055414491e-01
1.543851544087891381e-01
8.826658670793099959e-02
1.654104238236200897e-01
6.081066179520506765e-01
8.059851403941289405e-01
4.205489120876796383e-01
1.888239741779088043e-01
5.884090448593217726e-01
8.776137245227577655e-03
-1.939028151733166450e-01
-2.242396171987224573e-01
5.330922791195666921e-01
6.272979269483502929e-01
-3.389863520723855883e-01
-3.024186219367094308e-01
-8.189473322281848322e-02
-3.114020395715066392e-01
-5.060930295577656945e-01
4.449177322113498922e-01
9.106661464267533646e-01
7.192636509056540284e-01
3.801773281906063451e-01
-3.279070601026429221e-01
5.894393496329374260e-01
3.111105108697376220e-01
-5.545110165483899123e-02
2.230846972394419092e-01
-4.585149313880584887e-01
2.032561229835974648e-01
6.199785752203806899e-02
-1.725034917616433683e-01
4.384740130172192774e-01
1.216628020162788815e-01
3.134103817848581386e-01
8.625282607086778852e-02
2.510225092871688490e-01
-1.884206550973955008e-01
5.116725688059881039e-01
-5.347962842534664807e-01
3.998418100109776274e-01
-5.776146185255692789e-01
-2.833432708711858816e-01
-1.852908524034933557e-01
4.783234654629309746e-01
3.368301794193998000e-01
-4.841394601242414719e-01
5.553165023233312958e-01
-3.149024867225632129e-01
4.050703310428429571e-01
4.182014831401299482e-01
-7.187347533500176855e-01
-3.835856535929142441e-01
2.949196123460419705e-01
6.097557684152346558e-02
-4.874335911587685533e-01
2.371468027439153914e-02
9.406535677324406874e-02
-2.789985707112168090e-01
-6.438595373362314689e-01
4.914964709988145497e-01
-8.308763449266693968e-01
-2.339099724995437335e-01
7.041498968204247255e-01
-1.413233999881168823e-01
-5.195016695930405604e-01
-3.649162836502703455e-01
1.516641325837016496e-01
-8.382429924304868329e-01
-4.054965213831228099e-01
5.641938574902289893e-01
4.877141077871187114e-01
6.532008654490983890e-02
-6.270537745590356593e-01
4.410448241030181515e-01
3.872615401921036260e-01
5.411097508107609588e-02
-6.827519860202233559e-01
-1.900080786155417256e-01
4.080570777022217710e-01
2.407886762881754072e-01
-3.875928136586325734e-01
4.283389667201752959e-01
-2.433094570667196921e-01
2.895278331460084953e-01
5.294176506177755703e-01
-4.413351276814312385e-01
-5.693481309360931553e-02
-5.887945623404189366e-01
-6.662682155765997649e-01
4.248459709291186326e-01
3.923635527741947682e-02
-7.376380237102125870e-02
2.666768210929038041e-01
-1.884659210453192291e-01
5.488034268652952630e-01
-4.404476012039613142e-01
5.640370158674118395e-02
-5.448267891923960216e-01
7.712857573415271562e-02
6.145250727194940810e-01
1.745931660545770037e-01
-4.329235557771221599e-02
2.616773208290190667e-02
6.062111491441801725e-01
2.437213757913100076e-01
1.201363266231650906e-01
7.024747434021170189e-01
-1.133485849837259640e-01
-6.978515174491494166e-01
3.812622460683279257e-01
3.357638016863422337e-01
-4.690083289596720939e-01
1.438361145387810625e-02
2.358790853836218726e-01
1.138861202456542959e-01
-5.769875061154330353e-01
-1.215435344416289087e-01
6.096924669596113233e-01
7.703646701955058074e-03
-4.380948802468650483e-01
8.246707326507518587e-01
-6.511058843554387021e-01
-1.348239434569398210e-02
4.561734281572159544e-01
2.837108911060524097e-01
9.942590556341351915e-02
2.065997377617026509e-01
-2.235670519285830327e-01
-6.029047661320693363e-01
2.158699515743938147e-01
1.830047697604385570e-01
