-3.291868577823281461e-01
7.986662650309086509e-01
2.038329980318399903e-01
-2.834420391143772644e-01
-8.572488229522923220e-02
1.652143536629759393e-02
-4.361092226183830856e-01
-8.236094074354928241e-01
4.790635770828595152e-01
-1.189079130409866902e-01
2.531022553353544646e-01
8.259803913454380475e-02
2.208054106688417395e-01
3.133670151626120060e-01
6.463410219835796777e-01
-3.651629693048167313e-01
3.462943565554709169e-01
-8.314990044221568510e-01
-4.420678137880300063e-01
-4.531509158973276441e-01
-6.409250643854162988e-01
-1.134416485059340507e-01
9.924162522069387427e-01
-6.729757720498130702e-01
-2.494706411824641062e-02
-1.862160376337332335e-01
8.300346401958563769e-02
-1.052526489915253938e-01
-9.302986328009053008e-01
-1.452474942221414489e-01
1.748608539778195581e-01
5.910438552221620734e-01
-2.638129148832067949e-01
-4.006375899440501875e-01
1.547516767499487467e-01
-3.615430431952296186e-01
-6.909902285060841309e-02
3.832876153004878272e-01
-4.219771802814029638e-01
7.506345762274962974e-01
-7.203155873403022103e-02
8.954837865732185875e-01
-7.188690500156976748e-01
3.756125278823705532e-02
-4.030449326994913761e-01
-8.422764843023988757e-01
-2.264183709629393748e-01
-2.073905990971735835e-01
-5.485947677173140802e-01
4.855999436507559830e-01
-7.804142012039119169e-01
-6.419959661608666268e-01
-1.114663759094941253e-01
-9.976140599276183130e-01
2.441378372197606783e-01
3.070181447032490074e-01
-4.139576807344217402e-01
-2.891865853559826838e-01
3.434240496106223395e-01
3.512018429178833667e-01
2.440371626303467212e-01
6.309223031272708226e-01
-4.457246545481381994e-01
-7.972325092748809572e-02
-3.643721427161101395e-02
-4.837118521668143933e-01
5.377858826718002749e-01
-3.308699037654952435e-01
7.836566313740156442e-01
3.268242287642347810e-01
2.516483620466265503e-01
-6.628155958069620324e-02
2.115589480318905702e-01
3.791384292263327294e-01
-9.351399831597273504e-01
5.684606449234886894e-01
8.184871779825942939e-01
-1.393044175221664904e-01
4.075379042116237804e-01
9.875965602663442366e-01
-6.666357943840738320e-01
-9.489086273703387642e-01
-5.758144072996799201e-01
-5.133018978314255465e-01
1.334097766691673959e-01
-6.003676161585683735e-01
3.383054960842696302e-01
-3.506196304973916988e-01
-1.201558942476095571e-01
7.576560834350383189e-01
4.595086480719975941e-01
-3.298910158821261596e-01
-4.271405365630609463e-01
1.797231139468976058e-01
-5.990094565574098640e-02
-1.254219520171036663e-03
-3.856073881974319550e-01
3.239606839441255826e-01
8.096268711541997343e-01
-7.820673082378117869e-01
-6.464506350408053548e-01
-2.960622855184139035e-02
6.209888537202203906e-01
-9.945016324413351316e-02
-5.216020072068039415e-01
5.064638813356221458e-01
-5.751116203169809316e-02
-5.322615441726905039e-02
-9.823390799184103517e-02
-6.309917030372241831e-01
-7.328146482207201218e-02
4.967954295735323988e-01
-5.642944622931336807e-02
3.295911406559628998e-02
6.116882820957368905e-01
2.017706218651288408e-01
-4.636825966294828016e-01
-3.908209815041702173e-01
-5.808732147591131323e-01
-7.776273901073447181e-01
2.705674252308786776e-01
-7.353519422002564587e-01
-6.619410442664123151e-01
-1.100621375580667222e-01
3.193351173367628415e-01
-9.213114197589653553e-01
-7.077975662057015560e-01
3.848732226139920387e-01
8.701871133516040357e-01
-9.558124446032201238e-01
-3.728021863197777952e-02
5.800759933453010220e-01
-5.800505656176586922e-02
6.004426168426099109e-01
-3.408527266893534025e-01
7.177003361354415967e-01
-7.639315201319716309e-01
4.759090540784874368e-01
6.204064495881501662e-01
-7.116066817502637587e-01
-7.318189986402260372e-01
-3.702750436361975650e-01
-3.500100451732580664e-01
-1.933921050810624431e-01
6.755582756809574985e-01
7.081889021096232639e-02
-2.292501843805760386e-01
-8.442803359857655732e-01
-5.623423272781191695e-01
4.326432241861838945e-01
7.318905323567667098e-01
-1.246738894836667971e-01
-5.725438311017680970e-01
-2.924869406228682717e-02
2.032949718509067805e-01
-3.440487322408829485e-01
-7.771255443339400992e-01
3.190736868536608872e-01
-8.773288835993977575e-01
5.155535237405587390e-01
-5.960215203311425292e-01
2.709605619723016723e-01
-3.171545224935387597e-02
1.027983404194774547e-01
7.826647654475455962e-01
5.912856973887692380e-01
1.454402895104492943e-01
-3.662321082494330859e-01
7.824755807351961856e-01
-3.178495629774147346e-01
-7.270500233669441315e-01
5.804425037994058734e-01
6.968571787062245448e-01
-9.908615474576389914e-01
-6.475526685179701369e-02
-3.263459222430022955e-01
-3.002649412966257314e-01
6.096160248262942893e-01
-2.892834241656118688e-01
3.190327998773987428e-01
5.611614648900292712e-01
8.800234789064623753e-01
5.043964080772181946e-01
-8.880550809810863200e-01
-6.087324715651075691e-01
-7.661497019563862088e-01
-4.063142903433218378e-01
5.651368314173688123e-01
-4.225307633497708548e-01
1.316257025069421105e-01
-2.565177513775939722e-01
-3.779921358017671040e-02
-5.262342453214441385e-01
2.611316453096209633e-01
2.819902435297085841e-01
-8.200332572676620746e-01
-3.612238153190339141e-01
-2.078147225438681245e-02
8.344244903751827369e-01
-4.008151796951061607e-01
7.627055718493300773e-01
-7.919988312553790655e-01
3.565042270932534674e-01
5.124236461983804336e-01
-6.705553478235958265e-01
3.866348525588690632e-02
-8.469276462282200324e-01
5.657197118307362160e-01
5.428576063604266810e-01
4.258963564466728968e-01
-9.106897894873140498e-01
-7.766853225248625536e-01
7.952746451013559259e-01
7.665981243409367707e-01
3.544715833315168485e-01
-7.326152938308393425e-01
4.183180953007071823e-01
-6.696032659694246547e-01
-4.899622841719730726e-02
4.935542281985322299e-02
-4.614531705937562345e-01
3.832958871778029408e-01
1.674339239669360990e-01
-4.757134660250755820e-01
3.499429351987750625e-01
1.814787641681456232e-01
3.461357656628273327e-01
-6.065352182868355424e-03
5.166931321080690809e-02
-7.023616032952684218e-01
-4.182743861745483183e-01
6.751581475382011366e-01
5.866565284944096348e-01
-4.250827565747858916e-01
2.574862565092183031e-01
5.771927300383313808e-01
-5.691160501033394326e-01
6.112003409033095469e-01
2.383694479212423445e-01
-9.599852869809420985e-01
3.766749723674366890e-01
4.912803096043265594e-01
-4.510314348514167238e-01
4.349475132092612273e-01
-6.615514032985108095e-01
1.083727244477033086e-01
-2.267908582373691917e-01
-2.428376421113394024e-01
-2.652825364454323154e-01
2.970399158818137209e-01
-9.514100728941503604e-01
-7.142550379832225405e-01
-7.370368933756464846e-01
7.484841851414560931e-01
-6.160543835603515817e-01
-1.433943475206914397e-01
-4.448435988396876595e-01
-5.225241271445106583e-02
-4.300141163299419644e-01
7.895040359096501259e-01
-6.335343249657827691e-01
6.063591184054273331e-01
2.469245097614252982e-01
6.789511136303726380e-01
-5.322731070285559030e-01
