7.581781051500516844e-01
-3.085659359858650141e-01
-8.287677092150440572e-01
-2.084835298891005440e-01
-9.556491040697620010e-01
6.590447195791834245e-01
-8.473433622238234486e-01
-9.739778509869412293e-01
8.101819481259872058e-01
7.374272225275577131e-02
5.664110825152514073e-01
-3.472103553941776610e-01
-2.024738755985048266e-01
1.000000000000000000e+00
-3.992650672094033015e-01
-8.674741244170316445e-01
-5.447239508338448388e-01
7.944903285401954118e-01
9.764893777927380336e-01
-1.071455708119546657e-01
-6.027745357915865743e-01
4.915978063434701673e-01
3.889357042908945794e-01
9.717977717514331149e-01
-7.484696057074917697e-01
-4.880797451404078058e-01
-8.160679772106485541e-02
8.916065713684725447e-01
-2.480103648259242566e-01
-7.077991124675088175e-01
1.930450371324360370e-02
7.973805979013194323e-01
-2.039581113750630337e-01
-2.893564246865405476e-01
-1.150154213113549762e-01
-7.837576435718569823e-02
-9.668638394322822682e-01
-9.885543409500892054e-01
-5.534841433580767189e-01
1.811278602696909101e-01
-2.441917323235842652e-02
-4.867830465819420471e-01
5.547408126509713044e-01
-5.372649179866157976e-01
-3.038477764073596599e-02
-9.679381691434496560e-01
-3.553759691910995389e-01
-1.685501434469751370e-01
-1.356942036700295451e-01
3.961058583187153648e-01
5.843763682112051994e-01
-4.316898671485308592e-01
-4.957197357057669951e-01
1.230061048524130202e-01
3.220662220247749730e-01
4.280486900413188467e-03
-2.364774384650905614e-01
-3.405713158210652014e-01
-4.647912686139132193e-03
-7.937463676405530633e-01
-2.369125474245497576e-01
7.075874744931470728e-01
-6.883495487603454865e-01
-6.764680464501057200e-01
-8.908756861656490500e-01
-5.857694580829491127e-01
-6.838825582546456117e-01
-2.608458229796019046e-01
-7.155988395688805959e-01
-2.923563206950794413e-01
2.245223516480544801e-02
-2.428630627713918022e-01
5.012661382765577489e-01
2.818866739692563739e-01
-1.644919663904586826e-01
5.215023886753544780e-01
1.960418041256449806e-01
-5.710307096876490185e-01
-9.256989438643075108e-01
3.354326719536998569e-01
-1.174597856978427390e-01
-2.829047036291173489e-01
3.226698925358019165e-01
8.682520631138724854e-01
-7.557638519289878731e-01
-9.906438721475459008e-01
-6.156330216359335861e-01
2.538855558451540428e-01
-1.563122033044660741e-01
5.645686127636908580e-01
5.823290844703141733e-01
-7.789325659732091456e-01
2.570322489930362275e-01
-9.728626343835039547e-01
6.244391307612307679e-02
-5.459654997265678267e-01
-1.528036297794208576e-01
-1.000000000000000000e+00
-2.330670339575170169e-01
8.888880863983811276e-02
9.839481179212626882e-01
-2.052624214485157528e-01
1.903813603206263583e-01
1.862720368775651336e-01
7.979849503932309185e-01
-7.359655711901810782e-02
4.873420057673067962e-01
9.839511546058422597e-01
1.000000000000000000e+00
6.573158877453950666e-01
8.113952394206830343e-01
-6.424044842814916612e-01
-4.036461333063643409e-01
-1.000000000000000000e+00
1.139581758631657837e-01
-9.891859816043481191e-01
-9.886585076979332865e-01
-4.981339030757534481e-01
8.433825780510151304e-01
-4.087883794829058615e-01
-3.845281828283739212e-01
-6.392394439250106419e-01
4.835748764506874742e-01
-3.277733685980966927e-01
7.455772546869661177e-01
1.575160899095514044e-01
6.046457032582217561e-01
5.656771632025363594e-01
8.747242286923559984e-01
-5.798095224711531381e-01
1.858742413486774714e-01
-3.379827913552788665e-01
-2.509322256191187650e-01
-6.393805304753794605e-01
2.505858752170249393e-03
8.286524528061188777e-01
-7.157218365077715472e-01
5.960571692321915416e-01
-1.000000000000000000e+00
-7.620424027505131592e-01
-9.766069310932774528e-01
-1.256144032663558674e-01
2.842884789506719412e-01
9.910528822388550152e-01
-1.760924489453671304e-01
-8.923147818665368991e-01
4.833387218202823687e-01
-3.578739719653075690e-01
1.000000000000000000e+00
-2.306099830372513593e-01
-8.505956817737413411e-01
-7.494170351864934965e-01
1.934951205584021228e-01
-8.517048465900968202e-01
7.912376679820934400e-04
-9.030516510664202690e-01
6.595270923688517639e-01
-2.240756417261461353e-01
-6.807973690460756844e-01
6.029389070295221309e-02
-8.209320060121707563e-01
1.210898438603902755e-01
9.680735535024613814e-01
-2.627201014654118039e-01
3.742138546750480854e-01
4.864473356187685726e-01
-6.490713786265461804e-01
-4.110331663723736373e-01
9.595984846255867229e-01
-5.063019495604077491e-01
1.560063656136060628e-01
3.084569042378251247e-01
-2.187211093248159488e-01
-6.637043629074635964e-01
-6.290702236131215930e-01
3.605055453737726623e-01
-7.912081027570827541e-01
4.234132564583265035e-01
3.368963732589027593e-01
1.933314423022002571e-01
1.028236118167561580e-01
6.028828457793111717e-01
-1.334680497635575280e-01
-8.162837543526842987e-01
-6.966843340138786367e-01
-9.635732700687172914e-01
6.110502474417166541e-01
-2.204512471042224808e-01
1.498827755005695955e-02
9.285728771640592294e-01
1.340916486831502108e-01
5.143591086401899659e-01
5.955827571074131521e-01
6.878020921582213010e-01
-4.159161387405932997e-01
8.559076128948972517e-01
1.742942238637952002e-01
-6.825451530290973512e-01
5.405229869724740427e-02
5.976854039265633300e-01
7.936820155372861230e-01
5.474055318096830991e-01
4.770102656490325665e-02
8.776677877248908466e-01
-6.917643254301732991e-01
-5.042177876422812011e-01
6.853147791295323144e-01
-9.050909419394045363e-01
3.167511366370887593e-01
3.874754516921771197e-01
-3.241157708635164503e-01
-4.002622782199907192e-01
9.299444624197653608e-01
7.997112601814480026e-01
-6.040760389127299845e-01
7.719741408809378536e-01
-3.638091733905753772e-02
-1.000000000000000000e+00
8.327475295144252110e-01
2.238523554276915239e-01
9.464364029026062219e-02
-8.013458398772088653e-01
5.570262536561640943e-01
-6.892336555810940624e-01
5.345598058419565035e-01
-9.730751066295472151e-01
7.684683320425292896e-01
6.051653150977186479e-01
-1.476949015442391711e-01
5.835752045942536048e-01
-3.095058645713295031e-01
5.869308537771323886e-01
2.753783122115278648e-01
-2.088154197858878985e-02
8.691290079134479374e-01
2.526234414727200894e-01
-9.564756436767779535e-01
-5.591618547154908470e-01
-3.657109791613103456e-01
4.310894951606771830e-01
-1.167513506339500490e-01
5.009745965523949573e-01
2.227802485528447562e-02
-5.682983457718920883e-03
1.759216481212787508e-01
-3.713326714628867320e-01
-7.657930113656088444e-01
-3.369824947407406568e-01
-5.053819563379303714e-01
9.345907852155984630e-01
-1.044701910913435616e-02
-4.492903389960435923e-01
-7.184194571697832821e-02
-1.713013806359985625e-01
-5.282725367718734688e-01
-1.000000000000000000e+00
-1.971707857177067702e-01
5.525160822774386471e-01
8.797177517666892044e-01
-5.585682045494885783e-02
3.480585151998507043e-01
2.825145846755901524e-01
-3.014009999846234966e-01
-3.802714096349930628e-01
2.683084511725076782e-01
