9.860036102401682490e-01
1.000000000000000000e+00
-9.473361212896082018e-01
-9.104490847104278473e-01
-9.790719296040321096e-01
5.525275230492191492e-01
-9.827456648371030168e-01
-7.044719056856392214e-01
5.812683656381203434e-01
-1.731356151745858107e-02
4.036348964264123151e-01
-4.283851428671940909e-01
4.406109211425260908e-01
7.697056940382884793e-01
-1.647740132354231779e-01
-9.715363704679496060e-01
1.267060017722917431e-01
6.145684086690387238e-01
1.181638996709457323e-01
-4.188104320682435322e-01
-9.712145458459284786e-01
9.790375412123815124e-01
4.830346121527470116e-01
7.580212106609023337e-01
-5.826821814600994243e-01
1.364273120775252174e-02
-2.221187148114211196e-01
7.000446810067755266e-01
4.464198258891583504e-01
-8.519010600871336214e-01
-1.656289540622867540e-01
7.667839462052370436e-01
1.541344236378277555e-01
-3.045628198447429269e-01
-1.011937670247979038e-01
-4.033040034837215848e-01
-5.820020907598610904e-01
-7.894883644024575098e-01
-9.168288970730317233e-01
8.377748523026457006e-01
-6.291562877222575123e-01
-8.491526355664369419e-01
8.597978199246851805e-01
-8.978824354777761307e-01
-5.754656876754146166e-01
-6.289142448617672798e-01
-2.698075381991607014e-01
-8.649961398653287503e-01
6.446077797435890711e-01
-4.773776154559370433e-01
1.165042542620432497e-01
9.927093813217312546e-01
-8.555965304787055414e-01
-3.182057732790181670e-01
-4.628277295086585807e-01
8.995574724546229195e-01
-4.263923471805536325e-02
-8.967659962215821512e-01
2.615676225055906662e-02
-8.704997163477388167e-01
-3.519356370355037900e-01
2.324963207773348139e-01
-9.693556077951092087e-01
3.558582768322354206e-01
-5.092595368005899958e-01
-9.690448780290824571e-01
-2.326466145501587812e-02
2.916274135189626457e-02
-5.132045892096481765e-01
-9.996602881942434626e-01
-4.685089715753710804e-01
2.993776908469060749e-01
1.236567768528302330e-01
4.415158078860993429e-01
-8.918380857422545382e-01
1.000000000000000000e+00
6.981865914716137711e-01
-6.714766073753311026e-01
-1.485110551035951632e-01
8.262512910210086936e-01
5.422671912117299486e-01
-1.729407581721589815e-01
7.751678369111739686e-01
7.877697917803344607e-01
-8.997437454650327737e-01
-7.462913646430466841e-01
-3.167594887167963780e-01
-1.874506929869273197e-01
4.681769833531393976e-01
4.109553816923512959e-01
8.318732555181344024e-01
-1.000000000000000000e+00
3.245559095273845007e-01
-3.415144944150665940e-01
2.990252308773297951e-01
-8.851922901730140403e-01
-1.632865142359036792e-01
-1.000000000000000000e+00
-7.382691464673809545e-01
-3.555746933340678262e-01
-4.575540069001637206e-02
-8.306717488864520105e-01
2.439715417936388214e-02
5.809365545709065382e-01
8.388786152072781332e-01
-4.901899247396821480e-01
7.563122699809807781e-01
5.718536349694514076e-01
7.090834705944011329e-01
-3.740332166512614354e-01
9.825188290503374944e-01
-8.850508609680847183e-01
-2.474037039367964555e-02
-9.371707047271210511e-01
-7.610023422390601588e-01
-8.540110065870586409e-01
-3.589872114001618764e-01
1.225002603396454920e-01
8.482335671020209134e-01
1.811944901907752425e-01
-1.500489988023322452e-01
-9.622976405851748627e-01
5.123655113253345883e-01
-3.510739283558396151e-01
9.070937309195847842e-01
6.504262252864517757e-01
-6.394540261590370145e-02
5.422997394613668920e-01
7.613005255209874811e-01
-7.082399738109088627e-01
7.717852931729576316e-01
-2.622673905756709445e-01
-7.375101391769739445e-01
-7.058217796027997926e-01
-5.024843022649254642e-01
4.029335536793482997e-01
-6.514350072963905891e-01
7.486914397392769871e-01
-6.664445542925880872e-01
-1.000000000000000000e+00
-8.156506659595575970e-01
-3.136554487536904468e-01
9.337393888726399638e-01
8.147010516620976084e-01
1.924246155905359745e-01
-8.717941038694976275e-01
-9.638250982935370192e-02
-6.237498758318584802e-01
9.147978158081270239e-01
-7.260616754452642319e-01
-2.601022460979353079e-01
-9.951917212531644075e-02
-2.117838053477819754e-02
-6.742960663861354842e-01
3.512442056761409526e-01
-3.699655835924619551e-01
4.723474951796727828e-01
-5.158072145154398713e-01
-5.433393960998338379e-01
-3.240926013507537395e-01
-6.038946097183888195e-01
-1.678847739278532814e-01
8.983998614753706535e-01
-4.577561654526243196e-01
5.502848122230584449e-02
7.469927300804934944e-02
-6.745757101802609679e-01
-4.676621371227552282e-01
5.696086100699968569e-01
-8.036277347984068786e-01
6.724492730626223380e-02
-6.347378936386402493e-02
-7.551395841639880757e-01
-6.749737474651726354e-02
-1.842766816142719088e-01
-3.041156257485517767e-01
-5.112717461821497666e-01
-5.803116921813424867e-01
5.725018248022507583e-01
4.564070517784285519e-01
3.169361412230243258e-01
-2.867579090260502506e-01
-7.094048561791677088e-01
-9.489962260571324082e-01
-5.966653364051728303e-01
-8.836156269600030644e-01
-1.292479367866389006e-01
-5.123500371010536458e-01
-4.984425005185259133e-02
7.458828232474813413e-01
5.216773336287963136e-01
5.892743969015222794e-01
7.511895654335967176e-01
7.726633771689501717e-01
-5.056614734401012612e-01
6.240952255281604355e-01
4.483228487409554597e-02
-6.974659949294703676e-01
5.770412172011573082e-01
3.042687555950887579e-01
9.652435953496311949e-02
3.196403239691220644e-01
7.530313361863495425e-01
8.839520161065811399e-01
-3.923511616747902830e-01
-8.417578186294116804e-01
1.037315866774799755e-01
-7.068441594809016237e-02
5.645087953809417858e-01
2.962955680364682265e-01
-2.728727909972800680e-01
-3.255129103206521046e-01
7.305530748758997106e-01
7.928075261162312870e-01
-4.541535296294976209e-01
8.221708275261186971e-01
-2.899753615102306226e-01
-7.179042958398289542e-01
6.065889331455127653e-01
8.463110208857558270e-01
2.370444061384018586e-01
-7.531134483841424032e-01
-4.587767249814874715e-01
3.904090356108568666e-02
1.853199596838172591e-01
-9.755999339130972947e-01
9.462483955375816658e-01
4.761642007320474601e-01
7.272958075215479878e-01
1.000000000000000000e+00
2.254181899199102224e-02
1.000000000000000000e+00
5.671959722849188035e-01
-1.416913506599284667e-01
8.549153391735997420e-01
2.115775743483651605e-01
1.667190780957486240e-01
-1.000000000000000000e+00
6.484014122146145032e-02
6.093918782387015565e-01
3.639255061696487492e-01
-2.453417041165591728e-01
-6.336714816659261285e-01
3.856303729362057231e-01
-3.235575930087324359e-01
-6.828434502314267851e-01
-1.000000000000000000e+00
-5.197886998422082128e-01
-3.731246215767523577e-01
5.287504932425034498e-01
-8.215665340195761335e-01
-1.807887628539636693e-01
5.441433452614906352e-02
-4.669565660612102209e-01
-6.757269798242158121e-01
-8.416727986590839539e-01
-1.483256036578642634e-01
8.242651347185498967e-01
8.724376061695818807e-01
7.851617639192320919e-02
2.092726132995633703e-01
3.634219349058507853e-01
1.138870980615913908e-01
-9.652737131924968850e-01
3.952288284862646717e-01
