5.871065674050832683e-01
2.054530973023704910e-02
-7.630495805552297561e-01
-3.100537232672404553e-01
-9.511316809607373024e-01
5.516759011821857905e-01
-8.044929131665086164e-01
-9.003241414812108712e-01
5.647077982865889023e-01
1.279686295990205558e-01
3.107484043100487980e-01
-2.347121795129600841e-01
-1.508871860081788530e-01
7.944646605486608282e-01
-9.866970444429010723e-01
-8.674741244170316445e-01
-5.391666409140831728e-01
7.956672124858227280e-01
7.435151665176404912e-01
-3.132377384942723886e-01
-5.718376158088920302e-01
4.745838456545297124e-01
2.615501265448895163e-01
7.811241676416751378e-01
-6.463881854736803767e-01
-4.796562890840913029e-01
-2.126386532438624410e-01
7.819259369088760181e-01
-1.438173335024526267e-01
-6.728585105962088253e-01
-2.642610945740668793e-01
7.613819016014589103e-01
-1.012430719511042132e-01
-2.892313049578394413e-01
-7.978492129901471053e-02
4.804807354730722402e-02
-7.944069228099552848e-01
-1.000000000000000000e+00
-5.351886628712140270e-01
4.859794637340919543e-02
3.841662074277163441e-03
-3.082891525476791905e-01
5.993890113529187769e-01
-4.756492914063963351e-01
4.883963716819050838e-02
-7.741169306686321860e-01
-6.345178344456214869e-01
-1.694534187853260487e-01
-4.628213771972662371e-01
3.448250355347430851e-01
6.325055003449802093e-01
-4.061696977340134573e-01
-1.504749646598748658e-01
-9.147598217775110285e-02
3.187378177707128057e-01
9.253849800573044071e-02
-2.008544700596557320e-01
-8.593421382574573109e-02
-2.485865640435913626e-02
-8.431551924664781872e-01
-2.659624602344789479e-01
7.520935441434026814e-01
-4.530272116861768783e-01
-8.541962712454528317e-01
-6.009098443988186711e-01
-4.580711233097769508e-01
-2.665354918785483029e-01
-3.183481953870908043e-01
-8.082300274182963040e-01
-2.923563206950794413e-01
-3.914579342936419515e-02
-4.100926944407593533e-01
-1.524463887855348476e-03
-9.505334819020538895e-02
-2.736656264890804380e-01
8.372018411014394701e-01
6.924455841624428398e-01
-6.495551791439789779e-01
-9.256989438643075108e-01
3.067535852933462870e-01
-3.329244197366354463e-02
-2.345905361667902644e-01
6.117708708810860596e-01
7.742479591219648682e-01
-8.872736795995985748e-01
-1.000000000000000000e+00
-6.276749500407234894e-01
3.437361668593656994e-01
-3.439361406795875542e-01
7.535029688414713878e-01
6.870546078179111671e-01
-9.590853404258445902e-01
2.296663761691548622e-01
-9.910551662530646677e-01
-7.925473685395334478e-02
-6.091002886668070992e-01
-1.528036297794208576e-01
-6.227125041635297453e-01
-4.581378356579213218e-02
2.134801000634694024e-01
9.536094476811018961e-01
-1.415240439419811480e-01
-1.377179731567523824e-02
4.188388525235566262e-01
7.706662177941698832e-01
2.986171443402604320e-01
5.565969469406203407e-01
1.000000000000000000e+00
8.913749112719420165e-01
6.214175381813202836e-01
8.987289556675370772e-01
-6.090668329811816939e-01
-6.610444296221771321e-01
-9.615407748194568782e-01
8.492983417624325182e-02
-9.230443992476391468e-01
-1.000000000000000000e+00
-3.843902915337407133e-01
9.974161527349689749e-01
-3.723738128746336695e-01
-2.816488306613278425e-01
-8.001906575486950057e-01
6.906223984875694555e-01
-3.087929228493915268e-01
7.822049091416687361e-01
2.516968823386831478e-01
6.385469950954560936e-01
7.373273478312095675e-01
8.106989726273876595e-01
-7.075250923573511708e-01
9.071271321698726187e-02
-4.151461324941476683e-01
-4.301738374588226499e-01
-1.467071299431548237e-01
-9.706293378893790513e-02
8.020127484408826612e-01
-4.401389385886260719e-01
5.908425909230132778e-01
-9.762109516259689368e-01
-7.316477799188008113e-01
-8.503843046367391967e-01
-2.354016918546555370e-01
1.867752012958141528e-01
9.422743007914886615e-01
-9.676295809461010755e-02
-9.528618754639310851e-01
5.692127113260796456e-01
-7.619833589937510809e-02
1.000000000000000000e+00
4.360499362220879860e-01
-7.730117593973584444e-01
-6.755946066745868173e-01
2.606292119863181100e-01
-9.369688799675837121e-01
3.407654672335591606e-02
-8.276528562223937069e-01
4.846703742264433235e-01
1.576911929794564404e-01
-6.077309148152904017e-01
6.029389070295221309e-02
-8.116919279864952541e-01
2.282178695312262473e-01
8.455705846649653745e-01
9.912801811243765471e-02
3.567444552700511640e-01
5.774817837603274384e-01
-6.787485250827385297e-01
-3.367972097885736371e-01
8.189287762017645189e-01
-4.096004846488652262e-01
5.835360556936808329e-02
-4.923372588203032141e-01
-2.224983294322806504e-01
-6.009381984919408559e-01
-9.852451283184455733e-01
3.605055453737726623e-01
-7.912081027570827541e-01
6.658783437334088173e-01
1.791415240344456927e-01
2.686275922150887507e-01
1.890673342490374331e-01
6.322714409565344251e-01
-3.558819403727611075e-01
-9.639478335803942644e-01
-4.651291079020081209e-01
-1.000000000000000000e+00
6.303494785260338462e-01
-1.622642925945260717e-01
3.812524900227332592e-01
9.296373683717098491e-01
-1.027645791710147805e-01
6.773167690945554043e-01
4.783493966477882497e-01
5.201385360064050278e-01
-3.197711736873323773e-01
9.018350296693133927e-01
2.586832965186860456e-01
-6.825451530290973512e-01
-2.277331128589898945e-02
6.028274402474567140e-01
7.936820155372861230e-01
6.300822210004541901e-01
1.135662013024274497e-01
8.604654827974498321e-01
-7.069233882671481783e-01
-3.248018901855445062e-01
8.019275729078849668e-01
-8.656179699547490447e-01
1.164085387134260463e-01
3.462950936930992984e-01
-4.078022237625856250e-01
-4.015299965151621908e-01
1.000000000000000000e+00
4.804212563676277803e-01
-4.571920538882487950e-01
9.352555621102455197e-01
-2.020798625839148599e-03
-1.000000000000000000e+00
6.422004183869636229e-01
2.842954550400272895e-01
-2.301088519753320405e-01
-8.250693874959027507e-01
3.825608338881190118e-01
-6.892336555810940624e-01
4.354386271828688537e-01
-9.730640553520324421e-01
7.988138223212437605e-01
1.444489292602839092e-01
-1.182895245900104086e-01
7.613052370995663232e-01
-2.706608965460053362e-01
7.279440694612193674e-01
2.753783122115278648e-01
-1.413678118024817021e-01
7.506913057107467147e-01
4.458515631150191671e-01
-9.390016320936025451e-01
-8.032396422550358572e-01
-6.886100074469121424e-01
4.386021767257348714e-01
3.752652062513117670e-02
4.785791700631127354e-01
8.757597656323995450e-02
-7.039756805100405579e-02
4.615184680829271802e-01
-2.893480375349748446e-01
-7.310533750449335066e-01
-3.508236620218336821e-01
-4.729902884952734698e-01
9.823040946243473126e-01
-4.913457092296580342e-02
-5.777186785883388076e-01
-7.184194571697832821e-02
-2.227730404282096677e-01
-5.077495033318843998e-01
-9.390933892890243051e-01
-1.784105625362439052e-01
8.080875015641095782e-01
7.500630719436407468e-01
-1.005205324732849625e-01
3.298418513581127254e-01
3.988079493984886259e-01
-3.351636135096653923e-01
-5.013731051900010005e-01
2.212451395110016927e-01
