6.598710695462084441e-01
-6.530303583290567038e-02
-7.630495805552297561e-01
-1.800848236800514091e-01
-9.511316809607373024e-01
3.625307639883368349e-01
-9.478795666057581171e-01
-9.451272766844014406e-01
8.357551996670370409e-01
1.790511919300710464e-01
3.107484043100487980e-01
-4.423489336262006466e-01
-1.134484515703423901e-01
7.153888833061667896e-01
-9.866970444429010723e-01
-8.192190037766762245e-01
-3.816797419485644105e-01
1.000000000000000000e+00
7.435151665176404912e-01
-3.132377384942723886e-01
-6.574781105412855764e-01
6.023188923970556052e-01
-1.000000000000000000e+00
7.811241676416751378e-01
-5.580980087245133170e-01
-6.539553373383681922e-01
-2.126386532438624410e-01
6.387294853593741273e-01
-1.438173335024526267e-01
-1.000000000000000000e+00
-2.642610945740668793e-01
5.134529522285561365e-01
-3.038098507506796775e-01
-2.892313049578394413e-01
9.770612433872616354e-02
1.683475691346732195e-02
-7.944069228099552848e-01
-9.453467768953003336e-01
-1.806011800731065486e-01
-8.413601240135279435e-04
3.841662074277163441e-03
-3.082891525476791905e-01
5.993890113529187769e-01
-4.756492914063963351e-01
4.883963716819050838e-02
-7.741169306686321860e-01
-6.345178344456214869e-01
-1.694534187853260487e-01
-4.946052222493834138e-01
3.448250355347430851e-01
4.622552066947046567e-01
-5.024114662747104498e-01
-1.504749646598748658e-01
-6.216544210435011319e-02
3.568376929019896338e-01
-3.460439204531048918e-02
-2.008544700596557320e-01
-2.245747927777344277e-01
-2.485865640435913626e-02
-6.318635433074164531e-01
-4.923698280370599201e-01
7.520935441434026814e-01
-3.785169571138561340e-01
-9.972529255689439598e-01
-6.496866523346438438e-01
-3.366423062569265934e-01
-2.665354918785483029e-01
-2.318797710028241421e-01
-6.803863615543731536e-01
-2.966231680332179765e-01
-3.914579342936419515e-02
-7.238776795167636280e-01
1.906018293109749268e-02
5.532088499535210702e-02
-2.736656264890804380e-01
7.391173730323170599e-01
5.620556458164470692e-01
-1.128991080991170043e-01
-8.762463533142692551e-01
-1.150995033281070890e-01
-4.235731746967205669e-02
-7.174497320241155496e-01
6.117708708810860596e-01
7.742479591219648682e-01
-5.103127850824034084e-01
-9.422231774450120501e-01
-6.276749500407234894e-01
2.865817791170275353e-01
-3.580290145818422753e-01
7.689933824822613451e-01
4.243865689839025901e-01
-9.590853404258445902e-01
-4.906347149338541325e-02
-9.910551662530646677e-01
-2.138323589989715445e-01
-6.091002886668070992e-01
-1.528036297794208576e-01
-9.871287632574546889e-01
7.744279917375757050e-02
6.518930457482563501e-01
9.536094476811018961e-01
-3.589514204834662880e-01
-8.995666621535983523e-03
4.020110094806168544e-01
6.629990243490412327e-01
2.521736729330683047e-01
1.505677369204242166e-01
5.557798945172045535e-01
8.951356359220347114e-01
5.633305919037299159e-01
8.793330643826199333e-01
-6.090668329811816939e-01
-6.713400683724779494e-01
-1.000000000000000000e+00
3.733389691278203859e-01
-8.297685449288811910e-01
-9.656497475658507579e-01
-6.402490171934587249e-01
9.974161527349689749e-01
-3.214466157205806418e-01
-1.968375825366253662e-01
-1.000000000000000000e+00
1.000000000000000000e+00
-3.087929228493915268e-01
7.822049091416687361e-01
2.516968823386831478e-01
7.470642402527423176e-01
9.601592612546282490e-01
6.788710306507669268e-01
-6.966919143660548208e-01
-2.974721414205415693e-01
-4.029861313747863938e-01
-4.301738374588226499e-01
-1.467071299431548237e-01
6.535092658633501195e-02
9.015458636263669057e-01
-2.451139957415402471e-01
5.908425909230132778e-01
-9.121133144218119826e-01
-6.253487734594996850e-01
-1.000000000000000000e+00
-1.416671794824838626e-01
2.173163204064378906e-01
9.108403987593998163e-01
-1.897250225588668071e-01
-9.528618754639310851e-01
5.870961781187189477e-01
-2.428627886706586914e-01
7.403282782461964029e-01
-5.152206780555532162e-02
-9.731933886680441681e-01
-5.817926173287082392e-01
2.151656064542079860e-01
-9.947785295301643238e-01
-5.991938611610202192e-02
-8.276528562223937069e-01
3.443885095591026069e-01
1.576911929794564404e-01
-5.186325242313736261e-01
-2.937666965888194870e-01
-8.255218229919247808e-01
3.437066100683956460e-01
7.851032785150817705e-01
-1.563881829021387393e-01
4.662667934886990939e-01
2.168573664699250947e-01
-8.064586697930664627e-01
-1.479444433851373475e-01
8.189287762017645189e-01
-1.502214765427865029e-01
1.024543416075885116e-01
-7.367980130360912705e-01
8.587206914771955413e-02
-6.009381984919408559e-01
-9.791720311407289268e-01
3.108074056905662519e-01
-8.181660720220274019e-01
6.196375703451333372e-01
7.045960405099350732e-01
1.890346891956989073e-01
6.669667087007183359e-02
6.322714409565344251e-01
-3.558819403727611075e-01
-8.547991849938529896e-01
-5.955768059458179664e-01
-9.028057323182385741e-01
8.528964138249073290e-01
5.168417396080923210e-01
-2.738648730856206581e-02
1.000000000000000000e+00
1.625715571798014292e-01
3.351306806219248036e-01
5.180492667438415522e-01
5.201385360064050278e-01
-2.251374753378387328e-01
9.018350296693133927e-01
2.586832965186860456e-01
-6.911958499688417579e-01
-2.277331128589898945e-02
5.285516442992594932e-01
7.936820155372861230e-01
1.447727238313769871e-01
1.135662013024274497e-01
8.604654827974498321e-01
-7.069233882671481783e-01
-2.879034619851588706e-01
5.495720824670164983e-01
-8.656179699547490447e-01
6.531342173857156430e-01
3.462950936930992984e-01
-7.939189627997204068e-01
-4.708543404507185004e-01
9.536479347135281559e-01
6.230786997653197101e-01
-4.571920538882487950e-01
9.053861843681620947e-01
-8.482247813659780922e-02
-1.000000000000000000e+00
6.422004183869636229e-01
2.365585587541027546e-01
-2.286364384962590313e-01
-8.999162759478416262e-01
4.409720538440016768e-01
-6.892336555810940624e-01
3.099912712967018980e-01
-8.545297447613601216e-01
7.988138223212437605e-01
-4.104959178338862813e-02
-1.182895245900104086e-01
1.000000000000000000e+00
-7.344552859195920824e-01
1.000000000000000000e+00
2.753783122115278648e-01
-1.413678118024817021e-01
4.551497527492676665e-01
7.884950518830962096e-01
-9.940500336590424313e-01
-4.942488011059115172e-01
-6.944651426609432798e-01
4.386021767257348714e-01
3.904235899925176390e-02
3.858797601330077320e-01
1.441591047742989407e-01
-7.039756805100405579e-02
5.302258398026714614e-01
-2.893480375349748446e-01
-9.472818563032450179e-01
-2.865675111167549360e-01
-4.729902884952734698e-01
5.463693114516280369e-01
-4.913457092296580342e-02
-6.896334347551136279e-01
2.273116535139488303e-01
1.165722266107227512e-02
-1.674430756601812120e-01
-9.390933892890243051e-01
-1.794348649078085778e-01
8.080875015641095782e-01
7.500630719436407468e-01
2.422594475656750790e-01
4.574731495666360392e-01
6.884454658610413835e-01
-4.767097199730728208e-01
-1.403345391534141784e-01
1.168930983360891851e-01
