9.860036102401682490e-01
1.000000000000000000e+00
-9.077501410275279348e-01
-7.635334208342345885e-01
-9.790719296040321096e-01
5.477470569516188492e-01
-9.827456648371030168e-01
-9.532480132779079796e-01
5.596127685766050242e-01
2.569507014694630276e-01
2.707559661685938202e-01
-4.283851428671940909e-01
4.693314029156634426e-01
5.540690501055737238e-01
-1.551924426847673955e-01
-8.862242645655240558e-01
1.267060017722917431e-01
6.505177084065283388e-01
5.389395335813457200e-02
-5.131727057253546720e-01
-9.712145458459284786e-01
9.627024814573800215e-01
4.237390748547734121e-01
7.283507946791929477e-01
-5.786408033912627813e-01
-2.744843914534592089e-02
-2.534044543661114202e-01
8.050644689425265899e-01
4.088376048865416390e-01
-6.139222791198589713e-01
-2.157154290504218197e-01
7.667839462052370436e-01
2.752869465621754497e-01
-3.045628198447429269e-01
-7.942666809406465078e-02
-2.666513257133579229e-01
-5.820020907598610904e-01
-7.894883644024575098e-01
-9.168288970730317233e-01
8.377748523026457006e-01
-6.904513329175265834e-01
-9.227373189584985314e-01
7.228503989215740999e-01
-8.978824354777761307e-01
-6.118088995776714833e-01
-7.865741225549823801e-01
-2.698075381991607014e-01
-8.649961398653287503e-01
5.936900030317414645e-01
-4.304321718347138837e-01
2.961186127013198388e-01
1.000000000000000000e+00
-8.555965304787055414e-01
-1.940371588795338220e-01
-1.742788959282973171e-01
9.639558407740883572e-01
-4.263923471805536325e-02
-8.967659962215821512e-01
6.122284247742885988e-02
-1.000000000000000000e+00
-3.752044047436884355e-01
2.324963207773348139e-01
-1.000000000000000000e+00
3.558582768322354206e-01
-4.525511726353492747e-01
-9.654413102805954328e-01
3.816555583319146405e-02
-3.086438209512834541e-02
-5.132045892096481765e-01
-1.000000000000000000e+00
-6.095767554115726350e-01
2.458847837887017107e-01
1.236567768528302330e-01
3.754358162025255852e-01
-8.483156700810569051e-01
1.000000000000000000e+00
6.539740879553753716e-01
-7.569420312180924482e-01
-2.793130877847340710e-01
8.262512910210086936e-01
3.974599381720611557e-01
-1.729407581721589815e-01
7.064212075037066274e-01
7.649075702907717211e-01
-9.004829568143134511e-01
-6.288747178251846703e-01
-2.709312163662511153e-01
-1.874506929869273197e-01
4.882879633080282611e-01
4.109553816923512959e-01
8.318732555181344024e-01
-1.000000000000000000e+00
3.299855227323588158e-01
-4.665604841057471308e-01
2.684322294937790399e-01
-8.851922901730140403e-01
-1.632865142359036792e-01
-1.000000000000000000e+00
-6.512963302517764674e-01
-3.841135754827173510e-01
-4.575540069001637206e-02
-8.306717488864520105e-01
2.439715417936388214e-02
5.809365545709065382e-01
8.388786152072781332e-01
-5.153823711210917535e-01
2.757644631389305490e-01
4.978402595019255639e-01
7.700627652001826862e-01
-3.740332166512614354e-01
9.825188290503374944e-01
-8.337590344410780174e-01
4.840726668904976604e-03
-8.571437352709626589e-01
-7.610023422390601588e-01
-6.719360470723995116e-01
-2.903068364789750944e-01
1.933413585139084345e-01
8.482335671020209134e-01
2.691600911764571169e-01
-1.050261628983300000e-01
-9.622976405851748627e-01
5.123655113253345883e-01
-5.156381515811850891e-01
6.773557205935568648e-01
6.504262252864517757e-01
1.268297129033423842e-01
5.422997394613668920e-01
5.495108974584805850e-01
-7.082399738109088627e-01
7.717852931729576316e-01
-2.622673905756709445e-01
-7.375101391769739445e-01
-7.013364431168452873e-01
-5.412150386917233824e-01
4.529398533659400594e-01
-5.648628138417064459e-01
7.486914397392769871e-01
-6.664445542925880872e-01
-9.771600785014372681e-01
-8.821880265225586770e-01
-3.136554487536904468e-01
8.140561649418460721e-01
8.147010516620976084e-01
1.501757994941126662e-01
-8.717941038694976275e-01
-9.638250982935370192e-02
-6.237498758318584802e-01
9.147978158081270239e-01
-6.912701187602745545e-01
-3.544330147246347318e-01
-2.300350760114763804e-01
-9.827989663597156908e-03
-7.060112746988833621e-01
3.512442056761409526e-01
-3.699655835924619551e-01
4.214913077823755350e-01
-5.158072145154398713e-01
-5.433393960998338379e-01
-2.952599177837109679e-01
-5.569831180782779390e-01
-1.678847739278532814e-01
9.557411264987883959e-01
-5.139919598129174538e-01
5.502848122230584449e-02
-1.562352954943170280e-01
-6.745757101802609679e-01
-4.698097380458512440e-01
4.971629237969108495e-01
-9.074916794089500360e-01
1.761072265422572447e-01
-6.347378936386402493e-02
-7.551395841639880757e-01
-6.749737474651726354e-02
-3.026877653700697501e-01
-3.590260925094534983e-02
-5.112717461821497666e-01
-7.151874006372408443e-01
6.587090695761498305e-01
5.827206142065294303e-01
1.381048963684488873e-01
-3.658569543554942016e-01
-7.135815207201686716e-01
-9.227494432744653974e-01
-5.183741654382043595e-01
-8.836156269600030644e-01
-1.292479367866389006e-01
-5.265641669036200678e-01
-4.984425005185259133e-02
7.458828232474813413e-01
6.714701609353527223e-01
5.917361708819334210e-01
8.259315957908501815e-01
7.231097201175269440e-01
-4.593232031819878824e-01
6.240952255281604355e-01
-8.819903898915137930e-02
-8.105726998642885928e-01
5.770412172011573082e-01
3.042687555950887579e-01
1.579592022167872756e-01
3.591443156238804946e-01
7.761986894767550771e-01
8.839520161065811399e-01
-3.934008338719113818e-01
-8.417578186294116804e-01
1.037315866774799755e-01
-7.068441594809016237e-02
4.551781775722878454e-01
2.962955680364682265e-01
-2.728727909972800680e-01
-3.255129103206521046e-01
7.305530748758997106e-01
7.928075261162312870e-01
-3.864249709547123990e-01
8.884107929489504230e-01
-2.899753615102306226e-01
-6.424186941470353407e-01
4.922838862543406635e-01
8.463110208857558270e-01
2.655331670816983847e-01
-8.787604638755996955e-01
-4.904683599655745296e-01
-7.641655591884013998e-02
1.853199596838172591e-01
-9.755999339130972947e-01
9.317022747958529916e-01
4.761642007320474601e-01
6.849056270462929863e-01
1.000000000000000000e+00
2.254181899199102224e-02
1.000000000000000000e+00
5.065135736955264090e-01
-1.416913506599284667e-01
1.000000000000000000e+00
1.476500907260203388e-01
3.834421091474438104e-02
-1.000000000000000000e+00
6.484014122146145032e-02
6.091273704911570608e-01
5.389714848879901821e-01
-2.899104009323334452e-01
-6.336714816659261285e-01
3.273106662924217813e-01
-3.235575930087324359e-01
-6.353534470556061464e-01
-1.000000000000000000e+00
-5.163881716870712957e-01
-2.225253071660395210e-01
4.880253459894977608e-01
-7.229122921728635687e-01
-1.807887628539636693e-01
1.334216267311027493e-01
-4.669565660612102209e-01
-5.790144617378386593e-01
-1.000000000000000000e+00
-1.396624503081133617e-01
8.242651347185498967e-01
8.522971765539386624e-01
8.953757997664001100e-02
4.311796052529768275e-01
3.634219349058507853e-01
1.191330361779606301e-01
-7.644571561343550536e-01
3.952288284862646717e-01
