-9.201928426925626292e-01
-6.483496042453911201e-01
-5.547685120386539048e-02
-8.622780280873044711e-01
-5.471494624612339985e-02
5.906031803339856223e-01
-6.272038627568446989e-01
5.921616312298800811e-01
6.127367077274354923e-01
4.769179969098855110e-01
-5.551712577850451691e-01
-4.648257614959748207e-01
-9.495323635601145007e-01
-5.782224283852070990e-01
-5.170171576973858762e-02
-6.670811984234232828e-01
4.045185076539536961e-01
-1.298094125803941901e-01
8.819936678154282061e-01
-4.009660980982569511e-01
6.208317259312581271e-01
8.917901878631012691e-01
6.754801005041719542e-01
-1.966934812178320335e-01
-2.462830772731007534e-01
8.587014937805081960e-01
-9.378678297281621556e-02
7.614321151408349753e-01
8.405161728346097205e-02
8.552864842138346857e-01
9.172004507602193879e-01
-5.448087093735107800e-01
4.202813318809945908e-01
4.836899210959895168e-01
9.622568099343929704e-02
5.694386957843740049e-01
9.718958837957079044e-01
2.111843575800131587e-02
-5.392067722017916953e-01
-8.234364645975718044e-01
-6.868432340587048435e-01
2.191228803950658610e-01
9.468071651297423896e-01
-6.365707355038039417e-01
-6.702881780304119352e-02
3.126239532783917641e-01
-7.594785775665865435e-01
2.846851584717513539e-01
9.380664704619741112e-01
4.856869481626923113e-01
-6.365509308282977230e-01
-2.798532330591935735e-01
-3.621280692751205343e-01
-8.792341690054819026e-01
3.323949020642515961e-01
-4.026823980537613812e-01
-5.484914383956206452e-01
-8.091592815183705767e-01
-8.720952859228690013e-01
2.467469390013057595e-01
8.667436907557223291e-01
4.825853260638459652e-01
1.714195466132033552e-01
4.034206168133539633e-02
-7.817081458534770322e-01
2.932419811933366649e-01
-7.808981779494686970e-01
-9.583886268886703252e-01
1.936727543761995740e-02
-6.370234476513226829e-01
-3.055080653590449002e-01
8.864548563599017328e-01
-2.330683079084084897e-01
7.113192086706956671e-03
2.395387643749323503e-01
9.746938108704827908e-02
5.300786137479854832e-01
6.556221803901883804e-01
8.652670121694933103e-01
-8.151176784877427473e-01
-8.433869993389324637e-01
5.535475872245914086e-01
5.907119512152181340e-01
5.970360847133102666e-01
7.967684697500705404e-01
-2.778071776153213102e-01
-7.915107188176203623e-01
-5.589915758834436144e-01
-8.185580736177443528e-01
1.000000000000000000e+00
1.516843166970850976e-01
5.446480961401874987e-01
8.580728240148421948e-01
-7.341248107399771516e-01
4.761452547920921319e-01
-9.371405450285175132e-01
1.000000000000000000e+00
-6.122704236674610945e-01
-2.748018996940273517e-01
4.710987888709680105e-01
-2.882844465991569738e-01
7.972563359877578304e-02
6.873978637854907259e-01
1.748657916674253854e-01
1.853685341672584030e-01
4.549608476601318952e-01
8.729380707004325002e-02
2.097174292036108889e-01
-9.727576269972395551e-01
8.853841018678991759e-01
5.812569237636442399e-01
-3.822612513923994149e-01
5.604687046303983289e-01
2.296097562223657074e-01
-6.198570799052641883e-02
-1.057090903676913413e-01
-7.629002451598034806e-01
2.742776481613330430e-01
4.510077368825533006e-01
-6.850793736348287366e-01
5.662041025158417451e-01
-5.985914145085399207e-01
9.291746866554986273e-01
4.667045192173331913e-01
-1.781844855274103134e-01
-4.451419351469393937e-01
-9.166947620147115616e-01
-8.160527626853376626e-01
1.426134502283495642e-01
1.439590194338546958e-01
8.411125386466514753e-01
-6.244256319909912145e-01
-1.561585880089119971e-01
6.428777323744087058e-01
3.943229157889441838e-01
-6.600188283265326916e-01
6.840321630589196733e-01
-7.911828207246168754e-01
1.441417759457206960e-01
-7.709107381567235073e-01
5.940522777282540856e-01
-5.750661769334524109e-01
-7.857611756465109343e-01
7.499576083957824046e-01
-7.225015108679009312e-01
2.792819816472216221e-01
-7.465140155971403679e-01
8.730622322697250137e-01
6.591096109259743097e-01
8.669175716765495920e-01
-4.603700480240410786e-02
5.948164280523221548e-01
-2.725410545617231728e-01
-7.550085542910252023e-01
3.927912237960997088e-01
-4.059266780895022797e-01
5.135190982423029071e-01
-6.730201489111178326e-01
8.517243242534804359e-01
9.207854634522512072e-01
-6.679491399880631564e-01
1.934766659159487812e-01
7.331729433656772876e-01
2.290624632011119266e-01
-2.523346279843883821e-01
-3.899813655996285378e-01
-2.762406871890033533e-01
3.800814634085410981e-01
9.893048069246658249e-01
2.633228365203712507e-01
1.141013061150051022e-01
-8.800118061279919024e-01
-4.365010441312222600e-01
-6.243109300873832535e-01
-1.000000000000000000e+00
-6.552207724203873429e-01
1.580517889413284860e-01
1.672028529068140534e-01
-1.011301260984563966e-01
-4.748422696827288014e-01
-1.793546589002969482e-01
8.343876820775688596e-01
4.600607222172458100e-01
-5.178526933138123400e-01
-5.336556237712608564e-02
-5.464882397492056842e-01
-8.250630172258722750e-01
-4.130858798982594560e-01
-8.835522706290821482e-01
3.817082213160769705e-02
-6.075247808390217275e-01
7.944328037453309843e-01
-1.739451281512969238e-01
-5.430212096397685206e-01
3.648039709537997943e-02
9.935259439635346634e-02
-2.100534261834399175e-01
-3.829668405156889111e-01
-7.609129941932327723e-01
-2.997340298008805970e-01
5.973222772449370277e-01
5.440950908804016439e-01
8.618322934132061075e-01
2.330240499829396572e-01
-9.626939713538716914e-01
8.919119098462405804e-01
-4.201615166915018129e-01
1.474589453479220325e-01
-2.889119324209354911e-01
-4.064007999886421474e-01
-7.783004176733666624e-01
5.826378452014804310e-01
1.881943577509636867e-01
2.314113646080937503e-01
9.953150852810628280e-01
-1.500565426811719949e-01
2.959235100101406668e-01
8.182012545620810373e-01
-2.266511776867797534e-01
8.550292943784156829e-01
2.991917370178241026e-02
-4.166288077987809549e-03
5.764705917107706412e-01
-1.552764320926162400e-01
-7.222666569390724378e-01
-9.536872859579368367e-01
2.437216615449524504e-01
9.111961945949346164e-01
-1.191661868936035595e-01
-9.539187472424156544e-01
4.684848104424482740e-01
4.520177161037512992e-01
7.175466597531114932e-01
-8.191156985955706515e-01
8.405810446620560761e-01
5.103351653871751603e-01
-5.886291184767797890e-01
-9.288182972447738273e-01
4.480518253007775287e-01
5.602151206404606398e-01
-8.391538258776600756e-01
-6.376626001707923486e-01
1.015043074066511453e-01
-1.000000000000000000e+00
-9.335142543084613553e-01
-1.987896461677322868e-01
-1.641619429277242082e-01
1.000000000000000000e+00
-6.644884872655308916e-01
6.878590043218294481e-01
-4.084346428851861610e-01
5.159267008286474443e-01
-7.017795271995269646e-01
7.881079600528913959e-03
-3.362287634006666873e-03
5.381991431193222652e-01
-9.755965838433207082e-01
-3.878733688163029658e-01
6.526021661356908865e-01
-3.645657932815314917e-01
-1.972075233030576857e-01
-4.521865871962055250e-01
-4.683071989868848872e-01
3.041667922350769215e-01
-1.148680129583426329e-01
