3.675922077452659087e-01
4.080068531340216298e-01
-9.097680259238500877e-01
-5.448776514808220117e-01
2.556401099097915797e-01
5.615814167031869530e-01
1.859954232272705843e-01
9.313038539152951323e-01
8.564878034461100853e-01
9.164299061548975001e-02
1.373329919650269071e-01
-1.424380691042414493e-01
2.946293816477548733e-01
9.463353117999036279e-02
-3.706616691946184039e-01
-8.322906730062986647e-01
-7.215294785748606055e-01
-3.313517474386554196e-01
-2.235030464846167186e-01
9.104773191014847722e-01
3.239677867861900373e-01
2.245665247791170938e-01
5.063679428999695586e-02
2.185157497216093092e-01
-7.569469356407781957e-01
1.724492021784150841e-01
1.234542342839327345e-02
-6.871860769916255940e-01
4.046288520077526152e-01
-4.090034382413383351e-01
-2.282186870798757483e-01
-9.317710788307314029e-01
3.636731799156443512e-01
-1.942577660170481391e-01
1.543652390820293707e-02
5.328636304195222273e-02
-8.999436571157326537e-02
-4.944207848500442037e-01
1.283617147086746346e-03
5.029009629470206910e-01
-5.405913267270838762e-01
1.620974750992166535e-01
3.637156787672990998e-01
-1.753599155078692240e-01
-7.282351595526492805e-02
4.960778819891081826e-02
5.118842612135739989e-01
5.447164220060628503e-01
1.486024966231419553e-01
-3.681520910246557365e-01
-1.933925369707874542e-01
-5.712565533888499525e-01
6.952125863311789944e-01
3.395998755623574894e-02
3.097308468311721352e-02
2.992283946104439263e-01
3.799317392883566069e-01
-2.994834586881820471e-01
7.552639093950705984e-01
5.125558123182855086e-01
-7.359243955260729164e-01
-1.882951953040944426e-01
-2.111862855747724255e-01
-5.510098247395281978e-01
3.005837136156720435e-01
1.468222426172882678e-02
-2.841136092917430078e-01
1.490101195877566731e-01
-2.394988493131284812e-01
6.767643240011289585e-01
-1.689308391043196078e-01
-2.458237163559213734e-01
7.452035038844855297e-01
1.689059217084405706e-01
3.259180350237911306e-02
-4.974790686066458134e-01
-1.031171359893494066e-01
-3.508194382506067965e-01
2.875221427084406201e-01
3.370401272679968141e-02
2.960749205571593379e-01
-4.357251907641271349e-02
-1.506066222630763063e-01
3.357146171809515800e-01
-4.950819529044447886e-02
1.352679075937837372e-01
-1.571928521649768040e-02
-4.789777172686199291e-01
1.198264674910576311e-02
4.233726384352454186e-01
2.325565798202198498e-01
-4.588685818056570942e-01
1.379281721660116644e-01
-5.146535704824095614e-01
2.816880874324929618e-01
7.787843530883878929e-01
-7.442185817357852562e-01
2.657928942053648380e-01
-9.893799975392716939e-02
-5.044848835461019920e-01
2.364553983331505460e-01
-1.927984604471186802e-01
-5.462124462339141839e-01
3.337760034331984094e-01
-3.147659794389651156e-01
-4.199319283978654727e-01
-2.130788398692795571e-03
2.022551433369635943e-01
-3.167820054733928026e-01
1.305148062709909629e-01
3.978499717015132608e-01
4.604622972267860548e-01
-6.051710218305017541e-01
2.056614057218840719e-01
3.390947668829679129e-01
3.064910601806283275e-01
3.710148015712737557e-01
6.388373307487478225e-01
-3.509230267141314474e-01
-1.087174404020109231e-01
5.552646407485182234e-01
8.567001070303191801e-01
-3.940007179399719894e-01
6.890670514422336801e-02
-5.907403224391511998e-01
-7.237717458644289392e-01
4.715172376079251881e-01
7.598996746675346081e-01
1.091775694475607961e-01
-3.752001294772218110e-01
4.198095866375994301e-01
-1.724320021022056060e-01
-1.050395952190184834e-01
-2.733137808364923815e-01
-6.625019278985950777e-01
-1.924216218597600558e-01
-1.802740355780367010e-01
-4.637255164966647136e-02
1.908984625909441735e-01
-5.755362566319663920e-01
7.367249471991361709e-01
-3.829927314604867350e-01
6.846458852717252075e-02
9.428782122509116181e-02
7.912145197074162972e-01
-4.395543194624313421e-01
1.798980799281079124e-01
-3.010714923818637034e-01
-6.304790492287608572e-01
-4.931750844648405407e-01
-2.562773948149563163e-01
2.417128727150608114e-02
1.378457429430764991e-01
-3.818068949159754144e-01
-5.539318282320427889e-01
-4.559443187868663649e-01
8.864284022169189869e-01
-5.659777587322945003e-03
2.011598213499741217e-01
-7.560808402188204380e-02
8.576924186475212708e-02
-3.302207490604647244e-01
-7.911715312009597323e-01
-9.450992718288742100e-02
-9.321187708275119332e-02
-6.241396950970916624e-01
-2.755399067760836984e-01
-6.983254834470784544e-01
2.564754279328714803e-01
-2.407038067345824706e-01
-2.195541451172232095e-01
1.578332348930530094e-01
8.705516452275388062e-01
2.272665720006517287e-01
-5.427363966153792019e-02
-1.457819507340343268e-01
-8.068878274265037231e-02
-5.034739264922513113e-01
3.257694621603997587e-01
-2.901453436260376662e-01
-1.189959950429006624e-01
6.720024725340686400e-01
5.488137710959521964e-01
-5.633265946069860863e-01
1.531931829672916745e-01
-1.596088473331566671e-01
-1.136050826142875891e-01
-2.224554242021835604e-01
-5.671148893080690812e-02
4.184663168593102389e-01
-1.785957509337094962e-01
-2.815291026819561893e-01
1.746317592943453789e-01
4.850957562160918002e-03
-3.312259545204362388e-01
-1.027504850504405987e-01
-1.386470397911329644e-01
1.398146441544337315e-02
-8.122959086734904410e-02
5.732750425308548170e-01
-4.397772181710972728e-01
4.884856693425136953e-01
5.131918594467460570e-01
2.783751080444878401e-01
3.858461610789446494e-01
-7.341279000006485367e-01
1.833011153460323839e-01
7.221816510867772321e-01
-2.790655592327780932e-01
-9.494660092682405406e-02
-9.328994473956575550e-02
-8.091082912894457246e-01
9.933909620540282148e-02
4.221375565883469516e-01
-4.548458862909402489e-01
-4.685097309809169719e-01
3.965551488488872067e-03
-1.195154604449003566e-01
-6.936367133152832043e-02
8.999306550268915128e-02
7.873325400732066326e-01
1.188371727666054367e-02
2.398978498098814915e-01
2.646016959380540490e-01
7.033371672995389901e-01
4.483025230962525143e-01
-1.695905772704634495e-01
1.913619365755185320e-01
3.573608270166214185e-01
4.259782120145811368e-01
2.248996066850361131e-01
-3.969965649797420060e-01
4.526005309418570377e-01
1.006665895823427304e-01
-6.218599844803489596e-01
-5.584188047605889160e-01
1.384565849530517423e-01
4.149080340638195974e-01
2.338564727547004507e-02
-8.343981752705348365e-01
-2.263578327863603468e-01
1.618497751838543774e-01
-2.339657124196312665e-01
-4.536357834448943027e-01
-2.041168192162797768e-01
-1.414643895301392340e-01
2.114936562414073684e-01
-7.141160401013313397e-02
-3.582705519301784269e-01
-2.551805739340752277e-01
-8.289386251320426946e-02
-1.888888302883761916e-01
-8.578423915897892549e-02
1.551836457925964696e-02
-2.902371660557745425e-02
-7.961191255694181068e-01
-2.837342390679495896e-01
6.975785766616914296e-01
3.501815425406212268e-01
3.382775818919314670e-01
-7.882371543065476160e-01
-6.774191532837142704e-02
-2.755066111731231948e-01
1.057258833271395027e-01
2.885291507657761212e-01
