5.375740273736549779e-02
-9.842658995712663117e-01
9.741046132572428462e-03
4.676577488423439011e-01
7.810672358358257128e-01
-9.719642610326392207e-01
6.039840398197944271e-01
-9.623876516387845914e-01
8.798111173862797063e-01
-4.944595098847674453e-01
-7.480712763073338323e-01
-4.797313395754324583e-01
-2.885313386221691201e-01
5.533419372035337513e-01
-2.776004375961975690e-01
8.461256310030579320e-01
-6.620845751700923931e-02
-2.533127386963341943e-01
-1.181702918510398881e-01
-4.866667005897240550e-01
-1.783416078271418126e-01
8.595718888872880825e-01
-7.732972801221138504e-01
-2.140131423810451017e-01
-3.492176870434720026e-01
-2.809139682655614756e-01
6.263695652482526022e-01
-5.457646825018999115e-01
-3.132635259064356359e-01
-3.949794502211125824e-01
2.832481233524447584e-02
7.729104642437805150e-01
-9.981875052523330183e-01
-8.527922595822001739e-01
6.161348082553199657e-01
4.266584802943625965e-01
-9.373861794191534758e-02
1.091114415797972192e+00
-9.512351072923849182e-01
9.730165441110447677e-01
4.964748844657882465e-01
7.603809880714959002e-01
-4.014774249426612818e-02
-7.602864547974339526e-01
-8.428161980563065869e-01
6.710349978239651403e-01
-7.418094891999358342e-01
2.933099850883938431e-01
4.031831969778194580e-01
-4.404420351972888614e-01
-7.061366784278061415e-01
1.383992617299141803e-01
9.437016891376948102e-01
1.204291286700961972e-02
7.008648039866717527e-02
-5.696030888289854710e-01
-6.602779534855944821e-01
-4.534510507842606231e-01
-5.688645226782212960e-01
-4.088097338706758177e-01
-9.888335095929471352e-01
-6.793503210407384474e-01
-2.908932588557932575e-01
-2.707639255473854867e-01
-5.687553638956832636e-01
-7.709072477856512839e-02
-8.666041759042408810e-01
-8.617529766977822803e-01
8.969707705360487893e-01
-1.655227881940835033e-02
-3.118265662590495868e-01
-9.301248853666506111e-01
1.518898172868587138e-01
1.527559067208666133e-01
-5.910189596928107081e-01
8.162954160350595068e-01
5.334874297035518964e-01
-6.751384630965862055e-01
8.625161885410703722e-01
-1.933874511419495512e-01
6.846764971831702518e-01
7.359974491056359147e-01
-9.917616020365105367e-01
-8.018129095807338125e-01
2.772290444444054369e-01
7.724551936362449300e-01
4.106928081517704499e-01
-2.356624104141921416e-01
7.593911882228878696e-01
-3.136696345267006025e-01
-9.683913975026450238e-01
-7.129074474932362016e-01
7.982182604318226460e-01
4.596382070789600260e-01
-7.855673564037188861e-01
-7.764377654878289459e-01
4.792637511056911936e-01
4.216003529133543690e-03
-6.893114949985914564e-01
9.795955466128798417e-01
9.250255094354821184e-01
-5.715968787733236023e-02
-5.578555422233282268e-01
2.696888668854229287e-01
-9.607479703559844708e-01
-3.568854298513852719e-01
5.353405370538679708e-01
-1.719294992365116292e-01
7.083645430953706690e-01
2.334901644109671492e-02
-4.940156094770695727e-01
-4.638859068132336616e-01
2.414289373417091433e-01
8.961792069107128444e-01
-5.316101844429885759e-01
-7.681469956269530719e-02
8.546269177457679889e-02
-2.957684356603597076e-01
7.359386253733547489e-01
1.655618985292883760e-01
-3.087339409203797569e-01
-8.850024247880607930e-01
-5.880921515588251047e-01
-9.157458279664324463e-01
-8.639449239746163078e-01
-1.178094353591693511e-01
-9.070714957795567024e-01
-2.975749202247088832e-01
-5.270881854185935911e-01
3.964684993431812909e-01
5.003622869949024832e-01
7.731513079531840971e-01
-1.762291973041489601e-01
-2.647160963477435125e-01
-5.433841849774783128e-01
6.225657815327616529e-01
5.073667861848374372e-01
-2.820257481055472581e-01
5.867744615002694619e-01
-2.880368653699431070e-01
5.526856824869572637e-01
5.470477829442703666e-01
-6.021245627604352446e-01
7.353148874792003742e-01
9.269300889871139315e-01
-8.952176110777818607e-01
7.472640949053914738e-01
1.528464024363770934e-01
-3.559667005568886156e-01
8.794399261368250897e-01
3.590196095194437831e-01
-4.569917144836534995e-01
-7.306182609020263063e-01
-8.055279804426576096e-01
-6.347129122043317917e-01
6.306475500104645748e-01
-4.160257601140622263e-01
-1.091245312052325556e+00
-3.463054052848196784e-01
4.560923914649963606e-01
-5.426998472841364496e-01
-7.302712040605315869e-01
8.754972961547097254e-02
4.833327297414953261e-01
5.468430546869280651e-01
-2.309009904040428829e-01
8.084378159654015406e-02
7.148818087929719178e-01
-8.129688070243864528e-01
-9.292423225847258328e-01
6.083308548036649999e-01
-3.832015087694160549e-01
-6.272793052446066220e-01
3.517493796657810701e-01
-1.531643517149352540e-01
1.602745676979854816e-01
-1.039305300099031770e+00
-1.054175117700886677e+00
-2.759606796403664131e-01
4.590110639835676132e-01
-7.734412699634560795e-01
7.397694464153928839e-01
3.033031713362208670e-01
9.581423255191725552e-01
1.980793015460380890e-01
1.254776321910597847e-01
-1.027582988909863548e+00
4.711594191044807811e-01
-3.649056530622665218e-01
4.196142439267009916e-01
8.703795741012545495e-01
-5.798144098691384585e-01
8.922382205715129189e-01
4.760756683262146183e-02
-2.424764674009205478e-01
-6.799774249737877696e-02
-8.705868113129213715e-01
5.151203873277834244e-01
6.138091285297236910e-01
4.613619213859618817e-01
-3.403147923766909333e-01
-2.031889035182492531e-01
-7.150610375583045519e-02
-5.605106128146872813e-01
8.009638606975979513e-01
-3.003926111623975714e-01
4.160848829287777662e-02
7.496471291983669571e-01
-1.210672751281013509e-01
1.953117694984312092e-01
4.569982829371083133e-02
-1.239280203940483494e-02
-3.500404800655950721e-01
9.844402229415505357e-01
4.395554175082393433e-01
-1.093320952392232925e+00
1.416610630523001402e-01
-4.998848307861589735e-01
-7.433725855579260688e-01
-3.063373524780409474e-01
-4.546442136834025760e-01
-2.921003432055780946e-01
7.395863601622487682e-01
-1.733757661961823904e-01
-8.428617906614574995e-01
7.437002723283714367e-02
-1.220394662130335206e-01
-8.051947572355943050e-01
-4.270865328537090111e-01
-6.012717939022927949e-01
-8.199556500891775901e-01
-6.628954764806995748e-01
5.626590765604109201e-01
9.369897027144080681e-02
-6.064552543966885700e-01
-2.484191956820233638e-02
1.632252517064964881e-01
2.398107469213674181e-01
4.300478879822761669e-01
-6.315041094324929105e-01
-9.581799826997952074e-01
-8.124462063168341741e-02
1.212742931359594434e-01
2.728300718276499559e-01
7.772937642127339952e-01
8.597503848592731313e-01
-8.901659194567221878e-01
-8.249506561047755815e-01
4.728215166314579943e-01
-9.083803610763108161e-01
8.583645893614881839e-01
1.712949639729645368e-01
4.737953752855382783e-01
6.638085088107977816e-01
-5.463715132708273359e-01
-6.206041605283412199e-01
-1.734921857445945736e-01
2.363442378414947753e-01
4.269475578815031813e-01
-4.445212345811619947e-01
4.559104565225075706e-02
-2.073890931636210855e-01
8.303068597491225500e-01
-6.216992597571773249e-01
-6.770214817739853563e-01
