8.616415960576930821e-01
-7.076662645364062421e-01
-2.497197821065254009e-01
5.678153862347008474e-01
-5.422699258084311413e-01
4.841451865014834155e-03
-1.674724172007071576e-01
-9.282688670190194502e-01
5.332054843442838310e-01
4.954447696924578204e-01
-8.636923919732535371e-01
-5.207869409914721581e-01
-6.945072320309163549e-01
2.927046495321357633e-01
8.399000805066544340e-01
-1.000000000000000000e+00
-9.536082097819092995e-01
9.726815389281071589e-01
8.453576872193392377e-01
3.692058975818158784e-01
8.836054694696124923e-01
4.780919916156061156e-01
3.888543161703277296e-01
5.139961015729567206e-01
2.979795743633817384e-01
3.946552466350746746e-01
-7.498532552796399742e-01
-1.514036294332233579e-01
-3.914255161850394571e-01
-7.036297758597707119e-01
-4.237400868458038317e-01
-1.946631137689156799e-01
4.937444927860104027e-01
-6.346038271140681530e-01
7.968102459590187259e-01
-9.635308053767434044e-01
-4.686990882923342538e-01
3.087731193823347112e-02
9.878221430135646075e-02
2.345088768806420365e-01
5.347531482247711576e-01
8.557746836792848311e-02
1.088391092559221063e-02
-6.117190906780975990e-01
1.480085756589772372e-01
4.552672756808388566e-01
-3.423598323749301731e-01
7.696334237579094406e-01
4.691928746367201031e-01
4.748325934121244707e-01
-6.635065212787720768e-01
5.961010428038046038e-01
-4.302685509187220703e-01
6.373014439945674514e-01
-8.850875782660347912e-01
-6.923908169786414657e-01
4.095840421563681777e-01
-7.416375073172462584e-02
-5.277382666045766779e-01
-1.826236073710988117e-01
7.666453850675246651e-01
7.730617408680776070e-02
-7.220716043307990883e-01
6.210548182299275854e-01
-2.470718181284955461e-01
7.323765716306785967e-01
3.622754410660907198e-01
-7.346777255039760313e-01
8.231853414348361264e-02
7.010283420382730224e-01
8.709089343515673542e-01
-2.473143238324126414e-01
-5.489105706917697391e-01
-6.767517356018355468e-01
-5.564691571970806772e-01
-4.990181426202029424e-01
-5.455834680197462205e-01
6.429855210071825367e-01
-2.794774327762734600e-01
-5.093427369719958353e-01
1.727896829620269858e-01
1.286557681991207236e-03
-1.486168608481169828e-02
1.098363608844792338e-01
-7.294581864311162900e-02
-6.825493540767031408e-01
6.756966337132429556e-01
4.957235241103245538e-01
7.582121648649995382e-01
-9.189550924279146216e-01
-4.976712917789630208e-02
-5.768232619571109776e-01
-7.999728007931636853e-01
-4.659986140264292254e-01
8.312163298054884297e-01
-5.781499965778071903e-01
-2.158698976005605508e-01
-3.760681907744826274e-02
-5.645737538650836829e-01
-6.722122638670433581e-01
8.542776055153999959e-01
8.627745596233518111e-01
-2.419618550601813911e-02
2.032985534938529515e-01
-3.850896588545366095e-01
-3.769694504341549179e-01
8.329697427924314113e-01
8.904036516222257891e-01
-4.084750135108906610e-01
5.862749292997194717e-01
-3.943598670910376525e-01
-6.753461679289666231e-01
-2.657677174838131706e-01
2.639873583151426950e-01
4.551421002813900163e-01
-5.953236052526829081e-01
4.491081100283685901e-01
-7.811517321589933616e-01
-8.419287579153601486e-01
-1.859709121896893635e-02
-4.650349483334681455e-01
-3.909198931365180929e-01
8.929294658702483511e-01
1.947775878059878618e-01
5.391362410025399843e-01
6.743060304320147580e-01
7.288119022978620798e-01
-7.204324015745106058e-01
1.000000000000000000e+00
-9.096660847036061592e-02
-8.052849883983277390e-01
8.747250828345142226e-01
-2.599438047160697041e-01
-8.428277406545533479e-01
-8.609918913899555770e-01
1.821233952804688083e-01
-4.794467360432118075e-01
-3.187717921657302611e-01
-6.271354942472606719e-01
9.441270042408020924e-01
-1.615402965046046635e-01
-1.027691311975198474e-01
-1.211368209400075363e-01
5.782261034853013459e-01
7.052409602151812340e-01
3.153907895277490159e-01
-5.763006109380544029e-01
7.519530268694444297e-01
-5.171335180064065007e-01
-8.676066516995002420e-01
6.031731069660809519e-01
-5.711804980957576605e-01
1.922917810614024059e-01
7.831316873670504108e-01
-7.312512120911415225e-01
1.160403277345163353e-01
9.480101733813603992e-01
-5.474266108614701531e-01
-9.895922716304574873e-01
3.629892963459440125e-01
-1.978520841131224395e-01
-1.585157273556652979e-01
1.845394250354516208e-01
2.346659828538470438e-01
5.427068792401812392e-02
-5.318693316959387241e-02
-6.051022949666566841e-01
-2.664494724963462624e-01
-1.909084807894999569e-01
-7.337359674841147372e-01
5.542283627346409336e-01
-3.504587407463418125e-01
1.462779864509533845e-01
5.001715519883109806e-01
-9.611066358405272458e-01
-5.273947957941927944e-01
-4.292838161885468296e-01
-6.857574577918612579e-01
8.632797835340929593e-01
-1.000000000000000000e+00
9.120852068711103600e-02
7.293499620921127802e-01
7.466920910397832623e-02
-3.275407891466428634e-01
4.162782063623601259e-01
-1.000000000000000000e+00
6.921573122862347827e-01
-6.116661550106887724e-01
-6.538178743986154950e-01
-3.097825894286299064e-01
-4.006646152029301744e-01
5.199241780952598146e-01
9.430988259402763862e-01
5.250517899877660266e-01
-3.911004782651594791e-01
3.926651331907488052e-01
6.779511738563090972e-01
9.573654047240134357e-01
-1.488084716549633590e-01
5.279980031108736371e-01
8.406687698085643090e-01
-6.349341643036413574e-01
-2.381697320266749074e-01
-5.918974948276330972e-01
-9.973915833213096160e-01
5.685283071867604232e-02
-9.285794682427923608e-01
-4.445702943520722372e-01
5.445913103470301220e-01
-7.398471988574040203e-01
-7.092728378201036410e-01
-6.699313551642945841e-01
5.494874701484605550e-01
3.033890637889242181e-01
6.859976164757796147e-01
6.279108729639041320e-01
-4.250047351889441050e-01
1.890049464223150510e-01
5.453182060760895095e-02
-9.928916891094033970e-01
-7.175677475097554936e-01
-6.805023409913592003e-01
-9.319184655482983803e-01
7.132648291538806751e-01
-1.000000000000000000e+00
-3.056258563952366503e-01
4.248854822102644535e-01
-8.518849847951686094e-01
1.000000000000000000e+00
-4.269126754931547030e-01
-5.803040163115683603e-01
2.084358592941660537e-01
9.532920144958920150e-02
4.002335560337083598e-01
-2.743561082037699328e-01
2.018457904429900029e-01
-8.717201977444883898e-01
-9.930847050138094101e-01
-3.114764420755701813e-01
-5.910235632005013118e-01
3.317827398714220943e-01
-4.513292485756080774e-01
8.821045586841167463e-01
-9.859540834674456189e-01
-5.016394971377642342e-01
-2.653361582282152686e-01
-1.000000000000000000e+00
-3.605664374346123635e-01
-1.074078315389966759e-02
-6.099982000018497330e-02
-1.000000000000000000e+00
-6.754113942246349478e-03
8.542018712119294754e-01
2.272206809164201702e-01
2.108905335713708029e-01
-6.825838888055260067e-01
5.227412556251980202e-01
-8.573351367250461874e-02
5.070727264377306032e-01
8.638000215294475703e-01
9.489829595228849168e-01
-5.713666128497284502e-01
1.000000000000000000e+00
-4.982478373216532863e-01
-8.370774422072140286e-01
