-5.139187408320197159e-01
-6.021033616172523084e-01
-1.679428022987608238e-01
-2.930101967199680857e-01
-5.652563398806542683e-01
-4.936175982111670746e-01
-1.719756034729001681e-01
-8.608038667746573669e-01
-8.324412009649657662e-01
6.900767308607191897e-01
2.706626095800261922e-01
-5.310732070797955506e-01
-7.221203348362067453e-01
-6.569959129680836840e-01
4.219796009101461909e-01
7.658772444326222839e-02
3.388041079269018541e-01
3.761298628570530211e-01
6.473577004599659901e-01
-7.006888787701446297e-01
-5.440676521489846706e-01
-2.598712612364413588e-02
-5.654674048356089777e-02
9.002858434612952543e-01
1.000000000000000000e+00
-2.212862863341190089e-01
2.767315891330610622e-01
-1.097709428349919608e-01
6.538845175923451158e-01
2.412839900712993035e-01
-6.453672743487515184e-01
-4.599901907119408051e-01
-5.356150990340728946e-01
-9.435394094181475122e-01
9.571718518394500830e-01
-7.898489822224789014e-01
5.561597089524867865e-01
5.180232112543977641e-01
5.189430793768978756e-01
-5.101002459474753697e-02
-6.056281825372812344e-01
-2.363982093076564261e-01
-3.627382703103885220e-01
2.828701389414591261e-01
-2.664213457158263743e-01
-1.997066582745197771e-01
1.593283458009245035e-01
5.682499253070454337e-01
-4.451279208720942959e-02
3.123321733550608048e-01
-9.491285943814660175e-01
-6.835961617727648321e-01
-4.051739853603358865e-01
-5.143141174954140027e-01
-5.307176254335534971e-01
-8.206871486309912367e-01
1.204738682257602278e-01
8.321599238427566103e-01
9.558482547343940539e-01
1.561861240768820380e-01
-9.426395739929085416e-01
9.322708820084200099e-01
7.439436544819536534e-01
-8.848783943390506890e-01
-7.346973000899189588e-01
-3.968597201822350873e-01
-9.393263089183132575e-01
-5.189675700607618847e-01
1.167000648318228251e-01
5.467997557040056300e-01
5.417578641569191777e-01
5.069758438151281688e-01
-8.399290534777235084e-01
-9.205382552378014172e-01
-1.641772354059185535e-01
-8.510730053125856731e-01
9.560572485246172647e-01
8.741984802159730172e-02
8.435327574225044422e-01
-8.473563852984593581e-01
-1.340226830646853440e-01
2.887902028566932122e-01
-7.629741488228320989e-01
-3.024743125460622739e-01
-6.954624732992442659e-02
8.704154199696428895e-02
-8.790541708196729642e-01
-3.506648236712299749e-01
-8.353057190496063766e-01
5.441283668573950738e-01
-3.613266398940702118e-01
3.958236835166195622e-01
-7.784225706361580510e-01
9.351574030668663440e-03
9.877849645894449804e-01
-3.725189776182327162e-01
5.987105468038813605e-01
7.382006004401990840e-01
-1.184717297211812514e-01
6.209424233325203102e-02
-9.438137535150348256e-02
4.273837996464457389e-01
-5.072184831361525870e-01
1.549125366994141828e-04
-5.823823164747132797e-01
-6.269902848196262646e-01
-6.441024773467490805e-01
3.052832421995396173e-01
-7.116146119189896702e-01
7.854391162957427563e-02
4.463323360687746488e-01
5.216572384528799233e-01
-3.735475889588966147e-01
4.257906658386070298e-01
-2.187639541378431085e-01
-1.000000000000000000e+00
-9.908900581710644584e-01
2.838789279920479469e-01
-6.578168533552039010e-01
-9.649276298950837383e-01
7.065693688954136631e-01
8.222989599455679532e-03
5.288642601683970490e-01
-6.443622534707609262e-01
-8.677378888493861853e-01
7.109862295034070634e-01
6.318254797213420648e-01
-7.456468489283896162e-02
2.844239249107092249e-01
2.924037792963825044e-01
5.329623142683753700e-02
-6.422524045311956975e-01
-4.366458236785546454e-01
-6.460634216787499717e-01
2.037050361657233299e-01
3.271793210887876668e-01
-2.954689932103282679e-01
-5.445788666165358727e-01
-2.021498248733391567e-03
2.638826852940197032e-01
-5.425401910993745691e-01
9.170414763384391321e-01
4.064532472843047639e-01
-2.972126620793489882e-01
-3.609256418519488641e-01
6.573839501557325882e-01
-5.462359306746629173e-01
1.291027550976889815e-01
-1.406512708862320271e-01
9.844234928210509050e-01
6.792873209037230131e-01
-2.367256334155445341e-01
-6.632451338353826387e-01
-9.951748439050822626e-01
5.835702449707549366e-01
4.652397076325500702e-01
-5.878419284412977897e-01
-7.471710758102161343e-01
-5.636741737426669285e-01
-4.536534926611937024e-01
-9.259237874056720496e-01
4.964869719341890586e-01
-8.691356788127782007e-01
8.554139611273032795e-01
3.698366884100795504e-01
2.978860777014888939e-01
9.482465616970090494e-01
9.253254005296979168e-01
8.552796713482186952e-01
-5.319003694112882652e-01
4.525538986398822128e-01
3.938809995137931841e-02
4.092966179029073892e-01
2.405812929380673482e-01
7.724558052268712949e-01
-9.207125146310874975e-01
-9.018759698581666484e-01
-5.882613413091702936e-01
6.988249001652524495e-01
-2.154668015437639639e-01
6.222387115465803920e-01
2.429566039026005431e-01
-3.129841384308257313e-01
-1.555011635520344160e-01
4.697920270310914637e-01
-4.086143764838594539e-01
4.504033938274980553e-01
4.814038683467458668e-02
6.257750435788592691e-01
-2.070875954501853466e-01
-7.406320975819957741e-01
-6.161828800258477568e-01
-2.465427102439585738e-01
-2.079245232741278038e-02
6.666102614686966188e-01
-6.461924651821284726e-01
3.335566771520281915e-01
-9.445086999854710452e-01
-8.549150319079452665e-01
-1.454274278874672088e-01
-3.395558833240579499e-01
-3.594363134650102598e-01
-6.232842200246426767e-01
-4.958351525431013429e-01
3.916078676438650152e-01
9.315895564985086086e-01
-3.087928703709581502e-01
1.917935412110942650e-01
-5.324165537347205213e-01
3.498013957053744405e-01
-7.400505660820346776e-01
-1.000000000000000000e+00
9.519865024608604731e-01
-7.369659915834471109e-01
-1.399332534941084838e-02
-6.476660240503757660e-01
3.359861679169361404e-01
-5.790033935347862482e-01
-7.152174143517751881e-02
-8.003642353026340084e-01
7.143777340012786858e-01
-6.017625436007945083e-02
2.550649174314900680e-01
-9.515575207478530473e-01
9.604998432246047990e-01
1.562853846258724921e-01
5.602779185726836086e-01
1.582725597686909236e-01
3.488311449618003990e-01
-8.516048304344362441e-01
1.000000000000000000e+00
-6.643910222919348074e-01
5.834813434148788946e-01
6.803030310422475413e-02
-8.222375909687118511e-01
6.736645324490529996e-01
8.087280301137367289e-01
-3.201644044387408350e-01
8.808755371755692121e-01
-8.410051061067087552e-01
-5.382274762547181179e-01
6.019071987155716341e-01
6.968171760290917671e-01
1.000000000000000000e+00
-8.684374659072791047e-01
-7.208809031241323328e-01
3.839520862672729518e-01
-8.697872737517033936e-01
-3.028254190660642498e-01
3.012092998454840576e-01
2.459106287519094158e-01
7.444678388614132114e-01
1.934990947051319077e-01
-1.823578842126292177e-01
-4.819587537513196629e-02
-5.725012438055447905e-01
-6.478112419143985390e-01
9.095972809826258221e-01
1.000000000000000000e+00
2.213243070939643342e-01
-3.056817480470452875e-01
-2.677420463176817811e-01
-9.400365888041537499e-01
8.576361047661622550e-01
9.065543431032807575e-01
