4.290782097121595418e-01
-5.416035068624422966e-01
-8.119276384751177300e-01
6.783697837948252651e-01
1.215025770079469492e-01
-8.059797932652331687e-01
9.496407162235762645e-01
8.882329449075729855e-01
9.135274609228062614e-02
-6.299479456728667159e-01
-7.237774383226257546e-01
-4.033306959025093619e-01
-3.968044900986782975e-01
-5.486181896050088547e-01
2.419094659127280222e-01
-2.117338459647887805e-01
4.492471002025024696e-01
5.545730953933845075e-01
5.842664805209359935e-01
-4.745302322792266381e-02
1.966957269078123127e-01
1.861413140319047033e-01
4.014486634514969343e-01
-5.328765941528129657e-01
7.604673829667740748e-01
-3.736344506768560780e-01
6.790335242739826693e-01
3.457715982232464902e-01
-8.717018192911929475e-01
1.863159050658177718e-01
-7.948339912226218273e-02
-6.773440544151839715e-01
-4.805955593361384559e-01
8.725818554314138664e-01
-8.654428638067975799e-01
6.485950350576763501e-01
-3.214727310076025968e-01
2.644515140860817515e-01
-6.747917147072480804e-01
-9.278440684449178188e-02
9.337549529411615090e-01
4.600947751247839168e-01
4.628940440908491105e-02
3.449045741526287623e-01
7.819016954834185906e-01
2.746529134558163276e-01
1.881145328594945876e-01
9.253745577533741828e-01
1.206476464024374556e-01
7.910021541739400419e-01
-6.103776231756339321e-01
3.711129466201238403e-01
9.733079869260435890e-01
8.226325574578651212e-01
-7.515043558799348045e-01
7.312602364213274253e-01
-9.482977292237310118e-01
3.119541852394271467e-02
1.483288114511250866e-01
8.203067076588287376e-01
1.000000000000000000e+00
-9.560951202456917652e-01
-8.415194521432665109e-01
4.075443952253476887e-01
1.652713470736289214e-01
-2.522269496477670958e-01
-8.611229213991733467e-02
-6.648719252735787455e-01
-5.011583980717269071e-01
-7.143650209894442105e-01
7.690863060171926335e-01
8.753237634220351060e-01
4.620078000886548159e-02
8.821362735587739978e-01
-4.928526471139444420e-01
-8.285783771811024989e-01
-4.145796415420907044e-01
-7.277139379922452633e-01
4.362642553800252232e-01
6.969687914788235128e-01
7.468545424323428383e-01
-6.359242456080981265e-01
-6.525713521685325702e-01
-4.477767169434876404e-01
5.318701016733746734e-01
9.011264860304938340e-01
-1.000000000000000000e+00
5.525591783493868370e-01
9.352357074078919696e-01
-4.557073260392221492e-01
2.706854775458650275e-01
3.030968962963618285e-01
-9.851888981339710361e-01
-5.063847297815851078e-01
7.128637591923880912e-01
-6.649365942210498925e-01
9.976080641097839763e-01
-6.796069998402212153e-01
4.180844769200871003e-01
4.273288930983650813e-01
4.924440776159784150e-01
2.386781837259172034e-01
-7.545648174501677907e-01
-4.313978894725955526e-01
2.571466019394227365e-01
3.672058228224335252e-01
9.660980561320486881e-01
4.753852177444684024e-01
-5.649326732136140672e-01
9.309072565958369516e-01
-1.000000000000000000e+00
5.336607380458984196e-01
-3.830262066905479323e-01
3.089392186818137320e-01
-3.626882879101624435e-01
-8.653434339528796038e-01
-7.032415950646496716e-01
7.728347869761717504e-02
-5.191773662327686667e-02
-7.625870794608695658e-01
2.637912617970682855e-02
8.073075404118890130e-01
-9.151845003938565704e-01
2.489150637182928893e-01
-5.163106455669060901e-01
6.492734799462662743e-01
-6.693317297683365474e-01
7.012360959618928469e-01
-2.578850706681812266e-01
1.807879119668374113e-01
4.705614313022727924e-01
-9.933024287433735999e-01
9.043133116208397215e-01
-3.323688868595078283e-01
1.000000000000000000e+00
-8.917801621977285986e-01
-4.600805452629480596e-01
2.177117676165196136e-01
2.196128137957643334e-01
-1.790154177557583548e-01
-2.466751966010128361e-01
-5.057067875522862632e-01
1.691852382987887593e-01
8.445036464031306922e-01
3.859764623384618343e-01
7.673900753789002493e-01
7.891716286099189626e-01
-3.073324953794170367e-01
8.571371598779137235e-01
-1.632900858754728624e-01
-3.400262945636586265e-01
-2.046656897976620038e-01
-4.659652708955310807e-01
9.989929319536848817e-01
-1.804663640100702682e-01
-9.931619507501009414e-01
2.732100830470116648e-01
-1.895614794130605629e-01
6.493609230973181878e-01
6.352349008742343983e-01
2.259320586805447784e-01
-2.205900109290586664e-01
-5.874742138186407336e-01
-1.869612634813615504e-01
2.879601370917345138e-01
-3.042561828137881896e-01
-4.454101107077740873e-01
-6.046138033486663232e-01
5.082916062681469560e-01
1.342070748538927161e-01
-4.307644179284325636e-01
-7.667049310577999099e-01
-8.151824121872968121e-01
-3.386797205515592046e-01
-4.112802952680529867e-01
-6.622008779616640473e-01
-2.784244920757928954e-01
-9.013368427761194734e-01
1.240201009502487836e-02
7.321264187695444292e-01
8.834078527282722693e-01
-3.380329048145098714e-01
9.262428695010231916e-01
9.136293255232130761e-01
1.850350202540879674e-01
2.893159333191522853e-01
-3.077348948620691749e-01
-7.529274764526159291e-01
-2.257847448209270858e-01
-6.592279767834348103e-01
8.526425128810529719e-01
-1.710038028637426155e-01
-1.000000000000000000e+00
-5.125053483930784859e-01
-6.978299274232817595e-01
1.042171822435295769e-01
8.061654081083661216e-01
-6.230696133663856662e-01
-5.648667468199985997e-01
-1.000000000000000000e+00
4.961950789050370569e-01
1.132550623386309602e-01
-2.714000750659440603e-02
-1.319706104559054682e-01
4.962546104034372130e-01
2.748026207622313866e-01
-6.603447652945479973e-01
5.354043275485858011e-01
-1.000000000000000000e+00
3.737349497965222200e-01
-6.166537591838678889e-01
-5.561321047997985073e-03
-5.117762726494781145e-01
3.360953846523078714e-01
6.685951087423540606e-01
-6.643652628894619605e-01
7.454084563765853155e-02
7.020963906704764668e-01
-3.119459785090609172e-01
-7.680367165044875710e-01
3.988117371510194187e-01
-1.682239948482440184e-01
9.642156081773120557e-02
9.539243393897089973e-01
-3.365723857398069674e-01
-5.926407249077727535e-01
5.601444459720288371e-01
-5.768590891614950866e-01
3.929516763487039821e-01
-6.866906990271761657e-01
-5.880298464740437714e-01
2.454441094674927326e-01
3.181269024888141450e-01
4.517315785170838982e-02
-1.350017454894485436e-01
3.947160089637444247e-01
-4.550061348829911312e-01
6.280490733627418498e-01
-1.326005095391677158e-01
-7.398555639736335843e-02
-5.237275240869221360e-01
-7.791541076138088773e-01
-3.807569924521811977e-01
-8.994687191821506556e-01
-3.189943510062897003e-01
1.387640155235405348e-01
-4.000675934515888765e-01
-4.239342850458251988e-01
4.937192522425216112e-01
7.298443410904669193e-01
-4.412100548933286515e-01
-5.352791327811945443e-01
5.259379073720308329e-01
4.212776155010072854e-01
6.291445308756652421e-01
-9.630256236300926975e-02
-9.119194784127225839e-01
4.956146729639239190e-01
9.485400710058026208e-01
-6.346750022597072993e-01
8.686779084635940507e-01
3.836760500817879560e-01
5.294374189326659375e-01
-1.849999540841902601e-01
-8.162250772671379995e-01
