1.000000000000000000e+00
-7.691822726105284058e-01
-8.893548983094468063e-03
-6.013596851486961992e-01
4.700052107320349393e-01
7.478185253160598567e-01
-7.685454624554772796e-01
4.771148331461062819e-02
-1.620343611109476001e-01
-8.644829996307135112e-01
-8.362621874620350670e-01
6.752121336867340506e-01
3.360311798112098902e-01
3.073797848518417530e-01
3.998304822286204985e-01
5.930105982330784453e-01
2.279422484970846652e-01
5.982388317990556814e-01
9.956725253311793367e-02
-1.194893423234957425e-01
-8.739321987968908800e-01
-7.218889415329990955e-01
8.307769072742103855e-01
9.180906075936445809e-01
-8.530556623269209826e-01
6.766297865129589084e-01
-5.824129586219307653e-01
3.567658169890051134e-01
1.714343112480659348e-01
7.498123410927168830e-01
-6.083812282543548111e-01
5.245754232472603640e-01
-7.314386261208511986e-01
4.997821169996773394e-01
2.273955913226080039e-01
-1.707788695154918712e-02
-9.310321419824334477e-01
3.097253245645075204e-01
-6.189537259086776988e-01
-6.413916759144343560e-01
2.014230447872369378e-01
-5.778210084990743622e-01
4.752094286063273110e-01
2.862314413021538329e-01
9.886233033651732338e-01
1.297146086601695947e-01
9.844231795389977169e-01
-3.347670229451654711e-02
-2.330303148598724672e-01
-2.880205482684341511e-01
-7.296845700015598402e-01
5.205564157088862776e-02
-5.634727054074056829e-01
-4.706472959204004436e-01
8.990942638933041575e-01
1.000000000000000000e+00
5.933787412336636313e-01
5.259823643094938550e-01
7.260006839177909344e-01
9.608871565608301246e-02
8.536676080092181484e-01
-4.665159894949175712e-01
3.643515701915055471e-01
6.258764148299620356e-01
3.089745903014773365e-01
2.976385821181743441e-01
8.938998797557926590e-01
-4.781184738511767840e-01
6.798153586282594529e-02
8.489181365668198032e-01
-7.726475394906411331e-01
-3.075357147721648476e-01
4.790755457219974534e-01
6.950872670100904926e-01
-6.504442927125635432e-01
-6.254415946548985694e-01
4.614012761553980546e-01
3.044155920277811234e-01
-2.361021190963311089e-01
6.903319007004881103e-01
5.474596280673615922e-01
-4.061496844795438044e-01
-6.664830959193790427e-01
-8.426774887812105153e-01
-1.023326999128126302e-01
-8.637088427666661516e-02
3.999715650292392510e-01
-9.814498360155814449e-01
-9.537140256830662910e-01
4.747381459410875970e-01
2.028714325307506838e-02
2.614543324181961559e-02
4.373247383380532427e-01
4.403055694286248656e-01
7.316470995348031137e-01
-5.035932208580962133e-01
-2.680638986931427326e-01
9.011728968164716136e-01
9.893019156163865291e-02
6.130857284592028389e-01
-1.867974264376495164e-01
-7.406938848583125568e-01
7.132130513303298613e-01
-8.014985231952255207e-01
-3.353166076686926456e-01
-1.758189119369038822e-01
-3.090897922384638896e-01
-6.793821857668114195e-01
-4.631010866624953870e-01
5.794544857348964406e-01
-5.260420595235517638e-01
-1.776410327963481028e-01
-1.082051869849534331e-01
-9.804681105743131564e-01
3.752292938283313672e-01
7.597123636691220927e-01
-8.414507843975032042e-01
7.496694316818809378e-01
4.736589223577778451e-01
8.896142077209655552e-01
7.117459044820678704e-01
3.412481699558669868e-01
-8.155921747881867967e-01
-1.944568993173455551e-01
7.351712298076511498e-01
7.363421021815145240e-01
4.940886407527904645e-01
1.847263860026040205e-01
3.272271497509723348e-01
6.427092468277235682e-01
-6.994958227392661376e-01
5.863676565850515221e-01
-1.469765851180546701e-01
1.000000000000000000e+00
7.451706224593042105e-01
-9.666264068637948625e-01
-4.362159771587792445e-01
-2.200368569059605317e-01
-9.480100782606951659e-01
6.708115975020265687e-01
8.224602383962222873e-01
-4.888283935714020090e-01
-7.094749799414146185e-01
-1.053831770963135350e-01
-2.104956639563721754e-01
-6.251353674729769327e-01
-5.163245351846479370e-01
-1.519221361813074545e-01
-2.545308386145930801e-01
4.547854772955646219e-01
-3.107364073036148477e-01
-7.931896120153099083e-01
-7.110796363176468127e-01
-1.068030448014327810e-01
-2.413651668174405795e-01
-8.557806347542822323e-01
-9.480428143022391341e-01
-7.109447077259567482e-01
-6.919793384653708523e-01
1.257753714319820304e-02
6.565790523672256906e-01
1.000000000000000000e+00
-8.176561627302567636e-01
8.762941421071560044e-02
-2.512822175674228053e-01
7.948312758741503670e-01
-7.512731390051610170e-01
5.093863797870674670e-01
9.404820981217636433e-01
3.965781145656326889e-01
-1.708405878270717881e-01
-6.948374504492083048e-01
-3.476345152103776925e-01
-4.939036896121427045e-01
5.679546526643111104e-01
-4.444667806702269353e-01
6.388516497900360580e-01
-5.973355234691410942e-01
-8.417677286215496935e-01
-4.621636475028638724e-01
3.127374674979567226e-01
-8.705633797799900986e-01
7.042405996318635841e-01
-2.036622505307497111e-01
9.535016267253382249e-01
2.430450525332896738e-01
5.203918283597990246e-01
2.692711243729783988e-02
8.822552459360202270e-01
8.067509541867897704e-01
6.442759867309715283e-01
-5.657523227110966557e-01
2.897393731943795347e-01
-3.122087062127354984e-01
-4.322131237267819448e-01
-7.821852716983658249e-01
2.930771833020102135e-01
2.759404103500695538e-01
3.254207508619329503e-01
6.646647412224925278e-01
2.694428888069320127e-01
-7.579769191620111535e-02
6.531503624502994487e-01
-7.250628984538333432e-02
-1.124193083004073057e-01
-6.273290808247462547e-01
-6.635398957365574724e-01
-7.067931306156599591e-02
2.086861371779589192e-01
5.554690852044327221e-01
-5.933538036222913981e-01
5.398866162173643346e-01
-2.810074079561779015e-01
3.994722426384302305e-01
-2.450538404634881595e-01
1.719415951867078463e-01
2.409990268574679906e-01
-2.498401555800888740e-01
1.796415391504249670e-01
-4.646374336463663379e-01
-7.206916982329469867e-02
4.498808008569983308e-01
4.770375970565094437e-01
1.384773634761779226e-01
-3.802610585633769968e-01
-3.896123034585162181e-01
-9.533276737027385206e-01
-7.772280546722010186e-01
-4.363364561288203269e-01
1.000000000000000000e+00
1.406272689373393447e-01
9.374288631588068021e-01
-4.531387176369808811e-01
5.574181890325273780e-01
8.445716031615251307e-01
1.000000000000000000e+00
-1.279042375287690048e-01
6.106699479804105213e-01
4.818220030491575101e-01
2.618814539722312817e-01
-8.199615946992588889e-02
-2.068764438277828632e-01
-7.202013571561214356e-01
9.401354996633941308e-02
-1.459096846070413733e-01
-8.686501852153818426e-01
-2.271646603137167375e-03
9.265245281005596301e-01
1.823699343967464248e-01
-3.515109889894293960e-01
4.821806107911763561e-01
-4.319203913180952314e-01
7.386946492166437395e-01
5.277682230987881251e-01
4.983922179377059947e-01
-3.990979845716222663e-01
4.587416609705793347e-01
6.907568146096821904e-01
9.186647467063644434e-01
-1.000000000000000000e+00
-5.537225356814660104e-01
8.575494346681147295e-01
-1.012336855028551641e-01
-4.871699320320965199e-01
9.614818539706737610e-02
