-6.538811334649556883e-01
8.637689790223863628e-01
1.000000000000000000e+00
4.704053848526654757e-01
9.840371567834838018e-01
9.661962306847664550e-01
-4.419576381895135020e-01
3.389972030364024613e-01
5.570228636582386095e-01
-5.413835551386497746e-04
-5.686934171809114869e-01
-2.884372422141850967e-01
7.648845470607574804e-01
-5.619049987948716574e-01
-3.276015642381915338e-01
-1.784973460969483394e-01
9.003534524339306122e-01
-8.460623991835045654e-01
-4.842608649209986238e-01
-1.075620802135579535e-01
-9.222604142164585461e-01
-4.133062308242763661e-01
1.000000000000000000e+00
7.846557451073047362e-01
7.646968584144732128e-01
2.370637085764224494e-01
-2.732439272569060495e-01
-4.714641302889782670e-01
-2.435744843593023456e-01
-9.014114775740289520e-01
8.858945092768538698e-01
1.858227638537508219e-01
-5.185807999655681622e-01
-4.704974672564907201e-02
4.446800933635601805e-01
5.402357796469822171e-01
-3.168944330205912263e-01
9.426287724319810657e-01
5.358813249565095443e-02
4.640869457024638933e-01
-1.000000000000000000e+00
1.302063282288983825e-01
-1.460665464675968694e-01
5.475488224503396451e-01
-6.441485754140245934e-01
-9.252438569228038645e-01
-8.690086180968248364e-01
1.121016857149793183e-01
1.248374636692393125e-01
1.000000000000000000e+00
9.191079514987119392e-01
-7.606099702071684732e-01
-4.314034892924678566e-01
-7.739385501398025058e-01
7.118213983063149675e-01
-6.527914260184526363e-01
9.897213372349511484e-01
9.287399200454977688e-01
-5.012108342106722514e-01
-6.689352017649674575e-01
2.770175253569374108e-01
-9.511616547698817925e-01
-4.872870285034797133e-01
-8.479838643562185307e-01
9.028048644023660418e-02
2.002471996475077287e-01
2.473907011633050823e-01
-1.624396075433612585e-01
-5.865193668422936657e-01
-2.681633529631503032e-01
9.170903393585969621e-01
-9.947480034811710947e-01
-1.984649402161047793e-01
6.388358181909924438e-01
-5.816256277272390252e-01
-8.921789452368535933e-01
-8.910523118796929154e-01
-1.084517889125216628e-01
5.257000125212349939e-01
-9.643802348845877948e-01
-8.354375407941680987e-01
-4.317107753301302475e-01
2.371507490663217199e-01
7.089718563807857477e-01
-7.254567805381280099e-01
-2.533238146183429684e-01
-2.489326217360935956e-01
6.683533509557321173e-02
1.584514183789780262e-01
-9.322188233776076416e-01
-1.619655540139664507e-01
-4.384157380685713701e-01
7.310564701669195475e-01
-1.000000000000000000e+00
3.292286781263096818e-01
5.259810704525360592e-01
-3.061362785091785721e-01
4.319209099120870921e-01
-3.980161895043677345e-01
-7.386713142939160814e-01
8.780045864052794524e-01
1.280295610255470506e-02
-3.978969179147364699e-01
-2.740467043696770411e-01
-5.978495976231075204e-01
-7.470289461855045277e-01
-7.591337973895773139e-02
1.000000000000000000e+00
-7.160870291122307663e-01
-5.733175325268797806e-01
2.835634212389228637e-01
-7.669581480359983772e-01
9.095091899711397199e-01
-2.450997937124342607e-01
-5.061585274713653604e-01
2.218808845337343905e-01
6.769652905904463003e-01
-7.468979978780698747e-01
7.311182594070871898e-01
-3.666741730872242755e-01
-5.194596629527787890e-01
-4.564424881202524542e-01
-6.203582941212828494e-01
4.250616004063740849e-01
7.847264337367246823e-01
-2.342404351636622750e-01
2.585273550887000060e-01
3.653462050619216139e-01
-1.310727297345191111e-01
1.894866796929572939e-04
9.036271383874272534e-01
-4.211202627233183726e-01
-4.277485674345961053e-01
-4.557849553361819628e-01
3.413782970598828737e-01
9.410309399587941659e-01
-9.126504502214013437e-01
8.742288150908736899e-01
-4.926349642150658070e-01
-7.585834593131590697e-01
-1.947178910272572006e-01
-6.275054426115290740e-01
-4.209620084167656207e-01
2.478261248977738362e-01
-5.152936478869094561e-01
-4.304476326564938837e-01
1.357831539112597241e-01
-7.965536645174986496e-01
-1.717910559238600143e-02
-1.215688237676750827e-01
-8.074770383722194023e-01
-1.000000000000000000e+00
-1.228528238229152636e-01
5.006149814590115099e-01
1.368159883098573060e-01
-2.396437109510979879e-01
-3.346722942986559701e-01
3.702168455077216036e-01
4.772525838031139722e-01
6.077222738529455270e-01
-2.187255565860107831e-01
4.265748688584192205e-01
1.808679958314098890e-01
-3.393631951420104098e-01
-3.891389777373565062e-01
-8.754916476646963375e-01
4.259061629757750489e-01
-3.043744755386463829e-01
-8.556821758886510310e-01
-1.941577682262587423e-01
-6.885489062832907958e-01
9.258043342891044691e-01
1.845217104265233221e-01
-4.445196092292853507e-01
-4.010898840794291376e-01
-8.712001216180063068e-01
-7.692866467044212619e-02
2.127521851319382762e-01
8.355407300021342465e-01
-8.590776428980364532e-01
-5.662559551065091679e-01
-7.765933270471123695e-01
-4.316288691241434439e-01
-4.149059807564875468e-01
5.467104120430084091e-01
5.930721913214659358e-01
6.106013154031619816e-01
-9.800461731280404876e-02
3.436349777498787228e-01
8.136892269839326453e-01
-3.145157074011545317e-01
6.383713664673422716e-01
-5.550636987548318579e-01
9.184969132927107704e-01
-7.905471375735750872e-02
-8.207375772991621909e-01
1.000000000000000000e+00
6.316478297118486296e-01
-6.681889852729036572e-03
-5.945681339341226668e-01
7.667383876089136630e-01
-2.803175832319747540e-01
2.732040060885347899e-01
1.284761847585249306e-01
-4.663656297152653230e-02
-4.558214746686584107e-01
-3.352614371504603064e-01
6.647297864954175850e-01
2.092832102502866498e-01
-3.080544612673008498e-01
5.277459143726144219e-01
-2.713316728495803742e-01
-6.845159302522120237e-01
5.174063180457870725e-01
4.934102223004842580e-01
3.987900166582407091e-01
-5.287463690169948993e-01
1.933014720747398829e-02
-1.000000000000000000e+00
-1.000000000000000000e+00
-1.458648303229321264e-01
2.708785925094449598e-01
6.897866152113687477e-01
-6.457048760354614503e-01
5.468515465411088322e-02
2.358774544460424671e-01
6.153417569124641773e-02
-6.481925635224237148e-01
9.493083565151266834e-01
-1.679805453894365197e-01
-8.102160300906344759e-01
8.251987023331877058e-01
4.835162274532807114e-01
-2.257755073528581735e-01
-3.731546041710856465e-02
-2.633475617591458651e-01
1.371405310272164335e-01
-8.510185816818507387e-01
5.120160099652201202e-01
6.716023557487948992e-01
-2.980407850339343856e-01
-1.225603063596591991e-01
-5.036432108669790242e-02
-1.527291300987512201e-01
2.060456413534694775e-01
-1.608629515445991753e-01
-4.427695167904692752e-01
-3.369751525425456196e-01
-8.225488330389214564e-01
6.044972075803328737e-01
-6.812899175799811413e-01
-1.593323612874540662e-01
8.131412994798139504e-01
7.162903906036417467e-01
-7.683874026721372319e-01
-6.723962370891187201e-02
-5.405512575157662702e-01
-2.913534268901070146e-01
4.423193980343801401e-01
8.980352152579624825e-01
-9.998039655363490930e-01
-7.383474835957494486e-02
1.000000000000000000e+00
4.824911517971481878e-01
1.766527816574957055e-01
