3.042149385035175513e-01
-3.668930119895211783e-01
-9.179620261957359695e-01
-2.219853836249647827e-01
-4.300096357093659005e-01
4.199758896539055320e-01
5.629378710516349527e-01
-3.502328935384416697e-01
4.122453716451797145e-01
1.405179818866191255e-01
8.120886408280041380e-01
1.273524248053622188e+00
-2.974370452220223005e-01
-8.780667170797844534e-01
-5.529536409933717422e-01
3.352801240787128823e-01
3.856495492934107761e-01
-4.297424779309963472e-01
-3.568119409669552322e-01
-7.103417494882597882e-01
1.454293551384719663e-01
1.268530530202917284e+00
-5.310989301977895316e-01
-7.233748834432291996e-01
-5.566519486886581936e-01
7.694515455274129057e-01
1.428326391532596662e-01
2.989215950282137491e-01
8.924023896596315897e-01
2.838738056346852834e-01
9.414414130457298135e-01
6.973916695854107672e-01
8.976936741918408735e-01
8.544526889197211483e-01
-5.484876158776881283e-01
-4.038324242654200980e-01
4.712973297463817213e-01
-9.304448584382167819e-01
6.143913586369689206e-01
-4.810884656158068706e-01
-3.955462263011096796e-02
6.686819033267827894e-01
5.538049905083748392e-01
5.568749811869558863e-01
-1.268657969658171680e+00
9.184295351409261787e-01
-8.702920901892403638e-01
-6.154639838970830112e-01
8.341438991605903963e-02
-2.538164167003079119e-01
-1.011225282817040050e+00
7.675094798262716012e-01
-3.909261482942104071e-01
1.069626385106322353e+00
-8.524295948280979918e-01
-6.224577672575422049e-01
9.511862475527188554e-01
-8.631512824947126239e-01
-2.373636391062228235e-02
4.036808524863783609e-01
5.171768223462651637e-01
1.737086173116795251e-01
2.602686691891449300e-01
-1.133259710569487488e+00
6.952628435381635885e-03
-9.467821414767995103e-01
-3.406439672694615006e-01
-8.916037714095227384e-01
1.545392283680163403e-01
-4.304107490451540841e-01
3.408018965436420689e-01
6.532138801661816485e-01
4.237453179648131840e-01
-1.033800012724294115e+00
7.124779483242364986e-01
1.283609102233481125e-01
3.934740570886949840e-01
-1.680367443162023022e-03
-5.160879781199081417e-01
-4.941671167011121302e-01
9.366140478407711800e-01
-3.005362817903098338e-01
-1.008560806519045894e+00
-7.279824252838836829e-01
-4.834798957157651067e-01
5.036522683551142299e-02
-9.338460429401866936e-01
-3.971670406055133884e-01
-1.077262846592285939e-01
8.099131223365325649e-01
1.060177505511217477e+00
2.794879527065968206e-01
8.051812017190715931e-01
-5.367363644298372982e-02
-5.699217895566350833e-01
4.852350906759343441e-01
-3.750320214441407174e-01
-4.309195828034984577e-01
3.882122227832400796e-01
-5.905187963643578897e-01
8.339301025868164907e-02
7.231686933416000551e-01
-4.237086449395962018e-01
8.583135915140558403e-01
-4.586466948222196471e-01
9.657049062779552440e-01
-3.578268270560878150e-01
6.834655335891152150e-01
-2.409355138045938260e-01
-3.603505940602320656e-01
8.426674122070693107e-02
-8.149572653462746480e-03
7.148847149584613980e-01
-7.220064254153579775e-01
-1.269526641838270575e-01
-3.175583153744860887e-01
-3.393043925069900713e-01
-8.916443447712474324e-01
-5.941402335919646754e-02
-8.578697312341585501e-01
3.526328159609894985e-01
4.003268084231321189e-01
-7.614324905731780779e-01
2.058374085190951552e-01
6.486164612351184022e-01
8.039425591056284515e-02
9.910556876404175153e-01
6.273506172064307052e-01
3.006957637741617395e-01
-8.429861307687966931e-01
3.049239454041711150e-01
-8.295270106515727493e-01
-7.243994220197832457e-01
-5.996191735412955692e-01
4.248637456479256169e-01
-2.695241133889311191e-01
-7.795190196742992628e-01
-3.588896107387804513e-01
7.467063073609891966e-01
3.866009213432049507e-01
4.951924600374404961e-01
4.693169870654633757e-01
-4.969757040292296923e-01
-6.954496605171772705e-01
-5.615120752156435024e-01
-1.014044627319834191e-01
-1.162040381023406177e-02
-2.725505303436386306e-01
1.571239661956222999e-01
3.599351087940971250e-01
8.902885633536532506e-01
-2.081945729918122656e-01
1.055493477385724299e+00
3.867004233389351731e-01
3.286744444793905373e-01
5.529162541892433946e-01
9.708895726843115304e-01
-6.498646024156830014e-01
6.093086197157498995e-01
-7.804199397393789539e-01
1.098152101860752516e+00
7.389995682685349676e-01
-4.687599605524536694e-01
5.241154125278252307e-01
1.130060078994626238e+00
1.173539455682621746e-01
2.117178095300439322e-01
-8.592416128236903816e-01
6.773764952472260958e-01
7.778345660745762391e-01
-9.306190980292111670e-01
-4.118263834005370660e-01
3.683361922695376767e-01
-5.527490555777652137e-01
6.328506688347369513e-01
7.771351979574550040e-01
1.432220317245950225e-01
-6.689052054209753129e-01
3.000592918657762898e-02
9.014127413008146683e-02
9.155247495394149837e-01
3.952813999419599322e-01
3.249746318428639591e-01
5.208104589629063419e-01
-6.727420370425019058e-02
-7.676360636418098071e-01
7.136723342367291556e-01
-7.352495660702520475e-01
-9.284081153337551129e-01
1.949874489725731408e-01
-5.273077364013936119e-01
2.905187030001586401e-01
-1.008272034497582181e+00
-8.737392198334732463e-01
-7.173063103470425084e-01
-4.256446229434853179e-01
-2.487901676829492037e-01
-1.314685505355058792e-01
-8.773601205569470096e-01
-1.472696906840312847e-01
-2.071682847474005662e-01
-3.144504664432985486e-01
1.096038137140868285e+00
-4.410203505125804835e-01
-3.031623144398289948e-01
3.507702366703207009e-01
-1.166523932064841063e+00
4.044873746571313045e-01
-6.341416868795660688e-01
7.542587117025634225e-01
3.718932941621189148e-01
-2.858340434893442694e-01
-4.284183327424959109e-02
-4.408938422797936685e-01
8.551876792481249989e-01
-3.297611423693866950e-01
4.987029101918081381e-02
-3.348133113242016679e-01
9.005009378791237196e-02
7.173653900996853627e-01
6.828487681951611599e-01
-8.772037139831366792e-01
-2.854367518139748205e-01
9.940415548044858607e-01
-1.901333633164186132e-01
-1.111817517326164406e+00
-1.537437636639487626e-01
5.891579359303849017e-01
-7.553539632752646893e-02
-7.119862051590293284e-01
-8.824747183983997489e-01
-5.932979154474105066e-01
-7.419771108204449572e-02
-1.434941759660052774e-01
-3.381426563913743077e-01
5.560970961060536233e-01
-4.464302419485484119e-01
2.307692917549046818e-01
1.016380227975446804e+00
6.185834352108267042e-01
-6.111755001132646026e-01
3.941164333718109591e-01
6.891848635972781523e-01
3.811750697740565741e-01
-3.724872285997926080e-01
-2.262822428227348470e-01
-3.564964477068406357e-01
4.464256370497652893e-01
-7.178955624542155967e-01
-8.110166650324891480e-01
8.324217400331410666e-01
8.375443398017908825e-01
-8.031582335093572222e-01
-6.230267601328145499e-01
-7.951711807048424951e-01
-4.239234212250623801e-01
6.854823636781450791e-01
6.044411926565794735e-01
2.085862136501934749e-01
6.046634988877535033e-01
2.778687651060950947e-01
6.568277099400936514e-01
-9.810670594023463975e-01
5.801598221797144017e-01
6.242107689970094464e-01
