5.342313088982126867e-01
-9.690888482227580925e-01
7.175031789818938632e-01
1.000000000000000000e+00
-3.255513572725043936e-02
2.670896422425634853e-01
2.816950043272856696e-01
-1.000000000000000000e+00
3.065870918458094008e-02
9.109962896673639010e-01
6.651752891126038181e-01
1.759962455326236352e-01
4.352196621888384520e-01
3.727999127691731251e-01
-9.146009072728367162e-01
3.533482211585047272e-01
-7.800049714193836303e-01
-6.693927481994406126e-01
9.894551370469489848e-02
5.186068500264884307e-01
-6.980424610742861358e-01
-5.174023111098409178e-01
-2.027662097745732139e-01
-4.312311921079358679e-01
-6.294323235360822499e-01
4.269085146233117523e-01
9.282305230970749887e-01
4.579726417240207459e-01
-6.332947820848218168e-01
3.664395623110133782e-01
-1.788232053067682070e-01
7.643007652943565322e-01
-7.481238729036813195e-01
7.909453594158890599e-01
6.543005233723862002e-01
-1.000000000000000000e+00
7.676900701364863799e-01
1.213197396085795993e-01
4.423059657969560243e-01
7.841319114132504486e-01
9.407583354830835187e-01
3.059705564612412165e-01
-7.900422372905337998e-01
3.842864802729964446e-01
-4.434407710836639760e-01
6.129998769535426328e-01
-6.474462644262788391e-01
4.519685896661155416e-02
4.684526512622764760e-01
7.287876549036547136e-01
9.870271838220512350e-01
7.807303317563392131e-01
2.202317888554716774e-02
-3.965987236620048817e-01
-7.603696442214984419e-01
1.942886103188370961e-01
-8.830887825283089132e-01
7.877892305061643397e-01
-1.000000000000000000e+00
9.306146586052250758e-01
7.237515266393823588e-01
2.601393646160337636e-01
-4.183883016971413626e-01
4.014961250956092798e-01
-6.528539330376080807e-01
4.893955943710511791e-01
-5.663978314226494198e-02
1.745332344001880587e-01
1.000000000000000000e+00
-5.921984053447711949e-01
-5.086516449067494949e-02
8.106056382079862566e-01
-1.000000000000000000e+00
-3.479369748743024737e-01
-3.024771340909411799e-01
3.447216230283361993e-01
7.365021438856722558e-01
3.547500007020046864e-01
6.536197753156006707e-01
2.321956096343346931e-01
-2.752587056803036392e-01
-8.763001756439574574e-01
-1.436621662292765778e-01
-3.965614981991556487e-01
4.759629513847227766e-01
5.136580794113475568e-01
-9.728766219285833738e-01
-8.091791849084661870e-01
7.945392897725949144e-01
7.255265687025962418e-01
-4.117202742087878176e-01
-1.663922818632721234e-01
-8.525075368380878871e-01
7.301811828652297054e-01
-3.234667467287745679e-01
7.413893749247634224e-01
-5.720574756499385849e-01
8.115927028249050879e-02
1.362843583863537766e-02
8.911223829771408589e-01
-5.615411921327652101e-01
-4.105673998962621613e-02
-6.892921228196957628e-01
6.846214523761675608e-01
-2.045510224756134365e-01
4.970181408868247219e-01
-9.099415615177569583e-01
-3.486857063532959877e-01
-3.267060400165004985e-01
8.751523358659210050e-01
-5.155503038254798387e-01
-3.248682404423575143e-01
-8.708827036633479679e-01
-2.160445661833586273e-02
4.175016936837646075e-01
-2.928742670306229146e-01
4.648553890704928970e-01
-2.643491493299269246e-01
-4.746471440466574210e-01
8.271811984327404055e-01
4.731892608135827016e-01
-6.980026742095994940e-01
1.125485940603094953e-01
1.000000000000000000e+00
-1.000000000000000000e+00
-1.000000000000000000e+00
5.554034922711107436e-01
2.024391331622410195e-01
-6.292813535189384355e-01
2.177445402310154710e-01
7.899057983083426215e-01
2.798847662574300843e-01
3.636432106172634016e-01
-3.182635591871699199e-01
7.556456972316677456e-01
-7.562768841816401855e-01
-2.968509018648934905e-01
-1.000000000000000000e+00
2.301587410052016447e-01
-7.285381665045586042e-01
6.858366065295101732e-01
-5.120022114066460350e-01
-6.047712669923781537e-01
-5.727769578748606039e-01
-5.257174372603213852e-01
-3.365131070993083173e-01
6.998509214929520272e-01
-7.127911271826419259e-01
-1.000000000000000000e+00
1.141737852284432087e-01
6.471358685575433478e-01
7.660003629462011077e-01
2.508519912546223751e-01
5.216492201811360196e-01
6.032242095182139829e-01
-1.000000000000000000e+00
-5.149643494851672276e-01
7.505580961674471752e-01
-9.197836161467669580e-01
1.049979703129822334e-01
-5.119575500984339111e-01
3.981965971402245258e-02
5.189021902354937765e-01
-5.979877118367742383e-01
3.816214074070900519e-01
-4.108446128909931105e-01
-8.701398605158106037e-01
-3.551937036326018315e-01
-4.302590427258881078e-01
5.078536920020314538e-01
-3.244029133830858558e-02
5.396634540367786226e-01
-6.130640605555568445e-01
-6.231173341563647217e-01
-6.049506994257498604e-01
3.090201059687107399e-02
6.052357434467497965e-02
2.786142497239498805e-01
-7.831838685947528633e-01
-6.965461687704674887e-01
-3.444493642346465601e-01
4.139965275616648288e-01
-1.000000000000000000e+00
-6.443310474966822410e-01
7.647952701195745995e-01
2.917004075519125661e-01
2.695351545877050503e-01
-8.206581785639345261e-01
-6.279117960320501624e-01
-8.886535479451547204e-01
-1.813026847037374212e-01
5.219665097275844046e-01
6.046455474515743944e-01
-1.419130202961875198e-01
1.867498956038028401e-01
-8.374754243537608778e-01
2.584235166301699360e-01
4.131127896851681247e-01
-3.401462562262702605e-01
6.131413229487993055e-01
6.179769355011943688e-01
-2.186653140222611091e-01
-7.777424854990491188e-01
-5.733542362573629259e-01
-2.788415737340048661e-01
6.021750433984845996e-01
5.490124288520815687e-01
-5.864682536924326062e-02
-8.215544750964469678e-01
3.833319716898994090e-01
-8.024185712797897718e-01
-7.739979247102858340e-01
4.329328007308808068e-01
-3.794663516328582453e-01
-5.398769618561151118e-01
8.542493363261564054e-01
-2.588492038101251613e-01
1.444295869058238591e-01
-9.426339564866229037e-02
-7.229490144860650780e-01
6.764577801400859514e-01
1.000000000000000000e+00
1.598852358383882344e-01
5.711715998325725963e-01
9.761808923186785503e-01
6.781516142565710004e-01
-7.736114364750821260e-01
-8.421801431089731560e-01
-7.049602659436501328e-01
2.890752423069267163e-01
-6.379584870563479448e-01
5.093593527320630088e-01
-2.292234576584293027e-01
3.960386563918797398e-01
-4.869840337367279393e-01
8.987169938809920211e-01
-5.509023483673987087e-01
-1.000000000000000000e+00
6.477946250026549446e-01
5.323711250341965906e-01
1.873245129369101591e-01
-4.761765227059073236e-01
-7.351486975310456140e-02
-1.773172524337220390e-01
3.123475404306877978e-01
-1.000000000000000000e+00
9.461612316773810871e-01
5.681844487182036163e-01
3.816083669328937389e-01
6.238476023728265485e-01
-4.626358736294426954e-01
9.030334218177953343e-01
5.501183361818057227e-01
-1.000000000000000000e+00
-4.042810858195594603e-01
-9.425415463384897996e-02
5.432370083043638331e-01
-3.672215445842401671e-01
6.735865253196152147e-02
-9.704624664892680386e-01
-4.482617795049075315e-01
-5.547590706467160349e-01
1.144979583381387500e-01
-2.216629312520628226e-01
1.533206446213559448e-01
