-6.468029635711849412e-01
1.195674524404542610e-01
3.232042214334330810e-01
3.055239465761939721e-01
1.233662981129230451e-01
-4.702119553464219337e-02
-6.676109597241391969e-01
9.512747788201522670e-02
-3.948981310526729349e-02
8.149778835881666961e-01
-4.608559267351642480e-02
-7.843856620740928820e-01
-5.477710372249616766e-01
1.415936513521156570e-01
-7.675347188210356331e-01
3.486912546463701856e-01
3.500211688903391849e-01
-1.804536412234071241e-01
-2.518228044844440516e-01
-3.092158542408124933e-01
4.237632496924645387e-01
4.649693016181395966e-01
3.767724026851297370e-01
1.329927605084057010e-02
-5.990734748754410477e-01
6.455170311897482360e-01
6.707780732812294033e-01
1.529718297478104283e-01
-6.151750283269378367e-02
5.013375738799076275e-01
-3.038498838281358111e-02
6.835815316444624479e-01
1.571014345172389026e-02
8.107138875727485372e-01
-4.041279549842193841e-01
3.710106772620936355e-01
3.952874744901464510e-01
-6.512196644370132903e-01
5.176136732032807775e-01
7.727154430460278500e-02
-5.112534258457396286e-01
-4.552405529861622280e-01
-3.434450676076132303e-01
-3.220588610717115552e-01
6.745733216968230472e-01
-5.262901120246651354e-01
7.067197891082029892e-01
-3.470192109992930596e-01
-6.499105868563526123e-02
-8.347249568870193093e-01
1.017901727199025247e-01
5.161346609675842023e-01
4.932155476548252815e-02
-5.273191443510233389e-01
1.362323191510006193e-01
-7.803887299313023718e-01
4.255063325921203954e-01
2.624026519660172321e-02
2.868560152185756218e-01
2.873760835970052274e-01
3.537854858881559622e-02
1.304233929499060141e-01
2.488230483752711664e-01
4.551683191321885258e-01
-2.168534344790696566e-01
-1.854393257637818038e-01
-2.558544575777865759e-01
-2.981435522488066758e-01
-6.731111828291618249e-01
6.729315842279453008e-01
-4.471517180922882084e-01
3.087118385250164909e-01
3.572964194983797026e-01
-2.142055304555253448e-01
-5.410522173180450922e-01
-5.557467240269212683e-01
-2.682514485373733160e-01
-7.601594975338459292e-01
-9.934820736674707803e-03
1.420277326330409151e-01
1.265271726086642512e-01
4.084497861215739545e-01
4.650885409357981559e-01
-3.984430385929628726e-01
4.567751741900225038e-01
-1.964450229979355922e-01
-4.188979457444682586e-01
-6.664291758177716407e-02
5.588298270940742496e-01
6.735342320256403337e-01
4.716379425436285078e-01
1.495692366455120825e-01
9.763447414317041329e-01
4.205887580156932870e-01
2.692991951515253390e-01
2.534919763701571904e-01
2.978962689876224479e-01
-5.071943562800959038e-01
-1.033051299673754843e-02
1.589393330908924762e-01
-4.086055302916907217e-01
7.128980589587023964e-01
-3.750768671032931323e-01
2.874151221207894014e-01
-2.089307705009946781e-01
-1.150530835553444653e-01
-4.254742216828420465e-01
-7.617881176866080351e-01
-3.101100375525357999e-01
9.110609755057110792e-01
1.752119487817410670e-01
4.262998694550084178e-01
8.720673673945695814e-01
6.347102224741772991e-01
-4.275082700836356220e-01
3.032979313929899320e-02
3.351275281739813927e-01
-1.986218909867377980e-01
-1.411534010462183741e-01
-5.955524868916031722e-02
2.450052575558908374e-01
-2.752866529641862132e-04
-8.033438310271083793e-01
5.149317190415440004e-01
-1.240396438546133469e-02
-7.275881796719241290e-02
-1.072575931854476416e-01
-4.325997589287366996e-03
5.789670120631446038e-01
3.891220702983115287e-01
-4.321020593785098729e-01
-3.628892910870845090e-01
-1.139740508284102782e-01
-1.702650781554330139e-01
1.087413362552929891e-01
-2.141101457927045704e-01
2.147981991680456698e-03
-6.597579582396662090e-01
-1.111968992485968255e-01
3.302627338558431491e-01
6.996128314638559997e-01
7.241084741625016807e-01
-1.546772736769031764e-01
-7.387941335235773122e-02
-3.793993593646254325e-01
1.091321679214223572e-01
3.663186967868384269e-01
-1.698161811788499453e-01
8.274964740694364940e-01
7.566380274398513961e-02
7.572725034372079778e-02
-9.338486478784595313e-02
-3.221224629336097989e-01
-5.037989128768429747e-01
-1.924511847194207981e-01
-1.950605341817941984e-01
2.159762290701088272e-01
2.406237162133263163e-01
4.728987426839588726e-01
4.050090099814368516e-01
3.630743721839405636e-01
-6.482757016865611233e-01
2.937237238047747390e-01
-1.867471291168586733e-01
-4.319589983681668133e-01
5.538535995490256186e-02
6.000107561166780901e-01
-2.351323409622506633e-01
2.575951488683513868e-01
-5.825963633182214968e-02
1.027320318028718954e-01
4.700396129620297292e-01
-4.892597748321773077e-01
3.489318916028613660e-01
7.937137715041299169e-01
2.696882319001363548e-01
7.724325974315505716e-01
-7.993572826822656907e-01
-4.781761449958394916e-01
-4.317105612556499938e-01
5.843367326831105935e-02
-2.323912133628854293e-01
-5.312687424904044553e-01
-5.562686454461996943e-01
-6.440489246339582419e-01
4.959319537138273115e-01
-6.530142526377616941e-01
-3.470346926746557120e-03
-4.962100734891572440e-02
-5.780320375118819243e-01
3.775277055281175409e-01
4.070023468286455004e-01
-3.327642485478682355e-01
6.240868915022372843e-01
-4.338794138957157154e-01
-4.917520310172368569e-01
-5.604811240953533336e-02
4.322189052077800020e-01
2.922836749630386421e-01
-5.880709698814170494e-01
-2.457071197398886242e-01
1.999512207082548565e-01
-5.143332360130025149e-01
4.984875215041849605e-01
6.085141159953739998e-02
4.414790972793430912e-01
-5.409985945110278305e-01
-4.359698447558603696e-01
4.940555318403301865e-01
-3.248704575044462639e-01
2.806306505885376446e-01
-5.340184432754134791e-01
6.321025762643616153e-01
6.690208251436662312e-01
5.085349140772164045e-01
-3.511417434611844302e-01
5.985432738727042290e-01
-2.342029349017439310e-01
7.506913579204859133e-01
3.745736298889471017e-01
-6.856309259983539572e-01
1.798627903343693879e-01
6.955810295277015110e-01
3.026856765114396830e-01
2.807457038975895713e-01
4.265995714140314449e-02
-2.099438303777401704e-01
-4.349644422992822723e-01
5.660046574814370235e-01
-4.090635401513891267e-01
-4.395743045079836264e-01
3.310850329558733818e-01
1.296574366401619105e-02
4.999951969820043418e-02
-3.198885953746524735e-01
6.350998984794123947e-01
-2.034204337505467475e-01
-1.566936251865486407e-01
2.827101477583948697e-01
-5.476538049783589157e-01
-4.589586443215944445e-01
-3.386094202733609670e-02
4.152947977101448251e-02
1.480290788887052011e-01
-2.599076879365107007e-01
-2.839375263972458430e-01
-2.278633429165836943e-01
-5.292929522038736234e-01
6.208183733732997034e-02
-6.835440479166955408e-01
7.104651074297180235e-02
9.638806141567202168e-02
-3.235635769593551703e-01
7.503151154627628605e-01
4.511957682563019767e-02
6.758473741251774802e-01
-9.536516847624568749e-01
3.981334381642523401e-01
4.211886281408380728e-01
-4.016970508193795086e-01
-6.342230724968040967e-01
3.740354012877162848e-01
3.369440413591149874e-01
-2.664357004579190891e-01
4.968905825486568673e-01
