5.005673697718666659e-01
6.769025154773559150e-01
4.044185430230696210e-01
-4.318115026535625511e-01
5.560830265016298846e-01
8.467461642780687026e-01
1.748246463582052157e-01
5.640359142688782246e-01
3.613073269030152579e-01
9.293657660372968143e-01
-1.055606077213011362e+00
-3.041491541192856141e-01
9.318734640540051947e-03
2.006427451005211582e-01
-9.451336990295581275e-01
8.592711844747157324e-01
2.293129630953237297e-01
6.279034279350266257e-01
6.422629298244720841e-01
-8.744011391351174112e-01
-6.380581096207261771e-01
-1.232948066845756668e-01
-1.001029876029950527e+00
3.737876186133738954e-01
9.230614919878882274e-01
1.046065281725063745e+00
-8.906931010933407666e-01
6.888641961210053566e-01
-6.245260513169618166e-01
-6.352595772044399014e-02
-7.323849708128566949e-01
2.250475354047276055e-01
-8.810687263362381172e-01
-8.139997252199118183e-01
-3.029099579815978660e-01
-5.727930700386441032e-01
4.696708908022872997e-01
-6.640637686268734408e-01
-7.850147814727755913e-01
-7.591228297301745309e-01
9.420749726745533126e-01
8.795314665788069863e-01
-5.870112756521393971e-01
-7.003540474483133105e-01
-5.284870178829158549e-01
1.161592925519091407e-01
8.007242818863664624e-01
-7.787201898301084890e-01
7.608190050797518644e-01
1.185591914805590383e-02
5.644312083619572595e-01
-8.831962056286178919e-01
-5.654841398424127474e-01
5.170620890986078466e-01
1.002519955384255201e+00
8.043880172588818711e-01
2.909083220020663996e-01
-8.803014283746029012e-01
8.225801324558401628e-01
-8.113250585710485296e-01
-6.851600130317376802e-01
1.475160722710719130e-01
-9.535928191199192216e-01
-7.091822008787523890e-01
-8.804644037386865074e-01
7.519775693054311372e-01
4.944128454088590474e-01
-9.636306191134130783e-02
-2.349363476785081284e-01
-9.907432316096007607e-01
-2.859551349215651572e-01
-8.175329483527515873e-01
4.734894094734360542e-02
2.666367053464097636e-01
-8.345582453503691545e-01
6.999861988859867878e-01
4.759524992062070803e-01
-4.919012044001876416e-01
3.637178394076652777e-01
1.271288564951061351e-01
8.477144073471803987e-01
4.081184242630678249e-01
-7.810503928172171095e-01
-5.236024157091953013e-01
-2.651351648369976166e-01
6.645131815093185956e-01
7.274234520876455834e-01
-9.031829894049242524e-01
-8.723936958042081136e-01
7.357791797529099342e-02
-5.705189212485666482e-03
-2.664914861966919957e-01
7.692737049705027086e-02
9.969843331623829963e-01
-3.278369603845698865e-01
8.696283729877821722e-01
3.705039260163903170e-01
-7.671274844124340575e-01
9.353673109372644401e-01
3.003023720956014136e-02
-3.877765748998873718e-01
8.197716674252815139e-01
2.857706812709784883e-01
-7.096624311372706773e-01
9.312086259444362080e-01
2.832170173989236317e-01
-8.255335685620177610e-01
-1.068514949446582041e-01
8.972887532427473167e-02
-3.363852744140936046e-01
6.012967923676248994e-01
8.905034952304610174e-01
-8.420748656655037134e-01
9.292937375863523641e-01
-8.764599175140443954e-01
-1.032948548398208599e+00
5.253208344416159248e-01
-9.794028992398139399e-01
6.888667986726312309e-01
-5.647086624916834996e-01
7.515942539244642173e-01
-8.424414874847402715e-03
-7.004913949419588892e-01
-1.874645191681742831e-02
-9.889364232158905088e-02
5.223960960855843494e-01
3.970339996775786306e-01
-1.720551611662660407e-01
-9.890902895721813692e-01
7.474334869133448800e-01
8.431206509926854054e-01
-8.565779457276163911e-02
5.174233269128985374e-02
-3.109866638504953373e-01
-9.625347705296410927e-02
-1.745227655586563675e-01
-7.353338864666265629e-01
-3.994764027537465734e-01
-4.898034792094952961e-01
9.819864953402663854e-01
8.119280081449278264e-01
6.236525029668864295e-03
-3.915758763128440040e-02
3.670453363173821759e-01
3.371305337053246975e-01
9.697417575928761746e-01
6.886005918951508820e-01
1.179323099234005912e-02
6.165800283630383516e-02
3.316016008128950254e-01
9.981018831000958436e-01
1.297409388901421268e-01
-6.891297551753945427e-01
9.793152529680975160e-01
2.803840406062388380e-01
-3.288433375229909972e-01
-7.599753364717584114e-01
-5.406519110029057301e-03
2.979671459968566971e-01
4.970502357255290327e-01
7.492968325580069422e-01
4.169416999963384551e-01
2.049080946418506965e-01
-5.295306450503465268e-01
-8.535205256968027010e-01
1.590351896274868060e-01
-7.844126054187358088e-01
-1.019345554769740980e+00
6.938633312008384291e-01
-2.293439324405291690e-01
-8.411037484324701552e-01
3.908661084400115726e-01
4.177036252697435836e-01
8.158252407516075611e-02
-4.375357503039328244e-01
3.600267795765076384e-01
-9.812368562368987135e-01
6.868608350099666415e-01
-9.453910007411847616e-01
-2.491972613215120147e-01
-5.737066210277076417e-01
-5.208568656179884959e-01
1.203333074919737677e-01
-7.467415706366848926e-01
-8.818570674636309892e-02
7.428504620847047324e-01
6.460573314190668492e-01
9.655582319958149196e-01
-6.449069932076271217e-01
2.335720031618743198e-01
9.699987007999553157e-01
4.981602585916901638e-01
-8.389457148727649249e-01
3.097173431014386691e-01
1.010533266432630750e+00
9.218192655201676855e-01
-1.001588446666649590e+00
-4.625705261138540192e-01
-4.625635236698550923e-01
6.769541197523465392e-01
-6.914558272975583897e-01
5.891416732783198995e-01
-1.876871957442118599e-01
-7.012923590297524823e-02
-9.364728168262244079e-01
9.946841671628809944e-01
5.537806202122695920e-01
5.765821946206246551e-01
4.849659530858451695e-01
6.080952288870149491e-01
-9.276497452834830959e-01
-6.195808820055092037e-01
4.766133964071398998e-01
9.118204301373007414e-01
3.063414816365342963e-01
7.750586219548889488e-01
-1.018974775611406758e-01
-7.543606538338576417e-01
6.241912667252026425e-01
9.881437772686366694e-01
-7.178972985873829371e-01
-5.611023127545036182e-01
5.997006689922287359e-01
-3.704169365964476990e-01
-7.355483822389586868e-01
-2.781287973060173058e-01
5.652234621509157897e-01
1.307334158925921308e-01
6.250399582662730102e-01
-1.199420765132966082e-01
-1.043555938388545767e+00
7.007741833023726219e-01
6.763659060312366966e-01
6.694785637263540867e-02
-6.927087360962105311e-01
-9.762181286190445562e-01
-8.473605393349318282e-01
1.019195028302365635e+00
5.497087629453382140e-01
-8.543846081209162113e-01
-8.350583411995093908e-01
1.294133008264951590e-01
6.920832830136256497e-01
4.181238226403025116e-01
-7.414726382730703336e-02
-4.517761036011062048e-01
-6.640775549104783737e-01
9.278055912856343346e-01
2.516195754912446958e-01
-2.948261159349758742e-01
-1.467418435314322631e-02
-8.991822894337785366e-01
-2.718471826660898150e-01
-5.751440716777315165e-01
5.517929893062314406e-01
-7.361175381092739667e-02
5.739212796071833100e-01
-7.636356223045727143e-01
8.720244699390786725e-01
-1.009079588412415296e+00
2.925500920272452662e-02
9.913493964010703374e-01
9.158747759187954030e-01
-2.818844300908801559e-01
6.124937502167633330e-01
