6.534688831236072915e-01
7.392629763179193736e-01
-1.363757110152423735e-01
9.847383426307654286e-01
-9.510514486382629085e-02
1.138908696552625832e+00
-5.130204894787687708e-01
2.719901516305009426e-03
4.709441992594524673e-01
2.404956874656649646e-02
-1.159545586886622237e+00
-9.140248567667014212e-01
8.264942988215204789e-01
-7.271007173836673276e-01
6.558936209242161031e-02
-1.223262266107497664e-01
4.854100036235496907e-01
1.044690338978492505e+00
6.967471078335794044e-01
2.524035837369582036e-01
1.656522453714359133e-01
-7.234818626419765586e-01
6.604133828371188120e-01
3.693488524940543583e-01
-8.977668783994793289e-01
-1.352059343353515242e-01
6.581414141949433194e-01
3.453194645447805744e-01
5.771129535443565439e-01
-5.105688789068301148e-01
-4.964358996331109664e-01
-9.232852404001857805e-01
-4.624087435408253399e-01
-1.084941858950742910e+00
-1.045094418689456184e-01
-6.316272542581372607e-01
5.800663370654254303e-01
-8.779911403894889999e-01
7.528519478570746548e-01
-8.948358739834358366e-02
4.034193682202958375e-01
3.998984757379550059e-01
2.990030889286142135e-01
-9.392857672084320431e-01
-1.134069902785992817e-01
9.442651984824605993e-01
-3.992845345227098025e-02
-3.185488137423053701e-02
3.407313324514134045e-01
6.897434915200060246e-01
5.429227678528506656e-02
7.126590564688295437e-01
-3.425611043861149785e-01
2.018958439226873069e-01
5.828558691862929519e-01
-1.068264904843024832e+00
-8.104446770607143247e-01
-9.455256598408126045e-01
-5.510264788938938896e-01
-8.192856937982335719e-01
-5.965175910292151717e-02
2.975900956390659657e-01
-6.022043365866794895e-01
-5.637557900274778877e-01
-5.001424584906160042e-01
1.857354791902236513e-01
-5.806853709713544198e-01
8.309898770275321311e-01
6.319347348135048170e-01
-3.759628547490923567e-01
2.280927642577618430e-01
-2.953281897081334595e-01
-3.492968559091866321e-01
1.444549254479153277e-01
-7.293742255643659300e-01
1.180532249097373310e+00
-4.492452568203564311e-02
-3.698247397118208379e-01
-1.142216496596414999e+00
1.000694651557527015e+00
-2.294700280523065405e-01
9.988047007808824596e-01
1.024166276577995749e+00
-5.068385402929453942e-01
-4.186857161888717371e-01
1.705725930858159600e-01
-7.103986830099850991e-02
-9.403968200344967610e-01
-9.722659691101254165e-01
4.495275976168294774e-02
-1.019438241092694986e+00
9.344450830845341116e-01
1.354118579871252115e-01
-3.219678975792535369e-01
-8.528275933380215224e-03
-8.033043696664110556e-02
1.320388883688630166e-01
2.902327200928789264e-02
6.155056061699301084e-01
5.923703861045084285e-01
2.836559144132800858e-01
3.821676346417519632e-01
-5.486129519406283128e-01
1.021709182829808049e-02
-9.230138175522923927e-01
1.404019772259163190e+00
-1.592877931985317019e-01
9.007370405801335966e-01
-1.579732570367738675e-01
8.343054466474426611e-01
-7.705976876318426649e-01
9.706865531492844257e-01
-6.365829765131617579e-01
9.638972160148724377e-01
-8.978241834110387565e-01
-1.082190436990326243e-01
-4.536450659548768027e-01
2.192677517521468555e-01
3.913437762717941748e-01
1.887210444421980882e-01
9.499014928343230135e-01
1.062050880929675256e-01
3.141920141041315562e-02
2.641947778593723983e-01
6.542580819663461611e-01
-3.042876121336533790e-02
5.292216504869065030e-01
-1.640184684345409316e-01
-2.827635631230113744e-01
9.968470417732233635e-01
-8.713516679061351633e-01
-4.818939787157618948e-01
2.487006401106485465e-02
-9.105962521227320972e-01
-8.413343958684111890e-01
-6.334617135659729170e-01
4.094544620256366785e-01
1.413110236497657768e-01
-8.301313635562272975e-01
-1.096052883400734645e-01
-2.237835973069506879e-01
-2.022758890384991903e-01
-6.038476378070616324e-01
-6.959737041769737953e-01
-3.609803903216854959e-01
5.797294903031492419e-01
-1.764578712772901237e-01
-3.988052277876625862e-01
7.234661958125654380e-01
1.568753764188306477e-01
2.224606667464645304e-01
-1.180587893292332602e+00
4.417017130227561816e-01
9.295184008980426071e-01
-5.065454444155068625e-01
4.455264655718360611e-01
-7.424861736395345080e-01
-6.906698581147292515e-01
-4.673721339192004609e-01
5.511866346274505446e-01
-8.339514865900247154e-01
5.048178177529861754e-01
-1.368915298528095015e-02
-5.042217167069684702e-01
4.229233637030989645e-01
-7.361704311754870833e-01
7.698605069321370342e-01
3.234454659636989415e-01
-1.018471069003509949e-01
-8.284382991248905315e-01
-4.033568565364287206e-01
3.811967643016760388e-01
-6.098589497105845192e-01
9.760585816966925454e-02
3.368272613418071826e-01
-6.459122797168438679e-02
4.623727340616434756e-02
3.908058814035731965e-01
4.858255139855343074e-01
-7.454584471493075348e-01
-8.964970930338733712e-01
2.603840976397487350e-01
-5.919158197035767621e-02
6.612166241206988149e-01
-7.920420634325531228e-01
5.743499189488558976e-01
6.793220235105605909e-01
4.673953400596569940e-01
6.506978026033183315e-01
-5.045376594117277902e-01
8.095961122812533883e-01
-8.980751165032468952e-01
-3.291072148586664525e-01
8.917232506132022340e-01
4.799725359148133141e-01
1.993882223155904743e-01
1.023439597250654920e-01
-5.527946955175069288e-01
4.003309104719166567e-01
-5.308585872493227775e-01
3.966734549022463696e-01
5.878418636113975637e-01
5.466792233505346488e-02
7.400089361449072589e-01
-8.851136785566382503e-01
-5.057618320457217820e-01
6.845553535593249528e-01
5.499840930907241576e-01
1.414980943367940280e-01
1.494854785142292197e-01
6.921898080676012199e-01
7.778466282528744280e-01
-5.134695469652423849e-01
1.139357716101720763e+00
-7.205369424083697405e-01
-2.005278297333423221e-01
-3.823153190294644177e-01
9.203001804477974890e-01
-9.793041897761973757e-01
1.235329825649483237e-01
-3.441120985967742740e-01
-3.809867322580570148e-01
-8.444376255812862109e-01
-7.683620001018195977e-02
-8.288120659288380487e-01
-5.148839995443654782e-01
-1.819981343848867117e-01
-9.423329465184673293e-01
-2.936164773139871009e-02
-8.622864215098638985e-01
1.838124484607884801e-01
-2.712723669041333663e-02
-2.814527104956004444e-01
4.288446350755652503e-01
-2.086725093212845883e-01
-1.876110677272014027e-01
-8.166193460806464577e-01
1.399154679093327913e-01
2.700061067581934759e-01
6.333846226769122012e-01
-4.235522425601644936e-01
2.865421021788971956e-02
8.872546079660181828e-01
-5.602238219794128948e-01
-6.038343692254978523e-02
-1.248747661778502938e+00
5.400562172272653783e-01
-5.061342315011250204e-01
3.569313035523843936e-01
6.465570279299954759e-01
-1.226021604920246588e-01
-3.271718347393268722e-01
7.704058547761225562e-01
-9.264991541146987419e-01
3.372342107809126466e-01
-8.912332861380664606e-02
-4.895328833491253140e-01
8.681221569613549738e-01
2.239408942702420524e-01
-8.172983124579116243e-01
4.495320042629524226e-01
7.323296795453613228e-01
-4.877177639453507130e-01
-4.850559038613297402e-01
-4.167873383693673772e-01
