1.279293636479723051e-01
2.925652452217007427e-01
6.262824054651505712e-01
7.199422545565088427e-01
4.771028117406439506e-01
-7.985635004680013971e-01
-8.641459782462453942e-01
1.000000000000000000e+00
-6.909158490788924745e-02
6.558787881168521849e-01
-2.355807298991882681e-01
-4.040382919333490030e-01
8.824321406393265121e-01
9.187471676887511984e-01
7.910472805263326634e-01
1.312082392317219515e-01
8.200208274141221887e-01
-4.952133487670060119e-01
6.941656154390604128e-01
9.013467539509069093e-01
6.974473742701294832e-01
1.394807642642905410e-01
-2.507257429062895726e-01
3.298656815483891336e-01
9.660177785787200655e-01
-5.268321444220620542e-01
-5.007154338049506492e-01
6.748402278822177580e-01
9.631517504108341177e-01
-2.643773845869223371e-01
-5.714459935941738206e-02
4.016764602760243830e-01
3.282988294341847579e-01
-9.653830700904120210e-01
-6.915659663244906330e-01
-6.899496098775507180e-01
-2.304531410481700654e-02
-4.492883140461930713e-01
8.602003257326519270e-01
4.345440198389939890e-01
1.000000000000000000e+00
-8.897827520894819875e-01
5.988213965601165700e-01
-4.367732888547559700e-02
5.209956105355580125e-03
6.688417318003381240e-02
-1.310707303883269226e-01
-2.719996021759388261e-01
2.287540607702541473e-01
2.995859813984045883e-01
-9.049950768970319026e-02
-3.979816121171749765e-01
1.239233926263159369e-01
7.817205123506177911e-01
-6.349150468389230806e-01
3.934552899561178929e-01
5.250162973079859352e-01
-7.100459928680934452e-01
4.339848789456123707e-02
-8.723415475492518611e-01
-7.186494793174409423e-01
-9.309953212038629689e-02
-1.123706989662377476e-01
-9.040368125317855830e-01
-3.747999532088070462e-01
5.755404747442446345e-01
-7.193511343927180279e-01
1.135156262402824551e-01
2.399007624945155015e-01
-2.174689077669241521e-01
1.312449995612875731e-01
1.518445368866941370e-01
9.126956617481585265e-03
1.794281561294182870e-01
5.807290527665132096e-01
8.549322425844880780e-01
9.303529804286990723e-01
1.436533081511636722e-01
-5.831903734709416032e-01
9.619280672061455428e-01
1.252408889010208637e-01
-1.661134180280953443e-01
-4.632235243877574349e-01
5.787347207787951753e-02
3.087350023679193978e-01
6.282893905774442622e-01
9.148355024066247010e-01
-2.066370620829171834e-01
-2.184141906672137368e-01
6.195341694234912655e-01
9.427509881732016872e-01
-3.388148219477658818e-02
-4.028280083273488854e-01
-9.945788797900585454e-01
4.561114678887397966e-01
-9.387771433585714309e-01
5.722723053431458817e-01
6.380661860292612397e-01
-3.359191363374475214e-01
-5.686937796854845129e-01
2.589515897878683637e-01
4.038596213454647699e-01
1.244266189247107135e-01
8.151829953775219240e-01
-9.348808840733696668e-01
-1.852529227034856452e-01
-2.647245103055286264e-01
-3.481677896075295875e-01
7.900814397991013927e-01
-7.023891256080757595e-01
7.313851156217878735e-01
-9.029335104876663465e-01
-6.318117291930880342e-01
9.197413275249843867e-01
9.232818165753857720e-01
-9.761429584446726926e-01
-9.051750659325837889e-01
6.904354579122784497e-01
-8.058418803745215353e-01
-3.729422724424997782e-01
-2.932745402659043266e-01
-7.994064763899439985e-01
-6.918732489534362706e-02
-8.108469537527437376e-01
5.698101308869586434e-01
4.998320076412828827e-01
2.103955714414141864e-01
-9.504327024823105985e-02
-1.134159587409517694e-01
-4.697322248419271151e-01
-8.246529171368340849e-01
-8.255165663634926876e-01
6.003271807715774289e-01
1.115011640397928772e-01
-5.480067978601954604e-02
1.558930853677599759e-01
6.381687165500399272e-02
1.000000000000000000e+00
2.022896619223266690e-01
-1.648085284821345919e-01
-2.614901707446803947e-01
1.324236529366351611e-02
3.242719760756303249e-03
-8.188155078587622260e-01
-5.647535293748537910e-01
-2.615643177823897547e-01
-7.068824646863389738e-01
-7.745910088092304857e-01
-2.480626762918302086e-01
-1.877506125418628713e-01
8.937815682057644873e-01
-7.008839094880069120e-02
-1.212678949685792595e-01
-5.315412757535877830e-01
-6.646335556982285730e-01
-1.439573671416395362e-01
-2.068468195923528485e-01
-5.592799472998379873e-01
-1.767127606382954130e-01
4.172945160340058579e-01
1.000000000000000000e+00
-9.125095973206027722e-01
2.594811527257189776e-01
-2.650612405876622835e-01
-2.037257432471308305e-01
2.960048524810762194e-01
7.693502054563178261e-01
-5.994542152499218179e-01
-1.876030008020102002e-01
-7.378661473683093552e-01
9.490415107777853132e-01
-6.037814893059905152e-01
-8.339978873606831433e-01
-6.818150143086729731e-01
8.247654797196397602e-01
4.928371147971551403e-01
4.064764955181701112e-01
3.052107807823162822e-01
6.164575424491666178e-01
3.990698086710764425e-01
2.146803610025024012e-01
-5.930673604291014644e-01
-4.712693930181623969e-01
5.609721412422633557e-01
9.330556312002201702e-01
8.161046755092666860e-01
-1.597319805243746782e-01
-3.225143040715625631e-01
7.567116541301266430e-01
9.162248031468154252e-01
9.180825460463913901e-01
4.357503765415785546e-01
-9.400359646389564450e-01
-9.915945421859466702e-01
7.301641278286126191e-01
-4.484863528777660036e-01
5.364811381532345047e-01
3.396428072404436005e-01
-8.819672441250459016e-02
-5.822584049915049409e-01
7.540439647620466035e-01
-8.646569624233699791e-01
8.053870617813490007e-01
-2.402095718757773501e-01
4.620570843763188718e-01
6.183713830260093580e-01
-6.868659134766724739e-01
8.846671982219140862e-01
-8.627870842815354990e-01
9.308238690881716071e-01
-3.952743390711107030e-01
6.829874316758584030e-01
-2.347526493955760796e-01
1.000000000000000000e+00
3.822540973345651683e-01
1.409637953297156743e-01
2.630207533386484942e-01
-8.135726434894027248e-01
1.000000000000000000e+00
5.990514982558343693e-01
-4.400453109225250792e-01
2.417665930870389057e-01
5.848920841919225122e-01
-3.996796667779156653e-01
2.844419117088728410e-01
-4.160891340091425750e-02
-9.582281689516846113e-01
-3.727524533957276009e-01
8.707125954850367666e-01
-1.000000000000000000e+00
3.930834515651833172e-01
9.280669996015736278e-02
6.052642453715583182e-01
-1.000000000000000000e+00
-9.041096894276203777e-01
-2.707112687606825219e-01
2.890999496120357781e-01
-4.391099041967869154e-01
4.575004334694878216e-01
-3.759259928916960924e-01
3.767860682569076913e-01
1.000000000000000000e+00
7.839245917595469848e-01
-5.360027434916785349e-01
-6.387606087413647549e-01
7.763777855594140576e-01
1.984357414913272555e-01
-1.476202826313843253e-01
8.490115599946321812e-01
5.273428497175365326e-01
-3.547700140699191484e-01
5.766898084038680761e-01
-9.944789890453473169e-02
-9.340577921666863570e-02
6.480255045854641516e-01
-4.000577253476683692e-01
4.120126753751852666e-01
-6.019854496743651806e-01
2.720383419776891132e-01
-2.514331779286672619e-01
2.268624610548052312e-01
-5.083050730520515259e-01
2.161731361546485042e-01
7.046520850744443232e-01
5.189513599713603265e-01
