2.410877926167943885e-01
2.824509764744235762e-01
4.015746201867274046e-01
-2.777654054950762230e-02
-6.742872235898547117e-01
-5.136478613595990561e-01
-1.045328921882734408e-01
-9.612499523142116198e-01
2.727326003408395705e-01
7.615056274978977413e-01
-7.789670398535941676e-01
-4.004654479466478456e-01
-6.021430291421895342e-01
-3.843837151754927461e-01
-4.018250581893061113e-02
1.744798657173956824e-01
-1.586020978752049615e-01
6.475899521306263118e-01
-2.655273529904994545e-01
9.427326428739598585e-01
1.505142870747278039e-02
1.594360503642749949e-01
5.312537830983643516e-02
-4.387437720901677385e-01
-2.262715293960258500e-01
8.566402521448306384e-01
-4.035814060048315000e-01
1.311955830615285645e-01
4.945680594738848801e-01
8.627173899501161536e-01
6.081081751619419329e-01
-9.609272045942299223e-02
-1.689122720017172397e-01
8.090666875516194789e-01
2.479540470360843130e-01
6.675003758077657778e-01
3.465874803066385651e-02
-3.965708092478800184e-01
-3.454489628984641070e-01
5.491707887344102756e-01
-9.639256364974224667e-01
-7.858437937976786580e-01
-3.345439444593292233e-01
3.586071989906758350e-01
-4.058189786093815421e-01
-9.669467805711895458e-02
2.778497353186496488e-01
-2.308005880345304628e-01
9.724198053218417737e-02
-1.700280522343081135e-01
7.509210024044936649e-01
1.885540458333543890e-01
6.026103473122840920e-02
-6.058077116379119165e-01
-7.164900892328979198e-01
5.917130655577372833e-01
-6.727894051457921076e-01
2.573517621832303592e-01
3.930040681782081546e-01
-4.618115201109453949e-01
-3.118784218744878878e-01
3.616192293666210533e-01
1.000000000000000000e+00
-1.456882219112552446e-01
-1.000000000000000000e+00
-9.959651326591816289e-01
9.658268033603242264e-01
1.000000000000000000e+00
-4.876963090841678894e-01
-2.273551080094118049e-01
7.332264119815415926e-01
8.270484013140786406e-01
5.638930425871940821e-02
5.388917859326720627e-01
4.916881087086015789e-01
-4.991998609958134825e-01
-4.408798366542620584e-01
8.560289522371100635e-01
-4.944140102946480431e-01
-7.970916730812678264e-01
-9.467151899938056614e-01
1.244552324795578091e-01
-4.459879194420272031e-01
1.000000000000000000e+00
-1.489880875538063601e-02
5.633623183654815625e-01
5.703125271781273042e-01
-7.446334946730823745e-01
-4.053382674391768914e-01
8.514441639439856990e-01
6.967850567896816116e-02
-7.579721199160298628e-01
-6.843028068271833630e-01
-9.608399664994971001e-01
7.621479529749989323e-01
-1.000000000000000000e+00
2.793214239863062165e-01
7.439149098885555755e-01
-3.181726148614563154e-01
2.144751626229763064e-01
-1.000000000000000000e+00
1.000000000000000000e+00
3.872109814660547600e-01
6.876648389227036917e-01
3.058412226453564031e-01
6.666967274307916691e-01
-9.761909879196025708e-01
8.777048296127827332e-01
1.260720868246217874e-01
1.449350557495002190e-01
-8.173824200502312343e-03
6.798294938927061937e-01
-6.265160686514081867e-01
6.242884670825652460e-01
-1.651715554041999212e-01
8.077578608928881465e-01
-9.542898188115670477e-01
-4.932923067254147975e-01
-2.998573578617017565e-01
-7.839997719083717787e-01
2.691696898155003792e-01
4.605282137686125821e-01
-2.000132038464536716e-02
-2.612811772735562643e-01
8.117438897775615114e-01
8.297800683908700126e-02
-5.506067888381318554e-01
-3.877538050103528366e-01
-1.106856175679078874e-01
-9.319473825866094741e-01
2.545918389317438635e-01
5.364038985423176531e-02
-3.919970526556186552e-02
2.006737177171382946e-01
-8.630027105448963010e-01
2.576758497042990204e-01
-7.337068699414018846e-01
3.114554836580963326e-01
-2.428730382429948598e-01
1.000000000000000000e+00
5.086629026189124492e-01
-1.000000000000000000e+00
-3.610873313290903219e-01
-9.646755032213044645e-02
-4.952102267683156644e-01
-9.309522771258182949e-01
-9.391201446024858290e-01
5.513245041131262791e-01
-5.664229627195791483e-01
9.671478869631244812e-01
-7.470040860372999525e-01
-5.545523400805394409e-01
9.423164780686112962e-01
3.888517606043819241e-01
-3.732633600235468752e-01
-9.668533051653973587e-01
-8.097867277387387208e-01
-5.571072256033574588e-01
-1.318353366092798185e-01
5.127729757481824802e-01
-3.760487481730254156e-01
-3.261501602668300248e-01
-5.965801698090675287e-02
-3.769326314048195847e-01
8.761281321294455138e-01
7.941695997665529916e-01
-5.843556619387335616e-01
-4.695671543801127612e-01
-5.329373896736722127e-02
-9.907220545589874305e-01
3.987788977793867429e-01
6.920740360131737434e-01
-5.421624910218653115e-01
1.000000000000000000e+00
-1.569810839658804802e-01
-1.786740382183816811e-01
-2.026270502293436859e-01
-1.778937861195589443e-01
8.892724573329726656e-01
8.606806517197583828e-01
7.488799013270042160e-01
8.735985416104629087e-01
-3.521127178460298768e-01
6.769980268511262000e-01
-1.216868910934604947e-01
-8.657033739534145678e-01
-5.520188793930592697e-01
-8.966666370227303062e-01
-8.590886196090813387e-01
-1.788146144214325384e-02
2.853850236726822032e-01
-9.680249709398099922e-01
-3.629438196201335842e-02
8.832896232849415386e-01
-2.494590299114695653e-01
4.311392287541224722e-01
-1.704309836047978310e-01
5.351681932059342284e-01
-7.805523491024894955e-01
-6.747030496706691860e-01
-5.467225733447700353e-01
-5.405020097505404131e-01
-9.036839408825596553e-01
-6.298260973740854585e-01
-1.072093639731872272e-01
8.843013606558116635e-01
3.122888211597024330e-02
3.765346233136038223e-02
1.000000000000000000e+00
-8.431678782649432158e-02
5.182745067760571311e-01
-3.251022514062614777e-01
7.937823441741553854e-01
8.653874102041334559e-01
5.951897022542301796e-02
-4.352423120342137630e-01
4.544284764864930937e-01
-3.015948412261384437e-01
-1.557364503842588732e-01
5.710838868085907905e-01
-5.144432677788866037e-01
-1.000000000000000000e+00
8.866954145157840417e-01
1.055646000448980104e-01
-4.907579761088823878e-01
-8.271406614228596910e-01
-8.997110038295125234e-01
-9.940927689175695914e-01
-9.483672647740933881e-01
-9.957092476735761588e-01
-7.459504315916505313e-01
9.111148597605360777e-01
-7.024090553678989934e-01
4.297561475615209736e-01
-6.523387372901445769e-01
8.121403575097777550e-01
-1.444044541823634176e-01
-1.077620457568369966e-01
-4.685907429058885354e-01
2.307059700400696522e-01
-3.037747535290543088e-01
-7.817211374487378350e-01
5.615526125027616722e-01
3.401437104998327188e-01
-7.338430847078261654e-03
8.310005822903219208e-01
-1.000000000000000000e+00
-2.931436355207296673e-02
-9.441995490233898725e-01
-9.720623818558385976e-01
5.943578065617962647e-01
-4.201858683506665137e-02
5.997674689705869699e-01
3.720084237484047041e-01
-1.856916515721658001e-01
-4.895307790067708331e-01
-1.000000000000000000e+00
-8.781726609633817571e-01
-2.136978793657217657e-01
6.327800515679540272e-01
1.401879710879641860e-01
6.004405248984666654e-01
-2.871593487884804841e-01
-1.004442106858874501e-01
8.504435232085529872e-01
