5.722199957104310286e-01
-1.000000000000000000e+00
1.300695459617451366e-01
-6.854074956099820426e-01
-4.211563208674128922e-01
2.235319742069969418e-01
-4.791780312359952831e-02
4.996646511621072317e-02
-9.053452330176705587e-01
7.260335454551776480e-02
1.701656944268649663e-01
-2.864015811809660778e-02
-2.754638960755620980e-01
9.440792607070856990e-01
4.460039140725385876e-02
5.221948384366095208e-01
1.000000000000000000e+00
-4.553529675855267356e-01
-3.032976167085115748e-01
5.639046071896230972e-02
-6.706722029977072452e-01
4.728984086245823226e-01
8.598256566329799400e-01
2.447464222544198931e-02
-7.040635929855139086e-01
-5.759881953502060670e-01
-4.017428916977309750e-01
-1.940059653673903983e-01
-9.346516073667046620e-02
-3.000671992105856667e-01
-1.793737124798082117e-01
-7.759924010450633958e-01
4.770256554509218483e-01
-7.951703409636248776e-02
6.107132313010559255e-01
6.107117540275068812e-01
-7.237481019152769424e-01
-9.457166043636183739e-01
-5.269277988417576664e-01
-9.047464026191832653e-01
5.601611539588833288e-01
9.924956432233309478e-01
-1.463393020669188638e-01
-4.087778371335142324e-01
5.743557872265545594e-01
-2.434321098399022110e-01
-2.429862996060054292e-01
-5.252550816741092810e-01
-7.450517076692342311e-01
5.498992091010583838e-01
3.759280275744976696e-01
7.663667732193574222e-01
2.256508946421539596e-01
5.667597173051195369e-01
-8.160044141676110474e-01
-5.703282463439079963e-01
6.828535201173282498e-01
2.785745691931684753e-03
9.977535794766235755e-01
-7.146506399181065117e-01
-1.554554888624899156e-01
-4.895402942049913442e-01
8.638718108275932339e-01
2.453150953629433528e-01
-1.303943746712628304e-01
1.164483996829232260e-01
4.296465201391502231e-01
9.874028878544246490e-01
-5.897997532363647988e-01
2.291811402287402544e-01
-5.682359491428448095e-01
1.808208456283056653e-01
6.823348569013341081e-01
1.783618022683818305e-01
-4.711922622106976544e-01
5.065951608253238536e-01
-5.864455932044666531e-01
1.000000000000000000e+00
-4.073633236228929588e-01
-6.904301371852625824e-01
-8.337523266419970547e-01
3.758245203361044173e-01
-5.859923357968157553e-01
-1.000000000000000000e+00
-4.182492368605141286e-01
5.251239537880899588e-01
7.946728014136514862e-01
7.748003930211989632e-01
-8.803342370484450452e-01
1.531491136157452360e-01
6.293864094275158916e-01
1.893817014512066133e-01
8.053771267692930724e-01
1.000000000000000000e+00
-4.861958897062897966e-01
8.537565893295107067e-02
4.124267280819254311e-01
9.471309312219376997e-01
1.532005991080784557e-01
-6.103939886740524789e-01
-6.968210973930105689e-01
2.440813171705175089e-02
4.134385607931090334e-01
-8.207811713596318004e-01
-4.395452540604580238e-01
6.963611482164969724e-01
-2.101516786770231682e-01
-6.867638636256218065e-01
5.643181884421346606e-01
-5.807854593091488216e-01
7.813006994685199602e-02
4.660417419510530235e-01
-8.222438270635251678e-01
-7.003963688310289593e-01
5.543738992299548363e-01
2.707441063324256270e-01
-2.168042758406516501e-01
4.102463889453643320e-02
-7.737660139949165128e-01
-3.953445801359373180e-02
-4.670735125638617036e-01
9.327868054271269971e-01
6.233625620089561226e-01
-9.144352020130805947e-01
-4.457601105115144291e-01
-1.401689780141064379e-01
-6.789931216799960367e-01
1.520318361371782723e-01
7.578745103008095452e-01
1.534151009513494701e-01
-1.320366255142763068e-01
-8.389070816613204418e-01
-7.380568681629336991e-01
5.520782889825668338e-01
8.639612460342342981e-01
-1.809253615514590796e-01
1.086617192648987873e-02
-6.974476800031007562e-01
-5.952115223427411062e-01
-4.888076828413955299e-01
5.997973566339576124e-01
-1.000000000000000000e+00
-4.214017671897662964e-01
1.000000000000000000e+00
1.000000000000000000e+00
-8.911823270925056661e-01
-7.952049601860710082e-01
6.881790920196965144e-01
-7.371132019630727283e-01
5.519976172396384717e-02
8.825434846904209873e-01
-7.963739559850455674e-01
-1.000000000000000000e+00
7.359614767579446548e-01
-6.096082417898287531e-01
1.580531256195379097e-02
-5.617145579618785245e-01
-8.973328604493725491e-01
3.287922535140356817e-01
3.936806886300020514e-01
2.498254775479491485e-02
-3.371904415758826823e-01
-4.708830090111123523e-01
-8.380430683630855082e-01
-3.646738002068432016e-01
2.517768882910088046e-01
-5.131909518974762108e-01
5.076127674079409235e-01
5.039466848240439778e-02
-8.798197817579445079e-01
-6.280857476126929795e-01
3.984853032349156554e-01
1.293968450137813475e-01
3.478307545656462718e-01
6.151428496185626926e-01
-7.612062819396089308e-01
-1.143958498619039865e-01
2.497499859375012510e-01
-6.867390535698477683e-01
-3.009191192690255923e-01
1.827895562264383322e-01
-3.336612349351638640e-01
-5.713574001456012130e-01
-2.473550477595585773e-01
7.974102122869523024e-01
1.939972721316161886e-01
-8.915885073318504661e-01
2.661244485525589010e-01
4.441921304981867324e-01
-5.616995516891911677e-01
9.253578941497175858e-02
9.437399699890565152e-01
-8.997548953373502023e-01
3.500986388314399900e-01
-6.814045832539633585e-02
4.572727041476282173e-01
8.918655317839110364e-01
1.000000000000000000e+00
-8.733526743159225614e-01
2.282763782396391994e-01
1.000000000000000000e+00
4.745647412674036669e-01
6.631040462430943805e-01
-2.780527683683025053e-01
1.881420762441138317e-02
3.683065534589625156e-01
-4.225805121978676304e-02
1.588012663976163807e-01
8.107451341379419141e-01
7.232356198063283337e-02
-5.409297986362169297e-01
-4.797897331791753928e-01
6.188530046162921128e-01
6.407236595234079291e-01
1.810570392247974891e-01
3.807785101299780983e-01
-1.974182030742385463e-01
7.110116421514948160e-01
-4.548269248956681721e-01
-5.704521916086060518e-01
-7.512528209211408736e-01
-7.190381424896254980e-01
-9.319495193649468545e-01
-5.861599915302558861e-01
2.293666189158021229e-01
-7.184949670040712277e-01
-6.142750143845346900e-01
1.690798980683652086e-01
9.816348424741986323e-01
-2.314117157139563841e-01
2.023065604682699747e-01
-8.147994677478861414e-01
-4.264900802351830889e-01
4.532364043314396351e-02
-4.082185346764085065e-01
-5.439000177523872770e-01
-8.047950222216183613e-01
1.317077956921668402e-01
1.713404472847068760e-01
-3.780192087881715235e-01
1.043283489807778075e-02
-7.046304182850779974e-01
4.375433508464733334e-01
-1.434971706551422810e-01
3.378803122252602709e-01
-6.846917915692267431e-02
4.021473373158326314e-01
8.267656957850351152e-01
8.844427477826662942e-01
-6.364785813962960948e-01
-7.395540577947035121e-01
-2.670786569935945653e-01
-7.921482351281760037e-01
7.106034663097449133e-02
3.694006320803546739e-01
6.956288013105983437e-01
5.327765042641048332e-01
9.549849980442864927e-01
-6.668896530378132237e-02
4.296012710459430617e-02
4.064952667890988081e-01
-1.108162355479745953e-01
-1.000000000000000000e+00
-1.027680842663157290e-01
2.486595986250837442e-01
