-4.672570851006285775e-01
-9.062592304622295591e-01
6.890533906193456737e-01
4.674331871524504134e-01
-5.461900391555356560e-01
-5.212629337788443618e-01
-7.333014507714397112e-01
-9.485995243581256675e-01
-6.526663516389149544e-01
1.766462390529074250e-03
-1.467531278507443471e-01
9.965898688203411737e-01
-2.535042111231584072e-01
-9.499680892259442233e-01
-9.710130149006398481e-01
9.649404390478781846e-01
5.594489692006764381e-01
-8.775310096624538980e-01
-1.445025637465731372e-02
4.163915945581442291e-01
8.369818039994304515e-01
7.333643674239777033e-01
3.996190495379092766e-01
-2.413954195682850856e-01
3.800328987182546303e-01
-5.550152490087723045e-01
5.999451677090728019e-01
1.095110388239218385e-01
9.839898459396448360e-02
-7.742483805736596336e-01
9.073920426045095633e-01
-6.628410609787839247e-01
1.684996647762624367e-01
2.909413874910414810e-01
-4.829573071634374326e-01
-5.078516472728029640e-01
-1.909475886552932100e-01
8.864623120988176508e-01
5.170709873737655560e-01
-5.658636867683572991e-01
7.813144859458663882e-01
4.340463632896874452e-02
-4.562787244595813974e-01
-9.723785379901558890e-02
-4.517774303055512308e-01
-4.128352157506970377e-01
3.134361097044725541e-01
6.487938574171406292e-02
6.226646853731420128e-01
-3.278235968640637599e-01
7.021225311740135755e-01
-4.985880519860313442e-01
6.309147498453706593e-01
3.171254313512688050e-01
-5.507471959714244081e-01
-1.400343137596808951e-01
4.800505843325918176e-02
-5.376888665588872573e-01
-5.101212927547983389e-01
-9.809553364511388596e-01
-7.051968967075504802e-01
7.780424219904740202e-01
-1.537198472410196970e-01
-6.938586987122570271e-01
4.810849966299776126e-01
3.669675859889111047e-01
-8.870091370121362395e-01
-6.973100739141040449e-01
1.589885237948033270e-01
-6.718537852179425895e-01
2.539479699227091825e-01
-1.000000000000000000e+00
-3.515806699188765982e-01
-2.274961541408239973e-01
-4.057962569851026324e-01
-5.379624033968311014e-01
-6.667429603057664078e-01
-6.666846478133462428e-01
-3.523350405597860391e-01
-1.831138528828302192e-01
4.572447905863481488e-01
1.000000000000000000e+00
7.050396296032134247e-01
8.478370048232080070e-01
-3.083449269639405577e-01
-3.126227821169088594e-01
-6.828028877038091471e-01
1.459009613854785892e-01
8.202885984764427540e-01
-7.891271309585936589e-01
3.234531642565867671e-01
-3.965529297994862534e-01
-8.502599827638418484e-01
7.359187009844577743e-01
6.110163297129238558e-01
-7.921170816756762934e-01
4.247389822543988780e-01
7.987245601747868795e-01
9.199665670846943755e-01
1.369487598791976901e-01
4.931526427828513137e-01
-5.496557734442683030e-01
-5.980431634652153550e-01
2.247724095009711598e-01
-7.436870042352158872e-02
6.538776212209713723e-01
4.451034416212196754e-01
-3.023668615765589540e-01
2.379653824821987007e-01
-2.337693787892378139e-02
1.698447779938303814e-01
7.093651605225093082e-01
4.001022908934596667e-01
-5.461378820694102743e-01
-9.860670950054615247e-01
8.669454628285626629e-01
5.054377935719556181e-04
8.394090579610700154e-01
-7.222935598168522819e-01
2.645162534942435140e-01
-1.686917030072587753e-01
-1.228930912893922422e-01
1.999512086266948263e-01
-4.337684206661955311e-01
1.000000000000000000e+00
7.867924912000348048e-01
-7.943995922546143174e-01
7.592385706080480023e-01
2.133655450329040859e-01
6.743015437144138646e-01
2.573875800586566953e-02
-9.503263079882028341e-01
5.206958087546448288e-01
-4.482521904218444292e-02
1.927892506105046699e-01
-7.895517276983172739e-01
4.036483940791436575e-01
-3.234653386420505150e-02
-3.297872241600876553e-01
-2.131782920674849813e-01
9.047120439156703942e-01
1.360816247633833131e-01
-8.897639637654146672e-01
1.221901906355263162e-01
-6.891441650406944230e-01
8.805906561613618955e-01
-5.496211965516639708e-01
-1.300005860084958442e-01
6.708501994386695255e-01
2.127487764546084070e-01
-9.493012538403905465e-01
-8.066313807710838724e-01
-6.949497715117328722e-01
6.064516854329635165e-02
2.940235198466114586e-01
7.417275377332324116e-01
-7.594373443766292420e-01
-8.492870878291461367e-02
-8.230248925519512149e-01
9.135648843869574598e-02
-4.965479517500801521e-01
-3.459689990728713194e-01
-8.410954665300008903e-01
8.903804526413543474e-01
3.101081408080276769e-01
7.900432453824765555e-02
3.672445596397372336e-01
-4.563455409241767846e-01
-7.255524180778383236e-01
-1.426419679575602339e-01
-5.662275734040098651e-01
4.831767760977284665e-02
-5.535370679540776440e-01
3.336110947574386643e-01
8.358872929856474565e-01
3.973571449958561153e-01
6.997726177797135572e-01
3.494474312536645644e-01
2.267381364976809588e-01
-3.691376025510165193e-01
6.135253520756274170e-01
3.411824223281867408e-01
-9.478456601697202721e-01
-1.102833182580371663e-01
-7.411093366955116002e-01
-9.946826879849055558e-01
4.355639564746937031e-01
1.105370662114620872e-01
-9.891681204012443551e-01
4.670283144374178796e-01
7.350091626916226417e-01
-6.925807727448280993e-01
-9.238721205001189096e-01
6.202098256109874752e-01
-6.838708363612967522e-01
5.649815486897371564e-01
6.996604753196817850e-01
-6.926873971371254601e-01
-7.060170432705744625e-01
7.655838561858588909e-01
-9.825278125769575377e-01
-1.708294630320145169e-02
-5.690686372075786092e-01
1.068133554279911690e-01
-5.422294721703130316e-01
-4.812069808061719134e-01
9.176661303450284191e-01
-1.020581288958159888e-01
9.620997046105586037e-01
-7.224644288597479314e-01
7.284422405988106863e-01
-9.441576971778866678e-01
7.498105552911815685e-01
4.223978159419485845e-01
-5.698760076652789053e-01
-1.000000000000000000e+00
9.056484608484400844e-01
-1.266101049155158309e-01
-8.122918831386378713e-01
-9.963737202244242752e-01
-4.590847410453947064e-01
1.730603765153870266e-01
-5.715381666886720780e-01
-4.518577219247434384e-01
6.243088680345413310e-01
2.707216020937290857e-01
7.219060447075915654e-01
-8.146740946953471285e-01
1.955759376648366077e-01
8.751735203075057257e-01
-1.103352343615437159e-01
2.777543574764954615e-01
3.509611844166140027e-01
5.724318467845488367e-01
-6.518398794168287491e-01
3.647258647774919704e-01
4.299621930918147150e-01
7.407229527765119004e-01
1.829228322487028713e-01
-1.000000000000000000e+00
3.205664668210352897e-01
-6.287331049381966741e-01
-4.103192395141296300e-01
5.446842970686998076e-01
-1.783385131556953496e-01
-2.404135938749617507e-01
8.918062093485261688e-01
-4.611589866054927600e-01
-4.188560883032449444e-01
3.825668924657590342e-01
-5.565234245917671796e-02
-4.797407269205404834e-01
2.901359613358918399e-02
5.831557050352588478e-02
2.273667347149264106e-01
-6.683596840044818688e-01
1.000000000000000000e+00
-4.935148256891557228e-01
5.797580410302100029e-01
9.904330789850124273e-02
9.946704948521714051e-01
-6.353324959491306601e-01
-5.192111062346809192e-01
9.282900651488330546e-01
5.768614526259195907e-01
