5.368103511805255579e-02
1.196091002254982272e-01
5.513576864175473435e-01
-1.935732146190417002e-01
9.847888635336744523e-01
-9.145885539575269174e-01
1.437622788453514211e-01
-8.420571726318970551e-01
-6.285492761260577099e-01
-4.710917915592821581e-01
1.215202333370195287e-02
-3.634283766057916365e-01
9.757179580748837067e-01
-6.657984566099588442e-01
-3.262352203568303910e-01
-3.369081673138011324e-01
-8.063510068917920659e-01
-5.668238663507543240e-01
-2.129154811459372520e-01
-8.462499551925597441e-01
7.578192767263884910e-01
4.054696614594588411e-02
-4.664483437036435753e-01
2.598491007211169990e-01
6.905768786602142217e-01
-6.055220983128604129e-01
5.018152684575377664e-01
-1.000000000000000000e+00
-5.429003666049520005e-01
8.380416211389398740e-01
-9.827157973352854681e-01
1.650093598678663565e-01
1.882278797142082905e-01
-8.714863965868899776e-01
-5.323486811114094275e-01
7.610298866894087411e-01
-5.355733691306170385e-01
-8.067421764606947931e-01
8.863485937487920463e-01
-9.998882060985019304e-01
-2.505633846592023595e-01
7.876343227389874802e-01
4.304734572568892359e-01
3.933556384323602662e-01
-6.705910137053607833e-01
5.750369036752671636e-01
-2.184909647350952167e-01
-4.387180560155301556e-04
-9.725727431028396985e-01
-4.667444836022922039e-01
8.370688370697489944e-01
-1.123834871107842748e-01
3.173937412048079554e-01
-8.906750858980999608e-01
8.914076054107140656e-01
-7.746874784487181032e-01
8.829213528066151007e-01
7.833137652137810436e-01
5.566482560184430328e-01
3.062312064294876457e-01
2.853599641817864407e-01
-5.132011668033539253e-01
5.323990003578914498e-01
6.954435154772287131e-01
9.432212366290995131e-01
-6.340028870333125344e-01
-7.357271527377289289e-01
-4.873137955963132151e-01
-1.830905814579707747e-01
-8.711163045768490765e-01
9.442942127632449889e-01
-6.711495202535600058e-01
-6.614412117449812722e-01
-5.187533979372079829e-01
-3.911435973497656704e-02
9.205978853529706019e-01
3.787248211688525323e-01
4.019409741994092178e-01
2.426496965659814542e-01
8.993186683195144582e-01
-3.533149243206172851e-01
4.476115921041656787e-01
-3.216377436163002645e-01
7.458264692479437130e-01
-9.360562862313615007e-01
-4.274730281673038146e-01
7.070948917793176136e-01
-6.947816858287432229e-01
-5.422198864026703813e-01
-6.098803473775804562e-01
-5.129386282878128228e-02
4.528943342009839057e-02
9.633371877700069863e-01
-1.000000000000000000e+00
-7.126766203858716509e-01
4.793397555930216658e-01
7.249759740324668300e-01
-1.130629944971974638e-01
4.846448039015149867e-01
-8.610137745674067977e-02
-5.157004160099905032e-01
-8.740056100697286556e-01
-5.752369569756183854e-01
1.215668751116545376e-01
4.826965879537907234e-01
-6.231560318150755062e-01
2.784533038214608847e-01
4.405849744447257188e-01
3.475995388609471881e-01
-9.627074926381942177e-01
-1.018223522016774574e-01
9.752406478117294775e-01
7.460096381443662716e-01
-2.901643561612932132e-01
-1.388413539459516510e-01
-3.493913846563234671e-01
7.175661875292690395e-01
5.694039328011835099e-01
3.743150765194914742e-01
6.130393794764132931e-01
4.282951803620371756e-02
3.121406844098844058e-01
9.229555927044064134e-01
5.494772088597417170e-01
-3.582090529918448008e-01
-3.270347006530189837e-01
5.916904116114639622e-01
4.888639465421896757e-01
7.096839765530399413e-02
3.680695494009944557e-01
-6.394014875213716032e-01
-9.514051607638573937e-01
7.591528765275368240e-01
4.655361281000531259e-01
9.027273007440153041e-01
-2.202267624277920999e-01
-8.601091447572508653e-01
-1.060236029224119747e-01
5.283491239164301856e-01
8.137672453224168434e-01
3.637857062843884992e-01
6.080506971377053205e-01
-4.661679878552064116e-01
-9.982790862324211201e-01
2.093061833182769671e-01
-6.827803051327647754e-01
-1.466792550389531269e-01
3.108521128540391310e-01
8.578602987025285564e-01
1.296630261044195709e-01
1.718207648155312128e-02
-1.565383303722840402e-01
5.646041881967758247e-01
5.395186477212519094e-01
7.554106753417055842e-03
9.239187661310077626e-01
-2.166492603239934811e-01
-1.096176078496139406e-01
1.460312517959136969e-01
-1.816779497406590949e-01
4.281918472363899775e-01
4.303771252783860080e-01
-7.945596407359434288e-01
-9.173234480358303244e-01
-3.241006572874240432e-01
-4.873959572458632095e-01
5.876522776096739786e-01
5.961569953589191950e-01
-3.541767039957498253e-02
-9.214744246369465097e-01
-5.301445605574464093e-01
-7.062756076706095953e-01
8.427757414530940849e-01
-1.319627533606644587e-01
1.353258574483449661e-01
1.000000000000000000e+00
-8.248575591509786642e-03
1.326000446421985446e-01
8.632965834439199071e-01
-9.806041345440432710e-01
1.000000000000000000e+00
4.276839827719700615e-01
1.926333659737262671e-01
-6.426066614521355191e-01
-9.801219168059203124e-01
-3.442681951994219780e-01
-4.894301241226883814e-01
2.908775910333525894e-01
-7.034535769963143892e-01
-8.813650975355322714e-01
5.120153007903189835e-01
-6.211210076132994695e-01
-3.469604485800409366e-01
-9.382555269351705585e-02
-7.557577010831553199e-01
9.284773541619971426e-02
2.247174112514542521e-01
4.036755984153106436e-01
1.000000000000000000e+00
2.378478985096790232e-01
9.597014994028429946e-02
1.000000000000000000e+00
3.519188454244858710e-01
-2.837801226353804385e-01
-4.875863921241485599e-01
-9.215740332292359227e-01
-2.190552917530081967e-01
1.541961186664464467e-01
2.672478776338436113e-01
9.882507188264260112e-01
1.896190683119452491e-01
-2.698918880754612726e-01
9.774360589343384920e-01
8.982868363856305605e-01
-4.743973458947371435e-01
-2.593783743839932487e-01
1.000000000000000000e+00
-9.947770044323335226e-01
-1.586196944549187471e-01
-6.135448485025024601e-02
2.486310483159951401e-01
-1.045757149878431824e-01
2.970311082142821912e-01
-4.727537985385115160e-01
7.739627788636743722e-01
5.279999134098778413e-02
5.671425149043081149e-01
-4.126679966951583012e-01
2.237954680438036803e-02
6.468357199747397646e-01
-7.254092870063846288e-01
4.532323020659618784e-01
-9.276693763418797367e-01
7.150632371386458352e-01
-9.963202428410444789e-01
-1.825136334592343257e-01
-6.523123711822886861e-01
6.983614485689171314e-01
4.983283448350825928e-01
-8.216990453067174460e-01
-3.256884588301390826e-01
-7.910034816972602023e-01
2.316128359705271755e-01
-7.863729725828758621e-01
-2.192969076576827270e-01
-3.634122707915333761e-01
-2.105671610870717414e-01
4.263635904916938113e-01
5.753135916132967598e-01
2.370306595420583751e-01
-4.572521049904818558e-01
-4.630309263662208963e-01
-5.214832877568649216e-01
-7.522813376399939411e-01
8.893622597303584010e-02
5.327454890892862061e-01
9.996970561733042882e-03
-5.718422781146710321e-01
-5.718549868138378400e-01
-5.980535754328383247e-01
-8.022455464476709042e-02
-7.686198599622767746e-01
-1.406297722307445763e-01
-3.102222429757905964e-02
4.300745982812762547e-01
