-5.581113736882246101e-01
-1.676950548182426226e-01
3.160458747771461852e-01
5.585366459047796939e-02
-6.817081300010849887e-01
-1.939666742624137630e-01
-5.127931257776801033e-01
-3.506395058863489012e-01
-6.362515805598246699e-01
-9.798675118742831980e-02
-7.329075166663565066e-02
4.182895499631250069e-01
5.187738561815115057e-01
-4.599147147822790216e-01
2.339276395321585045e-01
-2.846133623209324837e-01
-4.084745363654313510e-01
4.702491382832866829e-01
-3.412357936446364093e-01
2.149437357504674073e-01
-7.601460510470609000e-01
7.279521516038514051e-01
-3.382046467888427665e-01
-4.423192232143939862e-01
-6.066929049540703556e-01
-2.033627428951846061e-01
-5.665137564662541259e-01
1.224913827505105246e-01
-4.511310014810991365e-01
-3.839238803382836185e-01
-2.013460676228466806e-01
-3.329203441363379756e-01
9.231965961549890021e-02
-1.854731837185255861e-01
-1.144617400661651213e-01
3.096435243478306010e-01
3.034182155250016860e-02
3.248370072930585606e-02
2.355834965772174716e-01
-8.076851114902589002e-01
2.824241682466991157e-02
-7.435621769508330425e-01
5.862327812844165820e-01
2.355061337723890480e-01
-1.555663375043091490e-01
3.738741265967870930e-01
4.652605670149179140e-01
-4.606565497377398399e-01
-6.043319648247855724e-01
8.782617596086431111e-02
-4.198106746633235575e-01
-6.762417371682721834e-01
4.944071304423676705e-01
7.842198635788538708e-01
4.708206293421083322e-01
-2.495297215213742870e-01
2.948973862843203841e-01
-1.203900218385372256e-01
1.014012471465647047e-01
1.037149484992591492e-01
1.474309393827406833e-02
3.691357680452544976e-01
-6.809482915102614831e-01
-4.305271861647640974e-01
8.531108955053658474e-03
2.116364466881891226e-01
-5.092018268158612360e-01
-4.753061714742399246e-01
-2.391564061994912449e-01
-3.469730802056281704e-01
3.763289772775041397e-01
1.239293023839426952e-02
6.586120240960943728e-02
2.545426046468123316e-01
-4.746885747802091493e-01
-6.702447670640484523e-01
1.439521093304522159e-01
3.615266937954102477e-01
2.753212398077571343e-01
2.553124754394773266e-01
-2.402253541775372647e-01
-3.287423145109732991e-01
-8.520969804459585517e-02
-4.604226602003688718e-01
4.722172751289470671e-01
-1.386780685010873260e-01
-7.269452436886014376e-03
-1.268142907410770570e-01
-3.756662965266420184e-01
2.543885928438682775e-01
-5.230806756083783426e-01
-4.345197387524761812e-01
-8.233086143300994975e-01
5.593764519735880958e-01
-7.694824952043665123e-01
-3.600346079880530903e-01
1.832243208781295651e-01
-3.535897340624295504e-01
5.205080241566655275e-01
-5.364144031551121294e-01
-4.793150474799344751e-01
-2.623061829597757577e-01
7.378717971051140800e-02
6.450568017509334950e-01
-4.937555295791454246e-02
9.513899288883043148e-02
-2.135483465084702659e-01
-4.516285123739464114e-01
-4.771043833878353679e-02
1.473857045440317426e-01
4.197740862884365431e-01
1.569787070569247378e-01
-4.962482852386779913e-02
-1.597760268463505051e-01
-4.173666123898431835e-01
9.403705078268245199e-01
-1.617625083339103154e-01
-2.359214180082956358e-01
-6.849386705952814625e-02
-2.748996434528040433e-01
5.596927043329548157e-01
1.982944052463505302e-01
3.723378127323052067e-01
-5.317545395305196543e-01
-4.167146673741539686e-01
-3.441114055794858850e-01
-2.764698782052331105e-01
-2.099568080615940580e-01
-4.725604278438139128e-01
1.267922053274594951e-01
-2.504000314034984243e-01
8.732864159497558121e-02
-1.337783800336833917e-01
-6.562420092660997684e-02
5.071354027677532628e-01
3.599050961343069344e-01
-8.219336301056552607e-02
2.899471589845237784e-01
2.496865487103369641e-01
-2.597864219735657870e-02
4.766475767498696836e-01
-2.390243334723075180e-02
-2.662390175867543340e-01
5.094770648058226659e-01
-6.158708259160826648e-01
3.046639288500351261e-01
-4.581181287693372045e-02
5.937381273736289100e-02
2.478012008118066212e-02
-2.127899185902738799e-02
-2.826709153201488745e-01
9.410084958080883188e-02
1.320995671346509304e-01
6.149505703776082521e-01
-3.713825586986887473e-01
2.894279414633539882e-01
2.381053149814868486e-01
2.671669541639236645e-01
-6.103732675257791396e-01
2.037092304307961121e-01
-2.879609894332721409e-01
1.550466536975655951e-02
5.310922137773715912e-01
3.785167562561984889e-02
2.924377071123916705e-02
4.498420754305082481e-01
5.101011516129577705e-01
7.572812285958316347e-02
-3.818356922754972266e-02
-2.819234557000457886e-01
8.938201848056163967e-02
-1.363418257967225489e-01
3.017137678994250005e-01
-5.901482904345866087e-01
4.245027209094524023e-01
2.229580718674880890e-01
-3.365690147371462881e-01
-3.847213545625834397e-01
1.434242679472888526e-01
-7.207316769373264820e-02
5.217466628811761042e-01
-9.323048495636074851e-01
1.407137739983886637e-01
3.624414445549606345e-01
-4.596765782880148921e-01
3.030045086585025360e-01
9.243753283234809603e-02
3.826532581199120209e-01
4.044967577547593507e-01
-3.127726553062984416e-01
-3.132117916087008291e-01
2.825813132756852530e-01
2.886781753962820440e-01
-1.779192458810961996e-01
-1.049706953819159183e-01
2.196888231953501025e-01
8.645277336886596498e-01
3.307574241521552549e-01
8.920761330226025798e-01
-1.100655040484893182e-01
-5.676171018933511281e-01
3.912776696834598389e-01
-1.293568495431143134e-02
2.053808675253959160e-01
2.625163056696425135e-01
2.762792759844848178e-01
-4.559873983896706173e-01
-6.848184743568341837e-02
-4.412220133694054747e-01
-1.360719956168639777e-01
5.347181676444640042e-01
-4.823818005283368460e-01
-5.658923079730631134e-01
1.867575949188512996e-01
-2.119624334038791025e-01
-3.214863595152298581e-01
3.790805137240966793e-01
3.472615361306453652e-01
1.819605154655240531e-01
-3.918967314510128919e-01
1.724171404346476477e-03
3.597872847668988627e-01
2.046921764790322618e-01
-5.765414335245080402e-01
-2.743843391280241240e-01
-2.557133760331977146e-01
2.843925033143616665e-01
2.294001688441611453e-01
4.557935841525853071e-01
2.601146005256113058e-01
-5.514757452423183492e-01
1.094607351976790016e-01
4.098287568015153703e-01
4.814134141874764627e-01
4.822429193005930981e-01
1.267594687620546834e-01
4.582837813181309672e-01
-2.310262558964653878e-01
-6.117405300297938942e-01
4.736116061846580294e-01
-5.020203544843941934e-01
-5.781908371374440136e-01
6.632885103725710829e-01
5.728469098926158853e-02
-2.459784587141165546e-01
-4.789643174643830048e-01
1.248209833066097202e-01
4.927948321634072204e-02
-3.097285646020140892e-01
2.252763094708900016e-01
-3.588050475991639426e-02
-3.405484000380933352e-01
-5.139033012638311027e-01
1.746693201855276933e-01
-5.541022424983942374e-01
-4.101788525601125779e-02
3.198836880687040418e-01
-2.281114897300629552e-01
-4.602711387755498151e-01
1.291426215639054631e-01
-5.163494158733136219e-01
-4.481553441744854926e-01
4.166393728955085085e-01
1.301358317597383352e-01
-4.679369821782669026e-01
