3.493363867040552573e-01
-1.129758841853023554e-02
3.155885211003662261e-01
1.000000000000000000e+00
4.350354705929913579e-01
-4.462114286031028665e-01
-2.851734539564887982e-01
-4.051508033335141645e-01
-5.159811858168159571e-01
-8.412297023758628089e-01
6.849516492892133712e-01
2.879885481088381161e-01
-9.497559345368275507e-02
7.621202676825147293e-01
2.504035729864680926e-01
-7.185098122409224741e-01
7.462563022612521690e-01
-6.698874843311835026e-01
-6.013583867707460451e-01
7.251153945402601109e-02
-7.286454194711126098e-01
-9.677510615478729372e-02
9.664054053503874364e-01
-3.303673553024861764e-01
-8.127629139205208575e-02
-1.192939739667708693e-01
-4.876316511738076898e-01
9.624922930356062667e-02
9.726020373816989251e-01
9.247764749815173824e-02
-4.157228571074865764e-01
3.794794565957090859e-01
1.178621898546302754e-01
-8.577341680547987401e-01
-2.208268695233841783e-01
1.422061032832071803e-01
-9.346103306570217040e-01
-2.770045670315023356e-01
9.892615792103060662e-03
9.923003267018620788e-01
9.939786194734616664e-01
4.210856438894473586e-01
8.297506259572756671e-01
-7.972159000041607602e-01
1.385078313200437117e-01
8.319578405243198693e-01
3.500024703367117240e-01
4.425934566280291804e-01
7.620986231195545635e-01
-8.948421686196106339e-01
-8.308732632952556818e-01
4.984763342804208186e-01
-6.260329503794397343e-01
6.579445584447283224e-01
3.873672462338403899e-01
-4.072565097271995671e-01
5.964300846741728002e-01
-9.808754802920992555e-01
-3.875203414640863708e-01
3.389768602531997854e-01
6.520632623557375274e-01
-1.000000000000000000e+00
4.714400748573254196e-01
-6.526744294688464620e-01
-8.408687946443237360e-01
7.463425004557516784e-01
1.908048803062893928e-01
-3.038942177394862720e-01
-4.472555288115531713e-02
3.238861223854945237e-01
-3.312074627220879530e-01
5.733939757534910475e-01
-5.676112736841568696e-01
-8.994244007026099830e-01
2.632737549926497111e-01
-5.637024445811056328e-01
-7.349527954516483774e-01
-7.405887484335976767e-02
8.503925312319235985e-01
-1.251743256664816784e-02
-3.631753547491609058e-01
-2.058806765435325370e-01
3.737529629866680470e-01
-4.496343381725895205e-02
-4.293870705434407187e-01
-8.590012974349711117e-01
8.738599516301810421e-01
5.442187973514562849e-01
2.685128861916985521e-01
-9.645773227312560982e-02
-7.637008414698535086e-01
-3.813099935931425488e-01
-5.349815906412004329e-01
-9.779386375831029543e-01
1.936639927118917817e-02
-5.572574793639569757e-01
-7.291735660839698818e-01
2.348230411766955572e-01
1.281596113979126261e-02
-3.420347428890977426e-01
-8.115482507810202195e-01
7.479166781840337896e-02
2.621608584595076785e-02
-7.516222286472475922e-01
7.036933628011466935e-01
-5.527603579770292708e-01
7.893145515645979549e-01
1.741795479990984330e-01
5.810205474995582264e-01
-4.243307345636620487e-01
1.356212977716451107e-01
6.789639413388472988e-01
-7.260142327654137695e-01
-7.209374795588160967e-02
-3.677357203554713072e-01
2.314360771710454734e-01
-6.882398112312273497e-01
-6.446312750252781720e-01
-1.000000000000000000e+00
-5.887822726343340252e-01
8.112828485869860717e-01
-7.714286000461477721e-01
9.287460563410133707e-01
-3.586552044045788201e-01
6.416757950365933327e-01
8.548544058739642182e-01
5.135787750147580155e-02
-9.895583217207327975e-03
-9.491103814330981159e-01
9.576473605107908016e-01
2.645784458865049205e-01
-4.122788856280223957e-02
-6.230303045551914831e-01
7.602180991197312609e-01
7.175307002975153114e-01
-3.251255354703729838e-01
-3.239154533913568557e-01
-1.000000000000000000e+00
-4.637502222155930887e-01
1.657719678859968793e-02
9.302371104579715277e-01
5.386343118969572075e-03
-3.314567227937399441e-01
-7.194340549714495214e-01
-9.858760754209451582e-02
7.142061774538583929e-01
6.865269800326581073e-01
8.744980251598308829e-01
4.405602733228121126e-01
-8.039474540441496897e-01
3.516522062570699436e-01
-3.872966495793259689e-01
1.585482643042737116e-01
8.482723176756610250e-01
8.462441453579363504e-01
1.000000000000000000e+00
-4.433657251436172175e-01
4.786137702186440968e-01
-5.780684320380153896e-01
3.351926930264214621e-01
-3.321667432143804444e-01
6.760652922206442650e-01
-5.806523154173661716e-01
2.793376041081451766e-01
2.890244718366532517e-01
-5.424623537912233173e-01
4.111894051694308660e-01
5.136556244399849147e-01
8.506676550444460805e-01
-1.609879199356517299e-01
6.797271647525627847e-01
1.383490029126974441e-01
2.806585904881557791e-01
6.792491484563721871e-01
1.231963051201804271e-01
2.326875854259205234e-01
6.601948771564154494e-01
-8.035352788816576552e-01
-2.855694314317099858e-01
-1.576505106785915933e-01
-3.578569356446039684e-01
-4.522240267480970854e-01
1.000000000000000000e+00
9.479154841558283806e-01
-3.533450540537286244e-01
8.095125474556421619e-01
6.303955633308608864e-01
9.500968409122213520e-01
-3.674862293417493486e-01
1.820482314279946445e-01
7.554701706661056670e-01
3.974177270277648999e-01
-8.654261105000280452e-01
6.878287853422704323e-01
6.508946747542060374e-02
-1.233915784545566857e-01
-1.897326066776665876e-01
6.651474863243470592e-01
-3.818815738670736648e-01
-8.564044409093138910e-01
3.158723743197762168e-01
5.023425501067624310e-01
1.006760651949947238e-01
4.439816441890473420e-01
-9.355411588852783344e-01
4.668293994407934355e-01
1.000000000000000000e+00
9.955149166160102980e-02
-2.208624302146951490e-01
-1.895481568825005403e-02
-4.063365095727806686e-01
-1.396680815775120099e-01
1.929509705856339019e-01
-3.249827472950987950e-01
-1.207839328227426207e-01
-7.790195342762956665e-01
6.633509980824234820e-01
-4.996436577441210058e-01
-5.556265982915881141e-01
-2.001309334332837531e-01
5.019462298244333764e-01
4.609553541103746377e-01
1.243392571217097897e-01
2.477373051458673647e-01
-9.058943307912399323e-01
-1.877552625354215743e-01
4.366856138127053200e-01
-1.771457851523384197e-01
3.849224144710647888e-01
-6.097012144520442822e-01
-7.348025483929926382e-01
1.552027876256411587e-01
8.054105991674568310e-01
-3.228117807458110167e-01
-1.992717865538266853e-01
7.225114091701710928e-01
-1.488919619749069778e-01
3.942489394972769623e-01
-3.992408898822653596e-01
-8.031916980757919378e-02
-4.456806531867393284e-01
-1.388668293262982911e-01
3.611092755843169355e-01
3.651173262579612278e-01
-7.547232213170509407e-01
-1.426978049186693465e-01
-1.000000000000000000e+00
-5.828877922741174666e-01
7.296411167568198630e-01
5.978821841647108393e-01
4.896187795117950547e-01
-4.273972122224239945e-01
-2.357253746933912764e-01
-1.632534614536607642e-01
-1.352871576538317577e-01
1.183199075432949388e-01
-7.462227952964310962e-01
9.088716114986363781e-01
5.694770732742276964e-01
3.458737931448416236e-02
3.499389773307423623e-03
-8.867546333335997177e-01
5.309193811977354072e-01
1.761920392234757049e-01
-1.938166069417031900e-01
