-4.360780447876764221e-01
8.716763361453779835e-01
6.381682372698290751e-01
-9.026047154456413590e-01
-2.701028420091418081e-01
-4.867677339280824245e-01
-3.244002840794645848e-01
4.321032062065998658e-01
7.510640344844573546e-01
6.629004205907815250e-02
9.448077999734967314e-01
-1.903799273597193142e-01
2.327059312727027818e-01
5.351425018945743517e-02
2.317336874249298906e-01
8.087097914818377475e-01
-9.233016051682402248e-01
5.343788599680405760e-01
1.000000000000000000e+00
3.552806862041844038e-01
1.089358793544255022e-01
-7.621981712907025530e-01
-8.434589341679979979e-01
-4.452837951411676154e-01
-1.940465955500327855e-01
-3.245708778920541882e-01
-1.000000000000000000e+00
-7.680745805954009020e-02
7.344389153292059103e-01
-4.624209215211143587e-01
-7.306932398287060426e-01
1.111909771443155975e-01
-7.137933782758796308e-01
5.944805600615039598e-01
8.274811847496197359e-01
-3.639449068077172944e-01
-2.578304705082903325e-01
-7.710569979712085242e-01
-2.957820606249240702e-01
7.337331995892832914e-01
-3.046320005016259769e-01
-5.618610803889961813e-02
5.955616292550290902e-01
5.283984560003751607e-01
7.458067392319007727e-01
-8.188664659175417526e-01
7.917427249608201267e-02
-7.702363678838475280e-02
-2.238555374217299776e-01
-4.859379078633097038e-01
-1.945878380533125895e-01
-3.273236608600514908e-01
7.246288653944660263e-01
7.140216940357110853e-02
2.199145486935339955e-01
3.209234076836354754e-01
-1.686264242705027838e-01
2.098051672810249402e-01
-2.926758740167612061e-02
2.636492820761608957e-01
9.195291477987556084e-01
-4.878919241290994302e-01
-8.934107245298339439e-01
4.604024638403946268e-01
-1.921245571172775779e-01
6.066447599499094068e-01
-1.000000000000000000e+00
-6.794612443426344406e-01
4.599578433848691139e-01
-7.294755481611988612e-01
1.577050294294524146e-01
-9.112718498227614372e-01
-8.796235667034912886e-01
7.007947158207465665e-02
-1.912940364588431030e-01
-6.750120481755098045e-02
-9.803636892082825405e-01
8.909130061553501845e-01
6.224099722223317421e-01
9.337759141179193811e-01
5.858650949763413163e-01
2.053826939705304666e-01
6.532982287053449300e-01
-1.946185849572038273e-01
2.037594550227472823e-01
1.000000000000000000e+00
8.977066703860153707e-01
1.865394512883203904e-01
-2.833510886854222477e-01
-1.000000000000000000e+00
4.725497740313351347e-01
9.120198059826276626e-01
7.433263619957108936e-01
-3.053447809731030804e-01
1.426206244617227170e-01
6.038110002256595887e-01
7.276371053496953900e-01
-6.930319214204206935e-01
-5.277549290677299165e-01
-6.472043816390518067e-01
-9.566828706518120118e-01
-6.764143024892170786e-01
-4.106668500287122270e-01
3.593267545492587201e-01
-3.456313786628419926e-01
-8.351876078442276308e-01
-6.991883099017321967e-01
-8.974564614337576796e-01
-1.000000000000000000e+00
-9.801451885193830371e-01
9.780744406022345849e-02
4.674609975231167613e-01
-4.236560706305743662e-01
4.144583928850720245e-01
-5.723692242866285085e-01
7.144763518976503525e-01
-8.887194687445048036e-01
8.468774016687177220e-01
4.752172652773005712e-01
3.529991155629574884e-02
1.238203269442979815e-01
-3.617876107364461635e-01
7.299134860278693182e-01
-3.279456385824085496e-01
-1.052519765188409812e-01
5.427512859603733641e-01
-3.204879940825380302e-01
5.811275998150952082e-01
4.903517582118928075e-01
5.582338509014439509e-02
-3.033558001507191682e-01
1.699184890736985531e-01
-1.786398689271164464e-01
-4.901977302796190483e-01
-9.840384793115084516e-01
-7.735291014919913888e-01
-1.974131974349117025e-01
-8.619638364540833653e-01
7.323720911290809710e-01
-7.996628718791924939e-01
-1.507254816967894262e-01
-5.535270200871658108e-01
-7.051254472415173780e-01
-2.374052127116380029e-01
4.672290098559969684e-01
9.802295098895508207e-01
2.417616154194483225e-01
1.000000000000000000e+00
4.887922200536121142e-01
-2.896562316235239132e-02
1.877517641138854998e-01
-4.595590370632045563e-01
-1.561879948591692602e-01
1.823450166617380241e-01
7.212506471589470447e-01
6.214032989418143416e-01
7.899599400042788266e-01
-7.994974781858188440e-01
-5.734559769614289149e-01
3.369084265522399591e-01
-3.748753844525972156e-01
-4.936015972717703315e-01
-1.247023520079031944e-01
-3.905883192138684956e-01
6.534929267129149233e-01
7.588366266301743712e-01
-6.617436281024154932e-01
6.348947340209776247e-01
9.323968364291121969e-01
7.103347886733980543e-01
6.410061869528571599e-01
6.311080362738028526e-01
4.382217827418061207e-01
-6.566202248308548040e-01
4.631494300208573445e-01
-9.164364359184746789e-01
4.664195472930810493e-01
1.000000000000000000e+00
8.142838315317235676e-02
-6.150566631556549091e-02
-6.411043065655314122e-01
-7.952199345612875891e-01
5.947761524444822312e-01
6.838797076585778623e-02
-4.763794724733554364e-01
1.413237571235728129e-01
-5.731193992609416865e-01
3.808955351541922774e-01
-1.891322794574012978e-01
-7.082353029759635987e-01
-9.807685309596987366e-01
4.520548212480759998e-01
5.172807809375741250e-01
4.954997597876273918e-01
8.429287353094245816e-01
1.612457222188323769e-01
9.461796324572586681e-01
-9.270544237551259226e-01
4.034743513132829640e-01
-8.444312563879627920e-01
-9.588051372983334986e-01
8.207818786908527287e-01
-6.810215876586066530e-01
6.363812460940425630e-01
-6.035629594804567954e-01
-2.227575989292860381e-01
-6.178467978993791299e-01
7.467361593355268390e-01
2.516483556253145126e-01
-1.000000000000000000e+00
-5.154884647275264076e-01
5.356297275520525147e-01
7.073981744401773852e-01
8.374144214174779055e-01
6.408294507485362557e-01
1.471177861514751384e-01
4.005278658906354927e-01
9.685561989301900709e-01
-1.668625619828527917e-01
6.851839208310145368e-04
2.006360631814392559e-01
-7.429054293755736893e-01
-7.331255759446053677e-01
-2.370576361465413506e-01
1.335220806824626572e-01
1.777086999062944817e-02
-3.823571691447133492e-01
-2.199210954872301282e-01
3.976018842073735238e-01
-8.834170288728843135e-01
-6.868469708887527947e-01
6.366646806003684045e-01
-9.415578851112985648e-01
7.060659832831481797e-01
-9.617028480970157833e-01
-5.565915647286798773e-01
-2.768226076581158934e-01
4.399818313502726341e-01
-2.939149174329572234e-01
1.270320014359129779e-01
-2.642991878306719111e-01
-5.016144311693879754e-01
7.214974036396412660e-02
4.227755068086527790e-01
-5.786974217383142882e-01
2.152317998912574304e-01
9.268374592111650045e-01
-8.309222774626779939e-01
9.771836349892900619e-01
-2.583531799741796142e-01
9.127520870631243843e-01
5.058228757880319781e-01
9.633466045194994942e-01
6.313746791485011500e-02
4.777288982104755943e-01
4.275313460181638381e-01
2.838420028092420444e-01
-8.755737339893204796e-01
-4.205522014815129550e-01
-5.880711902579209838e-01
2.092349760200398201e-01
2.958081971556686396e-01
8.951023626541863010e-01
-9.515775903353435039e-01
-2.435945335716014348e-01
