-1.476756132005172806e-01
-1.285880993284554685e-01
-1.377978588096284984e-01
-1.911797447608620804e-01
5.530802151281616341e-01
-1.622070015589384129e-01
2.053042590536398870e-01
4.360697379372540095e-01
4.226613564689714608e-01
-1.997411706569862944e-01
3.843595438468792036e-01
4.535381273139779679e-01
-5.024903892810624051e-02
5.693570050492484658e-01
3.820918294109465485e-01
3.752349535949758841e-02
-4.284612604242781647e-02
5.179675902054001746e-01
-1.732280175723810434e-02
-6.092961553273285036e-01
2.259623987069857287e-01
-3.832678724673546089e-01
-5.391856336176788222e-03
1.230177490533895523e-01
-4.819525286784626661e-01
5.986184400806991712e-02
-1.736337174996877009e-01
-2.442658980777948075e-01
-8.708021802391367749e-02
3.339879336189679471e-01
1.570891371992289356e-02
-1.908155074725407241e-01
7.611670868567732562e-02
-6.183088365301578904e-01
-5.242111328934604408e-01
2.362500374226715327e-01
2.025617772447466658e-01
1.188584023508776066e-01
-5.857300638647355839e-02
-5.731956631822942017e-01
3.202503472706995091e-01
-6.550101221079502878e-01
3.387405357680816076e-01
-1.646428950386994716e-01
3.542413646520436998e-02
1.231615599229504837e-01
1.904371420468137510e-01
-2.469741460089410201e-01
1.585409058499560597e-01
1.069366296528690419e-01
2.282749236769837653e-01
3.609209687514545184e-01
-2.862376301024253666e-01
-2.171464631064813633e-02
2.328618788100025316e-01
-3.135296691853982631e-01
-2.151034764163069213e-01
2.948941846094359498e-01
1.322338347839882577e-01
1.448140395189823626e-01
-6.031437621868498411e-01
-6.418160571009905169e-02
-1.715905408483079653e-01
-1.712253716918223923e-01
-4.012220119508782545e-01
-8.227208065967489548e-02
2.766167130400796759e-01
-1.035187975110182373e-01
-2.572828706474143967e-01
2.412956682689475219e-03
1.368505567909011900e-01
-2.146002155904175868e-01
-3.343596705139387781e-01
3.957992678734552072e-01
6.293073350582825513e-03
-2.116243079768966306e-01
-1.514157466043141720e-01
-3.977357252878586241e-02
-1.043418405926295756e-01
4.715937905547671338e-01
1.606389718940054445e-02
-2.758570400718116100e-01
-8.645542471550048125e-02
1.458019935247237830e-01
1.685996933450512603e-01
-2.846355427148975492e-01
1.502639856898720927e-01
1.370123090195595750e-01
3.068057535163948302e-01
6.365742931221213263e-02
2.322860827647101611e-01
2.235217473449883641e-01
-4.018253950912045735e-01
5.854741292468625957e-01
-2.896430146060977595e-01
3.029250424488654225e-01
-1.682247180592943980e-01
-1.072933425687463277e-01
1.843574123118593422e-01
-3.033169400880578181e-01
-1.646366258785764980e-01
-6.549460570155274386e-02
-2.779684438587244899e-01
7.124612841501165583e-02
2.597154820021828694e-02
1.495266764470802312e-01
-6.263848799462129469e-02
1.555139080302420651e-01
3.984209178016095421e-01
-4.370862628689949902e-01
-1.373889663232207847e-01
4.520594254063592388e-01
2.448721567159651835e-01
9.071607809113557686e-02
-1.385294169493334060e-01
2.620630080081261526e-01
2.466210014762868497e-01
3.598939583215682303e-01
-2.712049470242053895e-01
3.496095095168244571e-01
-2.846506468394345846e-01
2.362763001452778677e-01
-1.012757328968049292e-01
-6.743047029101872925e-02
6.172549536743410226e-02
-2.587680404984774030e-01
5.312723755769384049e-01
-8.600142452246512664e-03
6.347834058068273222e-02
-5.986865483460776516e-02
3.615621378184787349e-01
-2.340238677957797442e-01
7.904210221923378688e-02
-2.668594662963973962e-01
-2.813719554287963942e-01
1.383834746671608329e-02
6.116453955028787470e-02
2.071717465780055778e-01
3.227622556675834309e-01
3.219441190277825271e-01
2.925329803170815257e-01
-8.465136635824840883e-02
-6.401917957232526879e-01
-3.597449852385576907e-01
-5.490373728519430951e-01
-1.541466401553706622e-01
-5.830707962538876910e-01
1.635078678779492423e-01
-8.497763200094303471e-02
1.302504132144112758e-01
4.049940330936949717e-01
3.893874833718735662e-02
-1.715475818002308236e-02
5.605488231079650691e-03
6.620730922148834185e-01
9.918522172621838107e-02
3.581265124713658987e-01
2.571734002965668231e-01
-9.692300426416350367e-02
3.983452797653551092e-01
4.290503696030191216e-01
-1.113748054555525890e-01
-4.189375744901544518e-01
1.964820470703056987e-01
-2.362977651189349104e-01
9.764318480577405257e-02
-3.728215070954814248e-02
1.590011230283053523e-01
-2.805041517497518511e-01
-1.670137542168833034e-01
1.161772872457013384e-01
-5.610685970930030519e-01
-3.624199252973761554e-02
6.069373144564310651e-02
1.355156982617830019e-01
2.835700552100857141e-01
3.053187276543302131e-01
1.492977078750500619e-01
1.316448711906557378e-01
5.840912719693556188e-01
5.433619610692362600e-02
-3.340869683899786446e-01
3.070285926535692433e-01
2.826860638465561459e-01
1.357036256281060060e-01
4.833215923063555741e-01
-1.716588483188991598e-01
-1.604287291010459970e-01
6.027357638244880134e-01
3.130961300937029623e-01
-3.311296031567723119e-01
-2.976355000122460348e-02
2.075270582468009550e-01
-3.518445129134984417e-01
-4.051933577263251707e-02
-1.966769678065495297e-01
-2.774083064222259143e-01
-3.690000085430151788e-01
-1.904955328600860254e-01
1.837392139980000838e-01
-9.391782314872751392e-02
-9.653889950748414939e-02
2.921623453487461330e-01
-1.339682547240902133e-01
2.631896000185689893e-02
-2.505093319560587339e-01
-3.491158228841399064e-02
4.624244143688256981e-01
7.791789370534160999e-03
-4.680237928304213924e-01
-6.985819672566070948e-02
-2.822792941660367538e-01
2.487352763994379878e-04
3.210724680722358282e-01
2.732551360660716022e-01
-5.319096587428140399e-01
2.555148025756548424e-01
6.267145870518987527e-01
3.739022397395362907e-01
-2.780211505645096004e-01
4.989385829086527835e-01
8.003705407949616643e-03
-1.815960534107197155e-01
4.561390345237248400e-02
2.589924327141925331e-01
9.116362861306383236e-03
-9.109036374070862696e-02
-4.914499630761117593e-02
-3.837429040230181387e-01
-2.136722345967173031e-01
7.480456735652800393e-02
-6.276661979771480659e-01
4.811460591360006700e-01
-5.259372405913486093e-01
2.656452479213765594e-01
2.523616817020927217e-01
1.853862356988371374e-01
-4.669743335424421105e-01
1.943169788509634399e-01
4.136978612021036117e-01
-2.698472435852573570e-01
-3.327701056325020335e-01
-1.635440372394307840e-01
-1.090144089934000915e-01
-2.033558032824416273e-01
3.938704192755185796e-01
6.523287781207651181e-02
-1.900003393860385803e-01
2.739461031033554872e-01
1.791971878172994304e-01
1.333680592195424577e-02
3.507112929193180184e-01
9.723867801891827867e-02
4.222611505734265996e-02
-2.712251546934773550e-01
-1.819829457208828050e-01
1.313297362826628956e-01
-6.345719151871799246e-01
-2.432529605095005709e-01
5.382547319874494973e-02
-1.070527710817070211e-01
4.098852837837069774e-01
-5.329931045887905672e-01
1.199041659212114197e-01
-3.317127357007172705e-02
