-9.785989228271712026e-01
4.715851132083252462e-01
6.765965850474811027e-01
-1.960818254622122003e-01
6.866116630451348790e-01
8.197192538739913603e-01
5.724292133315930231e-01
1.000000000000000000e+00
4.926545529267689627e-01
5.868071562647620976e-01
9.166468733405820357e-01
-9.794415939744397503e-01
-2.242824920662459531e-01
2.970709469376352496e-01
4.376183821243868066e-01
-2.744377928181619408e-01
3.815049793952788870e-01
-5.963158947071937055e-01
7.187868158651204986e-01
7.183382787551439996e-01
4.959294896572156719e-01
4.925022775093667038e-01
5.393341976493212231e-01
-2.234499772907716508e-01
1.000000000000000000e+00
-4.089606839011409312e-01
4.373317456313926543e-01
2.018605252534662053e-01
3.524629977037838646e-01
1.141880884121309891e-01
-1.000000000000000000e+00
-6.477771333950620436e-01
4.493104621492791662e-01
5.894568997770018026e-02
2.863149869534735714e-01
-4.107800511307900249e-01
4.542925196258481568e-01
1.246064800958608387e-01
-3.794750929327097011e-01
7.608798834488308405e-01
7.682524379185059482e-01
-3.775522840514407008e-01
-8.468552964097253444e-02
-1.001033842202927460e-01
2.824954911682291403e-01
2.902939159153308246e-01
-1.000000000000000000e+00
4.475497100369585923e-01
5.731672206528209967e-01
-9.985050540847590916e-01
-4.452568668528801288e-01
6.451444582308525633e-02
6.071448367563974102e-01
4.011638818487287539e-01
4.706806894456803669e-01
-6.297976089952171952e-01
-4.241834201325968001e-01
-7.007513212175314754e-01
5.508804868605348126e-01
-4.783910239938373721e-01
5.239865654375391868e-02
3.793383219260489381e-01
7.326959631679669238e-01
7.442452386802482500e-02
7.653426387508797113e-01
-3.955167907358617674e-01
-5.807961313338981801e-01
-3.217268791735994338e-01
-3.430392858512515963e-01
1.607604908928788601e-01
5.090699392534324408e-02
-4.005425661199636389e-01
-1.664570427213668824e-01
4.935053076670642414e-02
6.041692717693694092e-01
-6.384143596644684671e-01
9.141605990242464008e-01
-5.303355553974323788e-01
8.981982939338799543e-01
2.048475541719451121e-01
6.480581866549235681e-02
5.310970709362207165e-01
-6.005138371832464683e-01
-1.274872915835132958e-01
1.439058492573186687e-01
1.993432203213312270e-01
2.147668359734170029e-01
9.619850798309896867e-01
-8.486589924476622970e-01
-6.618591452464819280e-01
-5.880182303168259850e-01
-9.702250794720662652e-01
-1.057729986455724358e-01
-6.172833828048872595e-01
5.147824286444446784e-02
1.000000000000000000e+00
-4.053893653282130138e-01
-6.390513940362692047e-01
-2.494368490615878897e-01
6.288655282226773835e-01
8.348302853216925667e-01
5.236979947937070445e-01
9.573946403628362800e-01
2.420693882500699612e-01
9.432937050916667676e-02
2.014542320187309166e-01
-7.450124156850100876e-01
6.612142075458339319e-01
6.597533985541057522e-01
-3.622378551394328516e-01
-1.934066498275593682e-01
-2.262827505452897625e-01
-1.000000000000000000e+00
1.234336472846706695e-01
-1.533322879193618482e-01
-3.146251859885584867e-01
5.079525381640277448e-01
8.109060105051948408e-01
8.609781420574699196e-01
-7.668211156717079369e-02
-3.037140632534526263e-01
8.621638862144419546e-01
-2.174661406173403200e-01
-1.000000000000000000e+00
-8.492811492748802982e-01
-7.172155964371306203e-01
6.213719861079280982e-01
3.239679317565533068e-02
-9.425846387155277784e-01
1.000000000000000000e+00
-1.296644248564747803e-01
-1.246453650623055298e-01
4.991413804841707269e-01
2.457472488377160369e-02
7.294854759003694955e-01
-2.532051545938784343e-01
9.080610086585816365e-01
1.155699030913551195e-01
-7.735950772399003972e-01
1.000000000000000000e+00
3.919537430427252334e-01
-8.504846188500735371e-01
-3.241731521528000703e-01
-5.222032157386676809e-01
-3.854573166161245901e-01
3.841326319135239531e-02
3.111449984652114864e-02
-7.979133163421003871e-01
9.467548740284094100e-01
6.571113757501346742e-01
-7.774090970050442362e-01
-8.178614346736647889e-01
1.214412468369088782e-02
4.190118936548370976e-01
3.771367797807546607e-01
-3.103409883406196834e-03
-1.000000000000000000e+00
-8.903715146937896119e-01
-2.323830157991821910e-01
9.890498841340185088e-01
7.838272694297676590e-02
-2.531684219922468726e-01
8.386204355981620173e-01
-7.205096477469133398e-02
-6.054034039548715773e-01
7.698273470275435182e-01
-3.771494870163057955e-01
4.042964088548146595e-01
3.010110179980424183e-01
-7.949591800609505654e-01
-7.316109850203504628e-02
8.892893884462464982e-01
-2.590339457282761493e-01
-2.186356877989634462e-01
3.209800444647926687e-01
-6.683823881408796908e-01
-3.452560652218802928e-01
6.524833919728771636e-02
-4.061676190597923730e-02
1.324970048557438940e-01
2.494287017038029075e-01
9.567458457026376539e-01
-3.253720599463272301e-01
6.176493749379730058e-01
8.791230439521098283e-01
5.054771148097884081e-01
5.239170034263895825e-01
5.636495384541774234e-01
5.042426773150550101e-01
8.879586985123255616e-01
-5.029600907627904682e-01
-1.284202065421004568e-01
-4.553558620675386415e-01
-6.846254149873061412e-03
-1.300358369051217156e-01
-5.895051815457380551e-02
8.070596355081712803e-01
5.632641237441781135e-01
1.872217842162474111e-01
-3.944616990870150608e-01
-7.076850093163091771e-01
-7.163463272089608536e-01
-3.609986674700391140e-02
2.637345792126757904e-02
1.347801134347150764e-01
7.447945323259725914e-01
4.993749727255644144e-01
-8.433179888281334691e-01
-7.496190484955108646e-01
-5.216639273109451302e-01
-2.945333033613399820e-01
-6.402393569495861136e-01
5.806129042807675056e-01
3.626290463588252577e-01
9.419304285789178444e-01
4.323377452254338615e-02
-8.113310418798738155e-01
2.892995070169572802e-01
8.109892133982732343e-02
-9.085287470114621344e-01
-3.860415336021061905e-01
3.142338801238049872e-01
-9.277021882672912279e-01
-5.920214465950094374e-01
-7.475163844159062876e-01
-1.521046683916078557e-01
3.703714202252246235e-01
3.016405161454214778e-01
2.575019099078946772e-01
4.816496659870544983e-01
5.913216645550924966e-01
4.870442723048205025e-01
-5.305643774099131349e-01
8.674842518243051082e-01
-4.601142389479318529e-01
-4.599889169115608523e-01
2.220801165055018844e-01
2.398430164429080358e-01
2.398241015327691461e-02
1.152804366481522541e-01
1.000000000000000000e+00
-8.984353557874349416e-01
-2.893288439419058888e-01
8.570385593511276046e-01
9.093606763216452449e-03
-7.093269506466235441e-01
4.127921514034895156e-01
8.905608541726961480e-01
8.028831903148909710e-01
-9.503384453800658438e-01
-7.736121111323912558e-01
-6.134101115481235267e-01
-2.736633971086244732e-01
1.514527958665785601e-01
-1.881815288257419616e-01
-2.912418722487026268e-01
7.976282965735743691e-01
-3.701487015131050273e-01
-7.461612873057164030e-01
-5.600262019697889171e-01
-2.843854602441243662e-01
-8.315675044572061747e-01
-4.406954087237660578e-01
8.504068695302109404e-01
-3.831193693023827729e-01
