1.059270027010060372e-01
-9.099530112968071682e-01
-6.143029572819400097e-02
-1.905991561431978343e-01
9.902200080942049620e-01
-3.270382697096716473e-01
5.888825457998497770e-01
-1.046253626732992006e-02
3.492954953153349362e-01
5.437637749550275901e-01
2.060304686509696337e-01
6.390506029734902560e-01
2.666866028956719203e-01
4.335538890071643503e-01
7.614809021325305016e-01
8.898784911479928894e-01
-1.192872499064090847e-01
-8.306629214504273120e-03
-9.435195153403918011e-01
9.769089791595799710e-01
6.282011848886079886e-01
6.830743979602411642e-01
8.516708171356089929e-01
4.735323302882381569e-01
4.296815719874369499e-02
6.872700682565857644e-01
3.139050275836270387e-01
1.000000000000000000e+00
4.325957933118550480e-01
2.191723305594863724e-01
-5.399346900847735720e-01
2.035893474009205228e-01
5.893859978914490760e-01
8.043166928960665540e-01
-5.377275213315598767e-01
5.547143725890661958e-01
-1.169746423791973577e-01
-5.875262691294578232e-01
7.202769778930038225e-01
7.889202048702201875e-01
-6.760847984741161221e-02
4.412548341210319469e-01
9.573022026015386432e-01
4.696906335952549111e-02
-9.950933173106880636e-01
3.416141065902966734e-01
-1.987673315071545460e-02
-4.114541354539090756e-01
3.167930564197849463e-01
-8.561270462168024675e-01
3.294009395297591847e-01
-8.661805716964878776e-01
9.140217473621964350e-01
-9.258405534896815281e-01
2.631679912929719700e-01
-1.669347982235952765e-01
6.538904166998653622e-01
-4.095353723199229301e-01
7.674874570693913656e-01
3.030531796489986940e-01
-6.903031452571792848e-01
-9.238708969965943041e-01
-3.223438412854112700e-01
-7.582157910072961915e-02
1.753438155730665804e-01
-9.987987494597477811e-01
-7.159044812813103453e-01
-4.841087991112216216e-01
3.714045264819895720e-01
-4.397938781043622125e-01
-3.048426003895429726e-01
3.382571242425198577e-01
3.675058876788445117e-01
-1.907923783522425254e-01
2.806661929869294636e-01
8.926377249164602068e-01
-4.198743279828763830e-01
-3.159187588723883500e-01
-6.277028173066121486e-01
-5.146773247070772772e-01
9.618577253757216727e-01
2.001271710105250734e-01
-9.260261991535747583e-01
7.644105834451729864e-01
1.947717459876336168e-02
6.726113784568819032e-01
4.539046869647242466e-01
3.198524803857647480e-01
-8.502116893270231790e-01
-8.266398854509825478e-01
1.266793494463589465e-01
-7.614557912451932475e-01
9.745522152386890680e-01
-9.983197416434719251e-02
-3.837984326845966798e-01
-5.782449511948414278e-01
4.266782556567308426e-01
3.897566335861165077e-01
3.278244307654059608e-01
-7.568310431823181972e-01
-3.687717387663765889e-01
-6.562415987888831070e-01
5.378919038734240043e-01
8.333446746162969099e-01
-9.881356200394318945e-01
-3.401611376683135735e-01
4.951834459052411597e-01
-8.013983528097766706e-01
4.253613697826239548e-01
1.090474259134924587e-02
-6.802940650471194228e-01
-7.664374906668757204e-01
-4.365195657261967954e-02
1.058377882873770548e-01
-7.421070967300560373e-01
-2.285992718705669724e-01
6.610084086539037562e-01
3.860514580313708088e-01
-7.943229236802452631e-01
5.576416855074175505e-01
4.563317572783048837e-01
5.814376708284134665e-01
-8.459149453797513152e-01
-9.817762170265662558e-01
-7.045049767438381627e-01
-4.204749908411359316e-02
-4.819042828685074498e-01
9.692124068852205898e-01
-9.637806302578692808e-02
1.984026374214102606e-02
9.255865997195706907e-01
-8.546456912025269803e-01
2.749003727267735897e-01
-7.574036133648227587e-01
-6.467450106401979593e-01
7.856135313330513403e-01
-8.065764814579712283e-01
-8.078195690475852286e-01
7.204017661027349861e-01
-5.623048239547216998e-01
9.151802813216789456e-01
7.179477736935883092e-01
-6.379836801878231434e-01
5.661602558568417098e-01
9.430291980825293852e-01
-7.552545687544268138e-02
-2.143622076329281673e-02
5.209003940763975438e-01
4.451227480367681566e-01
-3.389406980401499792e-01
-9.491444269699629288e-01
9.653277582819130842e-01
-4.554281828875275662e-01
1.918111981338734007e-01
-1.442744410778052377e-01
-7.653781786611709714e-01
-5.378839852953938294e-01
-6.665184258124658978e-01
4.652990029684768714e-01
-2.829742127923143280e-01
-4.837341165947677685e-02
-5.684477608428180062e-01
1.846313252243481778e-02
-6.960047579106681814e-01
8.745050553614426292e-01
9.400061558234888981e-01
9.747367070523758059e-01
1.822638850025292967e-01
7.242771005104395865e-01
2.518830425165654585e-01
8.133156844937301511e-01
-1.839654506227907382e-01
2.093748354240310416e-01
-3.319722671095675648e-01
-7.818094290665753010e-02
9.171079083815182331e-01
8.374319554113553998e-01
-4.358834136786141067e-01
-2.501268005399805427e-01
5.714644175263798864e-01
-2.853489074772280754e-01
-7.499543626858754530e-01
-3.163187507532818077e-01
5.851158834019204447e-01
6.309243207959386313e-01
-9.103709987083262734e-01
2.198873394904548306e-01
2.143737216717536420e-01
-3.577306800624397987e-01
-7.367165347761132077e-01
4.908874420225502466e-01
7.527215491067625053e-02
-6.324281096297168503e-01
-2.024096126102454540e-01
-1.922137363723111780e-01
3.201605881629198125e-01
-6.245080992350767746e-01
7.335452322370874523e-01
9.480143887707940253e-01
5.066254968883604493e-01
9.634559188708394784e-01
-8.716541350384934272e-01
-2.719719825659538404e-01
2.388964997007964053e-02
4.090992863818363467e-01
-9.661028411521488390e-01
-2.312046592229786146e-01
-9.926684946963347800e-01
-3.724956197363754606e-01
-1.755040444109599584e-01
1.140479636196719132e-01
-9.673553832904425720e-01
-4.736630918332748741e-01
8.187404137997535969e-01
3.061767651551495772e-01
9.570454152607497933e-02
1.717628426603135527e-01
1.495838489240174096e-01
-2.045155762630982421e-01
-3.711523157586379962e-01
-3.116559679685341755e-01
6.789588872131761821e-02
-1.460066741506214627e-01
-5.651587282549105362e-01
7.903878841003775246e-01
2.316668943516028423e-01
-1.809802878350858651e-02
-2.378705977389942716e-01
4.051059141790779305e-01
-3.942679700707379942e-01
-8.238164120144430003e-01
5.800039262837819454e-01
-5.045198039409314328e-01
6.596824408389660999e-01
4.513123107191192585e-01
-7.960102611997253996e-01
6.350681059433163078e-01
-6.786406159926945403e-01
5.113301067061495342e-01
-9.743050730217358568e-01
-9.566590712997247170e-01
2.498567194065648422e-02
4.254347443374493221e-01
-9.309061599347652205e-01
-2.985942627344542744e-01
6.994582508215231309e-01
6.608865879410819044e-01
6.665098486903549002e-01
-2.522828153198943268e-01
8.011843402593270547e-01
-5.815232491872501797e-01
-1.000000000000000000e+00
-4.362384994535106753e-01
-2.605472654015099643e-01
-1.000000000000000000e+00
-6.882852541553788894e-01
6.432789226103508007e-02
5.622229325567975611e-01
8.435866107595768604e-01
-5.659100027186708681e-01
-3.981885907294661076e-01
-7.330400930646657764e-01
2.681066355580244420e-01
-7.331543700905913674e-01
1.063099470745559605e-01
