1.677161263625095433e-01
-4.729160857096159631e-02
-6.197453796538838766e-01
-8.222581039833701810e-01
2.169345039832939470e-01
5.043535711240787478e-02
-4.340948136498532506e-01
2.398195498525894642e-01
9.002787255119104604e-01
-6.797288955669247290e-01
2.143676344358814712e-01
5.822623367191069876e-01
1.328563875900602015e-02
1.234989026841895043e-01
5.006346183056175070e-01
-1.613827986204808274e-01
1.530467097159913248e-01
-6.741125474345426305e-01
-4.319119123612706890e-01
-7.225446746764307981e-02
1.305855546831125036e-01
-5.422600804339976488e-01
2.912084551685999445e-01
3.243853004622707648e-01
-6.068398601527502656e-02
-9.338549001366984736e-01
6.548905991436770879e-01
-2.709306549646033346e-01
-3.586800007688470959e-01
-9.525088820193876593e-01
-6.752240703212786244e-02
-9.844739917023865861e-01
1.294800956548491921e-02
2.425930055429491583e-01
-2.325737636404667241e-01
-4.186995640163511112e-01
2.131492634394541730e-01
-6.888043852833316549e-01
6.676873803594605139e-01
2.462535711866251642e-01
2.797026506258532552e-01
-8.974923611596776762e-01
6.487117351147020372e-02
1.000000000000000000e+00
5.028411393971885524e-01
9.658459149754379247e-01
8.959735188191033650e-01
1.916252408157229081e-02
-4.721066796609203475e-01
1.000000000000000000e+00
7.292377492431952879e-01
7.800918475605829183e-01
4.837661015900993622e-01
-9.134539607752738544e-01
-8.340549615114920545e-01
1.331705887443368486e-01
-7.766143794296631597e-05
2.502578571690989850e-01
3.377626974541281246e-01
2.962953934743506323e-02
1.575931495127057547e-01
6.620158871895511776e-01
-4.100792596726259287e-01
-1.000000000000000000e+00
7.058722673624528987e-01
6.930019419559705351e-01
9.846340903599941630e-01
-6.809934032198676768e-01
-1.000000000000000000e+00
-7.622001688167006073e-01
9.722853873644270450e-01
-5.190794304115395885e-01
-2.513236664237313844e-01
-5.617664183427801827e-01
-1.352703066814091581e-01
-4.347000211580632212e-01
-2.718298201961859561e-01
-2.134946823593567578e-01
4.078802023796715970e-01
-5.991455759227459765e-01
7.506149699924518082e-01
-5.617196999862906770e-01
3.121489224314166755e-02
-5.497771380236620153e-01
6.876987466685677841e-01
4.605035849202001041e-01
9.978865129900507114e-01
-9.650162719718451410e-01
4.948389344868178719e-01
2.840519006178960915e-01
-4.518544961801368443e-01
2.246394812589548873e-01
8.825900411839348036e-01
4.899909173277636198e-02
-1.000000000000000000e+00
-6.270510216415094984e-01
5.874719348163188748e-01
5.127204458410737631e-02
7.938481844173028712e-01
8.688990239771635649e-01
-9.381825046345904084e-02
-1.202203359949456374e-01
6.065032053976634474e-01
-2.286210404071932489e-01
-2.909241083429492392e-01
1.311599439168869841e-01
1.000000000000000000e+00
3.863462210450703260e-01
-2.887619260934251586e-01
-3.438383895099678123e-02
2.403480074562998059e-01
-2.020847219585564236e-01
3.802151551718496725e-02
5.320143815184995573e-01
-8.196763282907513215e-01
-4.679379784102706274e-01
-4.144084423918151794e-01
-9.692769634546984925e-01
1.410698359896660481e-01
9.569666104685203845e-01
-9.103474482470370610e-01
-2.944086308605978752e-01
-6.344919810490710077e-01
3.514420106001705513e-01
-7.221250787309757557e-02
-1.652688393433916492e-01
-5.131797410715973617e-01
-3.336119051040202788e-01
3.268286420156774064e-02
-2.350112891896602996e-01
2.758166226891094475e-01
-9.648043606945770900e-01
4.440098384265583342e-01
-4.297825912800545822e-02
7.932983353877183230e-01
-4.530018979588709138e-01
-5.742491414392250082e-01
9.759569785716772916e-01
-7.105444000142780991e-01
-2.318427304342354778e-02
-4.682287548598940141e-02
-2.936641175982996899e-01
-5.828230896583458387e-01
2.059445775458008665e-01
-5.999837385455131233e-01
2.796633341715611398e-01
7.778818943835295041e-01
-5.293997373496479586e-01
-8.041268843999316296e-01
-1.000000000000000000e+00
6.206632292538931672e-01
4.889254950715833381e-01
4.192058001744098927e-01
7.965109125899614284e-01
-1.029084526150390866e-01
-1.000000000000000000e+00
-1.346979016358660353e-01
1.356634152059035259e-01
-2.736539015136301156e-01
7.025610959364183561e-01
-4.229518387036252935e-01
8.337679480254329700e-01
1.016830958933572226e-01
-4.180294933911564703e-01
8.122466856784688050e-01
-5.404842277506065606e-01
-9.774851521558152179e-01
1.525773247772001240e-02
-7.189142040740648110e-01
-5.666632403430527098e-02
9.054372102715182447e-01
-7.060496477502837820e-01
-3.621568300354065517e-01
5.924720788459456600e-01
9.092687353822169749e-01
7.826623648548185486e-01
-8.429917679542877629e-01
2.118072412733933430e-01
9.023876641286864286e-01
8.590244668505845338e-01
6.888402339473067570e-01
-1.244738147839092868e-01
-1.459671479025302643e-01
7.320263998722598142e-01
3.146870444087768171e-01
3.071093479108766289e-02
-4.971285496565504003e-01
-5.847803108022953111e-01
-3.481873745972944301e-01
-1.899479542985778660e-02
-5.899986934105412306e-01
-3.150946195569284125e-01
-2.282393057108434431e-01
-9.192786167582428503e-02
-9.357478784967174779e-01
-9.421242138935195243e-01
4.427059209423758745e-01
8.765998916987050027e-02
2.126896980136172288e-01
5.354361612807010395e-01
-5.923301312210434988e-01
4.742031903776013912e-01
-2.008119315552128192e-01
-2.961717445609060029e-01
5.446498043582328474e-01
-4.385422720067950753e-01
-3.044940817653027376e-01
-4.189861260805891607e-01
7.989576093021772962e-01
4.292372426045644174e-01
-5.234047016478643455e-01
-5.840390431973183638e-01
6.929324686028710545e-01
7.985054397187492103e-01
-6.085333488009967429e-01
-9.144947352634791304e-01
6.351601169936969826e-02
8.445114869566866522e-02
-2.240904174894880474e-01
2.665201464492326089e-01
-4.245323650808652260e-02
-9.861302221413045244e-01
-2.435076540964034586e-01
-8.600001811610646918e-02
4.227195299667880768e-01
6.783493998392209345e-02
7.080413148345805485e-01
-9.437317571237523461e-01
6.479622911893910819e-01
-7.612146816972820140e-02
-2.347147545528704971e-01
6.159535297580600588e-01
-8.163746071459454523e-01
-6.348982178588588043e-01
-1.977900882151129025e-01
2.299414357576684553e-01
5.056678708207456019e-01
5.293814996962789010e-01
-4.578546037668798085e-01
4.762363675581644529e-01
-6.602812107531659258e-01
-9.481541674678495291e-02
-1.671903573783444508e-01
8.046464194404960857e-01
2.038212179030047810e-01
-7.681553637549261015e-01
-4.024013797691967098e-01
-8.409440549099532758e-01
-3.037433180971840230e-01
4.417001250177696736e-01
7.812197406864326843e-02
-4.366153580617251340e-01
-7.566896943654504160e-01
-9.148282126248622470e-01
-2.689741642716287906e-01
-3.866428034110236389e-02
-9.129770356498903561e-02
-7.003836901758693223e-01
2.800573654117604061e-01
1.788156275431160847e-01
-1.609176555253237773e-01
2.533318418877330558e-01
7.821880876336357868e-01
3.177692972934606508e-01
8.457625619264341754e-01
