5.908726047623193978e-01
5.516905864498382606e-01
-7.846336042317150206e-01
2.531785861609578414e-01
-3.396613623159856488e-01
-1.404696161055736248e-01
9.097297446041217039e-01
7.207503541918975909e-01
-2.138993653941318462e-01
-2.400940122738808025e-01
4.528110553345273681e-01
-9.980211146557119717e-01
-1.000000000000000000e+00
-8.068105344442946247e-01
-6.629858184720704983e-02
-7.250821895650494398e-01
-1.048333330039295519e-01
1.876487004744916559e-02
6.850632192699399603e-01
6.205081165212199545e-01
-5.000480009645058566e-01
1.000000000000000000e+00
-7.352199925138874770e-02
1.262920691561899567e-01
5.080771287019452132e-01
4.303006540149617032e-01
4.253650605055967482e-01
6.766938528750057191e-01
1.099875193307749827e-02
9.204832567400536014e-01
8.490703034736519772e-01
-8.712314442483933830e-01
7.834809829301148110e-01
-4.910861348374117585e-01
7.569545525543601716e-01
-2.402505573063851985e-01
-2.069090056722018289e-01
2.735188760207940550e-01
8.588086933915028975e-01
-9.857754132277150028e-01
3.490009111354351323e-01
7.542939228595557655e-01
-7.018964070186473059e-01
-9.129916129461990160e-01
-6.440317177849923524e-01
3.675856618874626669e-01
-9.295202177833451485e-01
6.970827726312376349e-01
-5.261230972945465378e-01
-5.786310926850327663e-01
-7.066844695868034210e-01
1.563311499230965462e-01
-6.683174460405925110e-01
5.182482215427435257e-01
1.643225331276365608e-01
7.394890584295711333e-01
-5.588972485722036865e-01
-4.256095080469843306e-01
4.225272610011112651e-01
2.718598741351067605e-01
7.745209589749835200e-01
-2.338236980846826463e-02
-9.688586171375969114e-01
-1.793992600785205838e-01
-3.669805600758661579e-01
-9.354962555536903146e-01
-9.372249528172711397e-01
4.069253321963032799e-01
-2.348549407193830374e-01
-9.369294226638142931e-01
-6.285592580566845555e-01
9.119219830273315175e-01
8.306730909091391002e-01
8.728952269876979475e-01
4.616498707039140559e-01
4.230498617399751637e-01
6.099071004313371125e-01
9.728680975379914164e-01
-7.631077267324053448e-01
-9.000060631821996671e-01
3.379700338624203049e-01
-5.251943900233611018e-01
-8.624711588957256758e-01
-8.658729205342003965e-01
7.158193086300933539e-01
-3.160218461724262906e-01
2.256915000368778790e-01
2.468752422418872550e-01
-4.370247571924990027e-02
-9.600757197599014692e-01
-4.624596631488919751e-01
-4.232868035570087617e-01
8.982786573021651622e-01
9.689754244933850291e-01
-3.651812783915082683e-01
2.848070356427534477e-03
-7.879648343767731156e-02
-3.195482586168569838e-01
-5.426258381898798611e-01
7.396203939830368057e-01
-7.427960573642859998e-01
9.248608742874177002e-01
2.915265394732091675e-01
-1.353386365866491303e-01
1.930359491642159586e-01
4.133961013266191364e-01
-6.773953324306221102e-01
-9.022097943053821734e-01
6.773827504349402284e-01
5.400845814712397219e-01
1.000000000000000000e+00
-1.000000000000000000e+00
1.333200466466664125e-01
-8.407486891765360015e-01
-4.535728901060500640e-01
-7.650645957872095893e-02
9.248396278265458292e-01
-1.759270272123498735e-01
-2.862693375452524114e-01
-7.702281514970856779e-01
5.509915507878976326e-01
-4.508972979829412031e-01
-3.705980198295799610e-02
-1.757683375825149774e-01
-1.217872691621431080e-01
-3.349235506912866533e-01
-4.515589503122909021e-02
-6.314162271867984622e-01
-7.799499448844142702e-01
-1.285246695987539087e-02
4.147371786486009348e-01
2.765658915653228522e-01
-2.094448869819136583e-01
7.447811334859899546e-02
-6.441981715542788312e-01
3.956272198574864452e-01
1.000000000000000000e+00
-8.102816349147241581e-01
1.247692932681825212e-01
3.608480370687132122e-01
1.365927982514245631e-01
8.887918962748290186e-01
7.031262582799600036e-01
-2.830060402390784935e-01
-4.939099171676634148e-01
4.293018793603928240e-01
-2.709739948928447939e-01
-3.043233623917235842e-01
9.352738646997718064e-01
4.552006855835541987e-01
3.820787386826559606e-01
3.812174371370888881e-01
-6.343400146325252065e-01
5.858007983398336727e-01
3.931414182816639902e-01
5.747726991481234560e-01
3.426190536061506364e-01
4.956891484868989339e-01
-7.277789485376608969e-01
-5.951489903746638443e-01
3.215833074003173753e-01
-6.109089288827713737e-01
-8.834220384126643122e-01
-5.184833742682662949e-01
2.575208833527301011e-01
-8.081202451068578707e-01
2.009917403911252176e-01
7.399395555097743049e-02
-6.560625507797823719e-01
6.992109953821251667e-01
3.805111747959586399e-01
3.381270793848715206e-01
-1.880923587743449019e-02
4.335359989244505496e-01
9.048447650402957620e-01
-7.233457781299088563e-01
3.404071340589110983e-01
-7.722831213298934072e-01
-4.822085121085007975e-01
-2.520584789987146968e-01
-7.699977920275554721e-01
3.048782741886230663e-01
-7.289439819792198350e-01
-7.348058588331876084e-01
-1.857964281403501339e-01
-9.199827388697776609e-01
-5.467599310693274095e-01
-1.000000000000000000e+00
-4.198618399368705401e-01
1.822553454155650954e-01
-6.553654696971470406e-01
5.348814173811018424e-01
-6.555492980760515564e-01
4.567834417745607611e-01
-6.724097724302925405e-01
-8.003876147826435306e-01
-6.520649905773661104e-01
-8.477947034062787157e-01
4.724935496480694441e-01
-5.935119844051481852e-01
5.425195171810975880e-01
-9.517225372995843369e-01
-6.289988679180235076e-01
4.230059964193914612e-01
6.528935303700166282e-01
-3.868702882771463125e-01
-6.390028033114745210e-01
5.026405757764114135e-01
7.067345851804105461e-01
6.388893405596532959e-01
-3.844665739376074143e-02
2.367705286529152575e-01
7.310896291665747171e-01
5.048127438447402859e-01
-6.674947345039452529e-01
-9.065538046928302007e-01
-4.334666723313255754e-01
-4.213525055484393933e-01
7.926067265675458273e-01
4.195414795516277384e-01
7.801719895020610418e-02
-5.188026688459796976e-01
2.876656209443311241e-01
-6.780153127538849356e-01
-4.376457562166335413e-01
8.223270806065664518e-01
4.658504035427699641e-01
2.673369293795960777e-01
-1.000000000000000000e+00
-9.453853803053702265e-02
-2.211462949991652716e-01
-6.169062593096095171e-01
-6.964848268437349166e-01
8.198398028780448099e-01
9.737174067957949930e-01
-9.382634816702775105e-01
-1.791942769370165056e-01
7.103395026636473153e-01
6.527620565515521722e-01
6.461503096608898211e-01
-1.050027579326426319e-01
-2.901017705314310469e-01
-2.115151868351038966e-01
-6.333189102223304445e-01
-6.531210497584543084e-01
-1.012468283698538252e-01
6.077541570528351977e-01
-6.162762309781308900e-01
7.434554845810963375e-01
4.117149848947935786e-01
-8.707955796384365676e-01
4.887227038809490720e-01
5.096347515393155891e-01
1.000000000000000000e+00
-5.615485429660707073e-01
-1.487672145038295701e-01
1.626575958321103132e-01
-9.942569657908828518e-01
4.694205347281086294e-01
6.540277533334444282e-01
-6.552853190101348702e-02
-9.575698629327868971e-01
-9.687458295333161162e-01
9.159013166890683788e-01
-4.207340508002868074e-01
