5.785799996489041641e-01
-1.047925004705769991e+00
-2.196194753335329874e-01
-1.141581756665858149e+00
-7.346928841493732820e-01
-2.855302691083849709e-01
7.270759257345165150e-01
8.460380247146990218e-01
4.421852857142513638e-01
-8.826110937805121681e-01
-3.338784532865791688e-01
4.339837153186679730e-01
-1.066294199367094908e+00
-1.278171549307323351e+00
6.481595397340161879e-01
6.502553492634378651e-01
-1.111313579968667753e+00
7.195849458765928297e-01
9.009180330377437596e-01
3.846182258781305485e-01
-1.148870789415479932e+00
3.384865703109811164e-01
-1.927163014085037651e-01
-5.424800050221856296e-01
2.894401404436632852e-01
7.621795116567764428e-01
-1.132707471858754422e+00
3.388800707659949674e-01
6.924658454657911522e-01
1.000288598758557246e+00
7.227192759639947672e-01
-9.764343154272432379e-01
-1.500996693376734636e-01
-1.220219775126628325e-02
-2.215164222949166373e-01
-8.309948817120944575e-01
1.890398531773035407e-01
-6.564386783812181658e-01
-6.408274642794700160e-01
7.371126620468285706e-01
-4.514138333944002213e-01
-1.480730192274288815e-01
-2.407625938522386377e-01
-4.450866381133816718e-02
3.396156347866041703e-01
-1.268851145844531736e-01
-5.339348920147352767e-02
-4.003299777550393679e-01
9.412511398403544671e-01
-3.194229028980245522e-01
-7.980062455943628397e-01
1.715765498402614941e-01
-1.325778715631391602e-01
8.632344061107106725e-01
6.700175150815668168e-01
8.632819942885364695e-01
2.726012968632363087e-01
5.810019082560849979e-01
-9.368514367919544839e-02
-1.019872134183029064e-02
1.401431608036880772e-01
4.749027497035044343e-01
-6.335274358597364763e-01
3.452060853224470094e-01
4.806373683315019463e-01
3.974081544467498173e-01
1.068075748297752314e+00
7.391256455850407914e-01
6.523324333114983720e-01
5.461129272611805474e-01
-6.260673658119118024e-01
2.744971745874805191e-03
-4.304421356215111238e-01
-5.354926408635605206e-01
6.340033613786059119e-01
3.383695160621666975e-01
5.785402656709166536e-01
2.801820516602309130e-01
-1.331148478077765485e-01
-3.154189650348541707e-01
9.543010595312704236e-01
3.769569646006226682e-01
3.645372038902505718e-01
8.933706537538566028e-01
-9.373150448334222062e-01
9.451970806265640457e-01
1.177873904762827412e-01
-6.431947893855036735e-01
-8.957500789051975332e-01
9.511013417368792133e-01
-7.955510153282931984e-01
5.779378992670527460e-01
-7.082284845383382543e-03
-8.868709663892415662e-02
-7.326732857512376906e-01
-1.321452787011963670e+00
-6.745684835624885523e-01
3.086771360153029997e-01
4.403745178389534276e-01
-3.316565080394526244e-01
9.732069810888069328e-02
5.049024913885147292e-01
-5.432855731421799561e-01
5.151964425064348152e-02
-7.511725718312529665e-01
9.415688412582187694e-02
3.453355516074643750e-01
6.459434859250824390e-01
4.187825249384148352e-01
9.275879498466267359e-01
1.036861927665225558e+00
4.345672853208377706e-01
-5.399563535153995009e-01
5.182559495600682631e-01
-4.288090832843169387e-01
-5.584433294304707029e-01
-4.929214409912499040e-01
-7.326898349180016590e-01
-2.975920649958070374e-01
9.436145494426249059e-01
4.936001864479964141e-01
-8.600168321092189760e-01
-7.546014199270101308e-01
-4.870881387911630833e-01
-5.578352465541197569e-01
5.970656452092981681e-02
-2.613682727796286520e-01
-9.540278611244412676e-01
9.264920834201261224e-01
8.378197328560338386e-01
4.464166793579602555e-01
-6.004557322951220577e-01
-2.014512272656062974e-01
-1.533864575857891988e-01
-3.428625139672637767e-02
2.118788926789386129e-01
2.659472606358921354e-01
-5.934356616345315416e-01
2.551050760786881533e-01
9.615441656836630768e-01
6.811364375720953268e-02
5.345312587059141141e-01
4.280498945884755879e-01
2.547662403238957207e-01
1.472876228703210444e-01
-5.056221561510849671e-01
2.333534607230750013e-01
-5.125988349088367313e-02
-1.762296052140303604e-01
-2.073454395308543807e-01
-3.385246982918339032e-01
9.698546919504669184e-03
-5.208081396208791292e-01
-9.734078889302839599e-01
5.882054709871367137e-01
-5.568386327416650072e-01
-3.749805814215329547e-01
6.477083097189928473e-01
-6.546503183739038612e-01
8.385611976545572777e-01
2.806513470796762055e-01
-9.920753103623476399e-01
-2.613397309722216844e-01
-7.150495666712411436e-02
3.045353056526027904e-02
7.912675384221702357e-01
4.377576491899146660e-01
9.770921815790247766e-01
-5.219955498078892031e-01
-6.181903043734123804e-01
2.587028713986911921e-01
-5.259461473502251572e-01
-7.741968705128762229e-01
-8.430136515609697456e-01
-2.274256400907453679e-01
-2.896598413667317296e-01
6.929881462490616872e-01
7.576957033270630137e-02
1.077752192698451239e+00
9.017231663380201323e-02
1.369616463386753025e-01
9.059781414144819633e-01
3.794590109295278846e-01
1.052444163465610094e-02
-2.605255526783987197e-01
-4.232658761665982761e-01
-1.866162568032878888e-01
1.842788998116880461e-01
-1.081738289266937159e+00
-2.628980752037086699e-01
-1.087159678353815107e+00
-4.861539367561644731e-01
5.885210168171187695e-01
-8.065971597077340460e-01
3.991159495816412051e-01
6.866126909124693478e-01
8.699663270739803611e-01
7.314454208910823318e-01
9.186027142037797022e-01
-3.045579542201983791e-01
-2.123776853705017231e-03
-7.296040095381227664e-01
4.251714997877974467e-01
6.717178412915164598e-01
4.700686698342186887e-01
-3.225880378538150683e-01
-3.282706073675840663e-01
-3.677939511497669844e-01
9.546920127999248828e-01
3.207025108319183637e-01
-7.388350565188073205e-02
-1.094532341597900249e+00
7.464224940164684297e-01
6.727707838275662766e-01
-2.017580805520105547e-01
1.784743077494032049e-01
6.850841032784785734e-01
1.676553696727568210e-01
7.550932654869787486e-01
1.508537556627863041e-01
-8.050420238341128298e-01
-8.762498382462238222e-01
-1.002899402208685675e+00
-1.066798955037267377e-01
-6.692334875556382734e-01
-3.360761757765868829e-01
-7.864515197884074382e-01
-1.158022704424437332e+00
-6.658480367937803512e-01
-2.636551269989441115e-01
-7.793840520590923360e-01
4.390200036185929466e-01
5.098508622667486945e-01
-8.861232634678315456e-01
6.940502424329731967e-01
-4.700756815330726646e-01
5.298239449330593986e-01
-5.377267673843522111e-01
6.250057272429254684e-01
2.220697694917638798e-01
-8.159346440130568201e-01
5.864325235697838146e-01
-9.498787872685472422e-01
9.479753408290121364e-01
1.153792024252258408e-01
-9.792529646506884511e-01
8.761998379305745432e-01
1.010581302260517012e+00
9.809751790447021613e-02
-4.474453926701759676e-01
-3.812901451971930644e-01
-2.227907133676652052e-01
1.130213242804440243e+00
-6.074822517687361589e-01
3.764085730940800456e-01
6.239197437590912054e-01
-7.833609265636548580e-02
-5.457445278184167581e-01
4.917371174754592289e-01
6.079091414913675440e-01
9.420172575484782040e-01
-9.376915317868123045e-01
6.065864239110779765e-01
7.662061175561674098e-03
-1.037423439933363722e+00
