3.085832109686296176e-01
-5.838982657013596089e-01
-5.149814678219407638e-01
2.608701137961529914e-01
4.683173177572483858e-01
-1.384703015567004536e-01
7.606852259616392331e-02
-1.400324699540826945e-01
2.737718316106543259e-01
6.131457518441040255e-01
-6.275140729978214704e-01
6.322721388735698111e-01
-3.707496762232223020e-01
7.810921071941556715e-01
-4.181509284458787001e-01
6.496013766460817518e-01
4.856159100856538569e-01
7.330713886363215970e-01
5.599701178576694804e-01
-7.670019050753180689e-01
6.676400068314658487e-03
2.198894465555703281e-01
9.295658031305281677e-01
-1.427364302122349216e-01
1.694854710440084067e-01
6.645852646714651701e-01
-5.234573684343428734e-01
-3.141907303241918137e-01
-2.872722807467786854e-01
5.099658371907208609e-01
-9.223388214806105267e-01
7.515980917088094237e-02
-2.182951848005849904e-01
-4.639244442700055648e-01
-1.428724150126342574e-02
-7.971981449601110992e-01
5.296424915932509969e-02
3.509430861444977623e-01
-9.914409681652760487e-01
-5.471211898503818283e-01
9.811900691516486361e-01
7.342480793499912561e-01
-3.269453146257419451e-01
-5.007604357098397463e-01
2.741948055476979285e-01
-9.426968322458555427e-01
-4.554682110771554049e-01
4.710051008185453525e-01
-4.783204786883009096e-01
-8.503748057884117362e-01
4.579201239769634668e-01
5.372639789371342900e-01
3.409543135767387767e-01
2.378540730346103693e-01
-2.200133755106365441e-01
8.519062312974605422e-02
-6.523302290941848103e-01
7.884448382051689741e-02
1.599581196882694234e-01
9.199545373717299412e-01
4.447882583038495485e-01
5.544523565034993329e-01
-1.041313947963195208e+00
9.670419087109580758e-01
-8.153925537039737881e-01
-8.256823446816357048e-01
-2.635271421316498497e-01
-4.114938136479434627e-01
6.296268267758715620e-01
9.356785503024056538e-01
6.989519898317847479e-01
2.265682912335870713e-01
4.277711110793520621e-01
-4.147103918750813523e-02
5.624901703193034841e-01
-8.211000367788854337e-01
7.675783400349164287e-01
-8.549110332801939105e-01
5.639946317572001044e-01
-4.624025951753736319e-01
-6.605503611863042801e-01
3.719574264645861827e-01
2.494303763350292358e-01
-3.008203233083582839e-01
2.562967993502497377e-01
6.485477679478938162e-01
-5.311408597455951064e-01
-8.005231267972487963e-01
-7.175414684856011860e-01
-7.757153827441254368e-01
2.462099977259649131e-01
-8.446895884973515400e-02
-7.440601562272608493e-01
-5.754389450597229283e-01
-2.703941970786124388e-02
-7.184366407729865234e-01
3.713894605833232276e-01
-4.063531481632504799e-02
-4.102437723722393015e-01
6.990434681387324156e-01
-4.588491448230763159e-01
9.606936869401425660e-01
-7.336001549305842806e-01
-7.765234036312404498e-02
8.998500044729895730e-01
-8.271083130353432677e-01
-6.094161366056919382e-01
7.514757592023327826e-01
4.722459140462967331e-02
6.427268404325101603e-01
-8.514102878972560351e-01
-3.743823442511440280e-01
-1.835808968398484342e-01
-2.684174433838267815e-01
-3.675235531168337122e-01
-9.519951395989691978e-01
-6.792638914514903536e-01
1.193176868235699684e-01
4.577414763612754900e-01
3.737429466876709405e-01
2.862445025292687517e-01
-9.229600579992994769e-01
1.686068181380937503e-01
-2.591614978697289184e-01
5.497147094536798395e-01
-1.047059274748915580e+00
-5.471536944503621047e-01
2.025866791112038157e-02
9.075627357985625032e-01
1.027734623726813457e+00
9.602986980150354235e-01
3.496782850537056841e-01
7.331197859237369441e-01
-7.559102750073191102e-01
-4.631051877731171551e-01
-6.235525772713887971e-01
3.561611519233950918e-01
9.195629923132236927e-01
5.659934050399835215e-01
-7.025929801660820706e-01
-6.678633810323267861e-01
-3.921927939662193108e-01
-8.736111029547855011e-01
-2.709384455839526362e-01
7.718909625236471950e-01
1.177730689685034804e-01
-7.978125578974755161e-01
3.638581473209642203e-01
-2.743321381152783456e-01
-5.828478469793463290e-01
-6.373870174487229756e-02
-3.464396811707470825e-01
-4.706469739577647249e-01
-1.102993846441626818e-01
5.225967521443311004e-01
9.327965114085442488e-01
-5.899179661286020337e-01
1.511995773163112289e-01
5.571610936956175042e-01
6.815726285775138837e-01
7.994973083428347227e-01
2.292028781034320672e-01
-5.393826297507289258e-01
-5.605004804760064241e-01
-2.247313112583155803e-01
-3.567585054798150801e-01
-3.248234153803297719e-01
-8.295943750151818508e-01
5.328596755456561640e-01
6.077409696275595241e-01
8.084539530304529764e-01
-4.949807479645220165e-01
1.498944721677669678e-01
-1.524134225948639287e-01
-5.678769841997219903e-01
-2.938455238405406067e-02
5.458610227549886007e-01
-7.499628907921203069e-01
9.916123314346170226e-01
8.291353304970885407e-01
5.536752524769156247e-01
-4.624316973979503143e-01
-8.156717192536301619e-02
8.157411319013646578e-01
-6.773327879887773850e-01
-5.302249733955201050e-01
-3.195916875246781474e-01
-4.555236987283848293e-01
-6.360529127398066862e-01
8.342542832276281795e-01
8.596398229030171034e-01
-6.569711010199281720e-01
7.600932336265915357e-01
-8.592790778936630625e-02
5.188879336256631003e-01
-6.672206852755611095e-01
8.263434491220356115e-02
1.419688572300487062e-02
-1.690209607899665345e-01
-7.077602717876073646e-01
-7.066636188664242590e-01
6.980677162395593216e-01
7.996434750721315154e-03
-2.241061125203047677e-01
7.258996607978154270e-01
5.992267272160788361e-01
5.251639476499196935e-01
4.921428089445156751e-01
-1.174904980865314252e+00
6.501879467899626674e-02
-1.493906060250673740e-01
1.145562425992377592e-01
2.521107743986857226e-03
-8.814650999277320320e-01
-6.685582938420477905e-01
1.661574617230281437e-01
-8.619529310689382218e-01
-5.055845135566444659e-01
1.004893864614170518e+00
-1.118591561177153110e-01
-9.762994143596468444e-01
-7.432261796039134616e-01
3.092105906334345899e-01
1.971964806020076177e-01
-4.834060041215544334e-01
-5.811780549840788179e-01
1.269888483551752323e+00
-9.553401955076847862e-01
-1.018933205254166641e-01
6.604117923092747144e-01
6.643902644333876673e-01
-7.717752512563791356e-01
-1.006996368216805049e+00
9.121562842736129495e-01
1.929095484582250553e-01
-1.811052817559132277e-01
3.678846667489903410e-01
6.731031514358100099e-01
-1.368834309806286065e-01
-8.927493521056300008e-01
6.341761263682246241e-01
1.043627315077167106e+00
-3.090571427058946830e-02
4.740299781276913205e-02
1.969701696565318572e-01
7.239742268167350669e-01
2.477031860524261386e-01
-3.000425967630330759e-01
-2.813535098465598239e-01
5.004643641685204702e-01
-5.549477399380379206e-01
6.965149016142562211e-01
6.536890066245446551e-01
6.726070213492694183e-01
-1.077868437375433697e+00
-5.620999066793350707e-01
-1.012757111671918064e-01
9.237419188345382670e-01
-5.508019283539746791e-01
-9.661144045005335412e-01
4.515786697496626534e-02
-6.901247537048194047e-01
-3.368099776096122877e-01
2.208500010128657820e-01
7.390234075047407147e-01
