6.357034757744397524e-01
6.000737526773035624e-01
-1.416752967034660693e-01
3.636475626464980015e-01
3.000145568753659897e-01
-7.818119082805718989e-01
-5.577629402542644277e-01
1.701461363836861418e-01
1.000000000000000000e+00
9.722236628607670017e-01
-1.000000000000000000e+00
3.772218917430291696e-01
6.019980510978646393e-01
5.251348005540359409e-01
-1.000000000000000000e+00
9.943146357341352617e-03
8.652709052563143377e-01
-2.701954660574052425e-01
-8.145484539777394506e-01
-5.772761795838324828e-01
7.795028262570762312e-01
-9.057240808459219306e-01
6.247027259744020178e-01
4.482589391174010007e-01
-4.629944642616362627e-01
-6.703690844194352128e-01
5.454608614434931502e-01
-5.673890768822960062e-01
-6.023870237822672724e-01
3.781705365817561448e-01
3.520401397466570992e-01
-6.683698679215602789e-01
-1.000000000000000000e+00
-7.853463754513337891e-01
9.192947919491583075e-01
-2.302928112530046589e-01
6.941522929118070229e-01
8.969200447677850851e-01
2.506798283344708889e-01
-8.971777356944816706e-01
-7.133845221907648693e-01
4.637635475632382320e-01
2.470740543109284371e-01
-8.519187657825314508e-01
-3.489402416137876717e-01
6.738315379984478604e-01
-1.000000000000000000e+00
-1.407336008578879138e-01
-1.000000000000000000e+00
9.918197806952169238e-01
1.685621437329107297e-01
7.009549861566993778e-02
-9.028576374696652973e-01
5.638730816217640829e-01
-8.787222157942473633e-01
4.478365649007498006e-01
-5.190718295501068891e-01
-6.006490996806913563e-01
-3.677428201792047879e-01
-7.720969714431595854e-01
1.721454087860305182e-01
-4.100176021456358177e-01
6.046195510301146658e-01
2.803905736461677067e-01
7.735598412554866021e-01
8.576608015784916716e-01
-8.005318110376795637e-01
4.499052211348513186e-01
9.707931322675353303e-02
-8.816915072589881497e-01
-8.064496609590717791e-01
-9.799976384630580961e-01
7.394984513413473959e-01
-3.532635669099507547e-01
-2.156790799253197055e-02
9.226329598105549312e-01
-6.257921857854203962e-01
-1.658411852196995662e-01
-4.951103777839434006e-01
-2.290467642180907537e-01
8.926866516522793393e-01
5.413366848814107346e-01
1.605340572845137537e-01
-2.526159147773302527e-01
2.448961873751253626e-01
-4.358136029654061105e-02
2.115303560454349363e-01
3.632811637366523683e-01
-5.852093909906433966e-01
-9.706718862047276630e-01
-5.969189602774246373e-01
-5.519162229119147778e-01
-2.062784291822467031e-02
-9.151766536852791178e-01
5.402934730069045566e-01
-8.588049298038644697e-01
-4.122357864398414340e-01
5.920317511603998550e-01
6.390472979972289247e-01
9.119651682365326195e-01
-5.098967076878972993e-01
-9.150980303174545138e-01
1.379854410157168587e-01
9.082009770157394302e-01
6.556844098370968599e-01
-7.837540049013209664e-01
-2.950152872179437336e-02
2.630657799924633888e-01
-3.464159745153457259e-01
6.550073522388528691e-01
-5.565705120368258374e-01
1.000000000000000000e+00
6.861947322114533288e-01
-5.341187389539052699e-01
-4.171643632644746469e-01
-5.098040329243371804e-01
4.126908802321967995e-01
-3.940716092648689495e-01
7.954812529475644434e-01
6.256143494551737183e-02
5.127489562709451887e-01
4.421525786881737585e-01
5.340660546298018341e-01
8.002996745541821610e-01
-5.095362225416811830e-01
9.749968218658117136e-01
8.002934859664707634e-01
3.681792680899226844e-01
5.552767915361233042e-01
3.686441216104249796e-02
-9.225079011845452315e-03
-1.000000000000000000e+00
-1.909969822994974920e-01
-4.614140377713576990e-01
-2.226355337971506199e-01
9.257855246773851743e-01
1.286448052293766298e-02
5.289450891978448865e-01
5.226493253231090375e-01
-5.227351073931916225e-01
-6.424690816557308004e-01
-4.642365051664849862e-02
-5.724841991455953405e-03
7.752090321778685178e-01
-5.522269349382019632e-01
1.953292538622604380e-02
6.954221328383400902e-01
-1.000000000000000000e+00
7.213954613523917425e-01
4.168706144217702581e-01
-5.079761482296496489e-01
4.180431494759067057e-01
7.384318764484312236e-01
3.892591556535618946e-01
-3.408559022561011287e-01
4.367807699165670576e-01
-8.277162793882275604e-01
-6.802195834362474436e-01
8.720062972483206831e-01
7.585770848849024417e-02
2.386467741880285431e-01
-2.138758935823809881e-01
1.849481356058466919e-01
2.973075625347954554e-01
-3.345271262693730874e-01
-1.000000000000000000e+00
-4.947601104705514063e-01
-5.878784335574380737e-01
3.685758282280506837e-01
-1.318108353477258909e-01
-3.511986408510749391e-01
-6.527555772021406133e-01
-7.542097400839543608e-01
3.899766168612531780e-01
-9.545472257285723128e-01
-3.453662684719551734e-01
-2.214825039798868356e-01
5.233893871974157896e-01
-1.278960649154159412e-01
1.327108674060138438e-01
3.378478369188112618e-01
7.092978053635005109e-01
-4.755545518523097703e-01
-3.758156007180566971e-01
4.829077966635448305e-01
-9.302349652761481291e-01
9.521245457091074282e-01
7.352729132527442424e-01
7.271199053738039986e-01
6.369220827727364309e-01
2.328043426425457918e-02
-9.054639127975843138e-01
1.806247074196982438e-01
1.000000000000000000e+00
5.935254905827929139e-01
-1.608350626799686101e-01
2.113353058345925906e-01
7.340863865687073941e-01
-7.670250153649037506e-01
4.270425370018707811e-01
2.716676285215702258e-01
-1.000000000000000000e+00
-1.000000000000000000e+00
-6.430157429377474365e-01
-1.263668293347924299e-01
9.996261382040899646e-01
-8.055432791665836367e-01
-4.292391595829725959e-01
-3.145816674435268356e-01
-1.000000000000000000e+00
-5.422410612006840491e-01
1.440455368341661546e-01
4.320296175813431727e-01
8.278659201388043343e-01
-4.690240869057603623e-01
-8.646880201103445129e-01
-3.298886369500185212e-01
-6.282967340289189462e-01
-1.130760062972971103e-01
-3.748342909287442071e-01
5.363054401607528776e-01
6.287354237416662439e-01
-6.264862978055388831e-01
-5.436165347350795374e-01
-7.896046724406636796e-01
5.276470235268442277e-01
5.405122215460750335e-01
-1.000000000000000000e+00
-8.529091373303957502e-01
9.629811053266622567e-01
5.548199663351619515e-01
-3.270620828172325356e-01
1.000000000000000000e+00
-4.362307868634771046e-02
-4.221813697326791681e-01
-1.625801051984348267e-01
9.236505646689148197e-01
-2.538279419452838526e-01
-4.368868154666678549e-01
7.626385191893814142e-01
-7.186391319621252549e-01
-3.950947497535657882e-01
-1.673499590348374033e-01
1.949481491699103786e-01
3.940159522955075100e-02
8.601373295899314986e-01
-1.005989052823092061e-01
9.245300009888237636e-01
-6.366082059385824721e-01
-7.286819884004644976e-01
-7.296522370721455486e-01
8.611205525779950243e-01
3.289074717979846296e-01
-8.105822967374529675e-01
-6.522872820386678150e-01
1.482330111286217778e-01
-7.150744053446774773e-01
6.501487486117947245e-01
1.000000000000000000e+00
-8.813382256215716026e-01
-4.701191963443439037e-01
-7.121566275818880243e-01
3.525129426501755203e-01
-6.701644113925364632e-01
3.595667795683354373e-01
