1.985902827894587830e-01
3.860304836367420833e-01
-1.029916414140395059e-01
2.732892554109442873e-01
3.971580497863232417e-01
-8.419461864713098098e-01
-5.348463500504589963e-01
4.255391744681613631e-01
4.005535786086384387e-01
-3.381277903504951166e-01
-4.573939540677147697e-01
2.773454208002334997e-01
9.015701583680026943e-01
3.480773151509126695e-01
-2.351602109099037996e-02
-2.405810361242590734e-01
9.868837759443179758e-01
-2.879410589827411382e-01
-2.922505625871869572e-01
-5.860009391146105973e-01
3.247950652786579795e-01
1.682997774285958925e-01
-1.258397319397588365e-01
-2.155024261184297352e-01
8.944886342636908516e-01
3.000367695970151960e-01
-6.425921723965526411e-01
9.391144730227025672e-01
-2.971268609098900448e-01
-9.272433814394560603e-01
8.061946065506833126e-01
1.913643819628094711e-01
-7.382087916033583941e-01
4.991001637926562040e-01
-7.867433155138318090e-01
-4.693147286263643636e-01
-2.836013971974187253e-01
-3.630441587998426978e-01
8.825207202614882007e-02
7.521867614390420620e-01
-3.714489482523647412e-01
-8.741530853163541614e-01
9.681437355303761372e-01
7.006784947991058221e-01
-1.338361172230384533e-02
6.180832062680317041e-01
-4.323336878120003224e-01
5.314114319272686959e-01
3.383343552754984884e-01
6.509845030137484390e-01
7.462154324200831468e-01
-5.531481184509738913e-01
-9.623867894588735705e-01
4.147135081048939353e-01
7.980604671371238634e-01
6.851346343648312409e-01
5.836631931583631250e-01
4.368575105963963257e-01
9.380464584993295496e-01
-4.196067014596992495e-01
-7.511627252939681032e-01
-1.744204916264151528e-01
-3.089559047271769332e-01
8.846279642628862572e-01
-2.641175847631432316e-01
-2.593216409799230515e-01
5.359431273923687122e-02
-8.602826232458824496e-01
6.238960928412511375e-01
7.792644056810731357e-01
9.645749767698721389e-01
3.177028284969649619e-01
2.133342490287442050e-01
-6.143983632833238673e-02
-8.926606782531798512e-01
-7.606324121007128625e-01
-1.564591244104640566e-01
1.019407150151299124e-01
4.309534080503820697e-01
9.965708236500281370e-01
-9.419635574922113896e-02
-2.257454627169424022e-01
7.560175783625748824e-01
-4.647758850758176852e-01
3.624694854075951600e-01
-6.768420617644019810e-01
4.266140088437024858e-01
8.916478471065292233e-01
2.321028886193339247e-01
-7.433693570356891822e-01
7.515396994532939079e-01
1.000000000000000000e+00
-6.881628355302928934e-01
-7.304508823829020114e-01
5.584423057056007167e-01
-5.696520180025061997e-01
6.691476125552902054e-01
-7.775533739542099809e-01
-1.207910905748595942e-01
3.394367686880819246e-01
-3.334181829450757473e-01
4.817716887911520640e-01
-5.565575291182853768e-01
-9.218420777484734874e-01
7.890778197700825114e-01
-4.205009549035365612e-02
-6.060860274214987520e-01
3.729124504808496443e-01
-6.920138260732275892e-01
-7.663993197089522535e-01
-2.640744763886735957e-01
-3.823411618423842029e-01
-4.482785513079052819e-01
-9.572782984938728035e-01
-5.194131033170081846e-01
9.257301293886199822e-01
-7.568565849562158832e-02
-1.661557747175779198e-01
-4.669261456345477068e-01
1.734782542086614754e-01
-7.227470840866367929e-02
1.633125700994551011e-01
1.022096753791330581e-01
8.831749060155138498e-01
-6.563911406111755387e-01
-1.262935464456687029e-01
5.840050756679950883e-01
3.779405799719751102e-01
3.187013257842787883e-01
-7.411101522546793552e-01
-6.682238749838191882e-01
-2.207859521874000475e-01
-3.399703953834456449e-01
-4.836023548213004286e-01
3.712629218730845171e-01
-5.202316070391841407e-01
-5.940355445428666670e-01
-1.190406490479498647e-01
5.710138551692989228e-01
1.714434007190323572e-01
-9.132236459932905337e-01
-6.776323403930077927e-01
-8.539097864559761497e-01
2.414337904078833752e-02
-2.509074926961432084e-01
9.274001497702704100e-01
6.888616114818366665e-01
7.082042495069940102e-01
-4.640102062820661288e-01
-4.536771931265461966e-01
-4.464730901400619789e-01
-6.842576172850809435e-01
3.121582307129603384e-01
5.765681787895162724e-01
-7.360601002639710622e-01
2.765119554126502788e-01
-8.039769920525013935e-01
6.345972259134293747e-01
8.106548779218638590e-01
1.708196812832771805e-01
8.978121454479210950e-01
5.489641830985536597e-01
-5.482045049900254874e-01
7.177855768841310269e-01
-5.741638076476405228e-01
-1.543507640275247894e-01
-3.972065812274190311e-01
-7.621211248428167995e-01
7.936024077092203033e-01
-6.986516095879335975e-01
-9.687925824983816270e-01
4.686506315321747884e-01
-6.637069281427561140e-01
-9.165122208397686876e-01
-2.289491320885690406e-01
-2.103845453907515761e-01
3.460896531193744519e-01
-9.135655747694257922e-01
3.843996074488817971e-01
-2.772460744669074106e-01
-7.037359747782967467e-01
-7.612933528736856026e-01
-1.868474798126129599e-03
-3.885584278749076859e-03
-7.675428137639692672e-01
6.237651485344952729e-01
-9.550092443806761366e-01
1.876865773035403528e-01
-9.421127269101694512e-01
-5.007334862053050006e-01
-7.485494627982323124e-01
-5.929983307671782278e-01
-3.059823135900441304e-01
-4.035822875412919952e-01
3.207421597352915210e-01
6.928247936429439147e-01
-3.595382224375667235e-01
-1.418857839814819388e-01
-5.880269802085351660e-01
8.438717047161210516e-01
6.661319629530280118e-01
-9.138559876252505543e-01
5.284106753116775135e-01
-7.587839396005418013e-01
-7.608038450086125337e-01
-7.231011119298746959e-01
5.484653952759525192e-02
9.582508218828356128e-02
-4.953247100540292269e-01
-1.017248432292425786e-01
-7.232731795810580788e-01
2.123797182309996590e-01
9.382672981836259751e-03
2.011557567574959737e-01
-2.883122442664134422e-01
-5.071389110096604647e-01
-1.246538776803731707e-01
-3.704151621265125982e-01
-2.736025824675247797e-01
7.177983775905155683e-01
-2.576513811961662626e-01
-7.147708834480881457e-02
2.690525116431659036e-01
-5.185152162681294641e-01
-6.198151061200829481e-02
-3.021121869896274403e-01
-8.012136885351088811e-01
-1.047092967325944368e-01
5.543534601318731436e-01
3.084165348407479357e-01
1.322757675000865163e-01
2.952037479085749538e-01
-6.631900962869561322e-01
-7.340313993418663419e-01
-1.000000000000000000e+00
-2.929534904624865876e-01
-7.883721273567203536e-01
-3.052616820247051610e-01
-2.377981135936648727e-01
1.391905801316890567e-01
4.169256447286624478e-01
1.346166022214545510e-01
-3.768858746367649282e-01
6.495240613778274774e-01
-3.023068803974044982e-01
5.320431951548888483e-01
-2.033263848278377139e-02
-9.220559320024102057e-02
-2.958910204708076197e-01
6.356271544158711428e-01
-1.980938494441852882e-01
8.345159748551032042e-01
9.296829505203829669e-02
6.808312838011230106e-01
2.227335754773500653e-01
4.270634530396213435e-01
-7.431727097084942502e-01
-6.241892669949775652e-01
1.953356312905524805e-01
-6.878723796726704531e-01
-6.695719019267492023e-01
6.554473470908499522e-01
4.845130394442205279e-01
-6.491771121586853432e-02
-5.096401233698781841e-01
