-7.687620828299571163e-02
8.126297747963102669e-01
2.873545306275566980e-02
7.733642818976158573e-01
3.852981382582667536e-01
-4.656092496475116027e-01
-7.434784156007425704e-01
3.460949182208980512e-01
-7.356602572872478207e-02
4.184909883930938990e-01
-6.737509957950007511e-01
3.747179857402105352e-02
5.419932926010708751e-01
-5.296939619981048258e-02
2.414255279096242379e-01
6.933177192083761486e-01
6.833466453946185348e-02
-1.306742710041253891e-02
-9.813597963554361314e-01
-4.608203404823789651e-01
-3.542771163809190216e-01
-7.160213347652488736e-02
5.626662504389883246e-01
-8.125456444657467303e-01
2.391167115358538986e-02
-1.374602613852055621e-01
-3.779913893697520733e-01
-2.255039607414706659e-01
-2.133105558427423332e-01
-3.153115075178936078e-01
9.128828082504172325e-01
9.496504680857071889e-01
8.628163480319420708e-01
-3.460319543867712566e-01
3.060332363186624161e-01
4.916631257709994096e-01
8.841910374001776818e-01
-3.323387481363342943e-01
6.208005117551612662e-01
9.400341822620248422e-01
-9.918095942204251392e-01
-5.348166554234519143e-01
1.558489563066684236e-01
-6.749569802865081902e-01
-3.059798517183250910e-01
3.313251621487995902e-01
-2.135525316479080504e-01
-4.354733352888491282e-01
5.610793493014484268e-01
-1.845893372821572065e-01
8.501839494878522530e-01
-5.222719698067046501e-01
-7.800319836024176556e-01
-6.080817699040756974e-01
6.355492509184630379e-01
6.552086747868893224e-02
-5.238886790253665104e-01
-1.337913372751202146e-01
1.667590755578642892e-01
-4.425456023060018174e-01
-1.214512697555852755e-01
-8.693843596071314517e-01
-6.959449549806476232e-02
3.577758756889705682e-01
6.075644761063990484e-02
5.238457220039469675e-01
-5.195237923668989399e-01
-5.283568424760191062e-01
-2.030738207597206912e-01
-5.173296977976487021e-01
-9.455656779072119100e-02
-5.301581864701018776e-02
-2.421527237553838807e-01
-8.284704420864350549e-01
-3.702456002057536999e-01
-7.120816179586577643e-01
5.583319791937374488e-01
-2.164011441376835210e-01
-6.020725999815351726e-01
-8.006118168657286871e-01
-5.468381440199182597e-02
-1.598200425816702630e-01
-7.712616387648644212e-01
-1.000000000000000000e+00
-1.807132559751197243e-01
5.702523097245100203e-01
3.602282423629876162e-01
2.924311708111366204e-01
-4.698525218103590251e-01
-1.000000000000000000e+00
7.525148831102109748e-01
-2.184561047209460649e-01
1.000000000000000000e+00
1.717900525559747926e-01
-2.191895214296796235e-01
-4.848483637583935191e-01
6.190001286256714419e-01
4.130716049060678685e-01
3.821263162750156983e-01
-2.093679696935511203e-01
-7.407501027386647063e-01
-1.000000000000000000e+00
7.556847117145469861e-01
-7.901277039388980850e-01
-1.020217198845834172e-01
2.434215482823281762e-01
-3.503441872744058050e-01
-1.048962613385947817e-01
4.011175694007946824e-01
2.718690405685602607e-01
2.933025136829749413e-01
4.948187918249013495e-01
7.713432913040728367e-02
6.502338022463292067e-01
-1.000000000000000000e+00
-8.263698213446637464e-01
6.307964560904145701e-01
-8.071719009563966818e-01
7.850185048497293483e-01
-9.795630164401795958e-02
-3.760040576598195350e-01
-6.447403280172590012e-01
-2.796634176253736115e-01
2.511965090258564404e-01
9.361737638973096631e-01
-4.185719304043386546e-01
7.180251303595636125e-01
-4.894088764784069179e-01
5.224551360742022421e-01
-4.835054339868578577e-01
1.000000000000000000e+00
7.340653332253226360e-01
-1.028076965130764187e-01
-7.546333339954670594e-01
-5.387491203208850665e-01
-7.381434499017217044e-02
-8.395350138575385923e-01
2.314003565830889675e-01
-8.944015522830564002e-01
-2.557100608298136235e-01
-4.793591147817695131e-01
-1.253151823103494100e-01
6.456604387062514494e-01
1.976919824511066681e-01
4.173037230963265731e-01
5.784150130557805802e-01
9.317104051865533476e-01
8.273596124617458303e-01
-2.282511729284540936e-01
3.776143431170124742e-01
-7.146693079546704297e-01
3.910827081256830762e-01
-1.528400233044230339e-01
8.581118705915575795e-01
-1.944572752237386792e-01
-1.099911976139410497e-01
7.555560537716485836e-01
-9.748398300066423161e-01
1.000000000000000000e+00
6.792376435737683404e-02
-9.587651195514743097e-02
4.529555039798880411e-01
7.929177004875030965e-01
3.027489615423123448e-02
2.928491494188883437e-01
3.445775310432936944e-01
2.214653111902274707e-02
3.446973740060088609e-01
-8.466205189409239384e-01
-7.482709362537864894e-01
8.328029269845456106e-01
-5.709883672032598501e-01
4.973615898264973634e-01
3.603954458713420905e-01
-4.660229655914805980e-01
5.308294740110502952e-01
5.634565700125511167e-01
-7.857387021763710955e-01
7.015768218040100423e-01
-3.392621291290657815e-01
-2.102709762991461784e-01
8.036110119467362312e-01
-8.677995556681652456e-01
4.391292896685292102e-01
-7.701491655390314550e-01
-1.740507527846909264e-01
-1.000000000000000000e+00
-4.659230240247832500e-01
6.269705425926122011e-01
7.727164516615786516e-02
2.908466433039260668e-01
5.785289019528619403e-02
3.543497461089189504e-01
-5.829564643222064912e-01
8.017446339977118974e-01
3.021450812968949351e-01
1.313510687043033531e-01
1.969154161029025296e-01
9.717158913612040649e-01
-8.821704182355384338e-01
-4.823042618496142797e-01
6.468284598705615895e-01
-8.710516856985810463e-01
8.420213925439290481e-01
-5.921110190663000372e-01
-2.016211443780209223e-01
8.703242884076908270e-01
9.280721391922135410e-01
-5.561056114611395707e-01
2.006332529426615441e-01
9.976284329389313310e-01
-6.974918059745627286e-01
8.557603736434096220e-01
-5.444464870577272464e-01
-2.199714201135234970e-01
-8.206265111645164589e-01
8.395594811230203680e-01
-1.860857615993761205e-01
5.422751013753100979e-01
-5.457607724668356308e-01
5.768917756745257641e-01
6.152147775820160369e-01
-5.937060172746486675e-01
5.365904623965633835e-01
-4.373266299549080638e-02
-8.881058244706987459e-01
-9.193680435007156593e-01
2.053234869142753216e-01
1.000000000000000000e+00
-8.756517268284339517e-01
-6.588986735862800703e-01
-3.166664593811439610e-01
-7.382258788773631009e-02
-7.577919225967710837e-02
-7.377068316093450262e-01
-1.916812138867876047e-01
6.148273062174649528e-01
1.998045857281003368e-01
6.274284579475474244e-01
6.154127134165421342e-01
-6.366214064623414437e-01
-6.223157191552004530e-01
1.585970826436550740e-01
1.017661355823464703e-01
8.303708366088620174e-01
-9.643037235340383706e-01
3.805900684907019826e-01
-9.566478884949674022e-01
-2.972007906295645596e-02
-5.932856079776925584e-02
3.249772590345087475e-02
1.701021389547386908e-01
5.500345483197686958e-02
-6.126031116692820522e-01
9.445741154712220533e-01
4.688972005222216688e-01
-8.167543221715970470e-01
9.730553731507962656e-01
6.683603439545537928e-01
6.428886686409703843e-01
8.398073806158556920e-02
8.717955108454789048e-01
-1.360048441231924699e-01
1.000000000000000000e+00
6.284191122863294066e-01
