7.057853818151589298e-01
9.310384907529094534e-01
-5.798948462874777832e-01
-3.626675192147156279e-01
-5.815220817778115059e-01
-2.510668216995484148e-01
-3.295482759885570712e-01
-5.748933592670624204e-01
6.534073254740550007e-01
1.000000000000000000e+00
-2.147053111427770222e-01
-6.598375903329742886e-01
5.285056861513300897e-01
4.778185266546306487e-01
9.602878558973454437e-01
7.064666495242714062e-01
-4.059137110463471032e-01
1.000000000000000000e+00
-3.818372219795485023e-01
6.550318607626348655e-01
9.900077857181965868e-02
3.609990886084164519e-01
-6.035793967188729514e-01
9.198307984895061074e-01
-4.480379967784416939e-01
5.443575427003315426e-01
-6.065462005838442305e-01
1.607151368928144142e-01
9.016004294809776276e-01
-5.190074674055654702e-01
3.426896943142652141e-01
1.000000000000000000e+00
8.127508519078618932e-02
3.105017123925072897e-01
6.836208479913561398e-01
-2.695262985692516988e-01
5.872350555682623874e-01
7.065529454279437793e-01
2.910020434790800414e-01
9.617860446405528396e-01
-4.238774727712313339e-01
3.080826862131654797e-01
9.592064515119513857e-02
8.085732482523286802e-01
4.739776290344188125e-01
4.471661573933425338e-01
1.000000000000000000e+00
9.533963318463620773e-01
2.259865130189405713e-01
9.039938939931047024e-02
9.403894183259375872e-01
-5.853628685214008476e-01
1.716692921113172621e-01
4.738882552011824956e-01
7.198535530819302197e-01
9.372970453025886162e-02
7.160695835790844566e-01
-4.488444023285049211e-01
-9.561493269427254749e-01
-5.420786887567194956e-01
8.304867838306215777e-01
-5.109810337821121123e-02
1.659388070483782118e-01
9.810126395807818867e-01
6.288931204749714787e-01
-1.927444478526779137e-01
6.381080163800114669e-01
-4.240888280922314735e-01
-1.000000000000000000e+00
1.281969067779087368e-01
-2.414601715041541363e-01
-3.458725537445854203e-01
-2.238957197704665170e-01
-2.616546553159624366e-01
8.603461099699942771e-01
-9.847980508523368481e-01
-2.138764330362505905e-01
1.223187428317275560e-01
1.000000000000000000e+00
-1.000000000000000000e+00
2.601073473687421367e-01
1.000000000000000000e+00
-5.516034310528086237e-01
-9.718469453411167081e-01
2.916917720924704915e-01
7.629550626074839137e-01
3.637865826285873183e-01
3.613826355830623283e-01
-6.250380225542411239e-01
5.081661085192767935e-01
-3.400523202234324027e-01
1.000000000000000000e+00
3.588462565021277584e-01
-7.251378469056468656e-01
2.357821787309978823e-01
-5.073781568027653233e-01
-6.259673512762566894e-01
-4.201566031859798045e-01
-1.000000000000000000e+00
-3.139456678170407522e-02
-9.247414170589451921e-02
-8.391755797471365241e-01
1.000000000000000000e+00
2.907797004974852495e-01
-7.343379658952979838e-01
-2.473715974653518668e-01
-8.062689006314300855e-01
-4.209888001877759578e-02
-2.201728479539015737e-01
3.042838140232021482e-01
-7.116111087846614947e-01
3.889022221334829665e-01
2.258770084173811199e-02
-1.948106048386837874e-01
-3.580468353994823577e-02
-4.082134212673151907e-01
1.253062441249765957e-01
2.699326876184126034e-01
-1.008743114342426361e-01
-1.000000000000000000e+00
-4.643090256289256201e-01
7.347406055217357013e-01
-6.664174252877193005e-01
-2.392979398750815223e-01
9.697243733516945907e-01
-7.036223941424152306e-01
1.000000000000000000e+00
1.283713436693738608e-01
4.770271607660127589e-01
-1.029627279220664826e-01
-2.828338106655856055e-01
-6.100364910585205358e-01
1.766919219677190456e-01
-1.354017912276638258e-01
-7.157981800672779116e-01
7.179085962333759952e-01
-2.688987592715068597e-01
6.417981360225840648e-01
3.120196664988629243e-01
9.332598292468308188e-01
1.000000000000000000e+00
-4.326957419375323521e-01
1.405215551132021345e-01
4.143298615602410973e-01
-8.370785903383852755e-01
2.321131063036054876e-01
-6.072753959235170917e-01
-2.856445835376017484e-01
5.418741680793881521e-01
4.624550414667683018e-01
-1.000000000000000000e+00
1.000000000000000000e+00
1.000000000000000000e+00
-6.441089782626159277e-01
-1.000000000000000000e+00
-2.984442956962343185e-01
-6.587357071655871588e-01
7.475453318420477444e-02
-1.375760434503507934e-01
7.537946249676690247e-01
4.383810591553535252e-01
9.427244233789056072e-01
-8.814571142367306766e-01
-9.404471354668971772e-01
-6.312932400637549790e-02
2.291416448084759860e-01
5.788342656183163015e-01
1.000000000000000000e+00
9.548181588303214506e-02
-3.734049233283260882e-01
-7.306151426704252660e-01
8.001647442770782881e-01
-3.370444751246028936e-01
-9.145658592903522788e-01
8.009664937490637016e-01
7.255984388597862544e-01
-1.927430874179463238e-01
-7.825147004582609922e-01
-8.904416820238412189e-01
-6.165288017624245276e-01
-2.531866931899586781e-01
8.832776179629309166e-02
6.065575009582244714e-01
9.090458011374056291e-01
-7.412866209652924088e-02
5.497176444359430647e-02
-7.330547805975254905e-01
-8.757218616476052375e-01
-9.857976883354081510e-01
-1.000000000000000000e+00
-5.537590233840072873e-01
-8.472182242626663529e-02
4.345282021609471190e-01
1.000000000000000000e+00
-3.274081977767588914e-01
1.877057006150362195e-01
-1.845618189648386975e-01
-5.858224432697132222e-01
1.985047791305694087e-01
3.560161344747315715e-01
-3.520389663511791500e-01
-1.000000000000000000e+00
1.532081301782243221e-01
-8.031315320487917297e-01
4.981736859727772804e-02
8.097536912239371443e-01
-3.327263291281790103e-02
-1.000000000000000000e+00
9.463588084644998233e-01
-1.000000000000000000e+00
-3.248471235914571764e-01
-9.934507058832080517e-01
4.377364304788893268e-01
6.881612870693616379e-01
-1.000000000000000000e+00
6.316857392015327033e-01
-8.302406454633759481e-03
1.000000000000000000e+00
-5.091184679322962037e-01
-1.358436627808631836e-01
7.386624872524925056e-01
2.010005192779666938e-01
-4.894322067811287535e-01
-3.510558450087745697e-01
6.645578363246179565e-01
9.305378284550620549e-01
7.021584610420623651e-01
-5.708330042744012012e-01
5.607401286061408641e-03
9.693205951286125721e-01
-8.203614074409255608e-01
1.288036938671821285e-01
4.777861956699693824e-01
-9.629934123684184000e-01
9.398157809801124252e-01
-7.977268023912131856e-01
-1.000000000000000000e+00
-7.362749323429018666e-01
-4.550590015900120022e-01
4.210676631553695870e-01
-7.577454442539290902e-01
-6.792189464653139996e-01
4.474239920869891307e-01
1.000000000000000000e+00
1.549557042488339254e-01
-7.339978560387441786e-02
9.573599248916480065e-01
7.435650842759755630e-01
-4.374976497864406788e-01
-9.443723899527955989e-01
6.067988511081425784e-01
-6.929263927115094646e-01
6.618035196848449653e-01
3.331452225657134392e-01
-4.005799022198670567e-01
9.331353080217363871e-02
9.935762982651974440e-02
7.489068762994566253e-01
9.670975076032691797e-01
-6.566828505159176821e-01
-1.000000000000000000e+00
9.555620829846733777e-02
7.790380695611487383e-02
3.277806642810493498e-03
-8.600273379212070024e-01
