-6.204514986145409638e-03
9.345832257534651966e-01
6.648229283358803032e-01
-2.119856589386558410e-01
2.149807576914778556e-02
-1.420538857712118908e-01
-9.351665402105422409e-01
6.159654954404563121e-01
-5.246448860999426422e-01
-7.194023714945734227e-01
-1.238421449821128228e-01
-2.461208736037294731e-01
1.820913781913691964e-01
6.345635839621959207e-01
-9.031422384545573223e-02
6.588054686657301984e-01
5.299211123905857024e-01
-5.018746851203782500e-01
4.209249723358189366e-01
9.072902836457809039e-01
-7.297345511955732889e-02
-5.145739234193364986e-01
-2.340772273042561746e-01
-4.703549198736458048e-01
-4.153690469271875685e-02
2.378791714638476273e-01
-7.012684109333455762e-01
4.098334980242708259e-01
1.268443412761715017e-01
-7.793955422019527290e-02
7.197262979050643716e-01
4.467943093408169863e-01
4.871594935523246850e-01
3.512068872812446063e-01
-4.507408129551662701e-01
-7.453297984625431027e-01
-1.011037676512101802e-01
7.049160156220708462e-01
4.932427265443608544e-01
-7.136157265678177986e-01
7.307523972305911553e-01
-6.163177688904477591e-01
-1.071973100922559485e+00
-5.600867587591387142e-01
8.435964779526436974e-01
9.077679795100435101e-01
7.561730258726327980e-01
-4.579835022422863444e-01
1.193692936351642420e-01
-9.330124225550313621e-01
1.801046173503318415e-01
-5.254601907889214774e-01
-3.996132387813789988e-01
6.390215356389858936e-01
9.176463397397902622e-01
2.388087438536870000e-01
-4.934618123766820741e-01
7.029043913183044001e-01
-5.893099685305180913e-02
1.548561895252838910e-02
8.620202276482342718e-01
4.221375411218123985e-01
-1.802726939674857143e-01
5.825868805727285604e-01
1.018849710826202681e+00
5.186976000239394979e-01
7.315732195111859237e-01
9.373319190880491369e-01
-5.222029660620362002e-01
3.162642268416108182e-01
-8.654770894305996443e-01
-1.933845393092736842e-02
9.287476395280014341e-01
5.807749126338856982e-03
-5.089339386769583529e-01
7.848813085931884981e-01
4.210261205025246367e-01
-3.519216623921769260e-01
1.009098284443007421e+00
-4.994527053445867448e-01
3.151909095810303540e-01
-1.066560093848381019e-01
6.838744254226392094e-02
-5.118839815915174896e-01
1.524017438807589997e-03
2.819366626015004096e-01
6.009417822538485332e-01
-5.655505967964358227e-01
1.016511575408771684e-01
3.719148225177092981e-01
9.220247789664818283e-01
8.920962864186952057e-01
-3.588781359145483130e-01
-6.713388763531378256e-01
3.176421911089115646e-01
1.733950541968605208e-01
6.083214354451738082e-01
2.773232336220718963e-01
7.604421096653136702e-01
1.581584333976958079e-01
-2.507285347604065739e-01
4.758926285221301011e-01
-8.004478002055133157e-01
-6.882317793957745122e-01
-1.971360107271785955e-01
3.231084548347228358e-01
9.266865061833027273e-01
-6.993365172059773371e-02
-7.650768584912277515e-01
-3.640155984399544575e-01
-7.029735979920250788e-01
-2.258920377585389994e-01
-1.021023131896279468e+00
-2.515785784695705463e-01
7.952849415751037654e-01
3.621292820180914696e-01
5.196818576891726327e-01
7.680199812650535529e-01
-1.518100130753960997e-01
5.159385694557104829e-01
-8.977567463269522374e-01
-4.198845156656514366e-01
6.291836941928454774e-01
-1.249913464867567908e-01
5.245770546065746665e-01
4.231788856018366962e-01
-7.926590927216373705e-01
-8.296640975514579797e-01
3.459570932583133085e-01
7.817650386597960743e-01
8.801500812295924847e-01
-1.683828736148354488e-02
-6.912722034369174207e-01
-4.902303754969246641e-01
-4.579574097254028864e-01
3.534042403773778318e-01
6.600963153398264893e-02
4.732260977273715363e-02
-1.587513902496669460e-01
-8.654723207817486275e-01
-2.568800316670696304e-01
-8.538400841742822545e-01
-3.249135851968946165e-01
-1.456587317473970189e-01
3.774671922098708499e-01
-8.543000429305823706e-01
-1.244008333795420418e+00
4.689830504820109436e-01
3.099911678735363108e-01
8.610908393368662539e-01
-6.474295975677817339e-01
6.456869474309715473e-01
-1.460664382618732660e-01
-4.562194835028115514e-01
1.345674603599598951e-02
8.099582346106662945e-01
5.363202493499906742e-01
-4.321195214816837549e-01
7.483073167382003898e-01
-2.875603672780766007e-01
3.102730241568406599e-01
-2.240279620544805006e-01
-8.203759094354956538e-01
-6.471245585971260317e-01
-7.254120488901325547e-01
-3.658035497324009788e-01
-6.108041405691992942e-01
1.428872138500094646e-01
7.416912345215981306e-02
-6.763189401683569191e-01
2.335940623833452079e-01
-4.613283646831281004e-01
-9.720455411390360734e-01
-4.159394525232872342e-01
-2.720690435933881268e-01
-4.264408716394900156e-01
6.805028423744274857e-01
-3.925316142197116664e-01
1.634227976083901801e-01
7.934361967426081241e-01
3.442136881129193027e-01
-4.643839979539126084e-01
2.638678102151618965e-02
7.262876829618805652e-02
-4.100597978568201185e-01
-8.926749205338680992e-01
1.212122837147616150e-01
-4.012858577031209739e-01
-4.624264025850796656e-01
-2.921273089349025187e-01
-4.024765918925338193e-01
1.749719900803132777e-01
5.303969560090326940e-01
1.574981954622252656e-01
-8.227253061524959499e-01
-1.794752048045399895e-01
-1.145009436320778118e+00
3.983603752659494734e-01
2.795045945170495649e-01
-4.700553024552078796e-03
-8.740893480658047388e-01
-9.931835663703196815e-01
4.214719155286157370e-01
6.677684977541675782e-01
5.394296297942887675e-01
5.673500530673629694e-01
-1.703014796793407282e-01
1.321275395087480875e-01
7.543943892863413936e-02
4.073999293801520705e-01
9.161195733034968036e-01
7.846516059716426295e-01
6.727247970414538258e-01
8.155780759869044605e-01
6.265821053824813802e-01
2.287539765443085682e-01
1.060914715023572041e+00
8.062687666600919512e-01
-2.669361476347939521e-02
5.731139051566588316e-01
-8.945812654393630048e-01
7.908167204077820589e-01
5.709866982240825450e-01
-5.354192376161748257e-01
9.152992524703790211e-01
-5.170790942581677818e-01
-4.120591989069944394e-01
7.702734071020591600e-01
-8.532610787572955102e-01
-1.095311467251022464e+00
1.053694707807162345e+00
-8.985508776383467344e-01
7.180741436712070325e-01
5.093187654205220127e-01
3.327668244558402155e-01
-6.287890159107949462e-01
4.579124705901659320e-01
4.943645064303192060e-01
-1.540698807379292101e-01
-1.860888799652375969e-01
2.033984834498770988e-01
-4.912206453013464036e-01
6.031926443604096466e-01
4.827879457430706567e-01
-5.239690857602632423e-01
8.653137326609647850e-01
-3.728207454407379551e-01
8.776344823381783122e-01
-3.598774923926211233e-01
4.999091498295402669e-01
6.677020419329426915e-02
3.792589127971857099e-01
-2.775727686005353689e-01
5.213957196526330939e-02
8.281648205529190676e-01
-6.871309656480978356e-01
-1.634195315098004031e-01
-3.627502675191574544e-01
8.258754968073600544e-02
-1.464286678645493611e-01
-9.072020796724353797e-01
5.063028557899491577e-01
-4.759025999935930229e-01
8.688951996445821724e-01
2.792717282975496484e-01
