-7.815664770704254805e-01
-4.991196847979363915e-01
-8.429274767099051990e-01
4.699188032924964120e-01
3.506309520763862819e-01
7.992866324246685750e-01
2.308841709498559436e-01
9.490171112318942503e-01
-8.017478303777608728e-03
-7.242117652692241225e-02
1.966427532775252007e-01
-1.772521838330061161e-01
-5.275704019115686760e-01
4.966081010631163140e-01
-3.829908830768509187e-01
9.192691910513023368e-02
-3.989132199503864218e-01
3.269086393906399657e-01
9.635386292103881312e-02
-7.333017498060620531e-02
-1.243438487399579628e-01
-1.720642570017728024e-01
6.490957323727089001e-01
-4.321570647169116763e-01
-5.321473545477225509e-01
8.296769600600774064e-01
-1.953641965197628894e-01
-8.891024904200142132e-01
6.342281697271077157e-01
-9.604070756783998908e-01
-3.008283666538622558e-01
3.047819452958742126e-01
-4.680902865348683384e-01
-4.653786372652582437e-01
7.188352087582486893e-01
-7.257258831920163633e-01
7.223482567866568171e-01
8.262805299454057950e-01
-5.417210009933789427e-01
-1.313156387484324950e-01
-4.162291742469197420e-01
5.120128886579018435e-01
-4.487473242913346261e-01
-1.039219460301114450e+00
-3.614430513128196187e-01
3.521000075515788863e-01
6.578038709920521754e-01
-6.233440737659672326e-01
9.043103312574456154e-02
3.735301620357600605e-01
9.128549047454569410e-01
-6.995500218085587418e-02
-7.107830488158516369e-01
-3.214323056808479073e-01
-5.869281219995267085e-01
-8.657821824336664474e-01
-3.017941228821639787e-02
-1.603187699379952647e-01
8.449421685114323344e-01
-8.645607022867537461e-01
-3.575611528014994711e-01
-5.582269522194623912e-01
-4.951610757724861367e-02
-6.562908422428448407e-01
4.021157988083251533e-01
-7.840247049800375123e-01
-2.446030096873696991e-01
8.684142728796452326e-01
-1.971344499774493331e-01
-5.898656514168943987e-01
3.826535053130438735e-01
1.049372880670844665e-01
1.419429053900830850e-01
1.432954986267105102e-01
-5.723244703534156042e-01
8.406422180676692557e-01
3.732619815139394115e-01
4.083474577989114618e-01
-3.390974520103269274e-01
-8.964919756187107458e-01
-9.767257928281660728e-01
-6.266808408409137998e-01
-8.745356507873628393e-01
-2.040760441056303220e-01
-1.474963777894706674e-01
6.234421935351954769e-01
-3.615310369663223833e-01
2.377385795050065975e-01
5.139346485242202167e-01
8.831484540644150005e-01
2.977775264096218510e-01
-3.494339140297284679e-02
-1.723736502541249604e-01
1.057476467247118190e+00
4.039090859887516927e-01
2.642832641382009684e-01
1.037585071753631016e+00
-3.614803428338841940e-01
2.587997764363965114e-01
9.819101302926153130e-03
5.054594981838944623e-01
2.571499966881256038e-01
1.490632284397491389e-02
2.210291273393888978e-01
6.508049912065529963e-01
7.838756105542102892e-01
-9.203868124730941735e-01
6.317332949729423941e-01
7.974746040433974281e-01
-9.955066225876341157e-02
-4.533384694060614839e-01
-7.495651287825112474e-01
2.407419662452393305e-01
7.880997073718241097e-01
4.257543461807515861e-01
5.424703394214058783e-01
-7.159367916613132432e-02
-1.841491236333892001e-01
-3.771024754874652274e-02
8.459537076527913202e-01
-9.270860544647101520e-01
7.564080029491782042e-01
2.386001932131209813e-01
-2.895034822164307964e-01
8.742500505935105748e-01
8.561219042222550923e-01
-7.098131540988846799e-01
9.839377756289526822e-01
5.229483596539066248e-01
-3.982366864575237475e-01
8.391777254990794299e-01
7.068148015317778921e-01
-6.872926120336125821e-02
-1.451679379855754792e-01
9.679679839651785800e-01
1.169785579029920974e+00
-7.112447442254052898e-01
-4.187652577360936879e-01
3.637556600523859096e-01
-4.736061300901111548e-01
-4.614609735584107586e-01
6.799839791974120473e-01
7.061274578325601459e-01
7.906439122007551390e-01
1.020958062295663993e+00
-5.459025572939513182e-02
-4.818389455753724349e-01
8.021406153122730143e-02
3.048781641643455442e-02
4.508355356530853175e-01
8.168201906108035759e-01
-3.354200698327765018e-01
-3.966613389973908110e-01
6.730209391910579875e-02
5.527069162004237812e-01
7.840598319478525591e-01
-5.123371978785722369e-01
-5.119753430743487765e-01
5.187928951813010059e-01
2.062341773693594504e-01
-6.591884391768176865e-01
4.494037721841914745e-02
-1.715546835675310355e-01
-7.649029486597913596e-01
-1.515515777693903499e-01
8.288922070318027746e-01
-4.677272266107730947e-01
-1.153267268328850848e-01
1.193879350494709557e-01
3.780871537011802896e-01
6.787375260360029028e-01
6.564758173900282490e-01
-2.891121858985423732e-01
-6.320636207455471167e-02
4.028268537735112953e-01
5.421812213449114237e-01
7.361463193441321051e-01
-6.813963701286481767e-01
-7.576026159094625401e-01
3.053406892300658537e-01
1.656313857492649200e-01
1.386096103843243998e-01
8.284606248334644985e-01
7.424947077701001819e-01
4.659345587559953206e-01
-1.961394525014041046e-01
-1.602008988569899595e-01
8.901061790010826869e-01
1.611060329922531231e-01
-7.575932946187000638e-01
1.050892153677705831e+00
6.169619925984400899e-01
-3.835436530409457867e-01
2.135505431918055252e-01
-1.198797056582527470e-01
2.917817874444311732e-01
1.159314426741999915e+00
-2.957024252566805567e-01
-7.229303582149395613e-01
8.805300260575268378e-01
5.021578645471378444e-01
-6.944979128536152846e-01
-3.300557735081082744e-01
5.944016879965007272e-01
-4.092665983907983196e-01
3.997819745118805779e-01
4.779328437641624516e-01
-7.885276357396791003e-01
4.141114358913569049e-01
-3.449800186063213259e-01
-8.498029988344364405e-01
7.101662590599829850e-01
8.801411115006444463e-01
5.700179991616423081e-01
-7.247940256116006674e-01
-9.270696948025725082e-01
9.372988253454919150e-01
-4.137235203127770933e-01
-4.473300760791248387e-01
7.151101599866778180e-01
-9.281784052350511294e-01
8.798518116391335075e-02
2.893689556348373326e-01
-1.174519964600447969e-01
-4.606620581384359148e-01
5.738370512440338356e-01
1.643676144731560929e-01
-3.843190794449657943e-02
-5.655229207106666767e-01
-2.967521178474941124e-01
-2.753887575696802870e-01
-4.660556757347480428e-01
-5.070483868295191376e-01
-2.158198642294750780e-01
-6.186390828660384145e-01
3.055270539583385125e-01
9.957966417188879316e-01
-5.026601136501471778e-01
4.933595296608535019e-01
-4.439043277360337769e-01
-5.661947091146605215e-01
-8.903181726102378235e-01
2.028795182945724029e-01
5.692115974843028336e-01
-2.371949544691241973e-01
3.697518329128235415e-01
5.112026141845585903e-01
4.492105271638634489e-01
1.297892718386986499e-01
4.708457948378526048e-01
4.082309201056039810e-02
-1.026041307951801373e+00
-1.954518002188245784e-01
5.420075432086092493e-03
-6.548624100725457253e-02
-9.107532879797993752e-01
-9.172349284463658936e-01
-7.236168867341885580e-01
-3.038952633159827665e-02
6.165045783321623230e-01
-1.410959332522465637e-01
-1.065821525044448936e+00
7.829177083297028661e-01
2.679154659451444404e-02
3.996177340255108734e-01
