-9.426247110725016753e-02
-7.212951768485196258e-01
2.060975553699173624e-02
-7.098046455729964399e-02
-5.254698397016697164e-01
-7.594046836878438622e-01
-3.213596197328114634e-01
-3.925767947617641584e-01
-7.587868856738169132e-01
3.128512684709255920e-01
1.039946709603602470e-01
-1.565552770275376315e-01
-3.540399610415883580e-01
-4.674594649282896586e-01
-8.013450442423372677e-02
-2.380260568628857903e-02
-2.054271335257105147e-01
-1.836034865452105813e-01
-6.223864259268875321e-01
3.424410524292237912e-01
-9.846510832191937013e-01
-4.898631355132876397e-02
5.047240395143710590e-01
-2.543231453074110693e-01
-4.616625033891406105e-01
-5.873903363042339842e-01
-1.119947365939586992e-01
-9.311180243003108759e-01
1.000000000000000000e+00
-5.738791646842584804e-01
-9.105916918019532069e-01
-5.665350979591786684e-01
4.935117148464044368e-01
1.348901785723916613e-01
-5.062733449293954635e-01
5.098015121151334983e-02
2.636412269336751990e-03
1.366761843706876811e-01
2.484885740414904259e-02
-8.857679012158208298e-01
-3.216781715492688098e-01
-8.443266319627218408e-03
8.693789723678542192e-01
-5.799033393494170685e-01
-3.749190796488953703e-01
1.120078454365491527e-01
-2.304467979902873331e-01
1.967780436353762097e-01
2.118840396776348611e-01
-9.609388020156172106e-01
5.863797473007296146e-01
-3.082429594541017392e-01
3.689605625587419335e-01
3.229795458868023883e-01
3.255392672423871869e-01
-7.729860744165031328e-01
1.598751661332577512e-01
1.277423004136956641e-01
3.215846648381820438e-01
-1.000000000000000000e+00
-9.359107308049381402e-01
6.558045332591619925e-01
2.120503912834390825e-01
-4.834637195168592916e-01
-1.158003840903950310e-01
-5.446665834821973196e-01
-7.007908969956808121e-02
5.456646277636545417e-01
9.200137827227314880e-01
-3.956406789828940118e-01
-9.242976966089007096e-01
3.039070629802309575e-02
-1.399384462796693929e-01
7.342576307018854331e-01
-6.695761987430188800e-01
-6.542899445102507983e-01
-7.835285277429512307e-01
7.092538840423845414e-01
7.626909680004649861e-01
-5.598073665432253820e-01
7.319095370827520819e-01
-8.647717011642657159e-01
-8.835206246029424504e-01
-3.606684690036363605e-01
1.884475113441455019e-01
-5.252826772174104542e-03
8.700378385689575000e-02
-8.415086465882933853e-01
-5.431641155255309550e-03
6.602378751847572946e-01
7.451388553098066136e-01
-4.772241189338330414e-01
7.768469822685195592e-01
8.511643297429982713e-04
-4.118924676354525638e-01
4.044605876975428949e-01
8.321168380948560372e-01
2.966084830274713924e-01
8.575155935299819121e-02
4.861948752491529469e-01
-9.019561716810926555e-01
-8.428574592222060069e-02
3.420260467269852778e-01
-7.986320630448624502e-01
-6.363865458733022340e-01
-5.163262595365327723e-01
-6.386471899272224695e-01
-1.374567024404981241e-01
-1.637624770099901372e-01
-7.345187680112355011e-01
9.110614408011504795e-01
-4.854515288506445342e-02
3.001053024322686835e-01
4.219484004257003651e-01
-3.352180847815893205e-01
-6.359538738035317440e-01
-1.421466284150685322e-01
3.071453975370575518e-01
2.076300962835141151e-01
4.372362048638346321e-01
-2.668455242122084181e-01
-5.343302443399940982e-01
8.084652293905745246e-01
-5.285458495543510216e-02
8.487082103728300631e-01
-1.542479715749064395e-01
-6.419760856114303804e-02
9.977174517915685659e-01
1.397650081968811464e-01
6.140793115095223298e-01
-2.704996008667676088e-01
-1.000000000000000000e+00
-7.001345851408493637e-01
2.968413674054612983e-01
-2.390157720695243460e-01
4.606196050333218744e-02
-4.621607583454197532e-01
-2.636393945466918853e-01
1.682818061037920920e-01
-1.176031755020943981e-01
8.006307942159716085e-01
-8.743809116826321004e-01
6.535525425762455098e-01
-5.203741428675814351e-01
6.436427546965777235e-01
7.732068456331770978e-01
-2.445197840383161736e-01
-4.996270120488636168e-01
2.598422554945358787e-01
5.162891421833889494e-01
-1.000000000000000000e+00
8.867200931998859836e-01
-4.018612463861589434e-01
1.000000000000000000e+00
-1.063792463344931383e-01
-9.229349975836876885e-01
2.840916185299292018e-01
-1.940788190322920159e-01
5.176509701343368075e-01
3.110167213946760656e-01
7.729379992486550000e-02
-4.410643283618709276e-01
1.086292771508182986e-01
1.285936310815771200e-01
5.414985731671038138e-01
6.310800415258829843e-02
-4.596974331753131970e-01
6.687924949907697592e-02
6.388964376523195154e-01
6.646888287938124140e-01
-1.931249803889864280e-01
4.391519641275177799e-01
2.328878786697052838e-02
6.626394405953702771e-01
-7.481983920408226407e-03
2.975134736911764777e-01
4.226721403937638288e-01
-3.201355954743674292e-01
1.474756143840478817e-01
-9.535018662039178583e-01
7.871939116522672641e-01
-3.421415833558063002e-01
4.621609396753385557e-01
-9.133557404427778970e-01
4.598676102114244157e-01
5.917632364551503876e-01
2.549733264194647964e-01
-6.043311574420823229e-01
-7.433535184147961328e-01
-7.447295859106548011e-02
3.608631440282837888e-01
-9.170658753159485199e-01
3.221028964129278305e-01
1.000000000000000000e+00
1.179165997870099680e-01
2.493197237100093222e-01
-9.517784955044148454e-01
-3.181373600903091847e-01
5.470438582916057335e-01
1.000000000000000000e+00
-7.240433951995710604e-01
2.559822879809628415e-01
7.467681211426469012e-01
-2.393190651053716533e-01
-6.272622810041404984e-01
3.547861157359230577e-01
-7.396711552085982744e-01
3.764060821205467700e-01
2.891626909035324711e-01
9.026502952641497490e-01
-5.448959912963710073e-01
-1.000000000000000000e+00
-2.030260155032663771e-01
7.772003709674601968e-01
2.906930562996761225e-01
-9.244507912076459499e-01
1.113590662039574963e-01
-9.207896473943565363e-01
-3.974762063715800431e-01
-7.663824529904395000e-01
-5.596900071142230093e-01
2.798537313627725842e-01
-1.745420177404506945e-01
6.820807105175963336e-01
9.761279286130114530e-02
-6.469381431644329050e-02
-8.210275074600690282e-01
2.822173347828949019e-01
2.775452411731078595e-01
-2.027869650904556842e-02
5.180053042938375096e-01
-9.337761852736856105e-02
-8.284679393527837332e-01
2.735057724632310450e-01
9.259993787983737956e-01
3.758547439399695378e-01
-6.069791540243805184e-01
3.106153200192710573e-01
3.328897891191295311e-01
-7.570984825610742597e-01
8.235446350168968976e-01
6.557974959123527015e-01
5.503671939862375684e-01
9.973190396586089079e-01
-8.034882701594397991e-01
1.113498249412301633e-01
6.838090082634268319e-01
1.562912104712740891e-01
3.302355603941737883e-01
-9.065338212187830091e-01
2.516318425158795002e-01
-1.000000000000000000e+00
-4.836364110577883180e-01
3.234746586398636325e-01
7.568097750961948478e-01
-7.973352310906367535e-01
1.926867624977646187e-02
7.414711860070251070e-01
1.250248838472038104e-01
-5.948097697740357681e-01
8.133549038617321481e-01
-7.983875966009454928e-01
5.506964895133046323e-01
-3.130362536372821580e-01
-5.460679255954341560e-01
